,Time,HundredGigE0/0/0/8packets-received,HundredGigE0/0/0/13bytes-sent,HundredGigE0/0/0/0packets-sent,HundredGigE0/0/0/31packets-received,HundredGigE0/0/0/6bytes-sent,HundredGigE0/0/0/14bytes-received,HundredGigE0/0/0/10packets-received,HundredGigE0/0/0/0bytes-sent,HundredGigE0/0/0/15packets-received,HundredGigE0/0/0/16bytes-sent,HundredGigE0/0/0/26bytes-sent,HundredGigE0/0/0/29packets-sent,HundredGigE0/0/0/0packets-received,HundredGigE0/0/0/9packets-received,HundredGigE0/0/0/3packets-sent,HundredGigE0/0/0/31bytes-received,HundredGigE0/0/0/14packets-received,HundredGigE0/0/0/21bytes-sent,HundredGigE0/0/0/28packets-received,HundredGigE0/0/0/20bytes-received,HundredGigE0/0/0/31packets-sent,HundredGigE0/0/0/2packets-sent,HundredGigE0/0/0/13input-packet-rate,HundredGigE0/0/0/29bytes-received,HundredGigE0/0/0/9packets-sent,HundredGigE0/0/0/28bytes-sent,HundredGigE0/0/0/10packets-sent,HundredGigE0/0/0/4packets-received,HundredGigE0/0/0/11packets-received,HundredGigE0/0/0/8bytes-sent,HundredGigE0/0/0/18bytes-received,HundredGigE0/0/0/25bytes-sent,HundredGigE0/0/0/17packets-received,HundredGigE0/0/0/0input-packet-rate,HundredGigE0/0/0/18packets-sent,HundredGigE0/0/0/7packets-sent,HundredGigE0/0/0/17bytes-sent,HundredGigE0/0/0/1packets-received,HundredGigE0/0/0/8packets-sent,HundredGigE0/0/0/7bytes-received,HundredGigE0/0/0/12output-packet-rate,HundredGigE0/0/0/29bytes-sent,HundredGigE0/0/0/9bytes-received,HundredGigE0/0/0/6bytes-received,protocol-route-memory,HundredGigE0/0/0/10bytes-sent,HundredGigE0/0/0/20bytes-sent,HundredGigE0/0/0/23bytes-sent,HundredGigE0/0/0/28bytes-received,HundredGigE0/0/0/14packets-sent,HundredGigE0/0/0/22bytes-sent,HundredGigE0/0/0/26packets-received,HundredGigE0/0/0/5packets-received,HundredGigE0/0/0/2packets-received,HundredGigE0/0/0/6packets-received,HundredGigE0/0/0/16packets-received,HundredGigE0/0/0/13packets-sent,HundredGigE0/0/0/25packets-received,HundredGigE0/0/0/25packets-sent,HundredGigE0/0/0/22packets-sent,HundredGigE0/0/0/26bytes-received,HundredGigE0/0/0/11bytes-sent,HundredGigE0/0/0/30bytes-received,HundredGigE0/0/0/14output-packet-rate,HundredGigE0/0/0/27bytes-sent,HundredGigE0/0/0/6packets-sent,HundredGigE0/0/0/8bytes-received,HundredGigE0/0/0/17bytes-received,HundredGigE0/0/0/3packets-received,HundredGigE0/0/0/2bytes-sent,HundredGigE0/0/0/24packets-sent,HundredGigE0/0/0/5bytes-received,HundredGigE0/0/0/15packets-sent,HundredGigE0/0/0/18packets-received,HundredGigE0/0/0/19bytes-sent,HundredGigE0/0/0/21packets-sent,HundredGigE0/0/0/27packets-received,HundredGigE0/0/0/16packets-sent,HundredGigE0/0/0/1bytes-received,HundredGigE0/0/0/15bytes-sent,HundredGigE0/0/0/7packets-received,HundredGigE0/0/0/5bytes-sent,HundredGigE0/0/0/31bytes-sent,HundredGigE0/0/0/30packets-sent,HundredGigE0/0/0/23packets-sent,HundredGigE0/0/0/24bytes-sent,HundredGigE0/0/0/1bytes-sent,HundredGigE0/0/0/12packets-sent,HundredGigE0/0/0/19packets-sent,performance-statistics__vrf__inbound-update-messages,HundredGigE0/0/0/11bytes-received,HundredGigE0/0/0/21packets-received,HundredGigE0/0/0/23bytes-received,HundredGigE0/0/0/4bytes-received,HundredGigE0/0/0/2bytes-received,HundredGigE0/0/0/15bytes-received,HundredGigE0/0/0/26packets-sent,HundredGigE0/0/0/5packets-sent,HundredGigE0/0/0/24packets-received,HundredGigE0/0/0/25bytes-received,HundredGigE0/0/0/17packets-sent,HundredGigE0/0/0/22packets-received,HundredGigE0/0/0/1packets-sent,HundredGigE0/0/0/23packets-received,HundredGigE0/0/0/30packets-received,HundredGigE0/0/0/3bytes-received,HundredGigE0/0/0/16bytes-received,HundredGigE0/0/0/10bytes-received,HundredGigE0/0/0/3bytes-sent,HundredGigE0/0/0/29packets-received,HundredGigE0/0/0/24bytes-received,HundredGigE0/0/0/28packets-sent,HundredGigE0/0/0/27packets-sent,HundredGigE0/0/0/11packets-sent,HundredGigE0/0/0/13packets-received,HundredGigE0/0/0/19packets-received,HundredGigE0/0/0/20packets-sent,HundredGigE0/0/0/22bytes-received,HundredGigE0/0/0/4bytes-sent,HundredGigE0/0/0/9bytes-sent,HundredGigE0/0/0/7bytes-sent,HundredGigE0/0/0/21bytes-received,HundredGigE0/0/0/12packets-received,HundredGigE0/0/0/4packets-sent,HundredGigE0/0/0/12bytes-received,HundredGigE0/0/0/27bytes-received,HundredGigE0/0/0/30output-packet-rate,HundredGigE0/0/0/19bytes-received,HundredGigE0/0/0/18bytes-sent,HundredGigE0/0/0/20packets-received
0,1519068862,-1.8332080574785865,-1.610646712625839,-1.688602523396957,-1.7820836279203822,-1.6863445930232404,-1.7587355025437887,-1.8335061979272376,-1.6593267356565102,-1.8555633019972544,-1.6775715565131235,-1.6597181007573187,-1.7315342914742868,-1.728266556869544,-1.8341700073447524,-1.6874063798748495,-1.7566637418693756,-1.8303929701450525,-1.6479943605692422,-1.7708788298153137,-1.7459749956196235,-1.675801076603879,-1.6866385007780835,-0.08572961197044983,-1.7127628651535667,-1.6314354052078663,-1.6696013701644867,-1.6309883121047428,-1.8041406860435667,-1.8323231875051964,-1.4908326121192794,-1.7527771579374523,-1.699666220002851,-1.8029033278876152,0.6238735188551541,-1.692150737214769,-1.683860783520657,-1.677146573282361,-1.723792584895868,-1.6213254410557225,-1.7845779431962425,-0.5567771649665584,-1.7076293221136776,-1.7682166334727134,-1.7846449768406856,-0.042223416015498456,-1.6228095023592235,-1.6475029747314212,-1.6469705054425763,-1.7481473901610867,-1.8873597695488884,-1.6482142344176598,-1.8015018057689212,-1.8087754983055049,-1.7216042460291912,-1.8061992997210359,-1.8017421263779778,-1.6198885432987549,-1.7413205781014616,-1.7358286661564952,-1.656135129230036,-1.7381230715964724,-1.6221976765533446,-1.7119771939636554,0.6362675169892843,-1.696249482655565,-1.6876246975196716,-1.7674556550595073,-1.7531318107945404,-1.7236884662978769,-1.657583923696096,-1.6799193908889507,-1.7913330716565092,-1.625479969198862,-1.8027092101790823,-1.6773097322372474,-1.6560256729304612,-1.7384212116713353,-1.6927609258427647,-1.679957856427573,-1.615548128788337,-1.8063056109497406,-1.6790961032886753,-1.6700575329583711,-1.0395463383540424,-1.6553131453527952,-1.66107673851045,-1.6575305056975134,-0.4811736902988715,-1.692943997082016,-1.3205307976305405,-1.7667575120105632,-1.7815686011478244,-1.744979187057657,-1.7828155102384136,-1.678781508432744,-1.7743349345183377,-1.6786546097482458,-1.6808610433660234,-1.8027544916685916,-1.6971053330199641,-1.6928030485083343,-1.7811967718509343,-1.687365513331094,-1.7807407454260167,-1.7180821778577937,-1.679719156951581,-1.7523974439642342,-1.767105193976434,-1.657601426917773,-1.7180128632099185,-1.7402408075447908,-1.6752660369882564,-1.732950614030422,-1.6298587013192558,-0.9775807056380553,-1.8024636914089451,-1.6561493046968214,-1.7449412658373227,-1.6841564566360023,-1.623635056857781,-1.6829208787836696,-1.745553804411239,-1.7357389083119006,-1.6852780994466146,-1.7078864069831752,-1.6952486972584662,-0.11066426808372769,-1.7525819855128335,-1.6767325469361596,-1.781658577085817
1,1519068867,-1.8297210915884219,-1.6089045019679837,-1.6866223810617123,-1.7792735589046762,-1.6839814501822632,-1.75658708697841,-1.8307147810023312,-1.6570231588735733,-1.8528088453187481,-1.6745411396166496,-1.6585385240545454,-1.729966889329013,-1.7258894673736465,-1.8313789176812545,-1.6859218323991374,-1.7534826035606035,-1.8276981739901619,-1.6467999779072322,-1.768661114508807,-1.7434344772141568,-1.674227824299019,-1.6846620057807218,-0.08572961197044983,-1.7102070578768631,-1.6304448650970964,-1.6677985165502962,-1.62999732041935,-1.8020549166968116,-1.8295350217742932,-1.489344930061335,-1.750283619390413,-1.6967245503250632,-1.8006946710246359,-0.37614767027333307,-1.6900219952727527,-1.6818261855701755,-1.674718250124589,-1.7211158384756968,-1.6198560825071093,-1.7823372312913706,-0.5602460913902577,-1.7064302829551963,-1.7659628410093242,-1.7816543617877225,-0.042223416015498456,-1.6222300598354504,-1.6463094880016327,-1.645777990873322,-1.7462548025014757,-1.8845469229095848,-1.6458246016635731,-1.79930241730737,-1.8066979549649542,-1.7189332973876557,-1.8034110933677956,-1.7989843533161085,-1.6183830833232489,-1.739112173402791,-1.7332608743843139,-1.654564016639308,-1.7362586086299676,-1.620460513226892,-1.710702271644783,0.4271957960234701,-1.6944884791002224,-1.6855870181381545,-1.764451737263047,-1.7512591525739083,-1.7216796188102823,-1.6552853915769592,-1.6773381223062618,-1.789105758076361,-1.6244789177166101,-1.7999499451364318,-1.6754959967201697,-1.6549793620201396,-1.7362179768614743,-1.6900997914266334,-1.677099103165576,-1.614389139142004,-1.8042169491526663,-1.677913422419515,-1.668255636073583,-1.0394007119617874,-1.6542678607881607,-1.658124154444828,-1.6563797579097412,-0.48116787173010017,-1.6913513624836602,-1.3205307976305405,-1.7645093695252507,-1.779319252494616,-1.743077165315598,-1.781321259621116,-1.6759292316987426,-1.7721577335132768,-1.6771068449504836,-1.679332524684575,-1.7989053127583223,-1.6946106046563516,-1.6906716819617205,-1.7789489712147082,-1.68588194002979,-1.778493732260367,-1.7163903237327758,-1.6775761351129408,-1.7492783755875423,-1.7648546562914817,-1.6564505931586775,-1.7157538175517812,-1.73588716028086,-1.67369325925856,-1.73089955154052,-1.6283737581339295,-0.9766261704087267,-1.8002572009843698,-1.6551032204037024,-1.7430391582782132,-1.682976095798156,-1.6224754572399125,-1.6805609182224437,-1.7436489139617024,-1.7329640606866603,-1.6837524609867405,-1.703998788933435,-1.69276069063841,-0.11066426808372769,-1.7507119661142991,-1.6749148159812672,-1.7788464745887214
2,1519068873,-1.82693151887629,-1.6083237650820321,-1.6851372743102788,-1.7770255036921114,-1.6822090930515303,-1.7544386714130311,-1.827923364077425,-1.655871370482105,-1.8500543886402419,-1.6727228894787651,-1.6561793706489991,-1.7283994871837391,-1.723320760641696,-1.8285878280177563,-1.6844372849234255,-1.7515739205753402,-1.825003377835271,-1.6450084039142172,-1.7664433992023,-1.7415290884100565,-1.6731789894291125,-1.6831796345327006,-0.08572961197044983,-1.7082902024193354,-1.6294543249863265,-1.666596614140836,-1.6290063287339576,-1.7999691473500568,-1.8260498146106638,-1.4883531420227056,-1.7484134654801335,-1.6949595485183906,-1.7984860141616565,0.6238735188551541,-1.6884254388162405,-1.6803002371073144,-1.673504088545703,-1.7191082786605685,-1.6188765101413671,-1.7808434233547892,-0.5602460913902577,-1.705231243796715,-1.7637090485459352,-1.779411400498,-0.042223416015498456,-1.6210711747879043,-1.6457127446367386,-1.645181733588695,-1.7443622148418647,-1.881739849172568,-1.6452271934750515,-1.7965531817304308,-1.8046204116244038,-1.7169300859065042,-1.801319938602865,-1.796778134866613,-1.6173794433395783,-1.737455869878788,-1.7312066409665685,-1.6535166082454895,-1.7337726580079613,-1.6193024043425905,-1.7087898881664747,0.6499771380362229,-1.6927274755448798,-1.6840587586020166,-1.7621987989157017,-1.7493864943532764,-1.7196707713226878,-1.6541361255173908,-1.6757893611566483,-1.7876208823562623,-1.623477866234358,-1.7977425331023116,-1.6742868397087844,-1.653409895654657,-1.7345655507540785,-1.6885031107769546,-1.6756697265345775,-1.6138096443188374,-1.8021282873555922,-1.6761394011157744,-1.6670543714837243,-1.0389638327850224,-1.6532225762235264,-1.656943120818579,-1.6552290101219689,-0.48116205316132876,-1.6897587278853046,-1.3205307976305405,-1.7607624653830631,-1.7765075666781054,-1.7411751435735394,-1.77907988369517,-1.6737900241482417,-1.7699805325082156,-1.675043158553467,-1.6778040060031265,-1.7967057819524541,-1.6933632404745453,-1.68907315705176,-1.7761392204194257,-1.6843983667284859,-1.7762467190947175,-1.7146984696077576,-1.6761474538871806,-1.747406934561527,-1.7626041186065293,-1.6552997593995817,-1.714059533308178,-1.7340213114534613,-1.6726447407720957,-1.728848489050618,-1.6273837960103787,-0.9759898135891741,-1.7980507105597945,-1.6540571361105831,-1.7405030148660672,-1.6806153741224634,-1.6213158576220439,-1.6787909478015242,-1.741109060028987,-1.7283393146445933,-1.6817182763735747,-1.7006665448908005,-1.690894685673368,-0.11066426808372769,-1.7488419467157645,-1.673097085026375,-1.7765967925910449
3,1519068878,-1.8241419461641584,-1.6065815544241768,-1.6836521675588452,-1.7747774484795467,-1.6810275216310417,-1.7522902558476525,-1.825131947152519,-1.6547195820906366,-1.846611317792109,-1.670298555961586,-1.6549997939462258,-1.7263096176567072,-1.7208245577287928,-1.8257967383542582,-1.6829527374477133,-1.749665237590077,-1.8223085816803803,-1.6444112125832122,-1.7642256838957933,-1.738353440403223,-1.672130154559206,-1.6816972632846794,-0.08572961197044983,-1.7070122987809837,-1.6279685148201715,-1.6653947117313757,-1.6275198412058687,-1.7978833780033017,-1.8232616488797606,-1.4868654599647613,-1.746543311569854,-1.6926062127761603,-1.7957251930829323,0.6238735188551541,-1.6862966968742241,-1.6787742886444534,-1.672289926966817,-1.7171007188454404,-1.6174071515927537,-1.7786027114499172,-0.5602460913902577,-1.7028331654797526,-1.761455256082546,-1.7779160929715183,-0.042223416015498456,-1.619332847216585,-1.6433257711771616,-1.6439892190194405,-1.7424696271822537,-1.8789320538227654,-1.6434349689094867,-1.7943537932688796,-1.8025428682838534,-1.7149268744253527,-1.7992287838379348,-1.7940203618047434,-1.6158739833640723,-1.7352474651801175,-1.728638849194387,-1.6519454956547617,-1.7319081950414568,-1.6187233499004396,-1.7075149658476023,0.6431223275127536,-1.690966471989537,-1.6825304990658787,-1.7599458605683567,-1.7462653973188897,-1.7169923080058949,-1.652412226428038,-1.674240600007035,-1.785393568776114,-1.6224768147521063,-1.7955351210681914,-1.6718685256860142,-1.6523635847443354,-1.7329131246466827,-1.6858419763608232,-1.6735256615880798,-1.6126506546725043,-1.8000396255585178,-1.674365379812034,-1.6664537391887948,-1.0387696642620157,-1.6521772916588922,-1.6551715703792058,-1.6535028884403107,-0.48115332530817173,-1.6876352150874971,-1.3205307976305405,-1.7585143228977507,-1.7736958808615948,-1.7392731218314805,-1.7775856330778725,-1.672363885781241,-1.7670775978348008,-1.6734953937557049,-1.675765981094529,-1.7945062511465857,-1.6914921942018357,-1.6874746321418,-1.7733294696241433,-1.6829147934271818,-1.773999705929068,-1.7130066154827395,-1.6732900914356603,-1.745535493535512,-1.760353580921577,-1.6541489256404862,-1.712365249064575,-1.7321554626260625,-1.6715962222856315,-1.726797426560716,-1.6263938338868278,-0.9753534567696217,-1.795844220135219,-1.6524880096709045,-1.7379668714539211,-1.6782546524467707,-1.619576458195241,-1.6776109675209112,-1.7379342426130924,-1.7264894162277666,-1.679684091760409,-1.6990004228694833,-1.68965068236334,-0.11066426808372769,-1.7469719273172302,-1.6706734437531854,-1.7737846900939491
4,1519068884,-1.8178654075618619,-1.6036778699944183,-1.680681954055978,-1.7691573104481348,-1.677482807369576,-1.746561147673309,-1.8195491133027064,-1.6518401111119654,-1.8397251760958433,-1.6672681390651118,-1.650281487135133,-1.7231748133661595,-1.7156146404458452,-1.8195167866113875,-1.6794887933377185,-1.7439391886342872,-1.816245290331876,-1.6408280645971824,-1.759235824456153,-1.7345426627950227,-1.6695080673844396,-1.6787325207886368,-0.08572961197044983,-1.7031785878659285,-1.6254921645432467,-1.6623899557077246,-1.625042361992387,-1.7930165828608733,-1.817685317417954,-1.484881883887502,-1.7421796191125352,-1.6884878752272574,-1.7913078793569737,0.6238735188551541,-1.6831035839611996,-1.6757223917187312,-1.669254523019602,-1.7130855992151837,-1.6149582206783983,-1.7756150955767545,-0.5602460913902577,-1.6998355675835493,-1.7554451428468416,-1.7741778241553143,-0.042223416015498456,-1.61643563459772,-1.641535541082479,-1.641007932596305,-1.7380535893098281,-1.8733280089277338,-1.6410453361554003,-1.789955016345777,-1.7976952671559023,-1.7109204514630498,-1.7950464743080743,-1.7890563702933784,-1.6133648834048957,-1.7319348581321117,-1.7240168240044602,-1.6493269746702155,-1.7281792691084474,-1.6158280776896856,-1.7036901988909852,0.6534045432979575,-1.6856834613235092,-1.6789645601482237,-1.7546890044245511,-1.742520080877626,-1.7129746130307058,-1.6501136943089012,-1.6711430777078082,-1.7809389416158175,-1.6184726088230985,-1.7905684439914207,-1.6688456331575512,-1.6492246520133704,-1.729608272431891,-1.6826486150614655,-1.6699522200105836,-1.6080146960871722,-1.7958623019643694,-1.6702259967699729,-1.663450577714148,-1.0384784114775054,-1.6495640802473064,-1.6522189863135837,-1.650050645076994,-0.48114168817062897,-1.6844499458907858,-1.3205307976305405,-1.7540180379271255,-1.768634846391876,-1.7348350711000098,-1.7731028812259801,-1.6687985398637395,-1.7612717284879713,-1.6693680209616721,-1.6721994375044826,-1.7901071895348493,-1.68837378374732,-1.6842775823218792,-1.7677099680335784,-1.6794531223908054,-1.7689439263063564,-1.7090589558576972,-1.66971838837126,-1.740544984132805,-1.7558525055516723,-1.6506964243631996,-1.7084119191628346,-1.7284237649712648,-1.6689749260694708,-1.7216697703359611,-1.6239189285779505,-0.9739216539256287,-1.7903279940737806,-1.6503958410846662,-1.732894584629629,-1.6758939307710783,-1.6166774591505697,-1.6752510069596853,-1.734124461714019,-1.722789619394113,-1.6766328148406604,-1.6956681788268486,-1.68654067408827,-0.11066426808372769,-1.741985208921138,-1.6682498024799957,-1.769285326098596
5,1519068890,-1.8178654075618619,-1.6036778699944183,-1.680681954055978,-1.7691573104481348,-1.677482807369576,-1.746561147673309,-1.8195491133027064,-1.6518401111119654,-1.8397251760958433,-1.6672681390651118,-1.650281487135133,-1.7231748133661595,-1.7155913356468657,-1.8195167866113875,-1.6794887933377185,-1.7439391886342872,-1.816245290331876,-1.6408280645971824,-1.759235824456153,-1.7345426627950227,-1.6695080673844396,-1.6787325207886368,-0.08572961197044983,-1.7031785878659285,-1.6254921645432467,-1.6623899557077246,-1.625042361992387,-1.7930165828608733,-1.817685317417954,-1.484881883887502,-1.7421796191125352,-1.6884878752272574,-1.7913078793569737,0.7349869843138749,-1.6831035839611996,-1.6757223917187312,-1.669254523019602,-1.7130855992151837,-1.6149582206783983,-1.7741212876401733,-0.5602460913902577,-1.6998355675835493,-1.7554451428468416,-1.7741778241553143,-0.042223416015498456,-1.61643563459772,-1.641535541082479,-1.641007932596305,-1.7380535893098281,-1.8733041957058003,-1.6410453361554003,-1.789955016345777,-1.7976952671559023,-1.7109204514630498,-1.7950464743080743,-1.7890563702933784,-1.6133648834048957,-1.7319348581321117,-1.7240168240044602,-1.6493269746702155,-1.7281792691084474,-1.6158280776896856,-1.7036901988909852,0.6328401117275496,-1.6856834613235092,-1.6789645601482237,-1.7546890044245511,-1.742520080877626,-1.7129746130307058,-1.6501136943089012,-1.6711430777078082,-1.7809389416158175,-1.6184726088230985,-1.7905684439914207,-1.6688456331575512,-1.6492246520133704,-1.729608272431891,-1.6826486150614655,-1.6699522200105836,-1.6080146960871722,-1.7951660813653447,-1.6702259967699729,-1.663450577714148,-1.0384784114775054,-1.6495640802473064,-1.6522189863135837,-1.650050645076994,-0.48114168817062897,-1.6844499458907858,-1.3205307976305405,-1.7540180379271255,-1.768634846391876,-1.7348350711000098,-1.7731028812259801,-1.6687985398637395,-1.7612717284879713,-1.6693680209616721,-1.6721994375044826,-1.7901071895348493,-1.68837378374732,-1.6842775823218792,-1.7677099680335784,-1.6794531223908054,-1.7689439263063564,-1.7090589558576972,-1.66971838837126,-1.740544984132805,-1.7558525055516723,-1.6506964243631996,-1.7084119191628346,-1.7284237649712648,-1.6689749260694708,-1.7216697703359611,-1.6239189285779505,-0.9739216539256287,-1.7903279940737806,-1.6503958410846662,-1.732894584629629,-1.6758939307710783,-1.6166774591505697,-1.6752510069596853,-1.734124461714019,-1.722789619394113,-1.6766328148406604,-1.6956681788268486,-1.68654067408827,-0.11066426808372769,-1.741985208921138,-1.6682498024799957,-1.769285326098596
6,1519068895,-1.814378441671697,-1.6025163962225148,-1.6782067761369222,-1.766347241432429,-1.6763012359490874,-1.7444127321079304,-1.8160598421465737,-1.6489606401332944,-1.836970719417337,-1.6660559723065222,-1.6479223337295867,-1.7216074112208857,-1.7129397674074331,-1.8167256969478895,-1.6780042458620066,-1.7413942779872695,-1.8135504941769853,-1.6390364906041675,-1.7564636803230194,-1.7320021443895557,-1.668459232514533,-1.6762619020419347,-0.08572961197044983,-1.6993448769508732,-1.6245016244324768,-1.6617890045029946,-1.6240513703069943,-1.7909308135141182,-1.8148971516870505,-1.482898307810243,-1.7403094652022557,-1.6855462055494697,-1.7890992224939943,0.7905437170432352,-1.6809748420191832,-1.6736877937682497,-1.667433280651273,-1.7110780394000553,-1.612999075946914,-1.772627479703592,-0.5602460913902577,-1.6986365284250682,-1.7531913503834526,-1.771187209102351,-0.042223416015498456,-1.6152767495501739,-1.6397453109877964,-1.6398154180270508,-1.7348992765438098,-1.8704826897130662,-1.6398505197783568,-1.7872057807688377,-1.7956177238153517,-1.7082495028215143,-1.7922582679548338,-1.7868501518438829,-1.612361243421225,-1.729726453433441,-1.7214490322322786,-1.648279566276397,-1.7256933184864411,-1.6146699688053838,-1.7011403542532404,0.6294127064658149,-1.6839224577681666,-1.6774363006120858,-1.7516850866280909,-1.740647422656994,-1.7109657655431112,-1.6472405291599799,-1.6685618091251193,-1.7794540658957185,-1.6174715573408467,-1.7883610319573005,-1.6670318976404737,-1.6476551856478878,-1.72740503762203,-1.6810519344117867,-1.6685228433795851,-1.606855706440839,-1.7930774195682704,-1.6690433159008125,-1.662249313124289,-1.0383327850852504,-1.648518795682672,-1.6492664022479615,-1.648899897289222,-0.4811329603174719,-1.6823264330929784,-1.3205307976305405,-1.751769895441813,-1.7663854977386675,-1.7316650348632452,-1.770861505300034,-1.6666593323132386,-1.7590945274829104,-1.6673043345646559,-1.6706709188230344,-1.7873577760275141,-1.6858790553837075,-1.6826790574119188,-1.764900217238296,-1.6779695490895012,-1.7661351598492947,-1.706803150357673,-1.6682897071454998,-1.73867354310679,-1.7528517886384025,-1.6489701737245561,-1.7055881120901628,-1.7253140169256,-1.6679264075830065,-1.719618707846059,-1.6229289664543998,-0.9732852971060761,-1.7870182584369176,-1.6488267146449875,-1.7297244053644465,-1.6741233895143086,-1.6160976593416354,-1.6728910463984594,-1.7322195712644823,-1.7204772463730795,-1.675107176380786,-1.69289130879132,-1.684052667468214,-0.11066426808372769,-1.738245170124069,-1.6658261612068057,-1.7664732236015
7,1519068901,-1.8115888689595654,-1.6013549224506114,-1.6762266338016776,-1.7640991862198643,-1.6745288788183548,-1.7422643165425515,-1.8132684252216675,-1.6472329575460918,-1.8342162627388308,-1.663631638789343,-1.6467427570268134,-1.719517541693854,-1.7103503452986124,-1.8139346072843914,-1.6760248492277237,-1.7394855950020063,-1.8108556980220945,-1.6378421079421575,-1.7542459650165125,-1.7300967555854556,-1.6674103976446264,-1.674285407044573,-0.08572961197044983,-1.6980669733125215,-1.6235110843217069,-1.660587102093534,-1.6230603786216018,-1.7888450441673633,-1.8114119445234214,-1.4819065197716133,-1.735945772744937,-1.683781203742797,-1.7857862371995255,0.7905437170432352,-1.679378285562671,-1.6716531958177683,-1.665004957493501,-1.7077321063748414,-1.6120195035811717,-1.77038676779872,-0.5602460913902577,-1.6968379696873461,-1.7509375579200634,-1.7696919015758694,-0.042223416015498456,-1.6146973070264008,-1.639148567622902,-1.6374303888885422,-1.7330066888841988,-1.8676633485586898,-1.6374608870242704,-1.7839066980765108,-1.7935401804748012,-1.705578554179979,-1.7901671131899035,-1.7835408241696395,-1.6113576034375545,-1.7275180487347703,-1.7193947988145335,-1.6461847494887598,-1.7219643925534318,-1.6129328054789314,-1.699227970774932,0.6294127064658149,-1.6815744530277097,-1.6753986212305687,-1.7494321482807458,-1.7375263256226074,-1.7089569180555166,-1.644941997040843,-1.667013047975506,-1.7772267523155703,-1.6164705058585946,-1.78449806089759,-1.6658227406290884,-1.6466088747375662,-1.7252018028121692,-1.6789230268788817,-1.664949401802089,-1.6062762116176725,-1.790988757771196,-1.667269294597072,-1.6610480485344303,-1.0381386165622437,-1.6464282265534034,-1.6474948518085883,-1.6471737756075635,-0.4811271417487005,-1.6807337984946227,-1.3205307976305405,-1.7487723721280628,-1.763573811922157,-1.7284949986264804,-1.7693672546827366,-1.6638070555792375,-1.7569173264778493,-1.6657565697668935,-1.6686328939144366,-1.7846083625201787,-1.684008009110998,-1.680547690865305,-1.76265241660207,-1.6759914513544292,-1.7627646401008203,-1.705111296232655,-1.6661466853068596,-1.735554474730098,-1.75060125095345,-1.646668506206365,-1.7038938278465598,-1.7228262184890684,-1.6668778890965423,-1.7170548797336815,-1.6214440232690734,-0.9726489402865237,-1.7837085228000547,-1.6477806303518685,-1.7278222978053368,-1.6723528482575392,-1.6149380597237668,-1.67112107597754,-1.729044753848588,-1.7186273479562528,-1.6730729917676204,-1.6912251867700028,-1.6821866625031718,-0.11066426808372769,-1.7351284711265118,-1.664614340570211,-1.7642235416038234
8,1519068906,-1.8060097235353019,-1.5984512380208529,-1.6732564202988105,-1.7596030757947347,-1.6721657359773776,-1.737967485411794,-1.807685591371855,-1.6443534865674208,-1.8280187352121917,-1.6612073052721639,-1.6437938152698803,-1.716382737403306,-1.7076884193707444,-1.8083524279573953,-1.6730557542762996,-1.7356682290314798,-1.805466105712313,-1.6348561512871325,-1.7492561055768723,-1.7237454595717885,-1.6653127279048134,-1.67082654079919,-0.08572961197044983,-1.6948722142166421,-1.6210347340447822,-1.6581832972746136,-1.6210783952508165,-1.7846735054738534,-1.8058356130616147,-1.480418837713669,-1.7334522341978975,-1.6802512001294518,-1.7813689234735668,0.8461004497725957,-1.6761851726496466,-1.6691099483796665,-1.6625766343357289,-1.7037169867445847,-1.6100603588496873,-1.7651584400206852,-0.5567771649665584,-1.693840371791143,-1.7464299729932853,-1.7659536327596654,-0.042223416015498456,-1.6123795369313085,-1.6355681074335369,-1.6356416170346608,-1.7285906510117732,-1.8648432857915274,-1.6350712542701837,-1.7800577682687961,-1.7893850937937004,-1.7002366568969085,-1.785984803660043,-1.7796799418830223,-1.608848503478378,-1.7247575428614321,-1.715286331979043,-1.6440899327011227,-1.718856954275924,-1.610616587710328,-1.696040664977751,0.6225578959423456,-1.6786394471021386,-1.6728515220036722,-1.7449262715860554,-1.7331567897744662,-1.7042696072511292,-1.6420688318919219,-1.6633992719597415,-1.7735145630153233,-1.614468402894091,-1.7811869428464098,-1.662195269594933,-1.643993097461762,-1.7224477592998428,-1.6762618924627504,-1.661375960224593,-1.6039582323250066,-1.785418992978998,-1.6649039328587514,-1.6592461516496422,-1.0378959059084854,-1.6443376574241346,-1.6445422677429662,-1.6437215322442469,-0.4811125953267721,-1.6775485292979113,-1.3205307976305405,-1.7442760871574379,-1.75907511461574,-1.7246909551423628,-1.765631628139493,-1.6588155712947352,-1.7511114571310198,-1.662661040171369,-1.6660853627786893,-1.7802093009084423,-1.6815132807473854,-1.6778834826820377,-1.758156815329618,-1.6725297803180528,-1.7582706137695212,-1.7017275879826186,-1.6618606416295791,-1.7318115926780675,-1.7461001755835455,-1.644366838688174,-1.7005052593593537,-1.7190945208342707,-1.6642565928803816,-1.7134655203763531,-1.6194640990219715,-0.9713762266474187,-1.7803987871631917,-1.6446423774725112,-1.7240180826871179,-1.6694019461629235,-1.6120390606790955,-1.668761115416314,-1.7252349729495147,-1.7149275511225992,-1.670021714847872,-1.6878929427273681,-1.6796986558831157,-0.11066426808372769,-1.7326351119284658,-1.6609788786604263,-1.7580369161102127
9,1519068912,-1.8018253644671043,-1.5967090273629978,-1.6707812423797546,-1.7567930067790287,-1.6692118074261562,-1.7336706542810365,-1.8021027575220427,-1.6420499097844838,-1.8231984360248057,-1.6581768883756898,-1.6426142385671072,-1.7142928678762743,-1.705008367488115,-1.80137470379865,-1.6695918101663048,-1.733123318384462,-1.800750212441254,-1.6342589599561275,-1.7464839614437389,-1.7218400707676882,-1.6632150581650003,-1.668355922052488,-0.08572961197044983,-1.6935943105782905,-1.6180631137124724,-1.656380443660423,-1.618600916037335,-1.7791114538825066,-1.8009563230325338,-1.4779393676170949,-1.7297119263773386,-1.6784861983227792,-1.7780559381790977,-0.26503420481461226,-1.6724598742511179,-1.6665667009415648,-1.660148311177957,-1.699701867114328,-1.607611427935332,-1.7621708241475227,-0.5602460913902577,-1.6914422934741804,-1.7396685956031177,-1.7614677101802207,-0.042223416015498456,-1.6094823243124434,-1.633777877338854,-1.6338528451807794,-1.7260672007989586,-1.8620080691558618,-1.6344738460816621,-1.7778583798072447,-1.7845374926657491,-1.6968979710949892,-1.7818024941301822,-1.7758190595964052,-1.6068412235110365,-1.7231012393374292,-1.7132320985612979,-1.6430425243073041,-1.7169924913094194,-1.6088794243838755,-1.6947657426588787,0.31066401712449165,-1.6757044411765678,-1.6697950029313964,-1.7411713743404802,-1.7300356927400795,-1.699582296446742,-1.639770299772785,-1.6618505108101282,-1.7683174979949772,-1.6119657741884612,-1.7773239717866993,-1.6597769555721626,-1.6429467865514402,-1.7202445244899818,-1.6730685311633926,-1.6578025186470968,-1.6010607582091738,-1.7819378899838745,-1.6625385711204308,-1.6568436224699248,-1.037653195254727,-1.6427697305771831,-1.642770717303593,-1.6402692888809303,-0.4811009581892293,-1.675425016500104,-1.3205307976305405,-1.7390304213583752,-1.7562634287992294,-1.721520918905598,-1.760401750978952,-1.655963294560734,-1.7467570551208975,-1.6611132753736069,-1.663537831642942,-1.7774598874011072,-1.679642234474676,-1.674686432862117,-1.755909014693392,-1.6695626337154446,-1.7554618473124592,-1.7000357338576004,-1.6568602573394187,-1.7280687106260373,-1.740098741757006,-1.6409143374108872,-1.6988109751157507,-1.7166067223977388,-1.662683815150685,-1.7109016922639755,-1.6174841747748698,-0.9701035130083138,-1.7776406741324724,-1.6430732510328323,-1.7221159751280082,-1.6658608636493846,-1.609140061634424,-1.666401154855088,-1.7220601555336201,-1.7121527034973592,-1.666461891774832,-1.685671446698945,-1.6772106492630596,-0.11066426808372769,-1.7295184129309082,-1.6573434167506418,-1.7557872341125362
10,1519068918,-1.7997331849330054,-1.5967090273629978,-1.669296135628321,-1.753982937763323,-1.6686210217159119,-1.7315222387156577,-1.8007070490595896,-1.6408981213930154,-1.8218212076855527,-1.6581768883756898,-1.6402550851615607,-1.7122029983492426,-1.702320547339159,-1.799979158966901,-1.6690969610077342,-1.7305784077374444,-1.798729115325086,-1.6318701946321075,-1.7437118173106052,-1.7199346819635881,-1.6611173884251873,-1.6678617983031476,-0.08572961197044983,-1.6916774551207627,-1.6180631137124724,-1.6545775900462325,-1.618600916037335,-1.77772094098467,-1.799562240167082,-1.4779393676170949,-1.728465157103819,-1.6767211965161064,-1.7763994455318632,0.45720332066707287,-1.6724598742511179,-1.6660580514539445,-1.658934149599071,-1.6990326805092852,-1.607611427935332,-1.7599301122426507,-0.5602460913902577,-1.6890442151572178,-1.7381660672941917,-1.7614677101802207,-0.042223416015498456,-1.6094823243124434,-1.6325843906090658,-1.632660330611525,-1.723543750586144,-1.8591872847759137,-1.633279029704619,-1.7745592971149178,-1.783844978218899,-1.6962302339346054,-1.7811054425418722,-1.7747159503716574,-1.6068412235110365,-1.7214449358134263,-1.7111778651435525,-1.6419951159134858,-1.71326356537641,-1.6088794243838755,-1.6934908203400063,0.5128809275668366,-1.673943437621225,-1.6692855830860172,-1.738918435993135,-1.728787253926325,-1.6989126806175436,-1.6391956667430005,-1.6603017496605148,-1.7675750601349278,-1.6119657741884612,-1.776220265769639,-1.657963220055085,-1.640854164730797,-1.718592098382586,-1.6730685311633926,-1.6570878303315975,-1.6010607582091738,-1.780545448785825,-1.6613558902512704,-1.6544410932902072,-1.037507568862472,-1.6417244460125489,-1.641589683677344,-1.6402692888809303,-0.4811009581892293,-1.6738323819017482,-1.3205307976305405,-1.7382810405299378,-1.7534517429827188,-1.719618897163539,-1.758160375053006,-1.6552502253772337,-1.7460313214525438,-1.6590495889765904,-1.6625188191886433,-1.775260356595239,-1.6783948702928695,-1.6741535912254635,-1.7530992638981095,-1.6690681092816766,-1.7532148341468097,-1.6983438797325823,-1.6568602573394187,-1.727444896950699,-1.7393485625286884,-1.6403389205313395,-1.6971166908721476,-1.71474087357034,-1.6611110374209888,-1.7088506297740735,-1.6174841747748698,-0.9697853345985376,-1.775434183707897,-1.6420271667397133,-1.7195798317158622,-1.6658608636493846,-1.609140061634424,-1.6658111647147817,-1.7201552650840835,-1.7112277542889456,-1.6659533456215405,-1.6845606986847337,-1.6759666459530316,-0.11066426808372769,-1.7276483935323736,-1.6573434167506418,-1.7535375521148595
11,1519068923,-1.7962462190428405,-1.5955475535910943,-1.6673159932930761,-1.751172868747617,-1.6674394502954233,-1.7293738231502789,-1.7972177779034568,-1.6385945446100785,-1.8190667510070462,-1.6557525548585106,-1.638485720107401,-1.7106355962039685,-1.6999408684211526,-1.7964902968875285,-1.667612413532022,-1.7280334970904268,-1.7960343191701953,-1.6306758119700975,-1.7414941020040984,-1.7180292931594878,-1.6595441361203274,-1.6663794270551262,-0.08572961197044983,-1.690399551482411,-1.6165773035463176,-1.652774736432042,-1.6176099243519422,-1.7756351716379148,-1.7967740744361786,-1.4769475795784652,-1.7259716185567797,-1.6737795268383187,-1.774190788668884,0.901657182501956,-1.6708633177946057,-1.664023453503463,-1.657719988020185,-1.697025120694157,-1.6066318555695898,-1.7584363043060693,-0.5602460913902577,-1.6878451759987367,-1.7351610106763395,-1.7592247488904982,-0.042223416015498456,-1.6089028817886704,-1.6313909038792773,-1.6314678160422709,-1.721651162926533,-1.8563946432946141,-1.6320842133275757,-1.7723599086533666,-1.7817674348783485,-1.694227022453454,-1.779014287776942,-1.7725097319221619,-1.6053357635355308,-1.7192365311147555,-1.708610073371371,-1.6409477075196672,-1.7113991024099053,-1.607721315499574,-1.6909409757022618,0.6499771380362229,-1.6721824340658824,-1.6677573235498793,-1.7351635387475597,-1.726914595705693,-1.696903833129949,-1.638046400683432,-1.6587529885109014,-1.7660901844148291,-1.6109647227062092,-1.7734610007269889,-1.6567540630436997,-1.6398078538204752,-1.7169396722751902,-1.6709396236304876,-1.655658453700599,-1.6004812633860075,-1.7784567869887506,-1.6601732093821102,-1.652639196405419,-1.0373619424702167,-1.6406791614479146,-1.6404086500510953,-1.6391185410931581,-0.48109513962045797,-1.6722397473033925,-1.3205307976305405,-1.7360328980446251,-1.7512023943295103,-1.7177168754214802,-1.7566661244357085,-1.6531110178267328,-1.743854120447483,-1.6575018241788282,-1.6609903005071949,-1.7725109430879036,-1.675900141929257,-1.672555066315503,-1.7508514632618837,-1.6675845359803725,-1.75096782098116,-1.6960880742325581,-1.6547172355007784,-1.7255734559246838,-1.7355976663871013,-1.639188086772244,-1.6954224066285446,-1.7116311255246754,-1.6595382596912924,-1.7067995672841716,-1.616494212651319,-0.9688307993692089,-1.7732276932833217,-1.6409810824465942,-1.7176777241567527,-1.6646805028115381,-1.6074006622076211,-1.6640411942938622,-1.718250374634547,-1.708915381267912,-1.6644277071616662,-1.6823392026563107,-1.6741006409879897,-0.11066426808372769,-1.7257783741338393,-1.6555256857957494,-1.751287870117183
12,1519068929,-1.793456646330709,-1.593805342933239,-1.6658308865416427,-1.7478007859287699,-1.6656670931646904,-1.7272254075849,-1.7944263609785507,-1.636866862022876,-1.81631229432854,-1.6533282213413314,-1.6373061434046279,-1.7090681940586947,-1.697273763649067,-1.7936992072240303,-1.66612786605631,-1.7248523587816547,-1.7933395230153044,-1.6294814293080875,-1.7392763866975915,-1.7161239043553878,-1.6579708838154676,-1.6644029320577647,-0.08572961197044983,-1.6878437442057075,-1.6155867634355476,-1.6515728340225815,-1.6166189326665497,-1.77354940229116,-1.7939859087052754,-1.4759557915398358,-1.7241014646465,-1.672014525031646,-1.7719821318059046,0.9572139152313165,-1.6692667613380934,-1.661480206065361,-1.655291664862413,-1.6943483742739858,-1.6056522832038476,-1.7561955924011974,-0.5602460913902577,-1.6866461368402554,-1.7329072182129504,-1.756234133837535,-0.042223416015498456,-1.6077439967411242,-1.630794160514383,-1.6308715587576437,-1.719758575266922,-1.8535702508507366,-1.6302919887620106,-1.7701605201918154,-1.779689891537798,-1.6915560738119186,-1.7762260814237014,-1.7703035134726663,-1.6038303035600248,-1.7164760252414173,-1.7065558399536258,-1.6393765949289394,-1.7095346394434006,-1.6059841521731215,-1.6890285922239532,0.6431223275127536,-1.6704214305105398,-1.6662290640137414,-1.7329106004002144,-1.725041937485061,-1.6948949856423545,-1.6357478685642952,-1.6566879736447504,-1.7646053086947302,-1.6099636712239573,-1.7712535886928686,-1.6555449060323146,-1.6387615429101536,-1.714736437465329,-1.6688107160975825,-1.6527997004386021,-1.5993222737396744,-1.7756719045926517,-1.6583991880783697,-1.6514379318155603,-1.03716777394721,-1.63963387688328,-1.6380465827985975,-1.6373924194115,-0.48108932105168656,-1.6706471127050369,-1.3205307976305405,-1.7337847555593127,-1.7489530456763018,-1.7158148536794215,-1.755171873818411,-1.6509718102762319,-1.7416769194424218,-1.655954059381066,-1.658952275598597,-1.7697615295805684,-1.6727817314747413,-1.6704236997688893,-1.7486036626256576,-1.6661009626790684,-1.7487208078155105,-1.69439622010754,-1.6532885542750182,-1.7237020148986686,-1.733347128702149,-1.6374618361336006,-1.6931633609704073,-1.7091433270881435,-1.658489741204828,-1.7047485047942694,-1.6150092694659928,-0.9680353533447683,-1.7710212028587464,-1.639934998153475,-1.715775616597643,-1.6629099615547687,-1.6062410625897525,-1.66109124359233,-1.7163454841850103,-1.706140533642672,-1.662902068701792,-1.6790069586136762,-1.6716126343679336,-0.11066426808372769,-1.7239083547353047,-1.6543138651591545,-1.7490381881195063
13,1519068935,-1.790667073618577,-1.592063132275384,-1.664345779790209,-1.745552730716205,-1.6638947360339575,-1.7250769920195215,-1.7916349440536443,-1.6357150736314074,-1.8135578376500336,-1.6515099712034471,-1.6361265667018545,-1.7075007919134209,-1.6949199789521487,-1.7909081175605321,-1.6641484694220272,-1.7229436757963914,-1.7906447268604138,-1.6288842379770825,-1.7370586713910847,-1.7135833859499208,-1.656922048945561,-1.6629205608097433,-0.08572961197044983,-1.6865658405673558,-1.6141009532693926,-1.6509718828178515,-1.6151324451384605,-1.771463632944405,-1.790500701541646,-1.4754598975205209,-1.7222313107362206,-1.6702495232249734,-1.7692213107271804,0.6794302515845145,-1.6671380193960772,-1.6599542576025001,-1.652863341704641,-1.6923408144588574,-1.6046727108381054,-1.7539548804963254,-0.5602460913902577,-1.6854470976817741,-1.7306534257495614,-1.7547388263110533,-0.042223416015498456,-1.606005669169805,-1.6296006737845947,-1.6296790441883895,-1.717865987607311,-1.8507819390461522,-1.6290971723849674,-1.7674112846148762,-1.7769198337503975,-1.6895528623307672,-1.7741349266587711,-1.7680972950231708,-1.6023248435845188,-1.7148197217174144,-1.7045016065358805,-1.6383291865351208,-1.7070486888213945,-1.6054050977309706,-1.6877536699050808,0.6225578959423456,-1.6686604269551972,-1.6641913846322243,-1.7306576620528693,-1.7225450598575518,-1.6922165223255619,-1.6345986025047268,-1.655139212495137,-1.7616355572545326,-1.6089626197417053,-1.7690461766587484,-1.6531265920095441,-1.6377152319998318,-1.7130840113579333,-1.6672140354479037,-1.6506556354921045,-1.5981632840933413,-1.7735832427955773,-1.6554424859054688,-1.6502366672257014,-1.036730894770445,-1.6385885923186458,-1.6362750323592243,-1.6362416716237276,-0.4810805931985295,-1.6685235999072294,-1.3205307976305405,-1.7307872322455626,-1.7467036970230934,-1.7139128319373627,-1.7529304978924647,-1.648832602725731,-1.7394997184373606,-1.6544062945833036,-1.6564047444628498,-1.7675619987747002,-1.6709106852020317,-1.6682923332222754,-1.7463558619894317,-1.6646173893777643,-1.746473794649861,-1.6927043659825218,-1.651145532436378,-1.7218305738726536,-1.7310965910171965,-1.6357355854949571,-1.6914690767268041,-1.7072774782607447,-1.6574412227183637,-1.7026974423043675,-1.6140193073424418,-0.9673989965252158,-1.768814712434171,-1.638888913860356,-1.7138735090385335,-1.6611394202979992,-1.6045016631629498,-1.659911263311717,-1.7144405937354736,-1.701515787600605,-1.6608678840886262,-1.6751193405639357,-1.6703686310579056,-0.11066426808372769,-1.7220383353367703,-1.6518902238859647,-1.7462260856224106
14,1519068940,-1.7850879281943135,-1.589740184731577,-1.661375566287342,-1.7404946064879345,-1.6597592360622477,-1.7207801608887638,-1.786052110203832,-1.6334114968484705,-1.806671695953768,-1.649085637686268,-1.6331776249449215,-1.7038435202411153,-1.6921751915167986,-1.785325938233536,-1.6611793744706032,-1.717853854502356,-1.7852551345506322,-1.6264954726530625,-1.7320688119514445,-1.7097726083417206,-1.654824379205748,-1.6594616945643603,-0.08572961197044983,-1.6833710814714764,-1.6121198730478528,-1.6473661755894704,-1.612654965924979,-1.7665968378019765,-1.7842273286471135,-1.4729804274239469,-1.7184910029156617,-1.6667195196116282,-1.7636996685697321,0.1794196570202709,-1.6639449064830525,-1.6569023606767779,-1.6498279377574259,-1.6869873216185152,-1.6022237799237498,-1.750220360654872,-0.5602460913902577,-1.6812504606270897,-1.726145840822783,-1.7502529037316086,-0.042223416015498456,-1.6031084565509397,-1.6266169569601234,-1.6278902723345081,-1.7134499497348854,-1.847939506282628,-1.6273049478194026,-1.7630125076917735,-1.7727647470692964,-1.6848787022080802,-1.7692555655406004,-1.7631333035118057,-1.6003175636171776,-1.7115071146694085,-1.7003931397003902,-1.6362343697474837,-1.7033197628883852,-1.6025098255202166,-1.6845663641078998,0.4340506065469394,-1.6645514186593977,-1.6601160258691898,-1.726151785358179,-1.716927085195656,-1.6875292115211744,-1.6317254373558057,-1.6515254364793726,-1.7586658058143347,-1.6059594652949496,-1.7646313525905077,-1.6501036994810814,-1.6356226101791886,-1.7097791591431417,-1.6640206741485462,-1.6456528172836098,-1.5952658099775088,-1.7694059192014289,-1.652485783732568,-1.6484347703409132,-1.0363910998551833,-1.6364980231893773,-1.6333224482936022,-1.632214054366525,-0.4810660467766011,-1.665338330710518,-1.3205307976305405,-1.7247921856180624,-1.7416426625533743,-1.709474781205892,-1.7484477460405725,-1.6445541876247292,-1.7329681154221774,-1.6513107649877792,-1.6533477070999532,-1.7626130544614966,-1.6684159568384191,-1.6645624417657012,-1.7418602607169797,-1.66066119390762,-1.7414180150271497,-1.6893206577324855,-1.6461451481462175,-1.7168400644699464,-1.7265955156472919,-1.633433917976766,-1.688080508239598,-1.7029238309968142,-1.654295667258971,-1.698082551702088,-1.6115444020335645,-0.9661262828861108,-1.7644017315850204,-1.636273703127558,-1.7100692939203144,-1.657008157365537,-1.602762263736147,-1.6569613126101845,-1.7093608858700424,-1.6978159907669514,-1.6573080610155861,-1.6717870965213013,-1.6672586227828354,-0.11066426808372769,-1.7182982965397013,-1.6488606722944776,-1.7417267216270573
15,1519068946,-1.7822983554821819,-1.5874172371877702,-1.6598904595359085,-1.7382465512753698,-1.6579868789315149,-1.7179156068015922,-1.7832606932789257,-1.631683814261268,-1.8039172392752618,-1.6472673875483834,-1.6296388948366018,-1.7022761180958415,-1.6896763991817865,-1.7818370761541635,-1.6591999778363202,-1.7159451715170928,-1.7818866393570187,-1.6247038986600475,-1.7287422389916842,-1.7078672195376203,-1.653251126900888,-1.6579793233163391,-0.08572961197044983,-1.6808152741947728,-1.610634062881698,-1.64616427318001,-1.61116847839689,-1.7638158120063032,-1.7814391629162103,-1.4719886393853174,-1.7153740797318626,-1.664366183869398,-1.7614910117067528,-0.32059093754397266,-1.6618161645410363,-1.6553764122139167,-1.6480066953890968,-1.6849797618033868,-1.6012442075580076,-1.7479796487500001,-0.5602460913902577,-1.6800514214686084,-1.7231407842049309,-1.748757596205127,-0.042223416015498456,-1.6013701289796207,-1.6260202135952293,-1.6255052431959995,-1.7096647744156634,-1.8451201651282516,-1.6255127232538376,-1.7608131192302223,-1.7699946892818958,-1.6828754907269288,-1.76716441077567,-1.7609270850623102,-1.5983102836498362,-1.7098508111454056,-1.6978253479282086,-1.6346632571567559,-1.7014552999218804,-1.6013517166359148,-1.6820165194701553,0.36892990657398084,-1.6616164127338267,-1.658587766333052,-1.7238988470108338,-1.715054426975024,-1.6855203640335799,-1.630001538266453,-1.6499766753297591,-1.7556960543741371,-1.6044578880715716,-1.7613202345393275,-1.6482899639640036,-1.634053143813706,-1.708126733035746,-1.6624239934988674,-1.6442234406526113,-1.5929478306848426,-1.76662103680533,-1.6507117624288274,-1.6460322411611958,-1.0362454734629283,-1.6349300963424258,-1.631550897854229,-1.6310633065787528,-0.48106022820782973,-1.6637456961121624,-1.3205307976305405,-1.72254404313275,-1.7393933139001658,-1.707572759463833,-1.7454592448059776,-1.6431280492577285,-1.7307909144171165,-1.6487311569915086,-1.6513096821913553,-1.7604135236556284,-1.6665449105657097,-1.6629639168557409,-1.7390505099216973,-1.6591776206063158,-1.7391710018615,-1.6870648522324614,-1.6447164669204573,-1.7149686234439314,-1.7243449779623397,-1.631132250458575,-1.6858214625814607,-1.7010579821694154,-1.6532471487725067,-1.6955187235897105,-1.6105544399100138,-0.9653308368616703,-1.7616436185543012,-1.635227618834439,-1.7068991146551318,-1.6558277965276909,-1.601022864309344,-1.6557813323295716,-1.7074559954205057,-1.6959660923501247,-1.655782422555712,-1.670120974499984,-1.6660146194728074,-0.11066426808372769,-1.7158049373416553,-1.6470429413395853,-1.7394770396293808
16,1519068951,-1.778811389592017,-1.5862557634158667,-1.6584053527844749,-1.735998496062805,-1.6568053075110263,-1.7157671912362134,-1.779771422122793,-1.6305320258697995,-1.8011627825967556,-1.6460552207897938,-1.6284593181338287,-1.7007087159505674,-1.6877006701127562,-1.7790459864906654,-1.6577154303606083,-1.7140364885318295,-1.7791918432021279,-1.6241067073290427,-1.7259700948585506,-1.7059618307335203,-1.6522022920309816,-1.656496952068318,-0.08572961197044983,-1.6788984187372453,-1.609643522770928,-1.6455633219752799,-1.6101774867114973,-1.7617300426595484,-1.7779539557525812,-1.4709968513466878,-1.713503925821583,-1.6626011820627253,-1.7592823548437735,0.5127600533964333,-1.660219608084524,-1.652833164775815,-1.646792533810211,-1.6829722019882585,-1.6002646351922654,-1.7449920328768374,-0.5602460913902577,-1.6788523823101271,-1.7208869917415417,-1.7465146349154046,-0.042223416015498456,-1.6002112439320746,-1.6248267268654408,-1.6249089859113723,-1.7071413242028488,-1.842349172030528,-1.624915315065316,-1.758613730768671,-1.7679171459413454,-1.6808722792457773,-1.7650732560107398,-1.7587208666128147,-1.5973066436661656,-1.7081945076214027,-1.6957711145104633,-1.6336158487629375,-1.6995908369553756,-1.5996145533094623,-1.6788292136729743,0.6568319485596922,-1.659855409178484,-1.657059506796914,-1.7208949292143736,-1.713181768754392,-1.6835115165459853,-1.6288522722068843,-1.648427914180146,-1.7534687407939888,-1.6034568365893198,-1.759112822505207,-1.6470808069526184,-1.6330068329033844,-1.7064743069283501,-1.6608273128491884,-1.6427940640216128,-1.592368335861676,-1.763836154409231,-1.648937741125087,-1.6454316088662664,-1.036099847070673,-1.6338848117777913,-1.63036986422798,-1.6299125587909806,-0.4810544096390583,-1.662153061513807,-1.3205307976305405,-1.7202959006474374,-1.7371439652469576,-1.7044027232270684,-1.7439649941886801,-1.6417019108907278,-1.7286137134120554,-1.6471833921937464,-1.6497811635099071,-1.7582139928497602,-1.6652975463839035,-1.6613653919457805,-1.7368027092854714,-1.6576940473050117,-1.7363622354044381,-1.6842450953574313,-1.643287785694697,-1.7130971824179162,-1.7213442610490697,-1.6299814166994795,-1.6841271783378577,-1.6991921333420166,-1.6521986302860425,-1.6934676610998085,-1.6090694967246875,-0.9646944800421178,-1.7594371281297259,-1.6341815345413198,-1.7049970070960223,-1.6546474356898444,-1.5998632646914754,-1.652831381628039,-1.705551104970969,-1.6941161939332978,-1.6542567840958378,-1.6684548524786669,-1.6641486145077653,-0.11066426808372769,-1.713934917943121,-1.645225210384693,-1.737227357631704
17,1519068957,-1.7760218168798854,-1.585675026529915,-1.65642521044923,-1.733188427047099,-1.6550329503802934,-1.7136187756708348,-1.7769800051978868,-1.6282284490868626,-1.7984083259182493,-1.6442369706519093,-1.626689953079669,-1.6991413138052935,-1.6854815353654966,-1.7762548968271672,-1.6557360337263254,-1.7114915778848119,-1.7764970470472372,-1.6229123246670327,-1.7237523795520437,-1.70405644192942,-1.651153457161075,-1.6545204570709562,-0.08572961197044983,-1.6763426114605418,-1.608652982660158,-1.6443614195658194,-1.6091864950261048,-1.7596442733127933,-1.7751657900216777,-1.4695091692887434,-1.7116337719113035,-1.6596595123849376,-1.7570736979807942,0.2905331224789917,-1.6586230516280118,-1.6513072163129539,-1.644364210652439,-1.6802954555680873,-1.5987952766436522,-1.743498224940256,-0.5567771649665584,-1.6776533431516458,-1.7186331992781525,-1.7435240198624413,-0.042223416015498456,-1.5996318014083015,-1.6236332401356524,-1.6225239567728638,-1.7052487365432378,-1.8395630250643014,-1.6237204986882727,-1.7564143423071197,-1.765839602600795,-1.6788690677646259,-1.7622850496574995,-1.7565146481633191,-1.596303003682495,-1.705986102922732,-1.6932033227382817,-1.632568440369119,-1.697726373988871,-1.5990354988673114,-1.6769168301946658,0.6465497327744882,-1.6580944056231415,-1.655021827415397,-1.7186419908670283,-1.7113091105337601,-1.6815026690583907,-1.6265537400877474,-1.645846645597457,-1.7519838650738901,-1.6024557851070678,-1.7569054104710868,-1.6452670714355406,-1.6319605219930626,-1.7042710721184893,-1.6592306321995096,-1.639935310759616,-1.591209346215343,-1.7617474926121566,-1.6477550602559268,-1.6442303442764077,-1.035954220678418,-1.6317942426485228,-1.6268267633492335,-1.6281864371093222,-0.48104277250151556,-1.6600295487159993,-1.3205307976305405,-1.7180477581621247,-1.734894616593749,-1.7018666942376566,-1.741723618262734,-1.639562703340227,-1.7264365124069943,-1.645635627395984,-1.6482526448284587,-1.755464579342425,-1.6628028180202907,-1.6592340253991666,-1.7339929584901888,-1.6562104740037076,-1.7335534689473762,-1.6825532412324131,-1.6411447638560568,-1.711225741391901,-1.7190937233641175,-1.6276797491812882,-1.6818681326797202,-1.6960823852963518,-1.6511501117995782,-1.6914165986099066,-1.6080795346011365,-0.9640581232225653,-1.7566790150990068,-1.6331354502482007,-1.7024608636838763,-1.6534670748519982,-1.598703665073607,-1.6516514013474262,-1.7036462145214324,-1.6913413463080578,-1.6527311456359635,-1.665677982443138,-1.6616606078877092,-0.11066426808372769,-1.7108182189455634,-1.6440133897480982,-1.7349776756340276
18,1519068963,-1.7725348509897207,-1.5833520789861082,-1.6549401036977966,-1.7309403718345344,-1.6532605932495605,-1.711470360105456,-1.7741885882729806,-1.6270766606953941,-1.795653869239743,-1.6418126371347301,-1.624920588025509,-1.6975739116600197,-1.6827963046386494,-1.7727660347477947,-1.6542514862506135,-1.7095828948995486,-1.7738022508923463,-1.6217179420050227,-1.721534664245537,-1.7008807939225865,-1.6501046222911686,-1.6525439620735944,-0.08572961197044983,-1.67506470782219,-1.6071671724940033,-1.643159517156359,-1.608195503340712,-1.75686324751712,-1.7716805828580486,-1.4690132752694287,-1.7085168487275044,-1.657894510578265,-1.75431287690207,0.45720332066707287,-1.6570264951714995,-1.649781267850093,-1.64254296828411,-1.678287895752959,-1.59781570427791,-1.741257513035384,-0.5602460913902577,-1.675854784413924,-1.7156281426603004,-1.7412810585727188,-0.042223416015498456,-1.5984729163607554,-1.6230364967707582,-1.6213314422036096,-1.7033561488836269,-1.836742962297139,-1.6207334577456647,-1.7531152596147928,-1.7630695448133942,-1.6761981191230904,-1.759496843304259,-1.7543084297138236,-1.594797543706989,-1.704329799398729,-1.6911490893205365,-1.6304736235814818,-1.6939974480558617,-1.597298335540859,-1.6756419078757934,0.6362675169892843,-1.6563334020677989,-1.6529841480338798,-1.715638073070568,-1.7088122329062507,-1.6788242057415979,-1.6242552079686106,-1.6442978844478435,-1.7490141136336923,-1.601454733624816,-1.7541461454284366,-1.6428487574127704,-1.630914211082741,-1.7026186460110935,-1.6571017246666047,-1.6377912458131183,-1.59005035656901,-1.7596588308150825,-1.6459810389521863,-1.643029079686549,-1.035808594286163,-1.6307489580838885,-1.6256457297229847,-1.62703568932155,-0.4810369539327442,-1.6579060359181919,-1.3205307976305405,-1.7143008540199374,-1.7320829307772385,-1.6999646724955977,-1.7394822423367877,-1.6367104266062258,-1.7242593114019333,-1.6435719409989678,-1.6462146199198608,-1.7532650485365568,-1.6609317717475813,-1.6576355004892063,-1.7317451578539629,-1.6547269007024035,-1.7313064557817266,-1.680861387107395,-1.6382874014045365,-1.709354300365886,-1.716843185679165,-1.6265289154221927,-1.6801738484361173,-1.694216536468953,-1.6501015933131138,-1.6893655361200044,-1.6065945914158102,-0.9634217664030128,-1.7539209020682875,-1.6320893659550817,-1.7005587561247668,-1.6505161727573823,-1.5975440654557385,-1.6504714210668132,-1.700471397105538,-1.6894914478912308,-1.6501884148695063,-1.6640118604218208,-1.6604166045776811,-0.11066426808372769,-1.7083248597475174,-1.6428015691115032,-1.7321655731369316
19,1519068968,-1.769047885099556,-1.5827713421001566,-1.6529599613625519,-1.7286923166219696,-1.6508974504085836,-1.7086058060182843,-1.7713971713480745,-1.6247730839124572,-1.79221079839161,-1.6406004703761405,-1.623741011322736,-1.695484042132988,-1.6802509027056785,-1.7699749450842965,-1.65177724045776,-1.7076742119142854,-1.7704337556987328,-1.6199263680120077,-1.71931694893903,-1.6977051459157528,-1.649055787421262,-1.6510615908255732,-0.08572961197044983,-1.6737868041838384,-1.6056813623278483,-1.6425585659516289,-1.6067090158126232,-1.754777478170365,-1.7681953756944193,-1.4665338051728547,-1.706646694817225,-1.6561295087715924,-1.7509998916076008,0.5127600533964333,-1.654897753229483,-1.6482553193872318,-1.640721725915781,-1.6762803359378307,-1.5958565595464256,-1.7382698971622215,-0.5567771649665584,-1.674056225676202,-1.7133743501969112,-1.7390380972829964,-0.042223416015498456,-1.5967345887894362,-1.6194560365813928,-1.6201389276343554,-1.7014635612240159,-1.8339293940450494,-1.6195386413686212,-1.7509158711532415,-1.7609920014728437,-1.673527170481555,-1.7567086369510185,-1.751550656651954,-1.5937939037233184,-1.702673495874726,-1.6890948559027914,-1.6294262151876633,-1.692132985089357,-1.5961402266565574,-1.6743669855569212,0.6362675169892843,-1.6545723985124563,-1.6509464686523627,-1.712634155274108,-1.705066916464987,-1.675476126595607,-1.6231059419090421,-1.64274912329823,-1.7475292379135936,-1.6004536821425641,-1.7519387333943164,-1.64043044339,-1.6293447447172584,-1.7009662199036977,-1.6555050440169257,-1.6363618691821198,-1.5894708617458435,-1.7568739484189835,-1.6447983580830259,-1.6424284473916195,-1.0356144257631563,-1.629703673519254,-1.6238741792836116,-1.6247341937460056,-0.48102531679520144,-1.6557825231203842,-1.3205307976305405,-1.7105539498777498,-1.729271244960728,-1.698062650753539,-1.7379879917194905,-1.6338581498722244,-1.7213563767285185,-1.6420241762012056,-1.6446861012384126,-1.7510655177306886,-1.659684407565775,-1.6555041339425924,-1.729497357217737,-1.6527488029673314,-1.729059442616077,-1.6791695329823768,-1.634715698340136,-1.7068590456645323,-1.7145926479942128,-1.6236518310244539,-1.678479564192514,-1.6923506876415542,-1.6490530748266496,-1.6873144736301025,-1.6056046292922594,-0.9627854095834604,-1.7517144116437122,-1.6294741552222838,-1.6986566485656571,-1.649335811919536,-1.5958046660289356,-1.648701450645894,-1.6979315431728226,-1.6871790748701976,-1.648662776409632,-1.6617903643933978,-1.6585505996126393,-0.11066426808372769,-1.706454840348983,-1.6403779278383135,-1.728791050140417
20,1519068974,-1.7662583123874243,-1.5816098683282531,-1.6514748546111184,-1.7264442614094049,-1.6491250932778507,-1.7064573904529055,-1.7679079001919416,-1.6236212955209888,-1.7894563417131037,-1.639388303617551,-1.621971646268576,-1.6939166399877141,-1.6776614805968577,-1.7671838554207986,-1.6497978438234773,-1.7057655289290221,-1.7677389595438422,-1.6187319853499977,-1.7165448048058967,-1.6957997571116528,-1.6474825351164022,-1.649579219577552,-0.08572961197044983,-1.6718699487263107,-1.6046908222170784,-1.6401547611327083,-1.6057180241272306,-1.7519964523746916,-1.765407209963516,-1.4660379111535398,-1.7047765409069455,-1.6543645069649195,-1.7487912347446215,0.5683167861257937,-1.653301196772971,-1.6467293709243707,-1.6395075643368948,-1.6729344029126167,-1.5948769871806834,-1.73677608922564,-0.5567771649665584,-1.67225766693848,-1.7111205577335222,-1.7360474822300331,-0.042223416015498456,-1.5955757037418903,-1.6182625498516046,-1.618350155780474,-1.6983092484579976,-1.8311042799883859,-1.6189412331800996,-1.74871648269169,-1.757529429238593,-1.6715239590004036,-1.7539204305977782,-1.7487928835900846,-1.5927902637396478,-1.7010171923507231,-1.687040622485046,-1.6283788067938447,-1.6902685221228524,-1.5949821177722556,-1.6718171409191764,0.6328401117275496,-1.6522243937719994,-1.6489087892708454,-1.7103812169267627,-1.7031942582443549,-1.6734672791080123,-1.6219566758494737,-1.6412003621486169,-1.7438170486133464,-1.5984515791780602,-1.7497313213601962,-1.6380121293672296,-1.6282984338069368,-1.6987629850938366,-1.653908363367247,-1.6327884276046236,-1.5865733876300108,-1.7547852866219091,-1.6430243367792854,-1.6406265505068314,-1.0354202572401496,-1.6281357466723025,-1.6226931456573626,-1.6218573242765753,-0.4810194982264301,-1.6536590103225768,-1.3205307976305405,-1.708305807392437,-1.7270218963075195,-1.6955266217641272,-1.7349994904848955,-1.6324320115052238,-1.7191791757234574,-1.6404764114034431,-1.6431575825569642,-1.7488659869248204,-1.6584370433839688,-1.653905609032632,-1.727249556581511,-1.6502761807984911,-1.726250676159015,-1.6769137274823527,-1.633287017114376,-1.7037399772878405,-1.7108417518526255,-1.6213501635062626,-1.6767852799489111,-1.6904848388141553,-1.647480297096953,-1.684750645517725,-1.6046146671687085,-0.9621490527639079,-1.7489562986129932,-1.6284280709291648,-1.6967545410065477,-1.6475652706627666,-1.594645066411067,-1.647521470365281,-1.696026652723286,-1.6853291764533707,-1.6471371379497577,-1.6601242423720806,-1.6560625929925832,-0.11066426808372769,-1.703961481150937,-1.6385601968834211,-1.7265413681427402
21,1519068979,-1.7620739533192264,-1.5804483945563497,-1.6494947122758736,-1.72419620619684,-1.6473527361471179,-1.7021605593221478,-1.7651164832670354,-1.6218936129337862,-1.786013270864971,-1.6369639701003718,-1.6196124928630298,-1.6918267704606822,-1.674984018136337,-1.7629972209255513,-1.6483132963477651,-1.7038568459437589,-1.763696765311506,-1.6169404113569827,-1.7143270894993898,-1.6932592387061858,-1.6459092828115423,-1.6480968483295309,-0.08572961197044983,-1.670592045087959,-1.6037002821063084,-1.639553809927978,-1.604727032441838,-1.7492154265790183,-1.7619220027998868,-1.4650461231149103,-1.702283002359906,-1.652599505158247,-1.7465825778816422,0.6794302515845145,-1.6511724548309545,-1.6452034224615095,-1.6370792411791228,-1.6709268430974884,-1.5938974148149412,-1.7337884733524775,-0.5602460913902577,-1.6698595886215175,-1.7066129728067438,-1.7345521747035515,-0.042223416015498456,-1.5949962612181172,-1.617069063121816,-1.6165613839265924,-1.6964166607983866,-1.8282842172212237,-1.6177464168030564,-1.745967247114751,-1.7547593714511924,-1.6695207475192522,-1.751829275832848,-1.7460351105282153,-1.5912848037641418,-1.6993608888267202,-1.684986389067301,-1.6273313984000262,-1.687782571500846,-1.593824008887954,-1.670542218600304,0.6328401117275496,-1.6504633902166568,-1.6473805297347075,-1.7058753402320723,-1.701321600023723,-1.6707888157912196,-1.6208074097899052,-1.6396516009990034,-1.7408472971731488,-1.5974505276958082,-1.7469720563175457,-1.6368029723558446,-1.6267289674414542,-1.6971105589864408,-1.651779455834342,-1.631359050973625,-1.5859938928068442,-1.7520004042258102,-1.641250315475545,-1.6382240213271138,-1.035226088717143,-1.626567819825351,-1.6215121120311138,-1.620706576488803,-0.4810136796576587,-1.652066375724221,-1.3205307976305405,-1.705308284078687,-1.724772547654311,-1.6936246000220683,-1.7320109892503006,-1.6302928039547229,-1.715550507381689,-1.6384127250064269,-1.6411195576483666,-1.7466664561189522,-1.6565659971112592,-1.6517742424860182,-1.7244398057862285,-1.648792607497187,-1.7240036629933655,-1.6752218733573345,-1.6304296546628556,-1.7012447225864868,-1.7085912141676731,-1.620199329747167,-1.6750909957053082,-1.6886189899867565,-1.646431778610489,-1.682699583027823,-1.6031297239833822,-0.9611945175345792,-1.7467498081884176,-1.6268589444894859,-1.693584361741365,-1.6463849098249204,-1.5934854667931984,-1.646341490084668,-1.6941217622737492,-1.683479278036544,-1.6456114994898834,-1.6584581203507633,-1.6548185896825551,-0.11066426808372769,-1.7020914617524023,-1.6361365556102314,-1.7237292656456444
22,1519068985,-1.756494807894963,-1.5781254470125428,-1.645534427605384,-1.7191380819685695,-1.6438080218856521,-1.6971475896695976,-1.7588357951859965,-1.6178623535636467,-1.7805043575079584,-1.6321153030660134,-1.6172533394574833,-1.6886919661701345,-1.6720735076860223,-1.7574150415985552,-1.6448493522377703,-1.6987670246497235,-1.7576334739630017,-1.6145516460329628,-1.7098916588863762,-1.6894484610979854,-1.6438116130717293,-1.644637982084148,-0.08572961197044983,-1.666119382353728,-1.6017192018847688,-1.6365490539043273,-1.6027450490710526,-1.7450438878855083,-1.75634567133808,-1.463558441056966,-1.6985426945393471,-1.6484811676093443,-1.7421652641556835,-0.653931333920135,-1.64797934191793,-1.6411342265605466,-1.6328296756530218,-1.666242536862189,-1.5919382700834568,-1.7300539535110242,-0.5602460913902577,-1.667461510304555,-1.7021053878799657,-1.7285709445976252,-0.042223416015498456,-1.592678491123025,-1.6146820896622391,-1.614772612072711,-1.6926314854791646,-1.825443949296057,-1.6147593758604482,-1.7415684701916485,-1.7499117703232412,-1.6648465873965652,-1.7462528631263672,-1.7416226736292242,-1.5892775237968007,-1.6949440794293789,-1.680364363877374,-1.62471287741548,-1.6840536455678368,-1.5909287366772,-1.6660799904842507,0.25239812767500247,-1.6463543819208575,-1.6438145908170525,-1.701369463537382,-1.697576283582459,-1.6661015049868322,-1.6167849785814155,-1.636037824983239,-1.7363926700128522,-1.5954484247313045,-1.7425572322493053,-1.633175501321689,-1.62411319016565,-1.6927040893667187,-1.6475216407685318,-1.6263562327651304,-1.5836759135141782,-1.7478230806316617,-1.637702272868064,-1.6364221244423256,-1.034886293801881,-1.6244772506960825,-1.6173784943392429,-1.6184050809132586,-0.48100204252011597,-1.648350228328058,-1.3205307976305405,-1.700811999108062,-1.719711513184592,-1.6898205565379507,-1.728275362707057,-1.626014388853721,-1.7111961053715667,-1.6353171954109023,-1.6375530140583203,-1.7411676291042817,-1.6515765403840341,-1.648044351029444,-1.7199442045137765,-1.6458254608945788,-1.7195096366620664,-1.670710262357286,-1.6268579515984554,-1.6975018405344566,-1.7033399595694512,-1.6173222453494283,-1.6711376658035677,-1.68302144350456,-1.6438104823943283,-1.6780846924255435,-1.6006548186745049,-0.9597627146905862,-1.7417852047331233,-1.6247667759032478,-1.689780146623146,-1.6440241881492277,-1.5917460673663957,-1.6416215689622162,-1.689677017891497,-1.678854531994477,-1.642560222570135,-1.6534597542868115,-1.650464578097457,-0.11066426808372769,-1.697728083155822,-1.6331070040187443,-1.7192299016502912
23,1519068991,-1.756494807894963,-1.5781254470125428,-1.645534427605384,-1.7191380819685695,-1.6432172361754078,-1.6957153126260116,-1.75813794095477,-1.6178623535636467,-1.7805043575079584,-1.6321153030660134,-1.6172533394574833,-1.6886919661701345,-1.6702919852751534,-1.7574150415985552,-1.6448493522377703,-1.6987670246497235,-1.7562860758855563,-1.6145516460329628,-1.7098916588863762,-1.6894484610979854,-1.6438116130717293,-1.644637982084148,-0.08572961197044983,-1.666119382353728,-1.6017192018847688,-1.6365490539043273,-1.6022495532283563,-1.7450438878855083,-1.7556486299053542,-1.463558441056966,-1.6966725406290677,-1.6484811676093443,-1.741060935724194,0.3460898552083521,-1.647447156432426,-1.6406255770729263,-1.6328296756530218,-1.666242536862189,-1.5919382700834568,-1.7300539535110242,-0.5602460913902577,-1.667461510304555,-1.7021053878799657,-1.7285709445976252,-0.042223416015498456,-1.5920990485992519,-1.6146820896622391,-1.614772612072711,-1.6926314854791646,-1.8226946045819095,-1.6147593758604482,-1.7404687759608728,-1.7499117703232412,-1.6648465873965652,-1.7462528631263672,-1.7405195644044764,-1.5892775237968007,-1.6943919782547112,-1.680364363877374,-1.62471287741548,-1.682189182601332,-1.5909287366772,-1.6660799904842507,0.619130490680611,-1.6463543819208575,-1.6433051709716733,-1.701369463537382,-1.6969520641755818,-1.6661015049868322,-1.6167849785814155,-1.636037824983239,-1.7363926700128522,-1.5954484247313045,-1.740901673223715,-1.633175501321689,-1.62411319016565,-1.6921532806642534,-1.6475216407685318,-1.6263562327651304,-1.5836759135141782,-1.7478230806316617,-1.6371109324334838,-1.6364221244423256,-1.034886293801881,-1.6244772506960825,-1.6173784943392429,-1.6184050809132586,-0.48100204252011597,-1.648350228328058,-1.3205307976305405,-1.7000626182796246,-1.719711513184592,-1.6898205565379507,-1.728275362707057,-1.626014388853721,-1.7111961053715667,-1.6353171954109023,-1.637043507831171,-1.7406177464028145,-1.6509528582931308,-1.648044351029444,-1.7199442045137765,-1.6458254608945788,-1.7195096366620664,-1.670710262357286,-1.6268579515984554,-1.69625421318378,-1.7025897803411336,-1.6173222453494283,-1.6711376658035677,-1.682399493895427,-1.6438104823943283,-1.6780846924255435,-1.6006548186745049,-0.9597627146905862,-1.7406819595208356,-1.6247667759032478,-1.689780146623146,-1.6434340077303045,-1.5917460673663957,-1.6410315788219096,-1.689677017891497,-1.678854531994477,-1.6420516764168436,-1.6534597542868115,-1.649842576442443,-0.11066426808372769,-1.696481403556799,-1.6325010937004467,-1.7192299016502912
24,1519068996,-1.7509156624706994,-1.5752217625827842,-1.642564214102517,-1.71464197154344,-1.641444879044675,-1.6907023429734611,-1.751857252873731,-1.6149828825849757,-1.7743068299813194,-1.6290848861695393,-1.6143043977005502,-1.685034694497829,-1.6687305637435346,-1.751832862271559,-1.6418802572863462,-1.694949658679197,-1.7502227845370522,-1.6127600720399478,-1.7054562282733625,-1.6843674242870517,-1.6417139433319161,-1.6416732395881053,-0.08572961197044983,-1.6635635750770243,-1.5992428516078439,-1.6341452490854065,-1.5992765781721783,-1.7408723491919982,-1.7500722984435475,-1.4620707589990216,-1.6941790020820284,-1.6449511639959988,-1.7371957862139802,-0.26503420481461226,-1.6437218580338975,-1.6380823296348246,-1.6304013524952499,-1.6622274172319322,-1.5899791253519724,-1.7263194336695709,-0.5567771649665584,-1.6638643928291112,-1.6975978029531873,-1.7248326757814212,-0.042223416015498456,-1.5892018359803866,-1.611698372837768,-1.6129838402188297,-1.6888463101599427,-1.8199596921234793,-1.6123697431063617,-1.7366198461531581,-1.7457566836421403,-1.6608401644342623,-1.7420705535965064,-1.7372102367302331,-1.586768423837624,-1.691631472381373,-1.6762558970418837,-1.6220943564309336,-1.6790817443238242,-1.5886125189085967,-1.66289268468707,0.6157030854188763,-1.642832374810172,-1.6407580717447767,-1.6968635868426916,-1.6932067477343178,-1.662083810011643,-1.6144864464622786,-1.6329403026840124,-1.732680480712605,-1.5934463217668007,-1.7375905551725348,-1.6295480302875336,-1.6220205683450069,-1.6888484284494618,-1.644328279469174,-1.6227827911876342,-1.5819374290446786,-1.7436457570375132,-1.634154230260583,-1.6346202275575374,-1.034303788232861,-1.6223866815668138,-1.6144259102736207,-1.615528211443828,-0.48098749609818753,-1.644634080931895,-1.3205307976305405,-1.6955663333089994,-1.7146504787148729,-1.686016513053833,-1.7245397361638135,-1.6224490429362195,-1.7053902360247373,-1.6322216658153779,-1.6339864704682743,-1.7367685674925453,-1.6484581299295182,-1.6448473012095233,-1.7148866530822682,-1.6428583142919706,-1.7150156103307674,-1.66732655410725,-1.623286248534055,-1.6937589584824264,-1.6973385257429114,-1.6144451609516892,-1.6677490973163616,-1.6792897458497624,-1.6417134454213997,-1.6739825674457396,-1.5986748944274032,-0.9584900010514812,-1.7373722238839726,-1.62215156517045,-1.6853418956518904,-1.6404831056356888,-1.5888470683217242,-1.6392616084009903,-1.6845973100260658,-1.672379887535583,-1.639000399497095,-1.647906014215754,-1.6467325681673728,-0.11066426808372769,-1.693988044358753,-1.6288656317906622,-1.7141681171555188
25,1519069002,-1.7481260897585678,-1.5746410256968324,-1.6410791073510835,-1.711831902527734,-1.639672521913942,-1.6885539274080823,-1.748367981717598,-1.6138310941935072,-1.7708637591331864,-1.6278727194109497,-1.6125350326463905,-1.682944824970797,-1.6660660483935579,-1.749041772608061,-1.640395709810634,-1.691768520370425,-1.7475279883821615,-1.6115656893779378,-1.7032385129668557,-1.6824620354829516,-1.6406651084620096,-1.6396967445907435,-0.08572961197044983,-1.6610077678003208,-1.598252311497074,-1.632342395471216,-1.5977900906440894,-1.7380913233963249,-1.7472841327126443,-1.4600871829217623,-1.6923088481717488,-1.6425978282537688,-1.734434965135256,-0.04280727389717069,-1.6421253015773851,-1.6365563811719634,-1.627973029337478,-1.659550670811761,-1.5885097668033592,-1.7248256257329895,-0.5602460913902577,-1.6620658340913892,-1.6953440104897983,-1.7225897144916986,-0.042223416015498456,-1.5874635084090676,-1.611101629472874,-1.6117913256495755,-1.6869537225003317,-1.817133134841244,-1.6111749267293185,-1.7344204576916067,-1.7436791403015899,-1.658169215792727,-1.7392823472432661,-1.7344524636683636,-1.5857647838539533,-1.6894230676827025,-1.6736881052697021,-1.621046948037115,-1.6772172813573196,-1.5868753555821442,-1.6603428400493252,0.6122756801571416,-1.639897368884601,-1.6387203923632596,-1.6946106484953465,-1.6907098701068086,-1.6594053466948504,-1.612762547372926,-1.631391541534399,-1.7311956049925064,-1.5914442188022968,-1.7353831431384144,-1.6277342947704558,-1.620974257434685,-1.687196002342066,-1.6427315988194953,-1.6206387262411366,-1.5796194497520126,-1.741557095240439,-1.6329715493914227,-1.6334189629676787,-1.034012535448351,-1.6213413970021795,-1.613244876647372,-1.6126513419743975,-0.4809816775294161,-1.6430414463335392,-1.3205307976305405,-1.693318190823687,-1.7124011300616644,-1.6828464768170681,-1.7215512349292186,-1.6203098353857186,-1.7032130350196764,-1.6306739010176157,-1.6324579517868258,-1.734569036686677,-1.6465870836568088,-1.6427159346629094,-1.712638852446042,-1.6403856921231303,-1.7122068438737055,-1.6645067972322196,-1.6204288860825347,-1.691263703781073,-1.6943378088296417,-1.6132943271925937,-1.665490051658224,-1.6774238970223634,-1.6401406676917032,-1.671418739333362,-1.5971899512420769,-0.9578536442319286,-1.7351657334593973,-1.6211054808773309,-1.683439788092781,-1.638122383959996,-1.5876874687038556,-1.6374916379800708,-1.6826924195765292,-1.6705299891187564,-1.6369662148839292,-1.6462398921944368,-1.6448665632023307,-0.11066426808372769,-1.6921180249602186,-1.6276538111540673,-1.7119184351578423
26,1519069008,-1.7453365170464359,-1.5723180781530255,-1.6395940005996499,-1.7095838473151692,-1.6373093790729651,-1.6849732347991178,-1.745576564792692,-1.6126793058020388,-1.7674206882850536,-1.6260544692730654,-1.6095860908894575,-1.6813774228255232,-1.6640152260833716,-1.744855138112814,-1.6384163131763514,-1.6898598373851617,-1.744159493188548,-1.6097741153849228,-1.7004663688337223,-1.6805566466788513,-1.6390918561571497,-1.6382143733427224,-0.08572961197044983,-1.6584519605236174,-1.596271231275534,-1.6317414442664857,-1.5963036031160005,-1.7353102976006516,-1.7444959669817408,-1.4595912889024476,-1.6885685403511899,-1.6384794907048659,-1.7322263082722766,-0.7650447993788558,-1.6399965596353687,-1.6340131337338617,-1.6267588677585918,-1.6575431109966328,-1.587530194437617,-1.7203442019232456,-0.5602460913902577,-1.6602672753536674,-1.69083642556302,-1.721094406965217,-0.042223416015498456,-1.5857251808377484,-1.6099081427430855,-1.609406296511067,-1.684430272287517,-1.8143325556193,-1.6105775185407967,-1.7322210692300555,-1.740909082514189,-1.6554982671511915,-1.7371911924783359,-1.731694690606494,-1.5842593238784475,-1.6872146629840319,-1.6700931967886479,-1.6199995396432965,-1.6753528183908148,-1.5862963011399933,-1.6577929954115804,0.47175206442602063,-1.63696236295903,-1.6366827129817425,-1.6923577101480014,-1.6888372118861767,-1.6573964992072558,-1.6116132813133575,-1.6298427803847855,-1.7282258535523087,-1.5899426415789188,-1.7320720250872341,-1.625920559253378,-1.6194047910692027,-1.684992767532205,-1.64060269128659,-1.6192093496101383,-1.577880965282513,-1.7373797716462904,-1.630606187653102,-1.6316170660828906,-1.033866909056096,-1.6192508278729107,-1.6120638430211232,-1.6115005941866254,-0.48097585896064476,-1.6409179335357316,-1.3205307976305405,-1.6910700483383743,-1.710151781408456,-1.6803104478276565,-1.7193098590032723,-1.6174575586517175,-1.6995843666779078,-1.6280942930213451,-1.630419926878228,-1.7323695058808088,-1.6447160373840994,-1.641117409752949,-1.7098291016507596,-1.6389021188218262,-1.7093980774166435,-1.6622509917321955,-1.6182858642438944,-1.6887684490797192,-1.6920872711446895,-1.6109926596744026,-1.6632310060000868,-1.6755580481949646,-1.639092149205239,-1.668342145598509,-1.5961999891185261,-0.957058198207488,-1.7318559978225343,-1.6200593965842116,-1.6809036446806347,-1.6363518427032266,-1.5853682694681186,-1.635131677418845,-1.6807875291269925,-1.6686800907019297,-1.6349320302707635,-1.6445737701731196,-1.6430005582372889,-0.11066426808372769,-1.689001325962661,-1.6252301698808775,-1.7096687531601658
27,1519069013,-1.7418495511562713,-1.5717373412670739,-1.6376138582644053,-1.7073357921026047,-1.6355370219422323,-1.682824819233739,-1.7420872936365592,-1.6103757290191019,-1.7646662316065473,-1.624236219135181,-1.607226937483911,-1.6792875532984912,-1.6618763634214857,-1.7420640484493157,-1.6369317657006393,-1.6879511543998984,-1.7414646970336571,-1.6085797327229128,-1.6976942247005886,-1.6786512578747512,-1.6380430212872432,-1.6367320020947012,-0.08572961197044983,-1.6565351050660897,-1.5952806911647643,-1.6305395418570254,-1.5953126114306078,-1.7332245282538965,-1.7417078012508376,-1.4576077128251883,-1.6866983864409104,-1.6361261549626356,-1.7300176514092973,-0.32059093754397266,-1.6384000031788566,-1.6319785357833803,-1.625544706179706,-1.6548663645764616,-1.5860608358890036,-1.7188503939866642,-0.5602460913902577,-1.6584687166159455,-1.688582633099631,-1.7188514456754946,-0.042223416015498456,-1.5845662957902023,-1.6081179126484029,-1.6082137819418127,-1.6812759595214988,-1.8115608409087907,-1.6093827021637535,-1.7294718336531163,-1.7388315391736386,-1.65349505567004,-1.7351000377134054,-1.7294884721569985,-1.5832556838947769,-1.685558359460029,-1.6675254050164663,-1.618952131249478,-1.6728668677688088,-1.5851381922556917,-1.6552431507738359,0.6157030854188763,-1.6352013594036874,-1.6351544534456046,-1.688602812902426,-1.6869645536655447,-1.655387651719661,-1.6098893822240048,-1.6277777655186345,-1.7267409778322098,-1.588941590096667,-1.729864613053114,-1.6247114022419928,-1.6183584801588808,-1.682789532722344,-1.6390060106369113,-1.6170652846636404,-1.5767219756361799,-1.7352911098492163,-1.6294235067839418,-1.630415801493032,-1.033721282663841,-1.6182055433082765,-1.6097017757686254,-1.609774472504967,-0.4809671311074877,-1.639325298937376,-1.3205307976305405,-1.6888219058530618,-1.7079024327552474,-1.6777744188382446,-1.717815608385975,-1.6160314202847168,-1.6974071656728467,-1.6260306066243289,-1.6288914081967798,-1.7296200923734735,-1.643468673202293,-1.6395188848429887,-1.7075813010145338,-1.6369240210867542,-1.7065893109595816,-1.6599951862321713,-1.6168571830181342,-1.6868970080537042,-1.6883363750031022,-1.6098418259153071,-1.6609719603419493,-1.6730702497584329,-1.6380436307187747,-1.666291083108607,-1.5952100269949752,-0.9564218413879356,-1.7296495073979588,-1.618490270144533,-1.6790015371215252,-1.633991121027534,-1.5847884696591843,-1.6333617069979254,-1.6788826386774558,-1.6663677176808962,-1.6328978456575978,-1.6423522741446965,-1.6405125516172328,-0.11066426808372769,-1.6871313065641265,-1.6240183492442828,-1.707419071162489
28,1519069019,-1.7390599784441394,-1.5705758674951704,-1.6361287515129717,-1.7045257230868986,-1.6343554505217437,-1.6806764036683604,-1.739295876711653,-1.6092239406276334,-1.761911774928041,-1.6218118856180017,-1.6060473607811379,-1.6777201511532174,-1.6591212182977002,-1.7392729587858178,-1.6349523690663565,-1.6854062437528807,-1.7387699008787665,-1.6073853500609028,-1.6949220805674552,-1.6767458690706512,-1.6369941864173367,-1.6347555070973394,-0.08572961197044983,-1.6539792977893863,-1.5942901510539944,-1.6281357370381047,-1.5943216197452152,-1.7311387589071416,-1.7389196355199341,-1.4571118188058736,-1.6842048478938711,-1.634361153155963,-1.727808994546318,0.012749458832189704,-1.6368034467223442,-1.6304525873205191,-1.6219022214430479,-1.6521896181562905,-1.5850812635232614,-1.7173565860500828,-0.5602460913902577,-1.6572696774574642,-1.6863288406362418,-1.7158608306225314,-0.042223416015498456,-1.5834074107426561,-1.6075211692835085,-1.6064250100879314,-1.6787525093086841,-1.8087350052393414,-1.6075904775981886,-1.727272445191565,-1.7367539958330882,-1.6508241070285048,-1.732311831360165,-1.727282253707503,-1.582252043911106,-1.6833499547613584,-1.6654711715987212,-1.61738101865875,-1.671002404802304,-1.5834010289292393,-1.6533307672955273,0.619130490680611,-1.6322663534781163,-1.6336261939094667,-1.686349874555081,-1.6850918954449128,-1.6533788042320665,-1.6075908501048677,-1.6257127506524833,-1.7245136642520615,-1.587940538614415,-1.7271053480104634,-1.6228976667249153,-1.6173121692485593,-1.6800354892100178,-1.6368771031040064,-1.6142065314016436,-1.5755629859898468,-1.733202448052142,-1.6276494854802013,-1.6292145369031732,-1.0335756562715857,-1.616637616461325,-1.6073397085161276,-1.6086237247171948,-0.48095840325433065,-1.6377326643390204,-1.3205307976305405,-1.6865737633677493,-1.7050907469387369,-1.6758723970961857,-1.7155742324600287,-1.6131791435507155,-1.6952299646677857,-1.6244828418265664,-1.6273628895153314,-1.7274205615676053,-1.6409739448386804,-1.6368546766597214,-1.7047715502192513,-1.6354404477854498,-1.704342297793932,-1.6583033321071532,-1.6154285017923742,-1.685025567027689,-1.6860858373181498,-1.6075401583971158,-1.658712914683812,-1.671204400931034,-1.6359465937458462,-1.663214489373754,-1.5937250838096488,-0.9557854845683832,-1.7268913943672397,-1.617444185851414,-1.6758313578563426,-1.6328107601896875,-1.5836288700413157,-1.631591736577006,-1.6763427847447403,-1.6640553446598627,-1.6313722071977235,-1.6401307781162735,-1.6380245449971766,-0.11066426808372769,-1.6840146075665692,-1.6228065286076878,-1.7051693891648125
29,1519069025,-1.7355730125539748,-1.5688336568373151,-1.6346436447615382,-1.7022776678743339,-1.633173879101255,-1.6785279881029815,-1.7365044597867467,-1.6074962580404308,-1.7584687040799083,-1.6199936354801172,-1.6042779957269782,-1.6756302816261857,-1.657707393826284,-1.7364818691223196,-1.6334678215906444,-1.6834975607676175,-1.7360751047238756,-1.605593776067888,-1.6927043652609484,-1.6729350914624508,-1.6359453515474303,-1.6327790120999777,-0.08572961197044983,-1.6520624423318586,-1.5928043408878394,-1.6269338346286444,-1.5933306280598225,-1.7290529895603866,-1.735434428356305,-1.4556241367479292,-1.6823346939835917,-1.6325961513492904,-1.7250481734675938,-0.7094880666494955,-1.634674704780328,-1.628926638857658,-1.6206880598641618,-1.6501820583411622,-1.5836119049746482,-1.7151158741452108,-0.5567771649665584,-1.6554711187197424,-1.6840750481728526,-1.7143655230960497,-0.042223416015498456,-1.582827968218883,-1.60632768255372,-1.605232495518677,-1.6768599216490732,-1.8060138034238427,-1.605200844844102,-1.7239733624992382,-1.7346764524925378,-1.6488208955473533,-1.7302206765952348,-1.7245244806456337,-1.5807465839356003,-1.6816936512373553,-1.663416938180976,-1.6152862018711132,-1.6678949665247962,-1.5822429200449375,-1.652055844976655,0.6019934643719377,-1.6305053499227737,-1.6320979343733288,-1.6833459567586206,-1.681970798410526,-1.6507003409152738,-1.605866951015515,-1.6231314820697944,-1.7230287885319626,-1.5869394871321632,-1.7248979359763432,-1.6204793527021448,-1.6157427028830766,-1.678383063102622,-1.6347481955711012,-1.612062466455146,-1.5749834911666805,-1.7311137862550676,-1.6264668046110409,-1.6286139046082437,-1.0334300298793306,-1.6155923318966907,-1.6043871244505057,-1.6057468552477643,-0.4809467661167879,-1.6356091515412128,-1.3205307976305405,-1.6828268592255617,-1.7028413982855286,-1.6739703753541268,-1.7140799818427312,-1.611753005183715,-1.692327029994371,-1.6224191554295502,-1.6258343708338832,-1.72467114806027,-1.639102898565971,-1.635256151749761,-1.7019617994239689,-1.6329678256166098,-1.7020952846282824,-1.656611477982135,-1.6125711393408537,-1.6825303123263355,-1.6838352996331976,-1.6063893246380203,-1.6564538690256745,-1.6687166024945024,-1.634898075259382,-1.661163426883852,-1.5927351216860979,-0.9551491277488307,-1.7246849039426644,-1.6163981015582947,-1.6732952144441966,-1.630450038513995,-1.5818894706145128,-1.6304117562963931,-1.6744378942952036,-1.6617429716388292,-1.629338022584558,-1.6379092820878505,-1.6367805416871486,-0.11066426808372769,-1.6821445881680346,-1.620382887334498,-1.7017948661682976
30,1519069030,-1.732783439841843,-1.567672183065412,-1.6326635024262934,-1.700029612661769,-1.6319923076807665,-1.6763795725376027,-1.7337130428618406,-1.605768575453228,-1.755714247401402,-1.6187814687215276,-1.6025086306728182,-1.6730179447173958,-1.655063593853178,-1.7336907794588214,-1.6319832741149325,-1.6815888777823542,-1.733380308568985,-1.604399393405878,-1.6904866499544415,-1.6710297026583505,-1.6343720992425703,-1.6312966408519565,-0.08572961197044983,-1.649506635055155,-1.5918138007770695,-1.6251309810144539,-1.5918441405317336,-1.7262719637647133,-1.731949221192676,-1.4541364546899849,-1.680464540073312,-1.63024281560706,-1.7222873523888695,-0.37614767027333307,-1.6330781483238157,-1.6268920409071765,-1.6194738982852759,-1.647505311920991,-1.5821425464260348,-1.7121282582720483,-0.5602460913902577,-1.652473520823539,-1.6818212557094636,-1.7113749080430867,-0.042223416015498456,-1.581089640647564,-1.603343965729249,-1.6040399809494228,-1.6749673339894622,-1.8031930190438943,-1.6040060284670588,-1.7217739740376867,-1.7319063947051372,-1.6461499469058178,-1.7274324702419943,-1.7217667075837642,-1.5797429439519295,-1.6794852465386847,-1.6608491464087944,-1.6142387934772946,-1.6660305035582916,-1.580505756718485,-1.6501434614983463,0.6019934643719377,-1.628157345182317,-1.630569674837191,-1.6810930184112753,-1.679473920783017,-1.648021877598481,-1.6041430519261624,-1.621582720920181,-1.7208014749518143,-1.5859384356499113,-1.722690523942223,-1.6192701956907598,-1.614696391972755,-1.6767306369952262,-1.6331515149214224,-1.609203713193149,-1.5738245015203474,-1.7283289038589686,-1.6246927833073004,-1.6268120077234556,-1.033235861356324,-1.6140244050497392,-1.6032060908242567,-1.6045961074599921,-0.48094094754801653,-1.6340165169428573,-1.3205307976305405,-1.6798293359118117,-1.700029712469018,-1.6701663318700093,-1.7110914806081365,-1.6089007284497137,-1.6901498289893098,-1.620871390631788,-1.6237963459252853,-1.722471617254402,-1.6372318522932614,-1.6336576268398006,-1.6997139987877428,-1.6314842523153057,-1.698724764879808,-1.654355672482111,-1.6097137768893335,-1.6794112439496436,-1.6815847619482451,-1.604663073999377,-1.6536300619530029,-1.6668507536671036,-1.6333252975296855,-1.6585995987714746,-1.5912501785007716,-0.9545127709292782,-1.722478413518089,-1.6143059329720564,-1.6713931068850871,-1.6292696776761486,-1.5807298709966442,-1.6286417858754736,-1.6712630768793093,-1.6598930732220023,-1.6278123841246837,-1.6362431600665333,-1.6349145367221065,-0.11066426808372769,-1.6802745687695,-1.6185651563796057,-1.6995451841706208
31,1519069036,-1.7258095080615137,-1.5659299724075566,-1.6296932889234264,-1.6955335022366398,-1.6284475934193008,-1.6699343258414665,-1.7267345005495751,-1.602889104474557,-1.7495167198747628,-1.6157510518250537,-1.5989699005644986,-1.6693606730450903,-1.652966161945033,-1.7267130553000762,-1.6285193300049376,-1.6777715118118277,-1.726643318181758,-1.601413436750853,-1.685496790514801,-1.6672189250501503,-1.6312255946328507,-1.6278377746065735,-0.08572961197044983,-1.6463118759592759,-1.5898327205555296,-1.6233281274002633,-1.5898621571609484,-1.7214051686222849,-1.7256758482981434,-1.4526487726320405,-1.6754774629792335,-1.6267128119937149,-1.7178700386629109,-1.5428390575899014,-1.6293528499252872,-1.6238401439814545,-1.6152243327591749,-1.6434901922907343,-1.5801834016945504,-1.7076468344623041,-0.5602460913902577,-1.6488764033480954,-1.675059878319296,-1.7076366392268825,-0.042223416015498456,-1.5787718705524718,-1.6015537356345664,-1.601058694526287,-1.6705512961170366,-1.8004075936904536,-1.602213803901494,-1.7168253499991963,-1.7263662791303358,-1.642143523943515,-1.7232501607121338,-1.716802716072399,-1.5777356639845883,-1.6761726394906789,-1.656740679573304,-1.6121439766896575,-1.661058602314279,-1.5781895389498817,-1.6469561557011656,0.31751882764796097,-1.6234613357014034,-1.627003735919536,-1.6743342033692399,-1.675728604341753,-1.6440041826232918,-1.6012698867772412,-1.6184851986209543,-1.714861972071419,-1.5834358069442813,-1.7177238468654523,-1.6156427246566043,-1.6120806146969509,-1.6728749760779693,-1.6299581536220649,-1.6063449599311521,-1.5709270274045146,-1.7234553596657955,-1.6211447406998194,-1.6226075816589498,-1.0328960664410622,-1.6114111936381534,-1.6002535067586348,-1.6011438640966755,-0.48092931041047376,-1.630300369546694,-1.3205307976305405,-1.674583670112749,-1.695531015162601,-1.6663622883858915,-1.7058616034475953,-1.605335382532212,-1.6843439596424803,-1.6172599394370093,-1.6202298023352393,-1.7180725556426655,-1.6341134418387457,-1.6299277353832264,-1.6940944971971779,-1.6280225812789293,-1.694230738548509,-1.6509719642320746,-1.606142073824933,-1.6750445482222749,-1.674833148893388,-1.6012105727220902,-1.6502414934657967,-1.6631190560123057,-1.631228260556757,-1.653984708169195,-1.5887752731918945,-0.9530809680852852,-1.7175138100627945,-1.6122137643858183,-1.6656867842077585,-1.626318775581533,-1.5789904715698415,-1.6256918351739413,-1.667453295980236,-1.656193276388349,-1.624761107204935,-1.6329109160238986,-1.6311825267920224,-0.11066426808372769,-1.675287850373408,-1.6149296944698213,-1.6950458201752676
32,1519069041,-1.7230199353493818,-1.5647684986356531,-1.6277131465881816,-1.693285447024075,-1.6266752362885681,-1.6677859102760877,-1.7232452293934424,-1.60058552769162,-1.7467622631962565,-1.6145388850664641,-1.5977903238617255,-1.6677932708998162,-1.650221374509683,-1.7239219656365783,-1.6270347825292255,-1.6758628288265645,-1.723948522026867,-1.600816245419848,-1.6832790752082942,-1.66531353624605,-1.6301767597629442,-1.6263554033585523,-0.08572961197044983,-1.645033972320924,-1.5888421804447597,-1.622126224990803,-1.5883756696328593,-1.71931939927553,-1.722190641134514,-1.4516569845934109,-1.673607309068954,-1.6249478101870423,-1.7156613817999316,-0.04280727389717069,-1.6277562934687748,-1.621805546030973,-1.6140101711802888,-1.641482632475606,-1.5792038293288084,-1.7054061225574322,-0.5567771649665584,-1.647677364189614,-1.672806085855907,-1.706141331700401,-0.042223416015498456,-1.5776129855049257,-1.600360248904778,-1.5998661799570328,-1.6686587084574256,-1.7975925822127923,-1.6010189875244507,-1.7146259615376451,-1.7242887357897854,-1.6401403124623635,-1.7211590059472035,-1.7145964976229036,-1.5767320240009177,-1.6739642347920083,-1.6546864461555586,-1.611096568295839,-1.6591941393477745,-1.5764523756234292,-1.6444063110634208,0.6259853012040802,-1.6217003321460608,-1.625475476383398,-1.6720812650218948,-1.673855946121121,-1.6419953351356973,-1.5995459876878886,-1.616936437471341,-1.7126346584912708,-1.5824347554620295,-1.715516434831332,-1.6138289891395265,-1.611034303786629,-1.6712225499705735,-1.6283614729723859,-1.6042008949846542,-1.5697680377581817,-1.7213666978687212,-1.6199620598306592,-1.6220069493640206,-1.0327504400488072,-1.6103659090735192,-1.5990724731323858,-1.5994177424150173,-0.4809234918417024,-1.6287077349483385,-1.3205307976305405,-1.671586146798999,-1.6932816665093926,-1.6644602666438326,-1.704367352830298,-1.6031961749817112,-1.6821667586374194,-1.615712174639247,-1.6187012836537908,-1.7158730248367973,-1.6316187134751332,-1.628329210473266,-1.691846696560952,-1.6265390079776252,-1.6919837253828596,-1.6487161587320505,-1.6039990519862928,-1.67317310719626,-1.6718324319801183,-1.6000597389629947,-1.6485472092221938,-1.6612532071849069,-1.6301797420702928,-1.651933645679293,-1.5872903300065682,-0.9524446112657327,-1.7153073196382191,-1.611167680092699,-1.6637846766486488,-1.6251384147436865,-1.577830871951973,-1.6233318746127154,-1.6655484055306993,-1.654343377971522,-1.6232354687450607,-1.6312447940025814,-1.6293165218269803,-0.11066426808372769,-1.6734178309748737,-1.613111963514929,-1.6927961381775911
33,1519069047,-1.72023036263725,-1.5636070248637497,-1.626228039836748,-1.690475378008369,-1.624312093447591,-1.6656374947107089,-1.7204538124685362,-1.5994337393001516,-1.7440078065177502,-1.6109023847906951,-1.5960209588075656,-1.6662258687545424,-1.6486677212443903,-1.7211308759730801,-1.6255502350535136,-1.6726816905177924,-1.7212537258719764,-1.599024671426833,-1.6810613599017874,-1.6627730178405833,-1.6291279248930377,-1.6243789083611906,-0.08572961197044983,-1.6424781650442206,-1.58785164033399,-1.6203233713766125,-1.5873846779474667,-1.717233629928775,-1.718705433970885,-1.4506651965547812,-1.6717371551586746,-1.6220061405092545,-1.7134527249369522,-1.4872823248605411,-1.6261597370122627,-1.6197709480804916,-1.6115818480225168,-1.6388058860554349,-1.5782242569630662,-1.703912314620851,-0.5602460913902577,-1.6464783250311328,-1.6705522933925179,-1.7031507166474378,-0.042223416015498456,-1.5764541004573795,-1.5991667621749894,-1.5986736653877787,-1.6667661207978146,-1.7948475671753599,-1.5992267629588857,-1.7124265730760937,-1.722211192449235,-1.6374693638208282,-1.718370799593963,-1.712390279173408,-1.5752265640254117,-1.6717558300933377,-1.6521186543833772,-1.609525455705111,-1.6573296763812697,-1.5747152122969768,-1.6431313887445484,0.3826395276209195,-1.619939328590718,-1.6234377970018807,-1.6698283266745495,-1.6719832879004892,-1.6399864876481027,-1.5978220885985357,-1.6143551688886522,-1.711149782771172,-1.5814337039797777,-1.7133090227972119,-1.6126198321281413,-1.6094648374211467,-1.6690193151607124,-1.6257003385562547,-1.6013421417226574,-1.5691885429350152,-1.7192780360716469,-1.6181880385269187,-1.6208056847741616,-1.0326048136565522,-1.6093206245088847,-1.5961198890667636,-1.598266994627245,-0.480917673272931,-1.6271151003499829,-1.3205307976305405,-1.6678392426568114,-1.690469980692882,-1.662558244901774,-1.7028731022130006,-1.60034389824771,-1.6799895576323582,-1.6141644098414847,-1.6171727649723424,-1.7120238459265278,-1.6291239851115205,-1.6261978439266522,-1.689598895924726,-1.625055434676321,-1.68973671221721,-1.6470243046070323,-1.6025703707605328,-1.6713016661702447,-1.6695818942951661,-1.5989089052038992,-1.6462881635640563,-1.6568995599209764,-1.6286069643405963,-1.649882583189391,-1.5858053868212418,-0.951490076036404,-1.7131008292136438,-1.61012159579958,-1.6618825690895394,-1.6239580539058402,-1.5766712723341043,-1.6209719140514893,-1.6630085515979838,-1.651568530346282,-1.6217098302851864,-1.627912549959947,-1.6268285152069244,-0.11066426808372769,-1.6715478115763391,-1.611900142878334,-1.6899840356804954
34,1519069053,-1.7167433967470853,-1.5618648142058946,-1.6247429330853145,-1.6882273227958042,-1.6231305220271024,-1.66348907914533,-1.7176623955436299,-1.5982819509086832,-1.741253349839244,-1.6096902180321055,-1.5948413821047924,-1.6646584666092685,-1.646417513431825,-1.718339786309582,-1.6240656875778015,-1.670773007532529,-1.7185589297170856,-1.598427480095828,-1.6788436445952806,-1.660867629036483,-1.628079090023131,-1.6228965371131694,-0.08572961197044983,-1.6405613095866929,-1.58686110022322,-1.6191214689671523,-1.586393686262074,-1.7151478605820198,-1.7159172682399815,-1.4496734085161518,-1.6692436166116351,-1.620241138702582,-1.711244068073973,-0.5428178684614143,-1.6240309950702463,-1.6182449996176305,-1.6097606056541878,-1.6367983262403065,-1.5767548984144528,-1.7024185066842696,-0.5602460913902577,-1.644679766293411,-1.6682985009291287,-1.7009077553577152,-0.042223416015498456,-1.5752952154098334,-1.5985700188100953,-1.5980774081031515,-1.6648735331382036,-1.7920801821415657,-1.5980319465818424,-1.7096773374991547,-1.7201336491086845,-1.6354661523396765,-1.7162796448290327,-1.7101840607239125,-1.5737211040499057,-1.6700995265693346,-1.6500644209656319,-1.6084780473112927,-1.6548437257592634,-1.5735571034126752,-1.6412190052662399,0.6225578959423456,-1.6181783250353754,-1.6219095374657428,-1.6668244088780892,-1.6701106296798571,-1.6379776401605082,-1.596098189509183,-1.6128064077390387,-1.7096649070510732,-1.5804326524975256,-1.7105497577545616,-1.6108060966110636,-1.608418526510825,-1.6673668890533166,-1.6241036579065757,-1.599912765091659,-1.568029553288682,-1.7171893742745727,-1.6170053576577583,-1.619604420184303,-1.032167934479787,-1.6082753399442504,-1.5943483386273904,-1.5971162468394728,-0.48091185470415965,-1.6255224657516272,-1.3205307976305405,-1.665591100171499,-1.6882206320396735,-1.660656223159715,-1.7006317262870543,-1.5989177598807094,-1.677812356627297,-1.6126166450437225,-1.6156442462908942,-1.7098243151206596,-1.6278766209297142,-1.6245993190166919,-1.6873510952885,-1.623571861375017,-1.6874896990515604,-1.6453324504820142,-1.6011416895347725,-1.6694302251442295,-1.6673313566102137,-1.5977580714448036,-1.6445938793204533,-1.6550337110935776,-1.6275584458541321,-1.647831520699489,-1.5848154246976909,-0.9508537192168515,-1.7108943387890685,-1.6090755115064608,-1.6599804615304299,-1.6215973322301476,-1.57609147252517,-1.6197919337708764,-1.661103661148447,-1.646943784304215,-1.6196756456720207,-1.6240249319102067,-1.6255845118968963,-0.11066426808372769,-1.6696777921778048,-1.6100824119234416,-1.6877343536828187
35,1519069058,-1.7111642513228218,-1.5595418666620877,-1.6217727195824474,-1.6831691985675337,-1.6207673791861252,-1.6591922480145727,-1.7120795616938176,-1.5954024799300122,-1.7343672081429784,-1.6066598011356317,-1.5918924403478594,-1.661001194936963,-1.6447602832821797,-1.7127576069825858,-1.6210965926263772,-1.6663194139002482,-1.713169337407304,-1.596038714771808,-1.6744082139822671,-1.6557865922255492,-1.625981420283318,-1.6199317946171268,-0.08572961197044983,-1.6380055023099895,-1.584384749946295,-1.6161167129435012,-1.5839162070485926,-1.7102810654395915,-1.7103409367781748,-1.4471939384195778,-1.6655033087910762,-1.616122801153679,-1.7062745901322696,-1.9317361866954241,-1.6208378821572218,-1.6151931026919084,-1.6073322824964158,-1.6327832066100498,-1.5743059675000974,-1.6986839868428163,-0.5602460913902577,-1.641082648817967,-1.6637909160023505,-1.6971694865415112,-0.042223416015498456,-1.5723980027909683,-1.5955863019856242,-1.5956923789646429,-1.6610883578189817,-1.7893228996867736,-1.5950449056392342,-1.705278560576052,-1.7159785624275834,-1.6314597293773736,-1.712097335299172,-1.7041169599877997,-1.5717138240825645,-1.666234818346661,-1.6454423957757052,-1.605335822129837,-1.651114799826254,-1.5712408856440718,-1.6386691606284953,0.3312284486948996,-1.614069316739576,-1.6188530183934673,-1.6623185321833989,-1.6651168744248386,-1.6332903293561207,-1.5937996573900461,-1.609708885439812,-1.705952717750826,-1.57742949805077,-1.7061349336863212,-1.6077832040826008,-1.6063259046901817,-1.664062036838525,-1.6209102966072182,-1.5963393235141627,-1.564552584349683,-1.7130120506804243,-1.6134573150502773,-1.6178025232995148,-1.0318281395645252,-1.6061847708149817,-1.5913957545617683,-1.5936640034761562,-0.4808973082822312,-1.6223371965549158,-1.3205307976305405,-1.6610948152008738,-1.6825972604066524,-1.6562181724282443,-1.696148974435162,-1.5953524139632078,-1.6720064872804676,-1.6095211154481979,-1.612077702700848,-1.7054252535089232,-1.6241345283842954,-1.6219351108334246,-1.6817315936979351,-1.6201101903386408,-1.682433919428849,-1.6419487422319778,-1.596141305244612,-1.6631920883908458,-1.662830281240309,-1.5948809870470646,-1.6412053108332472,-1.65130201343878,-1.6249371496379714,-1.6432166300972095,-1.5823405193888138,-0.9495810055777465,-1.705929735333774,-1.606460300773663,-1.6555422105591742,-1.6180562497166087,-1.5731924734804985,-1.6174319732096505,-1.6560239532830159,-1.6432439874705613,-1.6161158225989807,-1.620692687867572,-1.6224745036218262,-0.11066426808372769,-1.6653144135812241,-1.6064469500136571,-1.6826725691880464
36,1519069064,-1.7111642513228218,-1.5595418666620877,-1.6217727195824474,-1.6831691985675337,-1.6195858077656367,-1.6577599709709867,-1.7120795616938176,-1.5954024799300122,-1.7336785939733517,-1.6066598011356317,-1.5918924403478594,-1.661001194936963,-1.6420569266005707,-1.7127576069825858,-1.6206017434678066,-1.6663194139002482,-1.7124956383685814,-1.596038714771808,-1.6738537851556403,-1.6557865922255492,-1.625981420283318,-1.6199317946171268,-0.08572961197044983,-1.6367275986716376,-1.584384749946295,-1.6161167129435012,-1.5839162070485926,-1.7102810654395915,-1.7103409367781748,-1.4471939384195778,-1.6655033087910762,-1.616122801153679,-1.7062745901322696,-0.4872611357320539,-1.6208378821572218,-1.6151931026919084,-1.6073322824964158,-1.6327832066100498,-1.5743059675000974,-1.6986839868428163,-0.5602460913902577,-1.641082648817967,-1.6637909160023505,-1.6971694865415112,-0.042223416015498456,-1.5723980027909683,-1.5955863019856242,-1.5950961216800157,-1.6598266327125744,-1.7865136611113992,-1.5950449056392342,-1.705278560576052,-1.7159785624275834,-1.6314597293773736,-1.712097335299172,-1.7041169599877997,-1.5717138240825645,-1.666234818346661,-1.6454423957757052,-1.605335822129837,-1.651114799826254,-1.5712408856440718,-1.637394238309623,0.6294127064658149,-1.6128953143693476,-1.6183435985480878,-1.6623185321833989,-1.6651168744248386,-1.6332903293561207,-1.5937996573900461,-1.609708885439812,-1.705952717750826,-1.5764284465685179,-1.7061349336863212,-1.6077832040826008,-1.6063259046901817,-1.664062036838525,-1.6209102966072182,-1.5963393235141627,-1.56339359470335,-1.7130120506804243,-1.6134573150502773,-1.6178025232995148,-1.0318281395645252,-1.6056621285326647,-1.5913957545617683,-1.5936640034761562,-0.4808973082822312,-1.6223371965549158,-1.3205307976305405,-1.6610948152008738,-1.6825972604066524,-1.6549501579335386,-1.696148974435162,-1.5953524139632078,-1.671280753612114,-1.6095211154481979,-1.612077702700848,-1.7054252535089232,-1.6241345283842954,-1.6219351108334246,-1.6817315936979351,-1.6201101903386408,-1.6818721661374365,-1.6413847908569719,-1.596141305244612,-1.6631920883908458,-1.662830281240309,-1.593730153287969,-1.6406405494187128,-1.65130201343878,-1.6249371496379714,-1.642703864474734,-1.5823405193888138,-0.9495810055777465,-1.705929735333774,-1.606460300773663,-1.6555422105591742,-1.6180562497166087,-1.5731924734804985,-1.6174319732096505,-1.6560239532830159,-1.6432439874705613,-1.6161158225989807,-1.620692687867572,-1.6224745036218262,-0.11066426808372769,-1.6653144135812241,-1.6064469500136571,-1.6826725691880464
37,1519069069,-1.7069798922546242,-1.5577996560042326,-1.6202876128310137,-1.6803591295518276,-1.618404236345148,-1.655611555405608,-1.7085902905376849,-1.5942506915385437,-1.7309241372948454,-1.6048415509977472,-1.5877639218881532,-1.6594337927916891,-1.6394726833359674,-1.7092687449032133,-1.6191171959920945,-1.663138275591476,-1.7098008422136906,-1.593052758116783,-1.6716360698491335,-1.6538812034214492,-1.624408167978458,-1.6184494233691056,-0.08572961197044983,-1.6341717913949343,-1.5828989397801403,-1.6155157617387712,-1.5824297195205035,-1.7081952960928366,-1.7075527710472715,-1.4457062563616334,-1.663009770244037,-1.6137694654114487,-1.7040659332692902,-0.26503420481461226,-1.6192413257007094,-1.613158504741427,-1.6061181209175297,-1.6307756467949215,-1.572836608951484,-1.6956963709696538,-0.5602460913902577,-1.6398836096594858,-1.6607858593844984,-1.6956741790150296,-0.042223416015498456,-1.570659675219649,-1.5943928152558358,-1.5939036071107615,-1.6579340450529634,-1.7837008144720956,-1.593850089262191,-1.7030791721145009,-1.7132085046401828,-1.6294565178962221,-1.7100061805342417,-1.7019107415383041,-1.5702083641070586,-1.6645785148226582,-1.6428746040035236,-1.6042884137360185,-1.6492503368597495,-1.57008277675977,-1.6348443936718782,0.6259853012040802,-1.611134310814005,-1.61681533901195,-1.6585636349378237,-1.6632442162042067,-1.6312814818685262,-1.5926503913304777,-1.6081601242901986,-1.7029829663106284,-1.575427395086266,-1.7033756686436707,-1.605969468565523,-1.6037101274143775,-1.6624096107311293,-1.6193136159575394,-1.5949099468831642,-1.5622346050570168,-1.7102271682843253,-1.6110919533119568,-1.6160006264147266,-1.0316825131722702,-1.6046168439680302,-1.5902147209355195,-1.592513255688384,-0.4808914897134598,-1.6207445619565601,-1.3205307976305405,-1.6588466727155613,-1.6797855745901418,-1.6530481361914797,-1.6939075985092158,-1.5939262755962071,-1.6691035526070528,-1.6064255858526735,-1.6100396777922503,-1.703225722703055,-1.622887164202489,-1.6203365859234642,-1.6789218429026527,-1.6186266170373367,-1.679625152971787,-1.6391289853569477,-1.5947126240188518,-1.6613206473648305,-1.6598295643270393,-1.5925793195288735,-1.6383815037605753,-1.649436164611381,-1.623888631151507,-1.6406528019848319,-1.5813505572652629,-0.9487855595533059,-1.7031716223030549,-1.6054142164805438,-1.6523720312939916,-1.6168758888787624,-1.5714530740536958,-1.6150720126484246,-1.6534840993503004,-1.6413940890537346,-1.6145901841391066,-1.6190265658462548,-1.6212305003117982,-0.11066426808372769,-1.6628210543831783,-1.6052351293770621,-1.6804228871903697
38,1519069075,-1.7041903195424923,-1.5566381822323292,-1.6183074704957692,-1.6775490605361218,-1.6172226649246595,-1.6534631398402293,-1.7057988736127785,-1.5919471147556068,-1.7281696806163391,-1.6036293842391576,-1.5859945568339933,-1.6573439232646572,-1.637631604216596,-1.7064776552397152,-1.6176326485163826,-1.6605933649444584,-1.7071060460588,-1.591858375454773,-1.668863925716,-1.6519758146173489,-1.6233593331085516,-1.6159788046224035,-0.08572961197044983,-1.6316159841182307,-1.5819083996693704,-1.6143138593293107,-1.581438727835111,-1.7061095267460815,-1.704764605316368,-1.444218574303689,-1.6611396163337575,-1.610827795733661,-1.7018572764063107,-0.5983746011907747,-1.6176447692441973,-1.6116325562785658,-1.6036897977597577,-1.6287680869797931,-1.5713672504028708,-1.692708755096491,-0.5602460913902577,-1.638085050921764,-1.6585320669211092,-1.6926835639620663,-0.042223416015498456,-1.570080232695876,-1.5937960718909416,-1.5933073498261343,-1.654779732286945,-1.780934872663873,-1.5932526810736694,-1.7003299365375617,-1.7111309612996324,-1.6267855692546869,-1.7072179741810014,-1.6997045230888086,-1.569204724123388,-1.6623701101239876,-1.640306812231342,-1.6032410053422,-1.6467643862377432,-1.5689246678754685,-1.6335694713530058,0.6122756801571416,-1.6093733072586625,-1.615287079475812,-1.6563106965904786,-1.6613715579835748,-1.6292726343809316,-1.5897772261815566,-1.6055788557075097,-1.7007556527304801,-1.5744263436040142,-1.7011682566095505,-1.6047603115541378,-1.6026638165040556,-1.6602063759212684,-1.6177169353078606,-1.5927658819366666,-1.5610756154106837,-1.7074422858882263,-1.6099092724427964,-1.614799361824868,-1.0315368867800152,-1.603571559403396,-1.586671620056773,-1.5907871340067257,-0.48088276186030277,-1.6191519273582047,-1.3205307976305405,-1.6565985302302486,-1.6775362259369333,-1.6505121072020679,-1.6924133478919186,-1.5917870680457062,-1.6669263516019919,-1.604361899455657,-1.608511159110802,-1.7004763091957198,-1.6203924358388764,-1.6182052193768504,-1.6761120921073702,-1.6171430437360326,-1.676816386514725,-1.6374371312319296,-1.5925696021802116,-1.6594492063388155,-1.657579026642087,-1.591428485769778,-1.636122458102438,-1.6463264165657163,-1.622840112665043,-1.63860173949493,-1.5803605951417121,-0.9481492027337535,-1.7004135092723356,-1.6043681321874248,-1.649201852028809,-1.6151053476219928,-1.5702934744358272,-1.6133020422275053,-1.6515792089007637,-1.6390817160327011,-1.6130645456792323,-1.6168050698178318,-1.618742493691742,-0.11066426808372769,-1.6597043553856208,-1.6034173984221698,-1.6781732051926932
39,1519069081,-1.7014007468303607,-1.5560574453463774,-1.6168223637443355,-1.675301005323557,-1.6154503077939266,-1.6513147242748505,-1.7023096024566458,-1.5907953263641386,-1.7254152239378329,-1.6005989673426837,-1.5848149801312201,-1.6557765211193833,-1.6349463734897487,-1.7036865655762172,-1.6156532518820996,-1.6586846819591952,-1.704411249903909,-1.591261184123768,-1.6666462104094932,-1.6494352962118821,-1.6223104982386451,-1.6140023096250418,-0.08572961197044983,-1.630338080479879,-1.5809178595586004,-1.6131119569198504,-1.5804477361497182,-1.7040237573993267,-1.701279398152739,-1.4432267862650594,-1.6580226931499582,-1.6090627939269884,-1.6996486195433314,-0.26503420481461226,-1.615516027302181,-1.6101066078157047,-1.6024756361808719,-1.6254221539545792,-1.5703876780371286,-1.6912149471599096,-0.5602460913902577,-1.6362864921840419,-1.65627827445772,-1.691188256435585,-0.042223416015498456,-1.56892134764833,-1.5920058417962588,-1.5903260634029988,-1.652887144627334,-1.7781169747350682,-1.590265640131061,-1.6975807009606225,-1.709053417959082,-1.6241146206131514,-1.7051268194160711,-1.697498304639313,-1.5682010841397174,-1.6607138065999847,-1.6382525788135969,-1.6011461885545628,-1.6436569479602354,-1.567187504549016,-1.6316570878746972,0.619130490680611,-1.6076123037033196,-1.6137588199396742,-1.6540577582431333,-1.6594988997629427,-1.627263786893337,-1.5874786940624195,-1.6040300945578965,-1.6992707770103812,-1.5734252921217622,-1.6984089915669003,-1.60294657603706,-1.601617505593734,-1.6585539498138726,-1.6150558008917293,-1.5891924403591704,-1.5604961205875172,-1.705353624091152,-1.608726591573636,-1.6141987295299385,-1.0313912603877602,-1.6014809902741274,-1.5854905864305242,-1.5890610123250675,-0.48087694329153136,-1.617028414560397,-1.3205307976305405,-1.6536010069164986,-1.6747245401204227,-1.647976078212656,-1.690919097274621,-1.5889347913117051,-1.6647491505969307,-1.6028141346578948,-1.6069826404293537,-1.6977268956883844,-1.618521389566167,-1.61660669446689,-1.6738642914711441,-1.6151649460009603,-1.674007620057663,-1.6357452771069114,-1.5911409209544514,-1.6575777653128003,-1.6545783097288171,-1.589126818251587,-1.6344281738588349,-1.6438386181291846,-1.6217915941785785,-1.636550677005028,-1.5788756519563858,-0.947512845914201,-1.6976553962416165,-1.6027990057477461,-1.6472997444696995,-1.6139249867841465,-1.5691338748179586,-1.6121220619468923,-1.6484043914848692,-1.6372318176158742,-1.611538907219358,-1.6151389477965146,-1.6168764887267,-0.11066426808372769,-1.6572109961875747,-1.6015996674672777,-1.6753611026955972
40,1519069086,-1.6958216014060972,-1.5531537609166188,-1.6128620790738462,-1.6708048948984275,-1.6130871649529497,-1.6470178931440929,-1.6967267686068335,-1.5867640669939989,-1.7192176964111938,-1.5975685504462096,-1.581866038374287,-1.6521192494470776,-1.6322637321850102,-1.6981043862492209,-1.6126841569306756,-1.6548673159886687,-1.6990216575941275,-1.5882752274687433,-1.6616563509698528,-1.6430840001982148,-1.620212828498832,-1.6105434433796588,-0.08572961197044983,-1.6271433213839996,-1.5784415092816757,-1.6107081521009297,-1.5779702569362366,-1.6998522187058165,-1.6957030666909323,-1.4402514221491707,-1.6542823853293993,-1.6055327903136432,-1.6941269773858831,0.012749458832189704,-1.6117907289036524,-1.6070547108899826,-1.5994402322336567,-1.6214070343243228,-1.567448960939902,-1.685986619381875,-0.5567771649665584,-1.6326893747085982,-1.6517706895309419,-1.6874499876193807,-0.042223416015498456,-1.5660241350294648,-1.5884253816068936,-1.5885372915491174,-1.6484711067549085,-1.775291139065619,-1.5878760073769747,-1.6926320769221321,-1.7048983312779808,-1.6187727233300808,-1.7009445098862104,-1.6925343131279482,-1.5656919841805408,-1.6574011995519786,-1.6341441119781064,-1.599051371766926,-1.6393065343717246,-1.5654503412225635,-1.6284697820775165,0.6157030854188763,-1.6040902965926345,-1.6107023008673986,-1.649551881548443,-1.653880925101047,-1.6225764760889496,-1.5846055289134984,-1.6004163185421318,-1.6955585877101342,-1.5714231891572583,-1.6939941674986596,-1.598714526497212,-1.5990017283179299,-1.655249097599081,-1.6118624395923715,-1.5863336870971736,-1.5581781412948512,-1.7004800798979787,-1.6057698894007353,-1.611796200350221,-1.03110000760325,-1.5993904211448586,-1.5819474855517777,-1.5856087689617508,-0.4808623968696029,-1.613312267164234,-1.3205307976305405,-1.6491047219458737,-1.6696635056507036,-1.6441720347285385,-1.6871834707313773,-1.5832302378437026,-1.6589432812501013,-1.5997186050623702,-1.6039256030664568,-1.692777951375181,-1.615402979111651,-1.6134096446469692,-1.6693686901986922,-1.611703274964584,-1.6695135937263639,-1.6323615688568751,-1.5868548772771711,-1.6525872559100934,-1.6500772343589125,-1.5868251507333957,-1.631039605371629,-1.639484970865254,-1.6191702979624178,-1.6324485520252239,-1.5768957277092839,-0.9462401322750961,-1.6932424153924657,-1.5996607528683888,-1.6434955293514804,-1.6103839042706076,-1.5662348757732873,-1.6097621013856664,-1.643959647102617,-1.6335320207822208,-1.607979084146318,-1.6118067037538801,-1.6143884821066439,-0.11066426808372769,-1.6534709573905058,-1.5973582952391956,-1.6691744772019868
41,1519069092,-1.6930320286939653,-1.5519922871447154,-1.6103869011547902,-1.6679948258827215,-1.611905593532461,-1.6448694775787143,-1.6932374974507007,-1.5844604902110622,-1.7164632397326876,-1.59635638368762,-1.5800966733201274,-1.6505518473018037,-1.6297131514078216,-1.695313296585723,-1.6107047602963929,-1.652322405341651,-1.6963268614392368,-1.5870808448067333,-1.659438635663346,-1.6411786113941147,-1.618115158759019,-1.6090610721316376,-0.08572961197044983,-1.6258654177456477,-1.5774509691709058,-1.6089052984867391,-1.576979265250844,-1.6970711929101432,-1.6922178595273032,-1.4397555281298557,-1.6524122314191199,-1.6037677885069705,-1.6919183205229038,0.1238629242909105,-1.61019417244714,-1.6055287624271215,-1.5976189898653277,-1.6187302879041516,-1.5664693885741598,-1.6844928114452937,-0.5567771649665584,-1.631490335550117,-1.6495168970675527,-1.6844593725664176,-0.042223416015498456,-1.5648652499819187,-1.586635151512211,-1.587344776979863,-1.6472093816485012,-1.7724819004902446,-1.587278599188453,-1.690432688460581,-1.7028207879374304,-1.6167695118489294,-1.69815630353297,-1.6897765400660787,-1.5646883441968702,-1.6557448960279757,-1.6320898785603613,-1.5980039633731074,-1.6374420714052198,-1.5642922323382618,-1.627194859758644,0.6122756801571416,-1.6011552906670634,-1.6091740413312607,-1.6472989432010978,-1.652008266880415,-1.6192283969429588,-1.5828816298241457,-1.5988675573925186,-1.6940737119900353,-1.5699216119338806,-1.6917867554645394,-1.5962962124744418,-1.5979554174076083,-1.6535966714916852,-1.6102657589426927,-1.5834749338351766,-1.5570191516485181,-1.6983914181009045,-1.6045872085315749,-1.6093936711705035,-1.0308572969494916,-1.5983451365802244,-1.5807664519255287,-1.5833072733862066,-0.4808536690164459,-1.6111887543664265,-1.3205307976305405,-1.645357817803686,-1.6674141569974954,-1.6410019984917736,-1.6841949694967826,-1.581804099476702,-1.6567660802450401,-1.598170840264608,-1.6023970843850086,-1.6905784205693128,-1.6141556149298448,-1.6118111197370089,-1.6671208895624663,-1.609725177229512,-1.6667048272693021,-1.630669714731857,-1.5832831742127706,-1.6500920012087397,-1.6463263382173252,-1.5845234832152046,-1.6293453211280258,-1.637619122037855,-1.6175975202327215,-1.6298847239128464,-1.5759057655857331,-0.9456037754555436,-1.6904843023617466,-1.5980916264287102,-1.6415934217923709,-1.6092035434327612,-1.565655075964353,-1.607992130964747,-1.6420547566530803,-1.631682122365394,-1.6064534456864437,-1.610140581732563,-1.612522477141602,-0.11066426808372769,-1.6509775981924597,-1.5961464746026006,-1.66692479520431
42,1519069098,-1.6888476696257677,-1.550830813372812,-1.6089017944033566,-1.665746770670157,-1.609542450691484,-1.6405726464479566,-1.689748226294568,-1.5827328076238594,-1.7130201688845548,-1.5945381335497355,-1.5777375199145809,-1.648461977774772,-1.6271573917864155,-1.6897311172587266,-1.6087253636621102,-1.6504137223563877,-1.6922846672069005,-1.5852892708137183,-1.6566664915302125,-1.6392732225900146,-1.616541906454159,-1.6075787008836162,-0.08572961197044983,-1.6239485622881202,-1.575469888949366,-1.6077033960772789,-1.5759882735654513,-1.6935949106655515,-1.6894296937963997,-1.4387637400912263,-1.6492953082353206,-1.6020027867002977,-1.6897096636599245,-0.32059093754397266,-1.6080654305051238,-1.60349416447664,-1.5951906667075557,-1.6167227280890233,-1.5654898162084177,-1.681505195572131,-0.5602460913902577,-1.6290922572331543,-1.6435067838318482,-1.682216411276695,-0.042223416015498456,-1.5642858074581456,-1.5854416647824225,-1.5855560051259816,-1.6440550688824829,-1.7696589512719387,-1.5860837828114098,-1.6876834528836417,-1.6993582157031797,-1.6147663003677777,-1.6960651487680396,-1.6875703216165832,-1.5631828842213642,-1.6540885925039728,-1.630035645142616,-1.5969565549792888,-1.634334633127712,-1.5631341234539602,-1.6246450151208993,0.47517946968775526,-1.5993942871117208,-1.6071363619497434,-1.6427930665064074,-1.6501356086597831,-1.6172195494553643,-1.5817323637645773,-1.5973187962429052,-1.6896190848297388,-1.5684200347105026,-1.6890274904218892,-1.5950870554630565,-1.5963859510421257,-1.6513934366818241,-1.608669078293014,-1.581330868888679,-1.5552806671790187,-1.6956065357048056,-1.6022218467932543,-1.6075917742857153,-1.0306631284264849,-1.5967772097332729,-1.57958541829928,-1.5821565255984342,-0.48084785044767453,-1.6095961197680708,-1.3205307976305405,-1.6431096753183734,-1.665164808344287,-1.6390999767497147,-1.6804593429535388,-1.5803779611097013,-1.6538631455716255,-1.5961071538675917,-1.6003590594764108,-1.6883788897634446,-1.6129082507480386,-1.609679753190395,-1.6643111387671838,-1.608241603928208,-1.6644578141036526,-1.6284139092318328,-1.5811401523741304,-1.6482205601827247,-1.642575442075738,-1.5827972325765614,-1.6276510368844228,-1.6357532732104563,-1.6165490017462572,-1.6278336614229445,-1.5749158034621822,-0.944808329431103,-1.6882778119371713,-1.597045542135591,-1.6390572783802249,-1.6074330021759917,-1.5633358767286158,-1.6062221605438274,-1.6401498662035436,-1.6293697493443604,-1.604419261073278,-1.607363711697034,-1.610034470521546,-0.11066426808372769,-1.6491075787939253,-1.593722833329411,-1.6646751132066335
43,1519069103,-1.6860580969136358,-1.5496693396009085,-1.6069216520681118,-1.6618126740481687,-1.607770093560751,-1.6384242308825778,-1.6869568093696616,-1.5804292308409225,-1.7102657122060485,-1.5921138000325563,-1.5765579432118078,-1.6468945756294981,-1.6245576119891592,-1.686242255179354,-1.607240816186398,-1.6465963563858612,-1.6895898710520099,-1.5834976968207033,-1.6538943473970789,-1.6373678337859143,-1.6144442367143461,-1.606096329635595,-0.08572961197044983,-1.6213927550114167,-1.574479348838596,-1.605299591258358,-1.5749972818800588,-1.6908138848698782,-1.6866415280654965,-1.4377719520525967,-1.647425154325041,-1.5996494509580677,-1.6869488425812003,0.4016465879377125,-1.6064688740486115,-1.601968216013779,-1.5939765051286698,-1.614715168273895,-1.5645102438426755,-1.6800113876355498,-0.5602460913902577,-1.627893218074673,-1.6397504630595332,-1.6807211037502134,-0.042223416015498456,-1.5631269224105995,-1.5848449214175282,-1.5849597478413546,-1.6415316186696682,-1.766851155922136,-1.5848889664343664,-1.6854840644220903,-1.6972806723626293,-1.6127630888866262,-1.6939739940031093,-1.6853641031670876,-1.5621792442376936,-1.6518801878053022,-1.6274678533704343,-1.5959091465854702,-1.6324701701612074,-1.5625550690118093,-1.623370092802027,0.6294127064658149,-1.5976332835563782,-1.6056081024136055,-1.6405401281590621,-1.6476387310322738,-1.6152107019677695,-1.5805830977050088,-1.5957700350932917,-1.68813420910964,-1.5674189832282508,-1.686820078387769,-1.5932733199459788,-1.594816484676643,-1.649190201871963,-1.6065401707601088,-1.5799014922576804,-1.5541216775326856,-1.6935178739077312,-1.601039165924094,-1.6051892451059977,-1.0305175020342299,-1.5957319251686386,-1.5778138678599067,-1.581005777810662,-0.4808420318789031,-1.6080034851697151,-1.3205307976305405,-1.640861532833061,-1.6623531225277763,-1.637197955007656,-1.6782179670275927,-1.5782387535592004,-1.6516859445665644,-1.5945593890698293,-1.5988305407949623,-1.6856294762561093,-1.610413522384426,-1.6080812282804346,-1.6620633381309577,-1.6067580306269038,-1.662210800938003,-1.6267220551068147,-1.5797114711483702,-1.6463491191567095,-1.6403249043907857,-1.5810709819379178,-1.6253919912262853,-1.6326435251647915,-1.6144519647733286,-1.6257825989330423,-1.5739258413386312,-0.9438537942017743,-1.686071321512596,-1.5959994578424719,-1.6371551708211152,-1.6050722805002993,-1.5627560769196815,-1.604452190122908,-1.6376100122708281,-1.627057376323327,-1.6023850764601124,-1.605142215668611,-1.6075464639014898,-0.11066426808372769,-1.6472375593953907,-1.5919051023745185,-1.6624254312089568
44,1519069109,-1.6832685242015042,-1.5479271289430534,-1.6054365453166783,-1.6590026050324627,-1.6059977364300182,-1.636275815317199,-1.6841653924447555,-1.5792774424494542,-1.7075112555275422,-1.5896894665153771,-1.5753783665090346,-1.6453271734842243,-1.6219863158351002,-1.683451165515856,-1.6057562687106859,-1.6440514457388435,-1.686895074897119,-1.5829005054896983,-1.651676632090572,-1.6354624449818143,-1.6128709844094862,-1.6041198346382335,-0.08572961197044983,-1.620114851373065,-1.573488808727826,-1.604698640053628,-1.574006290194666,-1.6887281155231233,-1.6831563209018672,-1.4372760580332817,-1.6449316157780018,-1.597884449151395,-1.684740185718221,0.1238629242909105,-1.6048723175920994,-1.5994249685756772,-1.5915481819708979,-1.6120384218537238,-1.5635306714769333,-1.677023771762387,-0.5602460913902577,-1.6260946593369512,-1.637496670596144,-1.6777304886972504,-0.042223416015498456,-1.5619680373630533,-1.5836514346877397,-1.5837672332721002,-1.6396390310100573,-1.764024598639901,-1.5830967418688016,-1.6827348288451514,-1.6952031290220786,-1.610092140245091,-1.691185787649869,-1.683157884717592,-1.5606737842621876,-1.6496717831066317,-1.6254136199526892,-1.5943380339947424,-1.6299842195392011,-1.5602388512432062,-1.6214577093237186,0.5505823854459178,-1.5958722800010356,-1.6035704230320884,-1.638287189811717,-1.645766072811642,-1.613201854480175,-1.578284565585872,-1.5937050202271408,-1.6859068955294918,-1.5664179317459987,-1.6840608133451185,-1.5920641629345935,-1.5937701737663215,-1.6475377757645673,-1.6044112632272038,-1.5770427389956836,-1.553542182709519,-1.6907329915116323,-1.5998564850549337,-1.603987980516139,-1.0303718756419749,-1.5946866406040041,-1.575451800607409,-1.5792796561290037,-0.48083621331013177,-1.6064108505713595,-1.3205307976305405,-1.6378640095193109,-1.6601037738745679,-1.6352959332655972,-1.6759765911016467,-1.5753864768251993,-1.6495087435615032,-1.593011624272067,-1.5973020221135141,-1.682880062748774,-1.6079187940208133,-1.6059498617338208,-1.6598155374947319,-1.6052744573255995,-1.6599637877723534,-1.6250302009817965,-1.5782827899226102,-1.6444776781306942,-1.6380743667058333,-1.5799201481788223,-1.6236977069826823,-1.6301557267282598,-1.6134034462868643,-1.6237315364431404,-1.5724408981533051,-0.9430583481773337,-1.6838648310880207,-1.5949533735493526,-1.6352530632620057,-1.6038919196624528,-1.561596477301813,-1.6020922295616822,-1.6357051218212915,-1.6247450033022934,-1.600859438000238,-1.6023653456330824,-1.6063024605914618,-0.11066426808372769,-1.6453675399968564,-1.5906932817379238,-1.6601757492112803
45,1519069114,-1.6804789514893723,-1.5456041813992465,-1.6039514385652447,-1.656754549819898,-1.6042253792992853,-1.6341273997518204,-1.6813739755198494,-1.5781256540579858,-1.7040681846794092,-1.5884772997567875,-1.5736090014548747,-1.6437597713389505,-1.6198914733490641,-1.680660075852358,-1.6037768720764032,-1.6421427627535803,-1.6842002787422283,-1.5817061228276883,-1.6494589167840652,-1.6329219265763473,-1.6118221495395797,-1.602637463390212,-0.08572961197044983,-1.6188369477347133,-1.5715077285062862,-1.6034967376441676,-1.5730152985092734,-1.6866423461763682,-1.680368155170964,-1.4362842699946523,-1.6430614618677224,-1.5961194473447224,-1.681427200423752,0.2349763897496313,-1.602743575650083,-1.597899020112816,-1.5897269396025688,-1.6100308620385955,-1.562551099111191,-1.6755299638258057,-0.5602460913902577,-1.62489562017847,-1.6352428781327548,-1.6762351811707688,-0.042223416015498456,-1.5613885948392803,-1.5824579479579515,-1.582574718702846,-1.6377464433504463,-1.7612572136061069,-1.58249933368028,-1.6805354403836,-1.692433071234678,-1.6080889287639395,-1.6890946328849388,-1.6809516662680966,-1.5586665042948464,-1.6480154795826287,-1.6233593865349438,-1.5932906256009238,-1.6281197565726964,-1.5596597968010553,-1.6201827870048462,0.6328401117275496,-1.594111276445693,-1.6020421634959505,-1.636034251464372,-1.642020756370378,-1.6105233911633823,-1.5771352995263035,-1.5921562590775273,-1.6836795819493435,-1.565416880263747,-1.6818534013109983,-1.5896458489118233,-1.5927238628559999,-1.6458853496571715,-1.602814582577525,-1.5748986740491857,-1.552383193063186,-1.688644329714558,-1.5968997828820328,-1.6027867159262803,-1.0299349964652098,-1.5936413560393698,-1.5742707669811602,-1.5781289083412315,-0.4808274854569747,-1.604287337773552,-1.3205307976305405,-1.6356158670339984,-1.6578544252213594,-1.6333939115235383,-1.6744823404843492,-1.5739603384581986,-1.645880075219735,-1.591463859474305,-1.594754490977767,-1.680680531942906,-1.6060477477481039,-1.603818495187207,-1.657567736858506,-1.6037908840242954,-1.6577167746067039,-1.6233383468567784,-1.5754254274710897,-1.6426062371046792,-1.6358238290208809,-1.578193897540179,-1.6220034227390794,-1.628289877900861,-1.6123549278004001,-1.6216804739532384,-1.5714509360297542,-0.9422629021528931,-1.6816583406634453,-1.5939072892562336,-1.6333509557028962,-1.6015311979867601,-1.559277278066076,-1.6003222591407626,-1.6338002313717548,-1.6201202572602265,-1.5988252533870724,-1.5990331015904478,-1.6044364556264197,-0.11066426808372769,-1.6434975205983218,-1.588269640464734,-1.6573636467141846
46,1519069120,-1.6776893787772407,-1.5450234445132949,-1.6024663318138113,-1.653944480804192,-1.6024530221685527,-1.6319789841864416,-1.678582558594943,-1.5769738656665173,-1.701313728000903,-1.586659049618903,-1.5724294247521016,-1.6416699018119185,-1.6174237540793577,-1.6778689861888598,-1.602292324600691,-1.6389616244448082,-1.6815054825873375,-1.5805117401656783,-1.6472412014775584,-1.6310165377722472,-1.6107733146696732,-1.6006609683928505,-0.08572961197044983,-1.6169200922771856,-1.5705171883955162,-1.601693884029977,-1.5715288109811845,-1.683861320380695,-1.6775799894400605,-1.434796587936708,-1.641191307957443,-1.5943544455380496,-1.6786663793450278,0.2349763897496313,-1.6011470191935706,-1.5963730716499551,-1.5872986164447969,-1.6066849290133816,-1.5610817405625779,-1.6740361558892245,-0.5602460913902577,-1.6224975418615073,-1.6329890856693656,-1.6732445661178055,-0.042223416015498456,-1.5590708247441882,-1.5806677178632687,-1.5819784614182189,-1.6358538556908353,-1.758445088579589,-1.5813045173032367,-1.6783360519220487,-1.6903555278941276,-1.6054179801224042,-1.6863064265316983,-1.678745447818601,-1.5576628643111756,-1.645807074883958,-1.6213051531171987,-1.5922432172071055,-1.6262552936061918,-1.5585016879167535,-1.6182704035265376,0.6259853012040802,-1.5923502728903505,-1.6000044841144334,-1.6337813131170267,-1.640148098149746,-1.6078449278465894,-1.5754114004369506,-1.5900912442113762,-1.6821947062292446,-1.5644158287814949,-1.679645989276878,-1.5884366919004382,-1.591677551945678,-1.6442329235497757,-1.6012179019278463,-1.572039920787189,-1.5512242034168529,-1.6865556679174838,-1.5945344211437122,-1.6021860836313508,-1.029740827942203,-1.5925960714747356,-1.5724992165417868,-1.575252038871801,-0.4808216668882033,-1.6026947031751964,-1.3205307976305405,-1.6333677245486857,-1.6550427394048488,-1.6308578825341264,-1.6714938392497543,-1.5718211309076977,-1.6437028742146738,-1.5899160946765425,-1.592716466069169,-1.6779311184355705,-1.6041767014753945,-1.6016871286405931,-1.65531993622228,-1.6013182618554553,-1.654908008149642,-1.6216464927317604,-1.5725680650195695,-1.640734796078664,-1.6335732913359287,-1.5770430637810835,-1.6203091384954762,-1.6258020794643293,-1.6107821500707036,-1.6196294114633365,-1.5704609739062032,-0.9416265453333407,-1.6794518502388698,-1.592338162816555,-1.6314488481437865,-1.5991704763110677,-1.5581176784482074,-1.5991422788601497,-1.6306254139558605,-1.6182703588433998,-1.5967910687739066,-1.5973669795691305,-1.6031924523163916,-0.11066426808372769,-1.6416275011997874,-1.587057819828139,-1.6551139647165078
47,1519069126,-1.6714128401749442,-1.5421197600835361,-1.5994961183109442,-1.6494483703790626,-1.598908307907087,-1.6269660145338911,-1.672301870513904,-1.574094394687846,-1.695116200474264,-1.5842347161017238,-1.5677111179410086,-1.6385350975213708,-1.6149715713423043,-1.6715890344459892,-1.5988283804906962,-1.6351442584742817,-1.6754421912388333,-1.5775257835106533,-1.6416969132112913,-1.6272057601640468,-1.6081512274949068,-1.597696225896808,-0.08572961197044983,-1.6130863813621303,-1.5680408381185915,-1.5986891280063262,-1.5685558359250067,-1.679689781687185,-1.6720036579782538,-1.4333089058787636,-1.6362042308633642,-1.5896477740535893,-1.6742490656190692,-0.8761582648375766,-1.597421720795042,-1.5928125252366125,-1.5848702932870247,-1.6026698093831249,-1.5591225958310935,-1.6688078281111898,-0.5602460913902577,-1.6200994635445447,-1.6277302365881243,-1.6702539510648422,-0.042223416015498456,-1.5555941696015498,-1.578280744403692,-1.5789971749950833,-1.630806955265206,-1.755623582586855,-1.5783174763606285,-1.673937274998946,-1.6855079267661766,-1.601411557160101,-1.6821241170018377,-1.673781456307236,-1.555153764351999,-1.642494467835952,-1.616683127927272,-1.589624696222559,-1.6225263676731825,-1.5556064157059994,-1.612533253091612,0.3312284486948996,-1.5870672622243225,-1.5964385451967784,-1.6277734775241062,-1.636402781708482,-1.6038272328714003,-1.5725382352880295,-1.5869937219121495,-1.6769976412088987,-1.5609121485936133,-1.6741274591915773,-1.5854137993719752,-1.5890617746698739,-1.640928071334984,-1.5980245406284885,-1.5684664792096927,-1.5471677396546872,-1.6816821237243105,-1.5909863785362313,-1.599182922156704,-1.0294495751576929,-1.5899828600631498,-1.5695466324761647,-1.5729505432962567,-0.4808071204662749,-1.599509433978485,-1.3205307976305405,-1.6288714395780606,-1.6505440420984319,-1.6270538390500089,-1.6677582127065107,-1.5682557849901961,-1.638622738536198,-1.58578872188251,-1.589149922479123,-1.673532056823834,-1.6010582910208786,-1.5984900788206724,-1.6502623847907716,-1.5983511152528471,-1.6504139818183428,-1.616570930356706,-1.5697107025680492,-1.635744286675957,-1.6283220367377065,-1.5735905625037967,-1.6163558085937357,-1.6220703818095317,-1.6081608538545429,-1.6145017552385814,-1.5679860685973261,-0.9401947424893475,-1.6744872467835754,-1.589722952083757,-1.6263765613194945,-1.596809754635375,-1.5552186794035359,-1.5956023380183109,-1.6268156330567871,-1.6145705620097461,-1.593739791854158,-1.594034735526496,-1.6000824440413215,-0.11066426808372769,-1.6366407828036953,-1.5834223579183544,-1.6506146007211546
48,1519069131,-1.6686232674628123,-1.5409582863116327,-1.5975159759756994,-1.6472003151664978,-1.5977267364865984,-1.6248175989685123,-1.669510453588998,-1.5717908179049094,-1.6923617437957577,-1.5824164659638396,-1.565941752886849,-1.636967695376097,-1.6126540385549097,-1.668797944782491,-1.5973438330149843,-1.6332355754890184,-1.6727473950839424,-1.5769285921796483,-1.6383703402515313,-1.6253003713599468,-1.6071023926250003,-1.5962138546487867,-0.08572961197044983,-1.6118084777237787,-1.5670502980078216,-1.598088176801596,-1.567564844239614,-1.6776040123404299,-1.6692154922473506,-1.432317117840134,-1.6343340769530847,-1.5878827722469167,-1.6720404087560898,0.2349763897496313,-1.5958251643385297,-1.590777927286131,-1.5830490509186959,-1.6006622495679965,-1.5581430234653513,-1.6665671162063178,-0.5567771649665584,-1.6189004243860634,-1.6254764441247354,-1.6680109897751199,-0.042223416015498456,-1.5550147270777768,-1.5776840010387976,-1.577804660425829,-1.627021779945984,-1.7528460949740585,-1.5777200681721069,-1.6717378865373949,-1.683430383425626,-1.5994083456789496,-1.6800329622369072,-1.6715752378577404,-1.5541501243683284,-1.6408381643119492,-1.6146288945095266,-1.5885772878287405,-1.6206619047066777,-1.5550273612638486,-1.6112583307727397,0.6328401117275496,-1.58530625866898,-1.5949102856606405,-1.625520539176761,-1.6345301234878502,-1.6018183853838057,-1.571388969228461,-1.585444960762536,-1.6755127654887998,-1.5599110971113612,-1.6719200471574571,-1.5836000638548975,-1.5880154637595523,-1.6392756452275885,-1.5964278599788098,-1.5670371025786942,-1.5460087500083541,-1.6788972413282115,-1.5898036976670709,-1.5979816575668453,-1.0293039487654378,-1.5889375754985153,-1.5677750820367915,-1.5717997955084846,-0.4808013018975035,-1.5979167993801295,-1.3205307976305405,-1.626623297092748,-1.6482946934452234,-1.623883802813244,-1.6662639620892132,-1.5661165774396952,-1.6364455375311369,-1.5842409570847475,-1.5876214037976746,-1.670782643316499,-1.5998109268390723,-1.596891553910712,-1.6480145841545455,-1.596867541951543,-1.6476052153612808,-1.6148790762316878,-1.567567680729409,-1.6338728456499418,-1.626071499052754,-1.5718643118651534,-1.6146615243501328,-1.618960633763867,-1.6071123353680787,-1.6124506927486795,-1.5669961064737752,-0.9395583856697951,-1.672280756359,-1.588676867790638,-1.624474453760385,-1.5956293937975286,-1.5540590797856673,-1.5938323675973916,-1.6249107426072504,-1.6127206635929194,-1.5922141533942837,-1.5923686135051787,-1.5988384407312937,-0.11066426808372769,-1.634770763405161,-1.5822105372817596,-1.6483649187234781
49,1519069137,-1.6651363015726477,-1.5397968125397292,-1.596030869224266,-1.6443902461507918,-1.5965451650661098,-1.6226691834031335,-1.6667190366640916,-1.570639029513441,-1.6896072871172514,-1.58120429920525,-1.5647621761840758,-1.6354002932308231,-1.6115871966460755,-1.666006855118993,-1.5953644363807016,-1.6306906648420008,-1.6700525989290518,-1.5757342095176383,-1.6361526249450244,-1.6233949825558465,-1.6060535577550936,-1.594237359651425,-0.08572961197044983,-1.609252670447075,-1.5660597578970517,-1.5968862743921357,-1.5665738525542212,-1.6755182429936748,-1.6650332436509954,-1.4308294357821896,-1.6324639230428053,-1.584941102569129,-1.6698317518931105,-0.7650447993788558,-1.5942286078820176,-1.58925197882327,-1.5806207277609237,-1.5979855031478254,-1.5566736649167379,-1.6650733082697364,-0.5567771649665584,-1.6171018656483416,-1.6232226516613462,-1.6650203747221566,-0.042223416015498456,-1.5538558420302309,-1.5764905143090093,-1.5754196312873203,-1.625129192286373,-1.7501515928316367,-1.575927843606542,-1.6695384980758434,-1.6813528400850755,-1.5974051341977982,-1.677244755883667,-1.669369019408245,-1.5531464843846579,-1.6386297596132786,-1.612061102737345,-1.5870061752380127,-1.6187974417401731,-1.553290197937396,-1.6093459472944311,0.6122756801571416,-1.5835452551136373,-1.5933820261245026,-1.6225166213803008,-1.632657465267218,-1.5998095378962112,-1.5690904371093242,-1.5828636921798473,-1.674027889768701,-1.5589100456291094,-1.669712635123337,-1.5823909068435122,-1.5869691528492305,-1.6370724104177274,-1.594831179329131,-1.5641783493166974,-1.5448497603620213,-1.6768085795311372,-1.5886210167979107,-1.5967803929769864,-1.0291583223731828,-1.5868470063692468,-1.5648224979711693,-1.5700736738268262,-0.48078966475996077,-1.5963241647817739,-1.3205307976305405,-1.6228763929505605,-1.646045344792015,-1.6213477738238322,-1.6640225861632671,-1.5646904390726946,-1.6342683365260757,-1.5826931922869854,-1.5860928851162264,-1.6685831125106307,-1.5973161984754598,-1.5947601873640982,-1.645204833359263,-1.595383968650239,-1.6447964489042188,-1.6131872221066696,-1.5661389995036488,-1.6320014046239266,-1.6238209613678019,-1.5695626443469624,-1.6124024786919953,-1.617094784936468,-1.6060638168816144,-1.6103996302587775,-1.5655111632884489,-0.9389220288502426,-1.6695226433282808,-1.5876307834975187,-1.621938310348239,-1.593858852540759,-1.553479279976733,-1.5926523873167786,-1.6230058521577138,-1.6099458159676792,-1.5906885149344094,-1.5890363694625442,-1.5963504341112376,-0.11066426808372769,-1.6316540644076034,-1.5803928063268673,-1.6461152367258014
50,1519069143,-1.6623467288605158,-1.5380546018818742,-1.5945457624728323,-1.6421421909382272,-1.5941820222251326,-1.620520767837755,-1.6639276197391855,-1.5694872411219725,-1.6868528304387451,-1.5787799656880708,-1.5629928111299158,-1.6338328910855493,-1.6090754572005193,-1.6632157654554949,-1.5938798889049894,-1.6287819818567375,-1.667357802774161,-1.5745398268556283,-1.6339349096385176,-1.620219334549013,-1.6050047228851871,-1.5922608646540632,-0.08572961197044983,-1.6073358149895476,-1.5645739477308969,-1.5962853231874055,-1.5655828608688287,-1.6727372171980015,-1.6615480364873663,-1.42983764774356,-1.6293469998590062,-1.5831761007624563,-1.6670709308143863,-0.4872611357320539,-1.5926320514255052,-1.5877260303604088,-1.5794065661820378,-1.595977943332697,-1.5556940925509957,-1.6628325963648645,-0.5567771649665584,-1.6159028264898603,-1.620968859197957,-1.6627774134324342,-0.042223416015498456,-1.5526969569826847,-1.5752970275792209,-1.5742271167180661,-1.6232366046267621,-1.7473423542562623,-1.5735382108524554,-1.6662394153835165,-1.6785827822976749,-1.5947341855562627,-1.6744565495304264,-1.6671628009587494,-1.5516410244091519,-1.6369734560892757,-1.6100068693196,-1.5854350626472848,-1.6150685158071638,-1.5515530346109436,-1.6080710249755588,0.6122756801571416,-1.5817842515582947,-1.5913443467429853,-1.6202636830329558,-1.6295363682328317,-1.5971310745794185,-1.5667919049901873,-1.581314931030234,-1.6710581383285033,-1.5579089941468576,-1.6669533700806867,-1.5805771713264345,-1.5859228419389089,-1.6354199843103316,-1.5927022717962258,-1.5620342843701995,-1.5442702655388547,-1.674719917734063,-1.5868469954941702,-1.5961797606820571,-1.0290126959809278,-1.5858017218046123,-1.5630509475317962,-1.568922926039054,-0.48078384619118936,-1.5942006519839662,-1.3205307976305405,-1.619129488808373,-1.6432336589755043,-1.6194457520817735,-1.6617812102373208,-1.5618381623386934,-1.6320911355210148,-1.580629505889969,-1.5840548602076285,-1.6663835817047625,-1.5954451522027502,-1.5931616624541378,-1.6429570327230372,-1.5939003953489348,-1.6425494357385695,-1.6114953679816515,-1.5632816370521285,-1.6301299635979116,-1.6215704236828494,-1.5684118105878666,-1.6107081944483923,-1.6152289361090693,-1.6050152983951502,-1.6083485677688754,-1.5640262201031225,-0.9382856720306901,-1.6667645302975618,-1.5865846992043997,-1.6200362027891293,-1.5914981308650664,-1.551160080740996,-1.590882416895859,-1.6204659982249983,-1.6080959175508525,-1.5881457841679525,-1.587370247441227,-1.5944844291461955,-0.11066426808372769,-1.6291607052095574,-1.5791809856902725,-1.6433031342287057
51,1519069148,-1.6588597629703512,-1.536312391224019,-1.5925656201375875,-1.6398941357256624,-1.5918188793841554,-1.6176562137505832,-1.6611362028142793,-1.5671836643390356,-1.6834097595906123,-1.5769617155501863,-1.5612234460757561,-1.6317430215585174,-1.6068925743627833,-1.6597269033761224,-1.5923953414292773,-1.6268732988714742,-1.6639893075805476,-1.5727482528626133,-1.6317171943320108,-1.617678816143546,-1.6039558880152807,-1.590778493406042,-0.08572961197044983,-1.6060579113511957,-1.5630881375647419,-1.593881518368485,-1.5640963733407398,-1.6699561914023282,-1.6580628293237372,-1.4278540716663009,-1.6274768459487265,-1.5814110989557837,-1.6637579455199174,-0.5428178684614143,-1.590503309483489,-1.586200081897548,-1.5775853238137088,-1.593301196912526,-1.5537349478195113,-1.659844980491702,-0.5567771649665584,-1.6135047481728977,-1.6179638025801049,-1.6605344521427117,-0.042223416015498456,-1.5509586294113655,-1.5723133107547498,-1.573630859433439,-1.6213440169671511,-1.7445583721283933,-1.5729408026639338,-1.6640400269219653,-1.6765052389571244,-1.5920632369147274,-1.6716683431771862,-1.6644050278968798,-1.550135564433646,-1.6353171525652728,-1.6079526359018548,-1.5843876542534663,-1.613204052840659,-1.550394925726642,-1.6061586414972502,0.6054208696336724,-1.5800232480029521,-1.588797247516089,-1.6172597652364955,-1.6257910517915677,-1.5944526112626256,-1.5656426389306186,-1.5797661698806205,-1.6695732626084046,-1.5569079426646055,-1.6647459580465664,-1.5781588573036642,-1.5843533755734263,-1.6337675582029358,-1.591105591146547,-1.5598902194237019,-1.5431112758925216,-1.671935035337964,-1.5850729741904297,-1.5949784960921982,-1.0287699853271695,-1.584756437239978,-1.5618699139055472,-1.5660460565696235,-0.4807751183380323,-1.5920771391861588,-1.3205307976305405,-1.6153825846661853,-1.6404219731589937,-1.6169097230923617,-1.6595398343113748,-1.558985885604692,-1.6291882008476,-1.5790817410922067,-1.58252634152618,-1.664184050898894,-1.594197788020944,-1.591030295907524,-1.640709232086811,-1.5914277731800945,-1.6397406692815075,-1.6092395624816274,-1.560424274600608,-1.627634708896558,-1.6193198859978972,-1.567260976828771,-1.6090139102047893,-1.6133630872816704,-1.6034425206654537,-1.6062975052789734,-1.5630362579795718,-0.9376493152111377,-1.6645580398729865,-1.5844925306181614,-1.6181340952300198,-1.589727589608297,-1.5500004811231274,-1.5897024366152461,-1.6172911808091037,-1.6062460191340258,-1.5866201457080782,-1.5857041254199098,-1.5932404258361674,-0.11066426808372769,-1.627290685811023,-1.5767573444170826,-1.64049103173161
52,1519069154,-1.6560701902582193,-1.5357316543380672,-1.591080513386154,-1.6376460805130977,-1.5894557365431785,-1.6140755211416185,-1.6576469316581466,-1.566031875947567,-1.680655302912106,-1.5757495487915967,-1.5600438693729828,-1.6301756194132435,-1.6042694897665477,-1.6569358137126242,-1.5899210956364238,-1.624964615886211,-1.6606208123869342,-1.5721510615316083,-1.6289450501988771,-1.615138297738079,-1.6023826357104207,-1.5892961221580209,-0.08572961197044983,-1.6041410558936682,-1.562097597453972,-1.5932805671637547,-1.563105381655347,-1.667175165606655,-1.6552746635928337,-1.4268622836276712,-1.625606692038447,-1.579646097149111,-1.661549288656938,-0.26503420481461226,-1.5889067530269767,-1.5846741334346868,-1.5757640814453797,-1.5906244504923548,-1.552755375453769,-1.6583511725551205,-0.5567771649665584,-1.6123057090144166,-1.6157100101167157,-1.656048529563267,-0.042223416015498456,-1.5497997443638194,-1.5711198240249613,-1.5712458302949306,-1.6181897042011328,-1.7417339796845157,-1.5717459862868906,-1.661840638460414,-1.6730426667228735,-1.590060025433576,-1.6681830852356356,-1.6616472548350105,-1.5491319244499753,-1.6336608490412696,-1.6058984024841094,-1.583340245859648,-1.6113395898741543,-1.5492368168423403,-1.6042462580189418,0.6088482748954069,-1.5776752432624952,-1.5867595681345719,-1.6150068268891502,-1.6239183935709358,-1.591774147945833,-1.5644933728710502,-1.5782174087310072,-1.665118635448108,-1.5554063654412278,-1.662538546012446,-1.5751359647752015,-1.5833070646631047,-1.6315643233930748,-1.5895089104968683,-1.557031466161705,-1.541372791423022,-1.6698463735408897,-1.5838902933212693,-1.59317659920741,-1.0286243589349142,-1.5831885103930265,-1.5606888802792984,-1.5643199348879653,-0.48076639048487524,-1.5894227481888994,-1.3205307976305405,-1.6131344421808729,-1.6381726245057853,-1.6150077013503028,-1.6565513330767798,-1.5575597472376914,-1.6270109998425388,-1.5775339762944445,-1.580997822844732,-1.6619845200930259,-1.5923267417482345,-1.5894317709975636,-1.6384614314505852,-1.5894496754450222,-1.637493656115858,-1.6075477083566092,-1.5582812527619678,-1.6245156405198662,-1.61556898985631,-1.5643838924310323,-1.6073196259611862,-1.6114972384542716,-1.6023940021789895,-1.603733677166596,-1.5620462958560208,-0.9370129583915852,-1.6617999268422672,-1.5829234041784828,-1.6162319876709104,-1.5885472287704507,-1.5488408815052588,-1.5885224563346332,-1.615386290359567,-1.6039336461129923,-1.5850945072482039,-1.5834826293914868,-1.5907524192161113,-0.11066426808372769,-1.624797326612977,-1.5749396134621905,-1.6376789292345142
53,1519069159,-1.6518858311900217,-1.5339894436802122,-1.5886053354670981,-1.635398025300533,-1.58827416512269,-1.6112109670544468,-1.6541576605020138,-1.5637282991646302,-1.677212232063973,-1.574537382033007,-1.5576847159674365,-1.6280857498862118,-1.6020555338635059,-1.6527491792173772,-1.587941699002141,-1.6230559329009477,-1.6572523171933207,-1.5697622962075886,-1.6267273348923703,-1.6125977793326123,-1.600809383405561,-1.5878137509099994,-0.08572961197044983,-1.6028631522553165,-1.561107057343202,-1.5920786647542944,-1.5621143899699543,-1.6643941398109816,-1.6524864978619302,-1.4263663896083565,-1.6231131534914078,-1.5778810953424383,-1.6593406317939587,-0.37614767027333307,-1.5867780110849603,-1.5826395354842053,-1.5733357582876077,-1.5886168906772264,-1.5517758030880269,-1.6553635566819578,-0.5602460913902577,-1.609907630697454,-1.6112024251899375,-1.6545532220367853,-0.042223416015498456,-1.5492203018400463,-1.5693295939302787,-1.5706495730103034,-1.6162971165415219,-1.7389384517520727,-1.5705511699098473,-1.659091402883475,-1.670965123382323,-1.5880568139524245,-1.6660919304707054,-1.659441036385515,-1.5476264644744695,-1.6320045455172667,-1.6038441690663643,-1.5822928374658294,-1.6088536392521482,-1.5486577624001896,-1.601696413381197,0.6019934643719377,-1.5759142397071526,-1.585231308598434,-1.6105009501944598,-1.6220457353503037,-1.5897653004582384,-1.5627694737816975,-1.5766686475813938,-1.663633759728009,-1.5544053139589757,-1.6597792809697958,-1.5733222292581237,-1.5817375982976223,-1.6293610885832137,-1.5879122298471895,-1.5556020895307066,-1.540213801776689,-1.6670614911447907,-1.5815249315829487,-1.591374702322622,-1.0284301904119075,-1.5821432258283923,-1.5589173298399253,-1.5625938132063069,-0.4807605719161039,-1.5878301135905437,-1.3205307976305405,-1.6108862996955604,-1.6359232758525768,-1.613105679608244,-1.6535628318421849,-1.5554205396871905,-1.6233823315007705,-1.5754702898974282,-1.578959797936134,-1.6597849892871577,-1.5910793775664283,-1.5873004044509498,-1.6356516806553028,-1.5879661021437181,-1.6352466429502084,-1.605291902856585,-1.5561382309233276,-1.622644199493851,-1.6125682729430402,-1.562657641792389,-1.6056253417175832,-1.6096313896268728,-1.6013454836925252,-1.6016826146766938,-1.5610563337324699,-0.9360584231622565,-1.6595934364176919,-1.581354277738804,-1.6130618084057278,-1.5873668679326045,-1.5482610816963245,-1.5861624957734073,-1.6134813999100304,-1.6020837476961654,-1.5835688687883296,-1.5818165073701695,-1.5888864142510692,-0.11066426808372769,-1.6229273072144426,-1.5725159721890007,-1.6348668267374185
54,1519069165,-1.6463066857657582,-1.5322472330223569,-1.58514008638042,-1.6303399010722623,-1.5847294508612242,-1.6054818588801034,-1.6471791181897482,-1.560272933990225,-1.6717033187069605,-1.5690826316193538,-1.5547357742105035,-1.624950945595664,-1.5987928620063916,-1.6471669998903808,-1.5844777548921463,-1.6179661116069124,-1.6505153268060937,-1.5673735308835686,-1.6222919042793567,-1.608787001724412,-1.5987117136657478,-1.5843548846646165,-0.08572961197044983,-1.5990294413402613,-1.5591259771216621,-1.5890739087306434,-1.5591414149137766,-1.6602226011174714,-1.645516083534672,-1.4243828135310972,-1.619372845670849,-1.5737627577935356,-1.654923318068,-1.1539419284843786,-1.5835848981719358,-1.5790789890708627,-1.5696932735509497,-1.583932584441927,-1.5498166583565425,-1.6516290368405047,-0.5602460913902577,-1.6075095523804914,-1.6066948402631591,-1.6500672994573404,-0.042223416015498456,-1.5463230892211812,-1.567539363835596,-1.5676682865871676,-1.6125119412223,-1.7361284915639126,-1.567564128967239,-1.6541427788449845,-1.665425007807522,-1.5833826538297375,-1.6612125693525346,-1.65447704487415,-1.545619184507128,-1.6275877361199256,-1.5992221438764374,-1.579674316481283,-1.6038817380081356,-1.5451834357472845,-1.598509107584016,0.2249788855811252,-1.571805231411353,-1.5816653696807788,-1.6059950734997694,-1.61830041890904,-1.5844083738246528,-1.5593216756029922,-1.5730548715656294,-1.6584366947076632,-1.551902685253346,-1.6553644569015553,-1.5702993367296607,-1.579121821021818,-1.6249546189634916,-1.583122187898153,-1.5505992713222119,-1.537895822484023,-1.6628841675506423,-1.5785682294100478,-1.5889721731429045,-1.0280903954966458,-1.5795300144168065,-1.5553742289611787,-1.5602923176307626,-0.4807489347785611,-1.5841139661943806,-1.3205307976305405,-1.6048912530680601,-1.630862241382858,-1.6093016361241264,-1.6498272052989413,-1.5511421245861887,-1.6190279294906482,-1.5723747603019036,-1.575393254346088,-1.6542861622724871,-1.586089920839203,-1.5835705129943756,-1.6311560793828508,-1.58499895554111,-1.6307526166189092,-1.6013442432315428,-1.5511378466331671,-1.6182775037664823,-1.6065668391165007,-1.5592051405151022,-1.6016720118158427,-1.6040338431446761,-1.5987241874763645,-1.5970677240744144,-1.5580864473618172,-0.9346266203182634,-1.6546288329623973,-1.5792621091525658,-1.6092575932875086,-1.5838257854190654,-1.5459418824605875,-1.5826225549315684,-1.6090366555277782,-1.5974590016540984,-1.5800090457152896,-1.5768181413062177,-1.5839104010109573,-0.11066426808372769,-1.6185639286178621,-1.570092330915811,-1.6303674627420652
55,1519069171,-1.6463066857657582,-1.5322472330223569,-1.58514008638042,-1.6303399010722623,-1.5847294508612242,-1.6047657203583106,-1.6471791181897482,-1.560272933990225,-1.6717033187069605,-1.5690826316193538,-1.5547357742105035,-1.624950945595664,-1.5977130729870133,-1.6471669998903808,-1.5844777548921463,-1.6179661116069124,-1.649841627767371,-1.5673735308835686,-1.6222919042793567,-1.608787001724412,-1.5987117136657478,-1.5843548846646165,-0.08572961197044983,-1.5990294413402613,-1.5591259771216621,-1.5890739087306434,-1.5591414149137766,-1.6602226011174714,-1.645516083534672,-1.4243828135310972,-1.6187494610340891,-1.5737627577935356,-1.654923318068,-0.5428178684614143,-1.5830527126864318,-1.5790789890708627,-1.5696932735509497,-1.583932584441927,-1.5498166583565425,-1.6516290368405047,-0.5602460913902577,-1.6075095523804914,-1.6066948402631591,-1.6500672994573404,-0.042223416015498456,-1.5463230892211812,-1.567539363835596,-1.5676682865871676,-1.6125119412223,-1.7333611065301184,-1.567564128967239,-1.6535929317295965,-1.665425007807522,-1.5833826538297375,-1.6612125693525346,-1.65447704487415,-1.545619184507128,-1.627035634945258,-1.5992221438764374,-1.579674316481283,-1.603260250352634,-1.5451834357472845,-1.598509107584016,0.598566059110203,-1.571805231411353,-1.5816653696807788,-1.6059950734997694,-1.61830041890904,-1.5844083738246528,-1.5593216756029922,-1.5730548715656294,-1.6584366947076632,-1.551902685253346,-1.6548126038930253,-1.5702993367296607,-1.579121821021818,-1.6244038102610263,-1.583122187898153,-1.5505992713222119,-1.537895822484023,-1.6628841675506423,-1.5785682294100478,-1.5889721731429045,-1.0280903954966458,-1.5795300144168065,-1.5553742289611787,-1.5602923176307626,-0.4807489347785611,-1.5841139661943806,-1.3205307976305405,-1.6048912530680601,-1.630862241382858,-1.6093016361241264,-1.6498272052989413,-1.5511421245861887,-1.6190279294906482,-1.5723747603019036,-1.575393254346088,-1.6537362795710202,-1.5854662387482998,-1.5835705129943756,-1.6311560793828508,-1.58499895554111,-1.6307526166189092,-1.6013442432315428,-1.5511378466331671,-1.6182775037664823,-1.6065668391165007,-1.5592051405151022,-1.6016720118158427,-1.6034118935355433,-1.5987241874763645,-1.5970677240744144,-1.5580864473618172,-0.9346266203182634,-1.6546288329623973,-1.5792621091525658,-1.6092575932875086,-1.5838257854190654,-1.5459418824605875,-1.5826225549315684,-1.6090366555277782,-1.5974590016540984,-1.5800090457152896,-1.5768181413062177,-1.5832883993559432,-0.11066426808372769,-1.6185639286178621,-1.5694864205975134,-1.6303674627420652
56,1519069176,-1.6407275403414947,-1.5293435485925984,-1.5821698728775526,-1.6258437906471328,-1.5817755223100027,-1.59975275070576,-1.6415962843399359,-1.5573934630115538,-1.6655057911803215,-1.56605221472288,-1.5517868324535704,-1.6212936739233583,-1.5966410522339614,-1.6415848205633847,-1.5815086599407222,-1.6141487456363859,-1.6437783364188667,-1.5655819568905536,-1.617856473666343,-1.6037059649134782,-1.5966140439259349,-1.581390142168574,-0.08572961197044983,-1.5958346822443819,-1.5566496268447374,-1.5872710551164528,-1.556663935700295,-1.6560510624239615,-1.6399397520728654,-1.4219033434345232,-1.61500915321353,-1.5702327541801901,-1.6499538401262965,-1.3761688594018202,-1.5793274142879032,-1.5760270921451407,-1.5666578696037348,-1.5799174648116703,-1.547367727442187,-1.6478945169990513,-0.5567771649665584,-1.603312915325807,-1.602187255336381,-1.6463290306411364,-0.042223416015498456,-1.543425876602316,-1.5645556470111248,-1.5658795147332862,-1.6087267659030777,-1.7306637179365532,-1.5651744962131524,-1.6497440019218819,-1.6612699211264208,-1.5793762308674346,-1.657030259822674,-1.6500646079751589,-1.5431100845479515,-1.6242751290719197,-1.595113677040947,-1.5770557954967366,-1.6001528120751263,-1.543446272420832,-1.5953218017868354,0.5882838433249991,-1.568283224300668,-1.5786088506085032,-1.6014891968050793,-1.6139308830608987,-1.5803906788494635,-1.5570231434838553,-1.5699573492664027,-1.6547245054074162,-1.549900582288842,-1.6503977798247846,-1.5660672871898127,-1.5770291992011747,-1.6216497667487,-1.5799288265987954,-1.547740518060215,-1.5355778431913567,-1.6587068439564938,-1.5750201868025668,-1.5871702762581164,-1.027459347796874,-1.5774394452875378,-1.5524216448955566,-1.557415448161332,-0.4807343883566327,-1.5803978187982175,-1.3205307976305405,-1.6003949680974352,-1.625801206913139,-1.6054975926400086,-1.6460915787556978,-1.5475767786686871,-1.6132220601438187,-1.569279230706379,-1.5718267107560417,-1.6498871006607507,-1.5829715103846873,-1.5803734631744548,-1.6260985279513422,-1.5820318089385017,-1.62625859028761,-1.5979605349815065,-1.5482804841816469,-1.614534621714452,-1.6020657637465958,-1.5569034729969111,-1.5982834433286366,-1.6003021454898785,-1.596627150503436,-1.5929655990946103,-1.5561065231147155,-0.9333539066791585,-1.6502158521132466,-1.5766468984197681,-1.604819342316253,-1.5802847029055265,-1.543042883415916,-1.579672604230036,-1.604591911145526,-1.5909843571952047,-1.5764492226422495,-1.571819775242266,-1.5808003927358871,-0.11066426808372769,-1.6148238898207932,-1.5652450483694313,-1.6253056782472928
57,1519069182,-1.637937967629363,-1.528182074820695,-1.5806847661261192,-1.6230337216314268,-1.5794123794690256,-1.5976043351403812,-1.6381070131838031,-1.5562416746200853,-1.6620627203321887,-1.5642339645849954,-1.5506072557507973,-1.6197262717780845,-1.5941785118084728,-1.6387937308998868,-1.5795292633064395,-1.6109676073276138,-1.641083540263976,-1.5643875742285436,-1.6150843295332096,-1.601800576109378,-1.5955652090560282,-1.5794136471712124,-0.08572961197044983,-1.5939178267868541,-1.5556590867339675,-1.584266299092802,-1.555177448172206,-1.6532700366282882,-1.637151586341962,-1.4214074494152085,-1.6131389993032506,-1.56787941843796,-1.6471930190475723,-1.3761688594018202,-1.5777308578313909,-1.5745011436822796,-1.5648366272354057,-1.5772407183914992,-1.546388155076445,-1.64640070906247,-0.5602460913902577,-1.6021138761673257,-1.5999334628729918,-1.644086069351414,-0.042223416015498456,-1.5416875490309967,-1.5633621602813363,-1.5640907428794049,-1.606203315690263,-1.7278335525903887,-1.5645770880246308,-1.6475446134603307,-1.6591923777858704,-1.5760375450655155,-1.6542420534694335,-1.6473068349132893,-1.542106444564281,-1.622066724373249,-1.5925458852687655,-1.576008387102918,-1.5982883491086217,-1.5411300546522289,-1.5914970348302182,0.5334453591372444,-1.5641742160048684,-1.5760617513816066,-1.599236258457734,-1.6114340054333893,-1.5777122155326708,-1.5552992443945024,-1.5684085881167893,-1.6532396296873173,-1.5473979535832123,-1.6481903677906644,-1.5648581301784275,-1.5759828882908529,-1.619446531938839,-1.5783321459491166,-1.544881764798218,-1.5326803690755242,-1.6566181821594195,-1.5738375059334064,-1.5859690116682577,-1.0272166371431155,-1.5758715184405863,-1.5512406112693078,-1.5551139525857876,-0.4807285697878613,-1.5788051841998618,-1.3205307976305405,-1.5981468256121225,-1.6235518582599304,-1.602327556403244,-1.6431030775211029,-1.544724501934686,-1.6110448591387578,-1.5677314659086168,-1.5702981920745935,-1.6476875698548825,-1.5811004641119777,-1.578242096627841,-1.6238507273151164,-1.5795591867696617,-1.6234498238305481,-1.5945768267314702,-1.5454231217301264,-1.6120393670130986,-1.599065046833326,-1.5546018054787198,-1.5965891590850336,-1.5984362966624797,-1.5945301135305074,-1.589376239737282,-1.5546215799293892,-0.932717549859606,-1.6474577390825274,-1.5756008141266489,-1.6029172347571434,-1.5779239812298338,-1.5424630836069817,-1.578492623949423,-1.6026870206959893,-1.589134458778378,-1.574415038029084,-1.5701536532209486,-1.578934387770845,-0.11066426808372769,-1.6117071908232357,-1.5640332277328366,-1.623055996249616
58,1519069188,-1.6344510017391982,-1.5264398641628398,-1.5791996593746855,-1.620785666418862,-1.577640022338293,-1.5940236425314167,-1.6346177420276704,-1.555089886228617,-1.6593082636536824,-1.562415714447111,-1.5470685256424777,-1.6176364022510525,-1.5918687472874047,-1.6346070964046395,-1.5780447158307274,-1.6090589243423505,-1.6377150450703626,-1.5625960002355286,-1.6128666142267027,-1.5998951873052778,-1.5939919567511684,-1.5779312759231912,-0.08572961197044983,-1.5907230676909747,-1.5536780065124276,-1.5836653478880718,-1.553690960644117,-1.650489010832615,-1.6343634206110587,-1.4204156613765788,-1.6093986914826917,-1.5643494148246146,-1.644984362184593,-1.3206121266724598,-1.5756021158893747,-1.5714492467565575,-1.5630153848670767,-1.5752331585763708,-1.5454085827107027,-1.641919285252726,-0.5602460913902577,-1.6003153174296039,-1.5954258779462136,-1.6418431080616915,-0.042223416015498456,-1.5399492214596777,-1.5627654169164422,-1.5628982283101507,-1.6043107280306521,-1.7250286436917295,-1.5633822716475876,-1.6453452249987792,-1.6564223199984698,-1.574034333584364,-1.6521508987045033,-1.64454906185142,-1.540600984588775,-1.6198583196745784,-1.5894645351421477,-1.5749609787090997,-1.596423886142117,-1.540551000210078,-1.5889471901924734,0.4648972539025513,-1.5624132124495258,-1.5745334918454688,-1.5954813612121588,-1.6095613472127575,-1.5757033680450763,-1.5535753453051497,-1.5668598269671759,-1.6502698782471197,-1.5463969021009605,-1.6448792497394842,-1.5630443946613497,-1.5744134219253705,-1.6177941058314433,-1.5762032384162115,-1.5434523881672195,-1.531521379429191,-1.652440858565271,-1.5714721441950859,-1.5841671147834695,-1.0270710107508605,-1.574826233875952,-1.5494690608299344,-1.5528124570102433,-0.4807227512190899,-1.5772125496015061,-1.3205307976305405,-1.59589868312681,-1.621302509606722,-1.600425534661185,-1.6408617015951568,-1.5425852943841851,-1.6088676581336967,-1.5651518579123465,-1.5682601671659957,-1.6454880390490143,-1.5792294178392683,-1.5766435717178806,-1.621040976519834,-1.5775810890345894,-1.6212028106648986,-1.592321021231446,-1.5432800998914864,-1.609544112311745,-1.595314150691739,-1.5534509717196243,-1.5937653520123618,-1.5965704478350808,-1.593481595044043,-1.58732517724738,-1.5536316178058385,-0.9319221038351654,-1.645251248657952,-1.5745547298335298,-1.6003810913449974,-1.5761534399730643,-1.5401438843712447,-1.5755426732478908,-1.6007821302464527,-1.587284560361551,-1.5723808534159183,-1.5684875311996314,-1.577690384460817,-0.11066426808372769,-1.609837171424701,-1.5622154967779442,-1.6208063142519396
59,1519069193,-1.6316614290270666,-1.5252783903909364,-1.577219517039441,-1.6179755974031562,-1.5764584509178043,-1.591875226966038,-1.631826325102764,-1.5527863094456802,-1.6565538069751762,-1.5612035476885213,-1.5458889489397043,-1.6155465327240208,-1.589318166510216,-1.6318160067411416,-1.5765601683550152,-1.6065140136953329,-1.6350202489154717,-1.5614016175735186,-1.610094470093569,-1.5979897985011777,-1.592943121881262,-1.5759547809258294,-0.08572961197044983,-1.5881672604142714,-1.5526874664016577,-1.5824634454786115,-1.5526999689587244,-1.6484032414858598,-1.6315752548801552,-1.4189279793186345,-1.6075285375724122,-1.5619960790823846,-1.6427757053216137,-0.4872611357320539,-1.5740055594328624,-1.5699232982936964,-1.5611941424987477,-1.5732255987612425,-1.5439392241620895,-1.6404254773161446,-0.5602460913902577,-1.5985167586918818,-1.5931720854828244,-1.64034780053521,-0.042223416015498456,-1.5387903364121316,-1.5615719301866537,-1.5617057137408963,-1.6011564152646338,-1.7222273428569996,-1.5621874552705444,-1.643145836537228,-1.6543447766579193,-1.5720311221032124,-1.650059743939573,-1.6423428434019243,-1.5395973446051043,-1.6176499149759078,-1.5868967433699661,-1.5739135703152811,-1.5945594231756124,-1.5388138368836255,-1.5876722678736013,0.6225578959423456,-1.5606522088941832,-1.5730052323093309,-1.5932284228648135,-1.6076886889921256,-1.5736945205574817,-1.5512768131860128,-1.564794812101025,-1.6487850025270208,-1.5453958506187084,-1.6426718377053637,-1.561230659144272,-1.5733671110150487,-1.6155908710215823,-1.5746065577665327,-1.5413083232207219,-1.530362389782858,-1.6503521967681969,-1.5696981228913454,-1.5829658501936106,-1.0269253843586055,-1.5737809493113177,-1.5471069935774369,-1.551661709222471,-0.4807140233659329,-1.5750890368036987,-1.3205307976305405,-1.5936505406414976,-1.6190531609535135,-1.5978895056717732,-1.6386203256692107,-1.5411591560171845,-1.6066904571286356,-1.563604093114584,-1.5667316484845473,-1.6427386255416792,-1.5767346894756558,-1.5745122051712668,-1.618793175883608,-1.5760975157332853,-1.6183940442078366,-1.5906291671064279,-1.5418514186657262,-1.6076726712857299,-1.5930636130067866,-1.5523001379605288,-1.5909415449396902,-1.5940826493985492,-1.592433076557579,-1.5852741147574778,-1.5521466746205121,-0.931285747015613,-1.642493135627233,-1.5735086455404106,-1.598478983785888,-1.5749730791352181,-1.5389842847533761,-1.5737727028269712,-1.598877239796916,-1.5849721873405176,-1.570855214956044,-1.5657106611641027,-1.575202377840761,-0.11066426808372769,-1.6079671520261667,-1.560397765823052,-1.6185566322542628
60,1519069199,-1.6281744631369017,-1.5246976535049845,-1.5757344102880073,-1.6157275421905914,-1.5752768794973158,-1.589726811400659,-1.629034908177858,-1.5510586268584774,-1.6531107361270432,-1.5587792141713421,-1.5441195838855446,-1.613979130578747,-1.586803837642551,-1.6290249170776434,-1.5745807717207325,-1.6046053307100696,-1.632325452760581,-1.5608044262425136,-1.6073223259604357,-1.5960844096970774,-1.5918942870113553,-1.5744724096778082,-0.08572961197044983,-1.5862504049567436,-1.5516969262908877,-1.580660591864421,-1.5517089772733317,-1.646317472139105,-1.628090047716526,-1.41744029726069,-1.6050349990253727,-1.5596427433401543,-1.6405670484586343,-0.32059093754397266,-1.5724090029763502,-1.5683973498308352,-1.5587658193409757,-1.5705488523410713,-1.542469865613476,-1.6381847654112727,-0.5602460913902577,-1.5973177195334005,-1.5909182930194352,-1.6373571854822468,-0.042223416015498456,-1.5382108938883585,-1.5603784434568653,-1.559320684602388,-1.5986329650518192,-1.7194065584770513,-1.5603952307049793,-1.6403966009602888,-1.652267233317369,-1.569360173461677,-1.6472715375863325,-1.6401366249524287,-1.5385937046214337,-1.615993611451905,-1.5843289515977845,-1.5723424577245533,-1.592073472553606,-1.537076673557173,-1.5857598843952927,0.6259853012040802,-1.5577172029686122,-1.571476972773193,-1.5902245050683532,-1.6058160307714935,-1.5716856730698872,-1.5501275471264444,-1.5627297972348737,-1.6465576889468725,-1.5443947991364566,-1.6399125726627135,-1.560021502132887,-1.572320800104727,-1.612836827509256,-1.5724776502336275,-1.5384495699587248,-1.5297828949596917,-1.6482635349711225,-1.5685154420221852,-1.5823652178986813,-1.0267797579663505,-1.571690380182049,-1.544744926324939,-1.5505109614346988,-0.4807052955127758,-1.573496402205343,-1.3205307976305405,-1.58990363649931,-1.616241475137003,-1.5953534766823614,-1.6371260750519132,-1.538306879283183,-1.6030617887868672,-1.5615404067175678,-1.565203129803099,-1.640539094735811,-1.5748636432029461,-1.572380838624653,-1.615421474929269,-1.5746139424319812,-1.6155852777507749,-1.5889373129814097,-1.539708396827086,-1.6058012302597147,-1.5908130753218341,-1.5499984704423377,-1.589247260696087,-1.5922168005711503,-1.5908602988278826,-1.582197521022625,-1.5506617314351858,-0.9306493901960604,-1.6397350225965137,-1.5724625612472916,-1.5946747686676688,-1.5737927182973717,-1.5378246851355075,-1.5725927225463583,-1.5957024223810217,-1.582659814319484,-1.5693295764961697,-1.5634891651356797,-1.5727143712207048,-0.11066426808372769,-1.6048504530286092,-1.5591859451864571,-1.6163069502565863
61,1519069204,-1.62538489042477,-1.5223747059611779,-1.5742493035365739,-1.6134794869780267,-1.5740953080768272,-1.5875783958352805,-1.6262434912529518,-1.549906838467009,-1.6496676652789104,-1.5569609640334579,-1.5423502188313847,-1.6113667936699572,-1.5842558462874712,-1.6262338274141452,-1.5730962242450204,-1.6026966477248064,-1.6296306566056902,-1.5584156609184936,-1.6051046106539288,-1.5922736320888773,-1.5908454521414488,-1.5724959146804465,-0.08572961197044983,-1.5836945976800403,-1.550211116124733,-1.5800596406596907,-1.5507179855879392,-1.6442317027923499,-1.6253018819856226,-1.4169444032413754,-1.6031648451150933,-1.5572894075979242,-1.6372540631641652,-0.15392073935589148,-1.5702802610343338,-1.566871401367974,-1.5569445769726467,-1.568541292525943,-1.541490293247734,-1.6366909574746913,-0.5567771649665584,-1.5949196412164381,-1.5886645005560462,-1.6351142241925243,-0.042223416015498456,-1.5370520088408124,-1.5591849567270768,-1.5581281700331335,-1.5967403773922082,-1.7165886605482465,-1.5580055979508929,-1.6376473653833497,-1.6501896899768183,-1.5673569619805257,-1.6451803828214022,-1.6379304065029332,-1.5370882446459277,-1.6137852067532343,-1.581761159825603,-1.5702476409369162,-1.5895875219315998,-1.5359185646728712,-1.5844849620764203,0.6225578959423456,-1.5559561994132696,-1.569948713237055,-1.5879715667210081,-1.6020707143302297,-1.5690072097530943,-1.5478290150073075,-1.5611810360852603,-1.6450728132267738,-1.5433937476542048,-1.6377051606285933,-1.5576031881101164,-1.5707513337392445,-1.6111844014018601,-1.5708809695839487,-1.5370201933277265,-1.5286239053133586,-1.6461748731740482,-1.5673327611530248,-1.5811639533088224,-1.0266341315740954,-1.5706450956174147,-1.5435638926986903,-1.5482094658591543,-0.48069365837523303,-1.5713728894075354,-1.3205307976305405,-1.5876554940139973,-1.6139921264837944,-1.5934514549403027,-1.6356318244346157,-1.5361676717326822,-1.6001588541134524,-1.5599926419198056,-1.5636746111216506,-1.6383395639299427,-1.5729925969302367,-1.5707823137146926,-1.6126117241339866,-1.572635844696909,-1.6133382645851253,-1.5872454588563916,-1.5368510343755657,-1.6039297892336997,-1.588562537636882,-1.5482722198036942,-1.5864234536234154,-1.5903509517437515,-1.5898117803414182,-1.580146458532723,-1.5496717693116349,-0.930013033376508,-1.6375285321719384,-1.570893434807613,-1.5921386252555227,-1.5714319966216792,-1.5360852857087046,-1.5714127422657453,-1.593797531931485,-1.5803474412984506,-1.567295391883004,-1.5612676691072567,-1.5708483662556627,-0.11066426808372769,-1.6029804336300746,-1.5567623039132674,-1.6129324272600714
62,1519069210,-1.6225953177126382,-1.521793969075226,-1.572269161201329,-1.611231431765462,-1.5723229509460943,-1.5854299802699017,-1.6234520743280456,-1.5476032616840723,-1.6469132086004041,-1.5551427138955733,-1.540580853777225,-1.6092769241429254,-1.5827617497306816,-1.6234427377506473,-1.5716116767693085,-1.600787964739543,-1.6269358604507995,-1.5578184695874886,-1.602886895347422,-1.590368243284777,-1.5897966172715423,-1.5710135434324253,-0.08572961197044983,-1.5824166940416884,-1.549220576013963,-1.5782567870455002,-1.54923149805985,-1.6414506769966766,-1.6211196333892677,-1.414960827164116,-1.6012946912048138,-1.5555244057912514,-1.6350454063011859,-0.7650447993788558,-1.5686837045778215,-1.5653454529051132,-1.5557304153937608,-1.5658645461057719,-1.5400209346991207,-1.6337033416015287,-0.5567771649665584,-1.5925215628994756,-1.586410708092657,-1.632123609139561,-0.042223416015498456,-1.5353136812694932,-1.5562012399026057,-1.5575319127485066,-1.5948477897325972,-1.713850140025887,-1.5568107815738497,-1.6348981298064107,-1.6474196321894177,-1.5646860133389904,-1.6423921764681617,-1.63462107882869,-1.5360846046622572,-1.6121289032292314,-1.5797069264078578,-1.5692002325430976,-1.5871015713095935,-1.5341814013464188,-1.583210039757548,0.6088482748954069,-1.554195195857927,-1.5684204537009172,-1.5857186283736628,-1.6001980561095976,-1.5663287464363016,-1.546679748947739,-1.559116021219109,-1.642103061786576,-1.5423926961719527,-1.635497748594473,-1.555789452593039,-1.5697050228289229,-1.6095319752944643,-1.5687520620510438,-1.5341614400657295,-1.5274649156670255,-1.6433899907779492,-1.5655587398492843,-1.5799626887189637,-1.0264399630510888,-1.5695998110527802,-1.541792342259317,-1.54590797028361,-0.4806878398064617,-1.56978025480918,-1.3205307976305405,-1.58390858987181,-1.6111804406672838,-1.590281418703538,-1.6326433232000208,-1.533315394998681,-1.5979816531083912,-1.557928955522789,-1.5616365862130528,-1.6355901504226074,-1.5717452327484305,-1.5691837888047322,-1.6103639234977605,-1.5706577469618368,-1.6105294981280633,-1.5855536047313734,-1.5339936719240452,-1.6001869071816692,-1.5863119999519295,-1.5471213860445987,-1.5847291693798122,-1.5878631533072196,-1.588239002611722,-1.5780953960428208,-1.5481868261263085,-0.9293766765569555,-1.635322041747363,-1.5688012662213746,-1.590236517696413,-1.5702516357838328,-1.534925686090836,-1.5696427718448258,-1.5906227145155905,-1.578497542881624,-1.5657697534231296,-1.5596015470859395,-1.5696043629456347,-0.11066426808372769,-1.6011104142315402,-1.5555504832766724,-1.6106827452623949
63,1519069216,-1.6156213859323088,-1.519471021531419,-1.569298947698462,-1.6067353213403326,-1.5687782366846286,-1.5789847335737655,-1.6157756777845536,-1.5452996849011353,-1.640715681073765,-1.5521122969990995,-1.5370421236689054,-1.6056196524706197,-1.5806824437772984,-1.616465013591902,-1.5681477326593136,-1.5969705987690166,-1.6201988700635725,-1.5548325129324636,-1.5978970359077818,-1.5865574656765766,-1.5866501126618227,-1.5680488009363827,-0.08572961197044983,-1.5792219349458092,-1.5472394957924231,-1.5758529822265797,-1.5467540188463687,-1.6365838818542482,-1.6148462604947351,-1.4134731451061717,-1.5963076141107353,-1.5519944021779062,-1.6306280925752272,-1.8206227212367034,-1.564958406179293,-1.5617849064917706,-1.5520879306571027,-1.5618494264755152,-1.5380617899676363,-1.628475013823494,-0.5602460913902577,-1.5889244454240317,-1.5796493307024897,-1.629132994086598,-0.042223416015498456,-1.5329959111744011,-1.553814266443029,-1.5539543690407436,-1.5904317518601716,-1.7110625498340886,-1.5550185570082846,-1.6299495057679203,-1.6418795166146165,-1.5606795903766872,-1.6382098669383012,-1.629657087317325,-1.534077324694916,-1.6088162961812253,-1.5755984595723673,-1.5671054157554607,-1.5821296700655811,-1.5318651835778154,-1.5787478116414948,0.32094623290969565,-1.5494991863770133,-1.5648545147832622,-1.5789598133316274,-1.596452739668334,-1.5623110514611123,-1.544381216828602,-1.5555022452033447,-1.6361635589061807,-1.539890067466323,-1.6305310715177024,-1.5521619815588834,-1.5670892455531187,-1.6056763143772075,-1.565558700751686,-1.5305879984882333,-1.524567441551193,-1.6385164465847761,-1.5620106972418033,-1.5763588949493874,-1.0261001681358268,-1.5664639573588774,-1.5382492413805704,-1.5430311008141795,-0.4806762026689189,-1.5660641074130166,-1.3205307976305405,-1.5786629240727472,-1.6066817433608669,-1.5858433679720672,-1.6274134460394798,-1.5304631182646797,-1.5921757837615618,-1.5543175043280104,-1.5580700426230067,-1.631191088810871,-1.5686268222939146,-1.565453897348158,-1.6053063720662522,-1.5676906003592286,-1.6054737185053518,-1.5816059451063311,-1.531136309472525,-1.5958202114543005,-1.5788102076687551,-1.5436688847673121,-1.5813406008926063,-1.584131455652422,-1.5861419656387932,-1.5734805054405414,-1.5457119208174313,-0.9279448737129624,-1.6303574382920685,-1.5667090976351363,-1.585164230872121,-1.567300733689217,-1.5331862866640333,-1.566102831002987,-1.586812933616517,-1.5747977460479703,-1.562718476503381,-1.5562693030433048,-1.5652503513605367,-0.11066426808372769,-1.596123695835448,-1.5513091110485904,-1.6061833812670416
64,1519069221,-1.61352920639821,-1.5183095477595157,-1.5673188053632172,-1.6044872661277678,-1.56759666526414,-1.5768363180083866,-1.6143799693221004,-1.5429961081181984,-1.6379612243952588,-1.5509001302405099,-1.5352727586147457,-1.6040522503253458,-1.57808784282426,-1.6143716963442785,-1.5666631851836015,-1.5950619157837533,-1.6175040739086817,-1.5536381302704538,-1.595679320601275,-1.5846520768724766,-1.5856012777919162,-1.5665664296883615,-0.08572961197044983,-1.5779440313074573,-1.5462489556816532,-1.5752520310218494,-1.545763027160976,-1.6351933689564115,-1.6127551361965575,-1.412481357067542,-1.5944374602004556,-1.5502294003712336,-1.628419435712248,-0.43170440300269347,-1.5633618497227808,-1.5597503085412892,-1.5502666882887737,-1.5605110532654296,-1.5370822176018941,-1.6269812058869126,-0.5567771649665584,-1.5877254062655504,-1.5781468023935636,-1.6268900327968754,-0.042223416015498456,-1.531837026126855,-1.5532175230781347,-1.5527618544714894,-1.5885391642005606,-1.7082525896459284,-1.5538237406312414,-1.6282999644217568,-1.6404944877209162,-1.5593441160559196,-1.636118712173371,-1.6274508688678293,-1.53257186471941,-1.6071599926572224,-1.573544226154622,-1.5660580073616421,-1.5808866947545779,-1.5312861291356648,-1.5774728893226224,0.6362675169892843,-1.5477381828216707,-1.5633262552471243,-1.5774578544333973,-1.5945800814477018,-1.560971819802716,-1.5426573177392493,-1.5539534840537312,-1.6354211210461311,-1.5388890159840711,-1.6283236594835822,-1.5503482460418057,-1.566042934642797,-1.604574696972277,-1.5639620201020072,-1.5298733101727342,-1.5239879467280264,-1.6364277847877018,-1.5602366759380628,-1.5751576303595287,-1.0259545417435718,-1.565418672794243,-1.5364776909411972,-1.5418803530264074,-0.48067038410014756,-1.564471472814661,-1.3205307976305405,-1.5771641624158723,-1.6044323947076584,-1.5839413462300085,-1.6266663207308312,-1.529036979897679,-1.5899985827565009,-1.5527697395302482,-1.5565415239415583,-1.6289915580050027,-1.5667557760212052,-1.5638553724381976,-1.603058571430026,-1.5662070270579245,-1.6032267053397022,-1.579914090981313,-1.5297076282467648,-1.5939487704282855,-1.5780600284404376,-1.5425180510082166,-1.5796463166490031,-1.5816436572158903,-1.585093447152329,-1.5714294429506395,-1.5447219586938805,-0.9271494276885218,-1.6281509478674931,-1.5656630133420173,-1.5832621233130115,-1.5661203728513706,-1.5320266870461647,-1.5643328605820677,-1.5849080431669804,-1.5734103222353502,-1.561192838043507,-1.5551585550290934,-1.5646283497055227,-0.11066426808372769,-1.5942536764369137,-1.5500972904119956,-1.603933699269365
65,1519069227,-1.6100422405080452,-1.5171480739876122,-1.5658336986117838,-1.6016771971120618,-1.5664150938436516,-1.5746879024430078,-1.610192843934741,-1.54184431972673,-1.6352067677167526,-1.5484757967233305,-1.5340931819119723,-1.602484848180072,-1.57567191199673,-1.6108828342649057,-1.5651786377078896,-1.5918807774749812,-1.614809277753791,-1.5524437476084438,-1.593461605294768,-1.5827466880683765,-1.5840280254870562,-1.5640958109416594,-0.08572961197044983,-1.575388224030754,-1.5452584155708833,-1.5728482262029289,-1.5447720354755832,-1.6324123431607382,-1.6092699290329284,-1.4119854630482274,-1.5925673062901762,-1.5472877306934458,-1.6262107788492686,-0.32059093754397266,-1.5617652932662685,-1.5577157105908077,-1.5478383651310017,-1.5571651202402157,-1.536102645236152,-1.6254873979503315,-0.5602460913902577,-1.5859268475278285,-1.5751417457757113,-1.623899417743912,-0.042223416015498456,-1.5306781410793089,-1.5520240363483462,-1.5521655971868622,-1.5866465765409496,-1.7054491239728409,-1.5520315160656766,-1.6255507288448177,-1.6377244299335154,-1.5566731674143843,-1.6333305058201304,-1.6252446504183338,-1.5315682247357394,-1.6043994867838842,-1.5709764343824406,-1.5644868947709143,-1.5784007441325718,-1.530128020251363,-1.5755605058443138,0.6294127064658149,-1.5453901780812138,-1.5617979957109864,-1.574453936636937,-1.59270742322707,-1.5582933564859232,-1.5397841525903282,-1.5513722154710423,-1.6331938074659829,-1.537887964501819,-1.626116247449462,-1.5491390890304204,-1.5649966237324753,-1.6018206534599506,-1.5618331125691023,-1.526299868595238,-1.5228289570816933,-1.6343391229906277,-1.5590539950689024,-1.5733557334747406,-1.0258089153513168,-1.5643733882296087,-1.533525106875575,-1.540729605238635,-0.48066456553137615,-1.5628788382163055,-1.3205307976305405,-1.574166639102122,-1.6016207088911478,-1.5820393244879496,-1.6236778194962362,-1.5268977723471782,-1.5878213817514397,-1.551221974732486,-1.55501300526011,-1.6251423790947335,-1.5636373655666895,-1.5617240058915838,-1.6008107707938002,-1.5647234537566204,-1.6009796921740527,-1.578222236856295,-1.5275646064081245,-1.5920773294022703,-1.5743091322988505,-1.5413672172491208,-1.5773872709908658,-1.5779119595610926,-1.5835206694226325,-1.5688656148382618,-1.5437319965703296,-0.9263539816640812,-1.6259444574429178,-1.564616929048898,-1.5813600157539018,-1.5643498315946012,-1.5314468872372304,-1.5619729000208418,-1.582368189234265,-1.5701730000059033,-1.5596671995836326,-1.5512709369793531,-1.5615183414304525,-0.11066426808372769,-1.5923836570383791,-1.5482795594571033,-1.6016840172716884
66,1519069232,-1.6065552746178806,-1.5154058633297571,-1.5643485918603501,-1.599429141899497,-1.5640519510026745,-1.572539486877629,-1.607401427009835,-1.5401166371395274,-1.6324523110382463,-1.5460514632061513,-1.5323238168578126,-1.6009174460347981,-1.5736521627518498,-1.6080917446014078,-1.5636940902321774,-1.589972094489718,-1.6121144815989001,-1.5512493649464338,-1.5912438899882613,-1.5802061696629095,-1.5829791906171498,-1.5626134396936382,-0.08572961197044983,-1.5734713685732262,-1.5437726054047285,-1.5722472749981986,-1.5437810437901907,-1.6303265738139832,-1.6057847218692993,-1.410497780990283,-1.590073767743137,-1.5455227288867732,-1.6240021219862892,-0.4872611357320539,-1.559104365838748,-1.5561897621279466,-1.5466242035521156,-1.5551575604250873,-1.5346332866875385,-1.6232466860454593,-0.5602460913902577,-1.5847278083693472,-1.5728879533123223,-1.6224041102174307,-0.042223416015498456,-1.5300986985555358,-1.550830549618558,-1.550973082617608,-1.5847539888813387,-1.7026738011984022,-1.5508366996886334,-1.6228014932678785,-1.635646886592965,-1.554002218772849,-1.6312393510552001,-1.6230384319688382,-1.5300627647602334,-1.6027431832598813,-1.5689222009646953,-1.5634394863770957,-1.5759147935105655,-1.5283908569249105,-1.5742855835254415,0.619130490680611,-1.5436291745258712,-1.5597603163294693,-1.5714500188404767,-1.590834765006438,-1.5562845089983286,-1.5386348865307597,-1.549823454321429,-1.6309664938858348,-1.5368869130195673,-1.6233569824068117,-1.5479299320190352,-1.563427157366993,-1.6001682273525548,-1.5597042050361971,-1.5248704919642395,-1.5222494622585268,-1.6322504611935533,-1.5578713141997422,-1.572755101179811,-1.0253720361745517,-1.5633281036649744,-1.5323440732493263,-1.5395788574508629,-0.4806587469626048,-1.5612862036179498,-1.3205307976305405,-1.5704197349599347,-1.5988090230746375,-1.5801373027458907,-1.6221835688789388,-1.524045495613177,-1.5856441807463786,-1.5496742099347238,-1.5534844865786617,-1.6229428482888653,-1.56176631929398,-1.5601254809816234,-1.5985629701575743,-1.5632398804553163,-1.598732679008403,-1.5765303827312769,-1.5254215845694843,-1.590205888376255,-1.572058594613898,-1.5396409666104776,-1.5756929867472627,-1.5760461107336938,-1.5824721509361683,-1.5668145523483599,-1.5422470533850032,-0.9257176248445288,-1.6237379670183425,-1.563570844755779,-1.5794579081947924,-1.5625792903378317,-1.5297074878104275,-1.5607929197402288,-1.5798283353015494,-1.5655482539638363,-1.557633014970467,-1.5479386929367185,-1.5602743381204245,-0.11066426808372769,-1.5905136376398448,-1.545250007865616,-1.5988719147745927
67,1519069238,-1.6037657019057487,-1.5142443895578537,-1.5628634851089165,-1.5966190728837912,-1.5628703795821859,-1.5703910713122502,-1.6046100100849285,-1.538964848748059,-1.6290092401901133,-1.5448392964475617,-1.5305544518036527,-1.5988275765077662,-1.5710135416229614,-1.6053006549379096,-1.5622095427564653,-1.5874271838427003,-1.6094196854440095,-1.5494577909534188,-1.5890261746817544,-1.5770305216560758,-1.5819303557472433,-1.5611310684456168,-0.08572961197044983,-1.5721934649348746,-1.5427820652939586,-1.5698434701792778,-1.5422945562621018,-1.6275455480183099,-1.6029965561383959,-1.4090100989323386,-1.5882036138328575,-1.5437577270801006,-1.6212413009075652,-0.2094774720852519,-1.5575078093822359,-1.5546638136650854,-1.5448029611837866,-1.553150000609959,-1.5331639281389253,-1.6217528781088781,-0.5602460913902577,-1.5823297300523846,-1.5706341608489331,-1.6201611489277081,-0.042223416015498456,-1.5277809284604436,-1.549040319523875,-1.5497805680483536,-1.5828614012217277,-1.699852295205668,-1.5502392915001115,-1.6206021048063273,-1.6335693432524145,-1.5519990072916974,-1.6291481962902699,-1.6208322135193427,-1.5290591247765628,-1.6010868797358784,-1.5668679675469501,-1.5623920779832772,-1.5740503305440607,-1.527232748040609,-1.573010661206569,0.6225578959423456,-1.5418681709705286,-1.5582320567933314,-1.5691970804931317,-1.5877136679720514,-1.553606045681536,-1.5374856204711913,-1.5482746931718157,-1.629481618165736,-1.5358858615373152,-1.6211495703726913,-1.545511617996265,-1.5618576910015103,-1.598515801245159,-1.5581075243865183,-1.5227264270177419,-1.5210904726121937,-1.630161799396479,-1.5555059524614214,-1.5715538365899524,-1.025177867651545,-1.5622828191003402,-1.5311630396230773,-1.5378527357692047,-0.48065001910944777,-1.5591626908201421,-1.3205307976305405,-1.568171592474622,-1.5959973372581269,-1.5776012737564789,-1.6191950676443438,-1.5219062880626761,-1.582741246072964,-1.5476105235377073,-1.5514464616700638,-1.620743317482997,-1.5605189551121736,-1.558526956071663,-1.5963151695213482,-1.5617563071540121,-1.5959239125513411,-1.5748385286062587,-1.522564222117964,-1.58833444735024,-1.5698080569289456,-1.538490132851382,-1.5739987025036597,-1.574180261906295,-1.580899373206472,-1.564763489858458,-1.5412570912614525,-0.9250812680249764,-1.6215314765937672,-1.5620017183161004,-1.577555800635683,-1.560218568662139,-1.528547888192559,-1.5596129394596159,-1.577288481368834,-1.5636983555470096,-1.5555988303573012,-1.5457171969082957,-1.5584083331553824,-0.11066426808372769,-1.5886436182413102,-1.5440381872290212,-1.596059812277497
68,1519069244,-1.600976129193617,-1.513663652671902,-1.561378378357483,-1.5938090038680852,-1.5605072367412087,-1.5668103787032857,-1.6011207389287958,-1.5378130603565905,-1.624877555172354,-1.5424149629303825,-1.528785086749493,-1.5972601743624923,-1.5690067394886251,-1.6025095652744117,-1.5602301461221826,-1.5848822731956826,-1.606051190250396,-1.5482634082914088,-1.5862540305486208,-1.5751251328519758,-1.5808815208773366,-1.5596486971975956,-0.08572961197044983,-1.5702766094773468,-1.5417915251831886,-1.5692425189745478,-1.541303564576709,-1.6254597786715548,-1.6002083904074926,-1.408018310893709,-1.586333459922578,-1.5414043913378703,-1.619032644044586,-0.43170440300269347,-1.5559112529257235,-1.5531378652022245,-1.5435887996049007,-1.5511424407948307,-1.5321843557731831,-1.6195121662040062,-0.5602460913902577,-1.5811306908939033,-1.568380368385544,-1.6186658414012265,-0.042223416015498456,-1.5272014859366705,-1.548443576158981,-1.5479917961944722,-1.5797070884557094,-1.6970755292056576,-1.547849658746025,-1.6184027163447758,-1.630799285465014,-1.549995795810546,-1.6270570415253396,-1.6175228858450994,-1.5280554847928922,-1.5988784750372078,-1.5643001757747685,-1.56029726119564,-1.5721858675775562,-1.5254955847141565,-1.5704608165688245,0.6122756801571416,-1.5383461638598435,-1.5561943774118143,-1.5669441421457864,-1.5858410097514195,-1.5515971981939414,-1.5357617213818386,-1.5467259320222024,-1.6265118667255383,-1.5328827070905595,-1.618942158338571,-1.5436978824791872,-1.5608113800911887,-1.5968633751377634,-1.5559786168536132,-1.5212970503867433,-1.517034008850028,-1.6280731375994049,-1.5543232715922612,-1.5703525720000937,-1.02503224125929,-1.5607148922533887,-1.5293914891837042,-1.5361266140875462,-0.48064420054067636,-1.5575700562217867,-1.3205307976305405,-1.5659234499893095,-1.5937479886049184,-1.5756992520144202,-1.6177008170270464,-1.5204801496956755,-1.5791125777311954,-1.5460627587399451,-1.5499179429886156,-1.6185437866771288,-1.5586479088394642,-1.5569284311617027,-1.5929434685670092,-1.55977820941894,-1.5936768993856916,-1.5725827231062346,-1.5211355408922038,-1.5845915652982097,-1.566807340015676,-1.536188465333191,-1.5723044182600565,-1.5723144130788962,-1.5798508547200076,-1.5616868961236048,-1.5397721480761262,-0.9244449112054238,-1.6187733635630481,-1.560955634022981,-1.5750196572235369,-1.5590382078242928,-1.5273882885746903,-1.5578429690386963,-1.5753835909192972,-1.561848457130183,-1.5540731918974269,-1.544606448894084,-1.5571643298453544,-0.11066426808372769,-1.5861502590432643,-1.5428263665924262,-1.5938101302798202
69,1519069249,-1.5967917701254195,-1.5113407051280952,-1.5598932716060494,-1.5915609486555204,-1.5593256653207201,-1.5646619631379068,-1.597631467772663,-1.536661271965122,-1.6221230984938477,-1.541202796171793,-1.52583614499256,-1.5956927722172185,-1.5672485218767358,-1.599020703195039,-1.5587455986464704,-1.5829735902104194,-1.6033563940955051,-1.5458746429673889,-1.584036315242114,-1.5732197440478755,-1.5793082685724769,-1.5581663259495744,-0.08572961197044983,-1.5677208022006435,-1.5403057150170338,-1.5680406165650873,-1.5398170770486201,-1.6233740093248,-1.5974202246765892,-1.4070265228550796,-1.5838399213755385,-1.53905105559564,-1.6168239871816066,-0.8206015321082163,-1.5543146964692112,-1.551103267251743,-1.5423746380260146,-1.5491348809797023,-1.5307149972245697,-1.6165245503308434,-0.5602460913902577,-1.5799316517354223,-1.5653753117676918,-1.6171705338747449,-0.042223416015498456,-1.5248837158415784,-1.5472500894291925,-1.546799281625218,-1.5778145007960984,-1.6943348438449404,-1.5472522505575035,-1.6162033278832246,-1.6287217421244633,-1.5479925843293945,-1.6249658867604093,-1.6153166673956039,-1.5265500248173862,-1.5972221715132047,-1.561732384002587,-1.5592498528018215,-1.5703214046110514,-1.5243374758298547,-1.5679109719310798,0.5917112485867336,-1.5365851603045009,-1.5546661178756764,-1.5631892449002112,-1.5839683515307874,-1.5495883507063466,-1.53461245532227,-1.545177170872589,-1.6250269910054393,-1.5318816556083077,-1.6161828932959208,-1.5424887254678021,-1.5587187582705453,-1.5952109490303676,-1.5543819362039344,-1.5191529854402457,-1.5164545140268615,-1.6252882552033059,-1.5519579098539407,-1.5685506751153055,-1.0248866148670348,-1.5596696076887542,-1.5282104555574554,-1.534400492405888,-0.480638381971905,-1.555977421623431,-1.3205307976305405,-1.5636753075039969,-1.5909363027884078,-1.5725292157776554,-1.6154594411011003,-1.5190540113286748,-1.5769353767261343,-1.5434831507436746,-1.5478799180800178,-1.6163442558712606,-1.5567768625667548,-1.5553299062517423,-1.5901337177717267,-1.558294636117636,-1.5908681329286298,-1.5703269176062102,-1.5197068596664438,-1.5827201242721947,-1.5638066231024061,-1.5350376315740952,-1.5700453726019192,-1.5704485642514974,-1.5788023362335433,-1.5596358336337028,-1.5387821859525752,-0.9236494651809832,-1.6160152505323289,-1.559909549729862,-1.5718494779583543,-1.5572676665675234,-1.5256488891478877,-1.5554830084774705,-1.5728437369865818,-1.559998558713356,-1.5525475534375526,-1.542384952865661,-1.5559203265353263,-0.11066426808372769,-1.5836568998452183,-1.5410086356375339,-1.5915604482821437
70,1519069255,-1.5940021974132876,-1.5107599682421433,-1.5579131292708048,-1.5887508796398147,-1.5575533081899873,-1.5625135475725282,-1.594840050847757,-1.5343576951821851,-1.6193686418153415,-1.5399906294132033,-1.5240667799384,-1.5936029026901868,-1.5648118756723353,-1.596229613531541,-1.5572610511707585,-1.5797924519016473,-1.6006615979406145,-1.5452774516363839,-1.5812641711089805,-1.5713143552437754,-1.5782594337025704,-1.5556957072028723,-0.08572961197044983,-1.56516499492394,-1.539315174906264,-1.566838714155627,-1.5388260853632274,-1.6212882399780448,-1.594632058945686,-1.4050429467778203,-1.581969767465259,-1.5361093859178523,-1.6146153303186273,-0.5983746011907747,-1.552718140012699,-1.549577318788882,-1.5399463148682426,-1.5464581345595312,-1.5292456386759565,-1.6142838384259715,-0.5602460913902577,-1.5775335734184597,-1.5631215193043027,-1.6141799188217818,-0.042223416015498456,-1.5243042733178054,-1.546056602699404,-1.5462030243405909,-1.5746601880300801,-1.6915241620439943,-1.5460574341804603,-1.6134540923062854,-1.6266441987839129,-1.5453216356878592,-1.6221776804071688,-1.6131104489461083,-1.5255463848337156,-1.595013766814534,-1.5591645922304054,-1.5582024444080032,-1.5678354539890453,-1.5231793669455531,-1.5659985884527712,0.6054208696336724,-1.534824156749158,-1.5531378583395385,-1.560936306552866,-1.5820956933101555,-1.547579503218752,-1.532313923203133,-1.5425959022899,-1.622799677425291,-1.5308806041260556,-1.6139754812618006,-1.5406749899507244,-1.5576724473602235,-1.5930077142205066,-1.5527852555542556,-1.5162942321782487,-1.5152955243805284,-1.622503372807207,-1.5507752289847803,-1.5673494105254466,-1.0247409884747798,-1.55862432312412,-1.5246673546787088,-1.533249744618116,-0.4806296541187479,-1.5543847870250753,-1.3205307976305405,-1.5614271650186844,-1.5886869541351993,-1.5699931867882435,-1.6139651904838028,-1.5162017345946737,-1.5747581757210733,-1.5414194643466583,-1.5463513993985696,-1.6135948423639253,-1.554282134203142,-1.5531985397051284,-1.5873239669764443,-1.5568110628163319,-1.5880593664715679,-1.568635063481192,-1.5175638378278036,-1.5808486832461794,-1.5615560854174537,-1.5338867978149997,-1.5677863269437817,-1.5673388162058326,-1.5777538177470791,-1.557584771143801,-1.5377922238290243,-0.9230131083614308,-1.6132571375016096,-1.5588634654367428,-1.5686792986931717,-1.556087305729677,-1.524489289530019,-1.5543030281968575,-1.570938846537045,-1.5576861856923225,-1.5510219149776783,-1.540163456837238,-1.5534323199152704,-0.11066426808372769,-1.5805402008476608,-1.5397968150009391,-1.589310766284467
71,1519069260,-1.591212624701156,-1.5095984944702399,-1.55593298693556,-1.5865028244272499,-1.5563717367694987,-1.5603651320071494,-1.5920486339228508,-1.5326300125949825,-1.6166141851368352,-1.5375662958960241,-1.5222974148842403,-1.5920355005449127,-1.5633876935124837,-1.5934385238680429,-1.5552816545364756,-1.577883768916384,-1.5979668017857236,-1.5440830689743739,-1.5790464558024737,-1.5687738368383086,-1.5772105988326637,-1.5537192122055106,-0.08572961197044983,-1.5632481394664122,-1.538324634795494,-1.5662377629508968,-1.5378350936778349,-1.6192024706312897,-1.5911468517820566,-1.4045470527585056,-1.57885284428146,-1.5343443841111797,-1.612406673455648,-1.1539419284843786,-1.5511215835561867,-1.5480513703260208,-1.5381250724999136,-1.54378138813936,-1.5282660663102143,-1.61279003048939,-0.5602460913902577,-1.5763345342599784,-1.5608677268409137,-1.6119369575320592,-0.042223416015498456,-1.5231453882702592,-1.5448631159696156,-1.5438179952020825,-1.5727676003704691,-1.6888830592477266,-1.543070393237852,-1.6107048567293463,-1.6245666554433624,-1.542650687046324,-1.6200865256422385,-1.6103526758842388,-1.5245427448500448,-1.5933574632905312,-1.5571103588126602,-1.556107627620366,-1.5647280157115375,-1.5214422036191007,-1.5647236661338988,0.5814290328015297,-1.5330631531938155,-1.5516095988034007,-1.5586833682055208,-1.5802230350895237,-1.5455706557311575,-1.5300153910839962,-1.5410471411402868,-1.6213148017051922,-1.5298795526438038,-1.6112162162191501,-1.5394658329393391,-1.5566261364499019,-1.5913552881131108,-1.5506563480213504,-1.514150167231751,-1.5141365347341955,-1.6204147110101326,-1.5490012076810398,-1.5667487782305174,-1.0245953620825248,-1.5565337539948512,-1.5234863210524598,-1.5315236229364575,-0.48062383554997656,-1.5527921524267196,-1.3205307976305405,-1.5584296417049344,-1.5858752683186887,-1.5674571577988319,-1.6117238145578567,-1.5133494578606723,-1.5725809747160122,-1.5398716995488961,-1.5448228807171211,-1.611395311558057,-1.5530347700213358,-1.551600014795168,-1.5850761663402184,-1.5548329650812596,-1.585250600014506,-1.5669432093561741,-1.5161351566020433,-1.578353428544826,-1.5593055477325015,-1.5315851302968087,-1.5655272812856444,-1.5654729673784338,-1.5767052992606148,-1.555533708653899,-1.536307280643698,-0.9223767515418783,-1.6110506470770343,-1.5572943389970642,-1.566777191134062,-1.5537265840539844,-1.5239094897210848,-1.5531230479162446,-1.5677640291211505,-1.5558362872754958,-1.5489877303645125,-1.5384973348159208,-1.5515663149502283,-0.11066426808372769,-1.5786701814491264,-1.5379790840460468,-1.5864986637873713
72,1519069266,-1.5870282656329582,-1.5066948100404813,-1.553457809016504,-1.5831307416084026,-1.5540085939285218,-1.5575005779199778,-1.5878615085354915,-1.5303264358120456,-1.6117938859494492,-1.53453587899955,-1.5193484731273073,-1.5883782288726072,-1.5608138079363159,-1.5892518893727958,-1.5528074087436223,-1.574702630607612,-1.5939246075533875,-1.5410971123193489,-1.5751654540160867,-1.5636928000273747,-1.5751129290928507,-1.5512485934588085,-0.08572961197044983,-1.5606923321897088,-1.5358482845185693,-1.5638339581319762,-1.5353576144643533,-1.6157261883866982,-1.5869646031857016,-1.4020675826619315,-1.575735921097661,-1.5308143804978345,-1.6079893597296893,-0.8206015321082163,-1.5473962851576581,-1.545508122887919,-1.5350896685526987,-1.5404354551141461,-1.525817135395859,-1.6083086066796461,-0.5567771649665584,-1.5727374167845345,-1.5571114060685984,-1.6089463424790962,-0.042223416015498456,-1.520248175651394,-1.5412826557802504,-1.541432966063574,-1.5696132876044508,-1.6859843406869048,-1.5412781686722872,-1.6063060798062438,-1.6211040832091117,-1.5386442640840208,-1.616601267700688,-1.6064917935976217,-1.5220336448908685,-1.590596957417193,-1.5530018919771698,-1.554012810832729,-1.5609990897785282,-1.5197050402926482,-1.5621738214961542,0.598566059110203,-1.5295411460831303,-1.549062499576504,-1.5549284709599456,-1.5752292798345051,-1.5415529607559684,-1.5277168589648593,-1.53794961884106,-1.6183450502649945,-1.5278774496793,-1.60790509816797,-1.5352337833994911,-1.5540103591740977,-1.5886012446007844,-1.547995213605219,-1.5112914139697542,-1.5123980502646959,-1.616237387415984,-1.5472271863772993,-1.5643462490507998,-1.024255567167263,-1.5544431848655826,-1.520533736986838,-1.5280713795731409,-0.4806092891280481,-1.5485451268311046,-1.3205307976305405,-1.5546827375627468,-1.581938908175574,-1.564287121562067,-1.6087353133232618,-1.5097841119431707,-1.5682265727058902,-1.5367761699533715,-1.542275349581374,-1.6069962499463206,-1.5505400416577233,-1.5484029649752473,-1.5817044653858794,-1.5518658184786513,-1.5818800802660316,-1.5641234524811438,-1.5118491129247629,-1.5746105464927957,-1.5555546515909142,-1.5292834627786176,-1.5627034742129726,-1.5617412697236361,-1.5746082622876862,-1.5514315836740948,-1.5343273563965962,-0.9214222163125496,-1.6071892888340276,-1.5541560861177068,-1.564241047721916,-1.5513658623782918,-1.5210104906764133,-1.5507630873550187,-1.5639542482220772,-1.5530614396502556,-1.5464449995980556,-1.535720464780392,-1.5490783083301722,-0.11066426808372769,-1.5749301426520574,-1.534343622136262,-1.5814368792925988
73,1519069272,-1.5828439065647606,-1.5061140731545297,-1.550487595513637,-1.5791966449864143,-1.5516454510875446,-1.553919885311013,-1.5836743831481321,-1.5268710706376403,-1.6076622009316897,-1.5333237122409604,-1.5181688964245341,-1.5868108267273333,-1.5583616251992625,-1.5850652548775486,-1.5508280121093394,-1.5715214922988399,-1.5898824133210514,-1.5399027296573389,-1.5712844522296998,-1.5605171520205412,-1.5730152593530375,-1.5487779747121064,-0.08572961197044983,-1.558775476732181,-1.5348577444077993,-1.5614301533130555,-1.5343666227789605,-1.6122499061421065,-1.5820853131566208,-1.401075794623302,-1.5732423825506214,-1.5290493786911619,-1.6046763744352202,-0.5983746011907747,-1.545799728701146,-1.5434735249374376,-1.5338755069738126,-1.5370895220889322,-1.5248375630301167,-1.6060678947747742,-0.5602460913902577,-1.5715383776260532,-1.554106349450746,-1.605208073662892,-0.042223416015498456,-1.5196687331276209,-1.5394924256855678,-1.5396441942096926,-1.565828112285229,-1.683183761464961,-1.5400833522952437,-1.6035568442293047,-1.6183340254217111,-1.5353055782821017,-1.6131160097591375,-1.6026309113110044,-1.5210300049071976,-1.5883885527185224,-1.5509476585594246,-1.5529654024389103,-1.558513139156522,-1.5185469314083464,-1.5602614380178457,0.598566059110203,-1.5266061401575592,-1.5465154003496078,-1.5519245531634853,-1.5727324022069957,-1.5382048816099774,-1.5254183268457224,-1.535884603974909,-1.6161177366848463,-1.5268763981970481,-1.6045939801167894,-1.5328154693767209,-1.552964048263776,-1.5863980097909234,-1.5463985329555403,-1.507717972392258,-1.5112390606183628,-1.6134525050198851,-1.5454531650735588,-1.5619437198710824,-1.024109940775008,-1.5528752580186311,-1.5187621865474645,-1.5257698839975966,-0.4806034705592767,-1.5464216140332971,-1.3205307976305405,-1.5501864525921216,-1.5785648851957612,-1.5604830780779493,-1.6057468120886669,-1.5069318352091696,-1.5645979043641216,-1.5352284051556093,-1.540237324672776,-1.6036969537375183,-1.548668995385014,-1.546804440065287,-1.5783327644315406,-1.5493931963098113,-1.5779478072261448,-1.5618676469811197,-1.5082774098603624,-1.5708676644407653,-1.5525539346776445,-1.527557212139974,-1.5604444285548353,-1.5586315216779714,-1.5725112253147577,-1.5488677555617174,-1.5333373942730455,-0.9204676810832209,-1.6033279305910206,-1.5525869596780282,-1.5610708684567334,-1.5495953211215223,-1.5198508910585449,-1.5489931169340991,-1.5614143942893617,-1.5502865920250155,-1.5444108149848899,-1.5334989687519691,-1.5472123033651302,-0.11066426808372769,-1.5718134436545,-1.5331318014996673,-1.578062356296084
74,1519069277,-1.578659547496563,-1.5049525993826263,-1.5485074531783922,-1.5763865759707085,-1.5498730939568117,-1.5496230541802556,-1.5794872577607728,-1.5251433880504377,-1.6042191300835569,-1.5308993787237812,-1.5158097430189876,-1.5847209572003014,-1.5560829337435,-1.578785303134678,-1.5483537663164861,-1.5689765816518222,-1.5858402190887153,-1.5381111556643239,-1.5685123080965662,-1.558611763216441,-1.5709175896132246,-1.547295603464085,-0.08572961197044983,-1.5568586212746536,-1.5328766641862595,-1.5602282509035952,-1.533375631093568,-1.6087736238975148,-1.5792971474257174,-1.3995881125653575,-1.5701254593668224,-1.527284376884489,-1.601915553356496,-1.1539419284843786,-1.5436709867591296,-1.5414389269869562,-1.5314471838160406,-1.535081962273804,-1.5233682044815033,-1.6030802789016114,-0.5602460913902577,-1.5691402993090908,-1.5473449720605787,-1.6037127661364103,-0.042223416015498456,-1.518509848080075,-1.5382989389557793,-1.5384516796404382,-1.5633046620724143,-1.6803817390174451,-1.5388885359182005,-1.6008076086523655,-1.6148714531874602,-1.5333023668009502,-1.6110248549942072,-1.600424692861509,-1.520026364923527,-1.5867322491945195,-1.5488934251416793,-1.5519179940450918,-1.555405700879014,-1.5179678769661957,-1.557711593380101,0.437478011808674,-1.5248451366022167,-1.5449871408134699,-1.547418676468795,-1.5702355245794866,-1.5355264182931847,-1.5242690607861538,-1.5343358428252956,-1.6116631095245497,-1.5253748209736702,-1.6018347150741392,-1.531001733859643,-1.5513945818982935,-1.5841947749810623,-1.5442696254226354,-1.5062885957612595,-1.5095005761488633,-1.6106676226237862,-1.5430878033352382,-1.5595411906913648,-1.0239157722520014,-1.5518299734539969,-1.5169906361080914,-1.5246191362098243,-0.48059765199050536,-1.5448289794349415,-1.3205307976305405,-1.5479383101068092,-1.5763155365425527,-1.5585810563358906,-1.6020111855454233,-1.5047926276586687,-1.561694969690707,-1.5331647187585928,-1.5381992997641782,-1.60149742293165,-1.5467979491123043,-1.5446730735186731,-1.5755230136362581,-1.5479096230085072,-1.5757007940604952,-1.5596118414810956,-1.5061343880217222,-1.5689962234147503,-1.5473026800794223,-1.5246801277422353,-1.5587501443112322,-1.5567656728505725,-1.5709384475850614,-1.5468166930718155,-1.5323474321494945,-0.9196722350587803,-1.6011214401664453,-1.5515408753849091,-1.5585347250445873,-1.5478247798647529,-1.518111491631742,-1.5466331563728732,-1.559509503839825,-1.5484366936081886,-1.5423766303717241,-1.5318328467306517,-1.544724296745074,-0.11066426808372769,-1.5699434242559653,-1.5307081602264776,-1.5758126742984073
75,1519069283,-1.5758699747844311,-1.503210388724771,-1.5465273108431477,-1.5730144931518615,-1.5486915225363231,-1.5474746386148768,-1.5766958408358667,-1.5228398112675008,-1.6014646734050506,-1.528475045206602,-1.5146301663162145,-1.5831535550550275,-1.5537187913581467,-1.5759942134711797,-1.546869218840774,-1.56579544334305,-1.5831454229338244,-1.5369167730023139,-1.5662945927900593,-1.5567063744123408,-1.5693443373083646,-1.5453191084667235,-0.08572961197044983,-1.55430281399795,-1.5318861240754895,-1.5584253972894047,-1.5323846394081753,-1.6059925981018415,-1.5765089816948141,-1.3990922185460428,-1.568255305456543,-1.524931041142259,-1.5997068964935166,-0.43170440300269347,-1.5415422448171132,-1.539912978524095,-1.5302330222371545,-1.5330744024586755,-1.5223886321157611,-1.6008395669967395,-0.5602460913902577,-1.5673417405713688,-1.5450911795971898,-1.6007221510834473,-0.042223416015498456,-1.5173509630325288,-1.5371054522259908,-1.5378554223558112,-1.5614120744128033,-1.6775941488256467,-1.538291127729679,-1.5986082201908143,-1.6127939098469097,-1.5312991553197985,-1.6082366486409667,-1.5982184744120134,-1.518520904948021,-1.583971743321181,-1.5463256333694977,-1.5508705856512732,-1.5535412379125093,-1.516809768081894,-1.5557992099017923,0.6157030854188763,-1.523084133046874,-1.543458881277332,-1.5451657381214499,-1.5683628663588545,-1.5335175708055901,-1.5219705286670169,-1.5327870816756821,-1.610178233804451,-1.5243737694914181,-1.599627303040019,-1.5297925768482579,-1.549825115532811,-1.5819915401712012,-1.5421407178897302,-1.504859219130261,-1.5083415865025303,-1.6085789608267118,-1.5419051224660778,-1.558339926101506,-1.0237701458597463,-1.5507846888893624,-1.5158096024818424,-1.522893014528166,-0.480591833421734,-1.5432363448365858,-1.3205307976305405,-1.5456901676214967,-1.5735038507260422,-1.5566790345938317,-1.5997698096194772,-1.503366489291668,-1.5595177686856458,-1.5316169539608306,-1.53667078108273,-1.598748009424315,-1.5436795386577886,-1.5430745486087127,-1.573275213000032,-1.546426049707203,-1.5734537808948457,-1.5579199873560774,-1.5047057067959622,-1.567124782388735,-1.54505214239447,-1.5235292939831397,-1.5564910986530949,-1.5542778744140409,-1.5693656698553649,-1.5447656305819133,-1.5313574700259436,-0.9187176998294516,-1.59891494974187,-1.55049479109179,-1.5566326174854779,-1.5460542386079834,-1.5169518920138734,-1.5454531760922603,-1.5569696499071095,-1.546124320587155,-1.5403424457585584,-1.529055976695123,-1.542236290125018,-0.11066426808372769,-1.568073404857431,-1.5282845189532879,-1.5735629923007308
76,1519069289,-1.5730804020722995,-1.5026296518388194,-1.545042204091714,-1.5702044241361555,-1.546328379695346,-1.545326223049498,-1.5739044239109603,-1.5216880228760323,-1.5987102167265443,-1.5260507116894229,-1.5128608012620546,-1.5815861529097537,-1.5511319586714347,-1.5732031238076818,-1.5453846713650619,-1.5632505326960324,-1.5804506267789338,-1.535722390340304,-1.5640768774835525,-1.5548009856082408,-1.567771085003505,-1.543836737218702,-0.08572961197044983,-1.5530249103595983,-1.5304003139093345,-1.5572234948799442,-1.5313936477227827,-1.6039068287550864,-1.5730237745311848,-1.3981004305074132,-1.5657617669095036,-1.5231660393355864,-1.5974982396305373,-0.5428178684614143,-1.539945688360601,-1.5378783805736136,-1.5278046990793825,-1.5297284694334619,-1.521409059750019,-1.599345759060158,-0.5602460913902577,-1.5661427014128875,-1.5428373871338006,-1.5992268435569656,-0.042223416015498456,-1.5167715205087557,-1.5365087088610967,-1.5366629077865568,-1.5595194867531923,-1.6747683131561975,-1.5359014949755925,-1.595858984613875,-1.6100238520595092,-1.5286282066782633,-1.6061454938760364,-1.5960122559625178,-1.5175172649643505,-1.5823154397971781,-1.5442713999517526,-1.5492994730605456,-1.5510552872905032,-1.5150726047554415,-1.55452428758292,0.5163083328285711,-1.5213231294915315,-1.5414212018958147,-1.5429127997741046,-1.5664902081382226,-1.5315087233179956,-1.5208212626074484,-1.5307220668095312,-1.6072084823642534,-1.5233727180091663,-1.5968680379973685,-1.5285834198368726,-1.5487788046224893,-1.5803391140638055,-1.5400118103568252,-1.5005710892372657,-1.5077620916793637,-1.6064902990296377,-1.5395397607277572,-1.556538029216718,-1.0235759773367394,-1.5497394043247281,-1.5134475352293448,-1.521742266740394,-0.4805860148529626,-1.5416437102382303,-1.3205307976305405,-1.5426926443077467,-1.5712545020728337,-1.5547770128517728,-1.597528433693531,-1.500514212557667,-1.5573405676805847,-1.5300691891630684,-1.5346327561741322,-1.5959985959169796,-1.5418084923850792,-1.540943182062099,-1.5710274123638062,-1.5449424764058988,-1.571206767729196,-1.5562281332310592,-1.502562684957322,-1.5652533413627199,-1.5428016047095177,-1.5223784602240442,-1.554796814409492,-1.551168126368376,-1.5683171513689007,-1.5427145680920114,-1.5298725268406173,-0.9180813430098991,-1.5967084593172947,-1.5494487067986709,-1.5547305099263684,-1.544873877770137,-1.5152124925870705,-1.5430932155310344,-1.5550647594575728,-1.5438119475661216,-1.538816807298684,-1.5268344806667,-1.54099228681499,-0.11066426808372769,-1.5662033854588964,-1.527072698316693,-1.571313310303054
77,1519069294,-1.5702908293601676,-1.5003067042950124,-1.5435570973402803,-1.5679563689235907,-1.5451468082748574,-1.5431778074841194,-1.5711130069860542,-1.5205362344845639,-1.5952671458784116,-1.5248385449308333,-1.5116812245592814,-1.5800187507644798,-1.548464853899349,-1.5704120341441836,-1.54390012388935,-1.5613418497107692,-1.577755830624043,-1.5345280076782941,-1.561304733350419,-1.5522604672027738,-1.5667222501335982,-1.5423543659706809,-0.08572961197044983,-1.5511080549020706,-1.5289145037431797,-1.5560215924704839,-1.53040265603739,-1.6018210594083315,-1.5702356088002816,-1.3971086424687835,-1.563891612999224,-1.5214010375289138,-1.5941852543360684,0.0683061915615501,-1.5378169464185847,-1.5358437826231321,-1.5253763759216106,-1.5277209096183335,-1.5204294873842767,-1.5971050471552861,-0.5602460913902577,-1.5649436622544062,-1.5405835946704114,-1.596983882267243,-0.042223416015498456,-1.5156126354612096,-1.5353152221313082,-1.5354703932173026,-1.5569960365403777,-1.6719619610319665,-1.534706678598549,-1.5936595961523239,-1.6079463087189587,-1.5266249951971118,-1.6040543391111062,-1.5938060375130223,-1.5155099849970093,-1.5806591362731752,-1.5422171665340072,-1.5477283604698178,-1.5491908243239985,-1.51391449587114,-1.5526119041046116,0.619130490680611,-1.519562125936189,-1.5398929423596768,-1.5406598614267595,-1.5627448916969586,-1.5294998758304008,-1.5190973635180958,-1.52865705194338,-1.6057236066441545,-1.5223716665269145,-1.5946606259632483,-1.5261651058141024,-1.5477324937121677,-1.5786866879564097,-1.5384151297071462,-1.4991417126062672,-1.5066031020330306,-1.6037054166335385,-1.5377657394240167,-1.555336764626859,-1.0231390981599744,-1.5486941197600939,-1.5116759847899714,-1.5205915189526216,-0.48057728699980556,-1.5395201974404227,-1.3205307976305405,-1.540444501822434,-1.5690051534196252,-1.552874991109714,-1.5960341830762335,-1.4990880741906663,-1.5537118993388164,-1.528521424365306,-1.5325947312655344,-1.5932491824096444,-1.5405611282032727,-1.538811815515485,-1.56877961172758,-1.5434589031045947,-1.5689597545635465,-1.554536279106041,-1.5011340037315617,-1.5633819003367049,-1.5405510670245652,-1.5212276264649485,-1.5531025301658887,-1.5486803279318444,-1.5672686328824363,-1.5406635056021094,-1.5288825647170665,-0.9171268077805704,-1.5945019688927193,-1.5484026225055516,-1.5528284023672587,-1.5425131560944443,-1.5134730931602678,-1.5413232451101149,-1.5531598690080362,-1.538724726919848,-1.5367826226855184,-1.522391488609854,-1.5391262818499478,-0.11066426808372769,-1.564333366060362,-1.5246490570435032,-1.5685012078059584
78,1519069300,-1.5640142907578711,-1.4979837567512055,-1.5405868838374133,-1.5628982446953201,-1.5410113083031476,-1.5381648378315689,-1.5655301731362419,-1.5176567635058928,-1.5890696183517723,-1.5218081280343592,-1.5087322828023484,-1.5763614790921743,-1.5463674219912042,-1.5648298548171875,-1.5399413306207843,-1.5562520284167338,-1.5716925392755388,-1.5327364336852791,-1.555760445084152,-1.5484496895945734,-1.564100162958832,-1.538895499725298,-0.08572961197044983,-1.5485522476253673,-1.526438153466255,-1.5524158852421028,-1.527429680981212,-1.5969542642659031,-1.563962235905749,-1.3946291723722097,-1.560151305178665,-1.5178710339155683,-1.5892157763943648,-1.2650553939430995,-1.5346238335055602,-1.53279188569741,-1.5223409719743957,-1.523036603383034,-1.5174907702870502,-1.593370527313833,-0.5602460913902577,-1.5613465447789625,-1.5360760097436332,-1.593245613451039,-0.042223416015498456,-1.5121359803185714,-1.5323315053068371,-1.533085364078794,-1.5519491361147484,-1.6691772572913115,-1.5323170458444626,-1.5892608192292212,-1.6030987075910075,-1.521950835074425,-1.5991749779929354,-1.5888420460016572,-1.5135027050296679,-1.5767944280505017,-1.538108699698517,-1.5456335436821806,-1.5454618983909891,-1.510440169218235,-1.5487871371479944,0.3517928802653076,-1.514279115270161,-1.5358175835966426,-1.535403005282954,-1.5589995752556949,-1.5241429491968155,-1.5162241983691747,-1.5255595296441533,-1.601268979483858,-1.5188679863390326,-1.5902458018950079,-1.5231422132856394,-1.5456398718915243,-1.5753818357416183,-1.5352217684077887,-1.4948535827132718,-1.502546638270865,-1.59952809303939,-1.5348090372511158,-1.5529342354471416,-1.0227993032447127,-1.546080908348508,-1.5087234007243495,-1.5165639016954189,-0.4805656498622628,-1.5363349282437113,-1.3205307976305405,-1.534449455194934,-1.5639441189499064,-1.5484369403782434,-1.5908043059156924,-1.4948096590896645,-1.5486317636603404,-1.5254258947697816,-1.5295376939026377,-1.588850120797908,-1.536819035657854,-1.5350819240589109,-1.564284010455128,-1.5395027076344505,-1.5639039749408352,-1.5505886194809988,-1.4961336194414012,-1.5583913909339977,-1.5360499916546606,-1.5171997083081141,-1.5497139616786826,-1.5449486302770465,-1.5641230774230435,-1.5355358493773543,-1.5259126783464139,-0.9158540941414655,-1.5895373654374247,-1.545787411772754,-1.5490241872490398,-1.5389720735809054,-1.5111538939245306,-1.538963284548889,-1.5480801611426052,-1.5350249300861945,-1.5332227996124785,-1.5190592445672195,-1.536016273574878,-0.11066426808372769,-1.55934664766427,-1.521619505452016,-1.5640018438106051
79,1519069305,-1.5605273248677065,-1.4962415460933505,-1.5391017770859798,-1.5606501894827554,-1.539829736882659,-1.53601642226619,-1.562040901980109,-1.5165049751144244,-1.586315161673266,-1.5205959612757696,-1.5051935526940288,-1.5747940769469002,-1.544839662947,-1.5613409927378148,-1.5384567831450724,-1.5543433454314706,-1.5689977431206479,-1.5309448596922641,-1.5535427297776452,-1.5465443007904733,-1.5630513280889253,-1.5374131284772767,-0.08572961197044983,-1.5459964403486637,-1.5249523433001,-1.5518149340373726,-1.5259431934531231,-1.5941732384702298,-1.5611740701748456,-1.39363738433358,-1.557034381994866,-1.5149293642377806,-1.5870071195313855,-1.7095092557779827,-1.5324950915635438,-1.5302486382593081,-1.5205197296060666,-1.5210290435679057,-1.516511197921308,-1.5896360074723797,-0.5602460913902577,-1.5601475056204812,-1.532319688971318,-1.5910026521613168,-0.042223416015498456,-1.5103976527472522,-1.5311380185770487,-1.5318928495095399,-1.5500565484551374,-1.6664488393479542,-1.531719637655941,-1.58706143076767,-1.601021164250457,-1.5199476235932734,-1.5970838232280051,-1.5866358275521617,-1.511997245054162,-1.5751381245264988,-1.5355409079263354,-1.544586135288362,-1.5435974354244846,-1.509861114776084,-1.5455998313508137,0.31409142238622634,-1.5125181117148183,-1.5342893240605047,-1.5316481080373787,-1.5571269170350628,-1.5221341017092207,-1.5150749323096062,-1.5240107684945399,-1.5990416659037097,-1.5178669348567808,-1.5869346838438274,-1.5213284777685618,-1.5440704055260417,-1.5737294096342225,-1.53362508775811,-1.4934242060822733,-1.501387648624532,-1.5960469900442664,-1.5324436755127953,-1.5517329708572827,-1.0226536768524577,-1.5450356237838736,-1.5069518502849761,-1.5154131539076467,-0.4805569220091057,-1.5347422936453559,-1.3205307976305405,-1.5322013127096215,-1.561694770296698,-1.5465349186361845,-1.5885629299897464,-1.4926704515391633,-1.5464545626552795,-1.522846286773511,-1.5274996689940399,-1.5866505899920398,-1.5355716714760477,-1.5334833991489505,-1.5614742596598457,-1.5380191343331464,-1.5616569617751856,-1.5477688626059685,-1.493990597602761,-1.5565199499079827,-1.5330492747413909,-1.5154734576694708,-1.5474549160205453,-1.5430827814496477,-1.5630745589365793,-1.5334847868874524,-1.524922716222863,-0.9150586481170249,-1.5873308750128494,-1.5447413274796347,-1.5458540079838572,-1.5377917127430591,-1.5094144944977277,-1.5360133338473567,-1.5461752706930685,-1.5331750316693677,-1.5316971611526042,-1.5173931225459023,-1.5347722702648499,-0.11066426808372769,-1.5574766282657355,-1.5198017744971237,-1.5617521618129284
80,1519069311,-1.5591325385116406,-1.495080072321447,-1.5376166703345462,-1.5595261618764729,-1.5386481654621704,-1.5345841452226041,-1.560645193517656,-1.5147772925272218,-1.584937933334013,-1.5187777111378853,-1.5040139759912556,-1.5732266748016264,-1.5423719436772936,-1.559945447906066,-1.5374670848279308,-1.5537071177697162,-1.5676503450432024,-1.5297504770302541,-1.5518794432977652,-1.54527404158774,-1.5620024932190189,-1.5364248809785959,-0.08572961197044983,-1.544718536710312,-1.52396180318933,-1.5506130316279123,-1.5244567059250342,-1.5927827255723932,-1.559779987309394,-1.3931414903142652,-1.5557876127213464,-1.5119876945599928,-1.5859027910998957,-0.37614767027333307,-1.5308985351070317,-1.5292313392840675,-1.5193055680271805,-1.5196906703578201,-1.5155316255555658,-1.5881421995357983,-0.5567771649665584,-1.5583489468827594,-1.530817160662392,-1.5902549983980758,-0.042223416015498456,-1.508659325175933,-1.5305412752121543,-1.5307003349402855,-1.5475330982423228,-1.6636518681899395,-1.5305248212788978,-1.5854118894215066,-1.5996361353567567,-1.5186121492725058,-1.5956897200513849,-1.585532718327414,-1.5109936050704915,-1.5740339221771633,-1.5329731161541538,-1.5435387268945435,-1.5423544601134813,-1.5087030058917823,-1.5443249090319413,0.6362675169892843,-1.5107571081594757,-1.533270484369746,-1.5301461491391486,-1.5558784782213082,-1.5207948700508245,-1.5139256662500375,-1.5224620073449264,-1.5975567901836107,-1.5168658833745288,-1.5858309778267674,-1.5201193207571766,-1.54302409461572,-1.572627792229292,-1.5320284071084311,-1.4919948294512748,-1.5002286589781988,-1.594654548846217,-1.5318523350782152,-1.550531706267424,-1.0225080504602027,-1.5439903392192393,-1.5057708166587274,-1.5142624061198746,-0.48055110344033436,-1.5331496590470002,-1.3205307976305405,-1.531451931881184,-1.5605700959700937,-1.5452669041414786,-1.5870686793724489,-1.491957382355663,-1.5457288289869258,-1.5212985219757489,-1.526480656539741,-1.5850009418876385,-1.5343243072942412,-1.5318848742389901,-1.5603503593417327,-1.5370300854656103,-1.5605334551923609,-1.5466409598559565,-1.493276256989881,-1.5558961362326442,-1.531548916284756,-1.5148980407899229,-1.5463253931914767,-1.541216932622249,-1.562026040450115,-1.5314337243975504,-1.5239327540993122,-0.9147404697072486,-1.5862276298005618,-1.5436952431865156,-1.5452199721308206,-1.5366113519052127,-1.508254894879859,-1.5348333535667438,-1.5455403072098894,-1.5322500824609542,-1.5306800688460214,-1.5162823745316907,-1.5335282669548218,-0.11066426808372769,-1.5562299486667124,-1.5179840435422314,-1.5606273208140902
81,1519069317,-1.554948179443443,-1.4944993354354952,-1.5356365279993016,-1.5555920652544846,-1.5368758083314376,-1.5317195911354324,-1.5564580681302966,-1.5130496099400192,-1.5808062483162535,-1.5175655443792957,-1.5028343992884825,-1.5716592726563525,-1.5396867129504463,-1.5557588134108187,-1.5349928390350775,-1.5498897517991896,-1.5636081508108663,-1.5285560943682441,-1.548552870338005,-1.542733523182273,-1.5609536583491124,-1.5339542622318938,-0.08572961197044983,-1.5415237776144326,-1.5229712630785601,-1.549411129218452,-1.5234657142396415,-1.59000169977672,-1.5555977387130389,-1.391157914237006,-1.5532940741743069,-1.5102226927533202,-1.5825898058054269,-0.0983640066265311,-1.5293019786505193,-1.527196741333586,-1.5168772448694086,-1.5163447373326062,-1.5140622670069526,-1.5859014876309263,-0.5567771649665584,-1.557149907724278,-1.5278121040445396,-1.5865167295818718,-0.042223416015498456,-1.50807988265216,-1.529347788482366,-1.528911563086404,-1.5450096480295081,-1.660831805422777,-1.5287325967133327,-1.5826626538445674,-1.5968660775693562,-1.5152734634705867,-1.5922044621098344,-1.5822233906531706,-1.5099899650868207,-1.571273416303825,-1.5309188827364084,-1.541967614303816,-1.539868509491475,-1.5075448970074807,-1.5424125255536327,0.6328401117275496,-1.5089961046041331,-1.531232804988229,-1.5271422313426883,-1.553381600593799,-1.5181164067340316,-1.5116271341309007,-1.5198807387622375,-1.5953294766034627,-1.515864831892277,-1.582519859775587,-1.5189101637457914,-1.5419777837053985,-1.5698737487169656,-1.5304317264587524,-1.489136076189278,-1.4996491641550325,-1.591869666450118,-1.5294869733398944,-1.5499310739724947,-1.0223624240679474,-1.5424224123722878,-1.5022277157799808,-1.5125362844382162,-0.4805394663027916,-1.5315570244486445,-1.3205307976305405,-1.5277050277389963,-1.557196072990281,-1.541462860657361,-1.5848273034465028,-1.4883920364381615,-1.5421001606451572,-1.5197507571779867,-1.5239331254039938,-1.5817016456788362,-1.5312058968397255,-1.5297535076923763,-1.5564167082283373,-1.5350519877305382,-1.5566011821524741,-1.5443851543559324,-1.4911332351512407,-1.5527770678559523,-1.5285481993714862,-1.512020956392184,-1.5435015861188048,-1.5387291341857172,-1.5609775219636508,-1.5293826619076483,-1.5229427919757612,-0.9137859344779199,-1.582366271557555,-1.5426491588933966,-1.5414157570126015,-1.5348408106484432,-1.5070952952619907,-1.5330633831458242,-1.5423654897939951,-1.5285502856273008,-1.5286458842328556,-1.5129501304890562,-1.5310402603347657,-0.11066426808372769,-1.5524899098696434,-1.5167722229056366,-1.5572527978175754
82,1519069322,-1.5521586067313111,-1.4921763878916885,-1.534151421247868,-1.55334401004192,-1.5351034512007047,-1.5295711755700538,-1.5536666512053905,-1.5118978215485508,-1.5780517916377472,-1.5151412108621165,-1.5010650342343226,-1.5700918705110787,-1.536991124535164,-1.5522699513314462,-1.5330134424007946,-1.5479810688139264,-1.5609133546559757,-1.5279589030372391,-1.546335155031498,-1.5395578751754393,-1.5599048234792057,-1.531977767234532,-0.08572961197044983,-1.540245873976081,-1.5209901828570205,-1.5488101780137218,-1.522474722554249,-1.5872206739810464,-1.551415490116684,-1.3906620202176914,-1.5501771509905078,-1.5084576909466476,-1.5792768205109577,0.1794196570202709,-1.527173236708503,-1.525670792870725,-1.5150560025010795,-1.5143371775174779,-1.5130826946412104,-1.584407679694345,-0.5567771649665584,-1.5559508685657968,-1.5248070474266875,-1.5842737682921495,-0.042223416015498456,-1.5069209976046138,-1.5287510451174717,-1.5271227912325227,-1.5431170603698972,-1.658011021042829,-1.5263429639592463,-1.5799134182676282,-1.5940960197819554,-1.5132702519894352,-1.589416255756594,-1.580017172203675,-1.508484505111315,-1.5696171127798222,-1.5288646493186633,-1.540396501713088,-1.5367610712139674,-1.5052286792388774,-1.5411376032347603,0.6328401117275496,-1.5072351010487905,-1.5291951256067118,-1.5248892929953433,-1.549636284152535,-1.515437943417239,-1.5093286020117638,-1.5183319776126243,-1.5931021630233144,-1.514863780410025,-1.5797605947329365,-1.516491849723021,-1.5409314727950767,-1.5682213226095698,-1.5283028189258472,-1.4869920112427801,-1.4984901745086994,-1.5897810046530436,-1.5271216116015738,-1.5487298093826358,-1.0222167976756924,-1.5408544855253363,-1.501046682153732,-1.511385536650444,-0.48053364773402024,-1.529433511650837,-1.3205307976305405,-1.5239581235968087,-1.5543843871737704,-1.5389268316679492,-1.5825859275205565,-1.486965898071161,-1.5399229596400963,-1.5182029923802243,-1.521895100495396,-1.579502114872968,-1.5299585326579193,-1.5276221411457624,-1.5541689075921112,-1.533568414429234,-1.5537924156954122,-1.5426933002309142,-1.4882758726997203,-1.5509056268299373,-1.5262976616865338,-1.5102947057535407,-1.5418073018752019,-1.5368632853583184,-1.5599290034771864,-1.5273315994177463,-1.5209628677286595,-0.9131495776583675,-1.5796081585268358,-1.5416030746002773,-1.539513649453492,-1.5318899085538276,-1.5047760960262535,-1.5318834028652113,-1.5398256358612794,-1.5267003872104739,-1.5261031534663985,-1.511284008467739,-1.5291742553697236,-0.11066426808372769,-1.5499965506715976,-1.514348581632447,-1.5544406953204795
83,1519069328,-1.5493690340191795,-1.4915956510057367,-1.5321712789126232,-1.5510959548293553,-1.5333310940699718,-1.527422760004675,-1.5508752342804841,-1.5095942447656139,-1.5746087207896144,-1.513929044103527,-1.4992956691801629,-1.568002000984047,-1.5342722313209018,-1.549478861667948,-1.5315288949250827,-1.5460723858286631,-1.5582185585010848,-1.5255701377132191,-1.5441174397249913,-1.5370173567699725,-1.5588559886092992,-1.5304953959865109,-0.08572961197044983,-1.5383290185185532,-1.5199996427462505,-1.5470073243995313,-1.5209882350261599,-1.584439648185373,-1.5486273243857807,-1.388678444140432,-1.5483069970802283,-1.506692689139975,-1.5765159994322337,0.4016465879377125,-1.5255766802519908,-1.524144844407864,-1.5132347601327505,-1.5116604310973067,-1.5116133360925972,-1.5814200638211824,-0.5567771649665584,-1.5535527902488342,-1.5225532549632983,-1.5812831532391862,-0.042223416015498456,-1.5051826700332949,-1.5257673282930007,-1.5265265339478955,-1.5412244727102862,-1.655188071824523,-1.5257455557707247,-1.577164182690689,-1.592018476441405,-1.5105993033478997,-1.5866280494033536,-1.5772593991418056,-1.5074808651276441,-1.5679608092558193,-1.5268104159009181,-1.5393490933192695,-1.5342751205919611,-1.5046496247967267,-1.5392252197564518,0.6328401117275496,-1.5054740974934477,-1.5271574462251947,-1.522636354647998,-1.547139406525026,-1.512759480100446,-1.5081793359521953,-1.5167832164630108,-1.5916172873032155,-1.513862728927773,-1.5775531826988163,-1.513468957194558,-1.5393620064295943,-1.566568896502174,-1.5267061382761684,-1.4848479462962825,-1.4973311848623663,-1.5869961222569446,-1.5259389307324134,-1.5475285447927771,-1.0220226291526857,-1.539809200960702,-1.499865648527483,-1.5085086671810135,-0.4805220105964775,-1.5267791206535777,-1.3205307976305405,-1.5217099811114962,-1.5515727013572598,-1.5363908026785373,-1.5795974262859618,-1.4841136213371597,-1.5370200249666814,-1.516139305983208,-1.5203665818139478,-1.5773025840670998,-1.5280874863852099,-1.526023616235802,-1.5519211069558854,-1.5310957922603938,-1.5509836492383502,-1.541001446105896,-1.4854185102482,-1.5484103721285838,-1.5240471240015816,-1.5085684551148975,-1.5401130176315987,-1.5349974365309196,-1.55835622574749,-1.5252805369278444,-1.5199729056051086,-0.9125132208388149,-1.5774016681022605,-1.539510906014039,-1.5376115418943823,-1.5307095477159811,-1.5041962962173192,-1.5307034225845983,-1.536650818445385,-1.5243880141894404,-1.5245775150065242,-1.509062512439316,-1.5279302520596956,-0.11066426808372769,-1.5487498710725744,-1.5125308506775546,-1.5516285928233837
84,1519069334,-1.5458820681290146,-1.4904341772338332,-1.5306861721611897,-1.5488478996167905,-1.5309679512289947,-1.5231259288739174,-1.5473859631243514,-1.5078665621784113,-1.5718542641111082,-1.5121107939656424,-1.497526304126003,-1.5664345988387731,-1.5315403909960958,-1.5459899995885755,-1.5290546491322292,-1.5441637028433999,-1.5541763642687487,-1.5237785637202041,-1.5413452955918576,-1.5344768383645055,-1.5567583188694862,-1.5290130247384897,-0.08572961197044983,-1.5370511148802015,-1.5190091026354806,-1.545805421990071,-1.5199972433407674,-1.5823538788386182,-1.5451421172221513,-1.3876866561018024,-1.545813458533189,-1.5049276873333024,-1.5743073425692544,0.45720332066707287,-1.5239801237954784,-1.5226188959450029,-1.5120205985538646,-1.5089836846771356,-1.5101439775439838,-1.5791793519163102,-0.5567771649665584,-1.552353751090353,-1.5195481983454462,-1.578292538186223,-0.042223416015498456,-1.5040237849857487,-1.523977098198318,-1.52354524752476,-1.5380701599442679,-1.6523629577678596,-1.5245507393936812,-1.5749647942291378,-1.5885559042071542,-1.5085960918667483,-1.5838398430501133,-1.5745016260799363,-1.5064772251439735,-1.5663045057318163,-1.5247561824831728,-1.538301684925451,-1.5324106576254564,-1.503491515912425,-1.5373128362781432,0.598566059110203,-1.503126092752991,-1.5251197668436773,-1.5196324368515377,-1.5452667483043938,-1.5100810167836534,-1.5064554368628427,-1.5152344553133976,-1.587162660142919,-1.5123611517043951,-1.574793917656166,-1.5110506431717878,-1.5377925400641117,-1.564365661692313,-1.5251094576264896,-1.4819891930342857,-1.4955927003928666,-1.5849074604598703,-1.5247562498632532,-1.5445253833181303,-1.021828460629679,-1.5377186318314333,-1.49809409808811,-1.506207171605469,-0.4805161920277061,-1.52465560785577,-1.3205307976305405,-1.5179630769693087,-1.5493233527040513,-1.5344887809364784,-1.5773560503600155,-1.4819744137866588,-1.5348428239616203,-1.5145915411854458,-1.5188380631324994,-1.5751030532612316,-1.5268401222034034,-1.5244250913258417,-1.5496733063196595,-1.5291176945253215,-1.5487366360727006,-1.538745640605872,-1.4825611477966798,-1.5452913037518918,-1.5202962278599943,-1.5062667875967062,-1.5384187333879957,-1.5331315877035208,-1.5573077072610257,-1.5227167088154667,-1.5189829434815576,-0.9117177748143743,-1.5746435550715412,-1.5379417795743604,-1.5357094343352728,-1.5295291868781349,-1.5030366965994506,-1.5295234423039854,-1.5347459279958484,-1.5225381157726137,-1.5230518765466499,-1.5073963904179986,-1.5254422454396395,-0.11066426808372769,-1.5456331720750172,-1.5113190300409596,-1.548816490326288
85,1519069339,-1.541697709060817,-1.4881112296900263,-1.529201065409756,-1.5465998444042257,-1.529195594098262,-1.5202613747867457,-1.5438966919682187,-1.5067147737869429,-1.5684111932629754,-1.5108986272070528,-1.4957569390718433,-1.5643447293117412,-1.5289276640882956,-1.5425011375092028,-1.5270752524979465,-1.5422550198581366,-1.5508078690751352,-1.5231813723891992,-1.5391275802853508,-1.5325714495604055,-1.5557094839995795,-1.5275306534904682,-0.08572961197044983,-1.5357732112418496,-1.5180185625247107,-1.5446035195806105,-1.5190062516553746,-1.5795728530429447,-1.542353951491248,-1.386694868063173,-1.5439433046229096,-1.5031626855266296,-1.572098685706275,0.5683167861257937,-1.5218513818534622,-1.5205842979945214,-1.5095922753960926,-1.5069761248620073,-1.5091644051782416,-1.5761917360431477,-0.5602460913902577,-1.5499556727733903,-1.515791877573131,-1.5767972306597413,-0.042223416015498456,-1.5028648999382026,-1.5227836114685296,-1.5229489902401327,-1.536177572284657,-1.64954938951577,-1.523355923016638,-1.5722155586521986,-1.5864783608666038,-1.5065928803855968,-1.5817486882851828,-1.5722954076304407,-1.5044699451766324,-1.5646482022078134,-1.5227019490654277,-1.5372542765316324,-1.52992470700345,-1.5023334070281233,-1.5347629916403986,0.6088482748954069,-1.5013650891976484,-1.5230820874621602,-1.5151265601568473,-1.543394090083762,-1.5067329376376624,-1.5053061708032742,-1.5136856941637842,-1.58567778442282,-1.5113601002221433,-1.5725865056220458,-1.5098414861604028,-1.53674622915379,-1.5621624268824519,-1.5235127769768106,-1.4798451280877878,-1.4944337107465337,-1.5821225780637713,-1.5223908881249324,-1.5439247510232008,-1.0216342921066723,-1.536673347266799,-1.496913064461861,-1.5050564238176969,-0.4805103734589347,-1.5230629732574144,-1.3205307976305405,-1.515714934483996,-1.5470740040508428,-1.5325867591944198,-1.5743675491254205,-1.4805482754196582,-1.531214155619852,-1.5125278547884293,-1.5168000382239015,-1.5729035224553634,-1.525592758021597,-1.5222937247792279,-1.5468635555243768,-1.5276341212240174,-1.546489622907051,-1.5364898351058478,-1.4797037853451593,-1.5434198627258766,-1.5172955109467245,-1.504540536958063,-1.5367244491443928,-1.531265738876122,-1.5562591887745616,-1.5206656463255648,-1.5179929813580069,-0.9109223287899337,-1.5724370646469659,-1.5368956952812414,-1.5325392550700903,-1.5283488260402887,-1.501877096981582,-1.5271634817427595,-1.5328410375463117,-1.520688217355787,-1.5215262380867756,-1.5057302683966813,-1.5229542388195836,-0.11066426808372769,-1.5437631526764826,-1.5088953887677699,-1.5465668083286115
86,1519069345,-1.5361185636365535,-1.4863690190321712,-1.5247457451554556,-1.5415417201759551,-1.5256508798367963,-1.5152484051341952,-1.5376160038871798,-1.502107620221069,-1.5629022799059629,-1.5054438767933995,-1.4928079973149102,-1.5612099250211935,-1.5245515407243884,-1.5369189581822067,-1.5241061575465222,-1.5371651985641013,-1.544744577726631,-1.5201954157341742,-1.5346921496723371,-1.5281255423508384,-1.5536118142597666,-1.5240717872450853,-0.08572961197044983,-1.5313005485076185,-1.5160374823031708,-1.5415987635569597,-1.516528772441893,-1.5754013143494348,-1.5353835371639897,-1.3852071860052286,-1.5402029968023505,-1.499044347977727,-1.5676813719803164,0.2905331224789917,-1.5186582689404375,-1.5170237515811789,-1.5053427098699916,-1.5022918186267078,-1.5072052604467572,-1.573204120169985,-0.5602460913902577,-1.5469580748771872,-1.5112842926463528,-1.570816000553815,-0.042223416015498456,-1.5005471298431103,-1.5203966380089526,-1.5205639611016242,-1.532392396965435,-1.6451598189393501,-1.5209662902625516,-1.5672669346137083,-1.5816307597386525,-1.50191872026291,-1.576172275578702,-1.5673314161190757,-1.5024626652092912,-1.560231392810472,-1.5180799238755007,-1.534635755547086,-1.5249528057594377,-1.499438134817369,-1.5309382246837815,0.46832465916428595,-1.497256080901849,-1.5195161485445052,-1.510620683462157,-1.539648773642498,-1.5027152426624732,-1.5018583726245687,-1.5100719181480198,-1.5812231572625237,-1.5088574715165135,-1.5681716815538054,-1.5062140151262473,-1.534130451877986,-1.5577559572627298,-1.5187227350277743,-1.4755569981947925,-1.4921157314538676,-1.5779452544696229,-1.5194341859520317,-1.5415222218434832,-1.0212944971914106,-1.5345827781375305,-1.49277944676999,-1.5027549282421526,-0.480498736321392,-1.5193468258612512,-1.3205307976305405,-1.509719887856496,-1.5420129695811238,-1.528782715710302,-1.5713790478908258,-1.4762698603186564,-1.52685975360973,-1.509432325192905,-1.5132334946338555,-1.5674046954406928,-1.5206033012943718,-1.5185638333226537,-1.542367954251925,-1.5246669746214092,-1.5419955965757521,-1.5325421754808053,-1.476132082280759,-1.539053166998508,-1.5120442563485024,-1.5016634525603239,-1.5327711192426523,-1.5250462427847924,-1.553637892558401,-1.5160507557232854,-1.5150230949873542,-0.9094905259459407,-1.5674724611916715,-1.5342804845484435,-1.528735039951871,-1.5248077435267495,-1.5001376975547793,-1.5236235409009207,-1.5283962931640596,-1.51606347131372,-1.5179664150137357,-1.5001765283256239,-1.5186002272344854,-0.11066426808372769,-1.5393997740799021,-1.5058658371762828,-1.541505023833839
87,1519069350,-1.5361185636365535,-1.4863690190321712,-1.5247457451554556,-1.5415417201759551,-1.5256508798367963,-1.5152484051341952,-1.5369181496559532,-1.502107620221069,-1.5629022799059629,-1.5054438767933995,-1.4928079973149102,-1.5612099250211935,-1.5236970314284775,-1.5369189581822067,-1.5241061575465222,-1.5371651985641013,-1.544744577726631,-1.5201954157341742,-1.5346921496723371,-1.5281255423508384,-1.5536118142597666,-1.5240717872450853,-0.08572961197044983,-1.5313005485076185,-1.5160374823031708,-1.5415987635569597,-1.5160332765991968,-1.5754013143494348,-1.5353835371639897,-1.3852071860052286,-1.5402029968023505,-1.499044347977727,-1.5676813719803164,0.7349869843138749,-1.5186582689404375,-1.5170237515811789,-1.5053427098699916,-1.5022918186267078,-1.5072052604467572,-1.573204120169985,-0.5602460913902577,-1.5469580748771872,-1.5112842926463528,-1.570816000553815,-0.042223416015498456,-1.4999676873193373,-1.5203966380089526,-1.5205639611016242,-1.532392396965435,-1.643916480109304,-1.5209662902625516,-1.5672669346137083,-1.5816307597386525,-1.5012509831025262,-1.576172275578702,-1.5673314161190757,-1.5024626652092912,-1.560231392810472,-1.5180799238755007,-1.534635755547086,-1.5249528057594377,-1.499438134817369,-1.5309382246837815,0.6225578959423456,-1.497256080901849,-1.5195161485445052,-1.510620683462157,-1.539648773642498,-1.5027152426624732,-1.5018583726245687,-1.5100719181480198,-1.5812231572625237,-1.5088574715165135,-1.5681716815538054,-1.5062140151262473,-1.534130451877986,-1.5577559572627298,-1.5187227350277743,-1.4755569981947925,-1.4921157314538676,-1.5779452544696229,-1.5194341859520317,-1.5415222218434832,-1.0212944971914106,-1.5345827781375305,-1.49277944676999,-1.5027549282421526,-0.480498736321392,-1.5193468258612512,-1.3205307976305405,-1.509719887856496,-1.5420129695811238,-1.528782715710302,-1.5713790478908258,-1.4748437219516557,-1.52685975360973,-1.509432325192905,-1.5132334946338555,-1.5674046954406928,-1.5206033012943718,-1.5185638333226537,-1.542367954251925,-1.5246669746214092,-1.5419955965757521,-1.5325421754808053,-1.476132082280759,-1.539053166998508,-1.511294077120185,-1.5016634525603239,-1.5327711192426523,-1.5250462427847924,-1.553637892558401,-1.5160507557232854,-1.5150230949873542,-0.9094905259459407,-1.5674724611916715,-1.5342804845484435,-1.528735039951871,-1.5236273826889033,-1.5001376975547793,-1.5236235409009207,-1.5283962931640596,-1.51606347131372,-1.5174578688604443,-1.5001765283256239,-1.5186002272344854,-0.11066426808372769,-1.5393997740799021,-1.5058658371762828,-1.541505023833839
88,1519069356,-1.531934204568356,-1.4846268083743162,-1.5227656028202108,-1.5381696373571079,-1.523287736995819,-1.510235435481645,-1.5327310242685939,-1.5003799376338665,-1.5580819807185768,-1.5036256266555152,-1.4904488439093637,-1.5580751207306458,-1.521376909218974,-1.5327323236869594,-1.5221267609122395,-1.5339840602553292,-1.5393549854168496,-1.5190010330721644,-1.531365576712577,-1.524314764742638,-1.5515141445199534,-1.5220952922477238,-0.08572961197044983,-1.5287447412309152,-1.514056402081631,-1.5397959099427692,-1.5145467890711077,-1.571925032104843,-1.5312012885676347,-1.3832236099279693,-1.5364626889817916,-1.4961026782999391,-1.5638162224701024,0.5683167861257937,-1.514932970541909,-1.514480504143077,-1.5035214675016626,-1.4989458856014939,-1.5052461157152728,-1.5702165042968224,-0.5602460913902577,-1.543960476980984,-1.5075279718740375,-1.5678253855008517,-0.042223416015498456,-1.4982293597480183,-1.518009664549376,-1.51937144653237,-1.5298689467526203,-1.6411108495978588,-1.5197714738855082,-1.5639678519213813,-1.5774756730575517,-1.497912297300607,-1.5726870176371515,-1.5640220884448324,-1.5009572052337852,-1.5574708869371339,-1.514998573748883,-1.5335883471532676,-1.52184536748193,-1.4982800259330675,-1.528388380046037,0.6225578959423456,-1.4943210749762779,-1.5169690493176087,-1.5068657862165817,-1.5352792377943567,-1.4986975476872841,-1.500134473535216,-1.5074906495653309,-1.5775109679622765,-1.5078564200342615,-1.564308710494095,-1.5031911225977843,-1.5325609855125033,-1.5550019137504034,-1.5165938274948692,-1.4726982449327957,-1.4909567418075345,-1.574464151474499,-1.5164774837791308,-1.539720324958695,-1.0207119916223903,-1.533014851290579,-1.4910078963306168,-1.5010288065604942,-0.4804900084682349,-1.51616155666454,-1.3205307976305405,-1.5059729837143083,-1.538076609438009,-1.5249786722261842,-1.568390546656231,-1.4719914452176546,-1.5225053515996076,-1.5068527171966344,-1.5106859634981082,-1.5641053992318905,-1.5181085729307593,-1.5164324667760398,-1.538996253297586,-1.5226888768863371,-1.5380633235358654,-1.5297224186057752,-1.4718460386034786,-1.5365579122971544,-1.5075431809785977,-1.4999372019216806,-1.5299473121699805,-1.5225584443482607,-1.5515408555854724,-1.5129741619884323,-1.5140331328638033,-0.908535990716612,-1.5641627255548083,-1.5321883159622052,-1.5255648606866887,-1.5218568414321338,-1.4978184983190421,-1.5212635803396948,-1.5245865122649862,-1.5105137760632397,-1.5154236842472786,-1.4957335362687778,-1.5161122206144293,-0.11066426808372769,-1.5362830750823446,-1.502230375266498,-1.537568080337905
89,1519069362,-1.5277498455001581,-1.4828845977164609,-1.5202904249011548,-1.5342355407351196,-1.5197430227343534,-1.5066547428726802,-1.5285438988812345,-1.4986522550466637,-1.5532616815311908,-1.5012012931383358,-1.488679478855204,-1.5559852512036139,-1.5187823082659355,-1.5278479167758379,-1.5191576659608155,-1.530802921946557,-1.5346390921457906,-1.5172094590791494,-1.52748457492619,-1.5211391167358044,-1.550465309650047,-1.5196246735010215,-0.08572961197044983,-1.5268278857733875,-1.512075321860091,-1.5379930563285786,-1.5125648057003225,-1.5684487498602515,-1.5270190399712795,-1.381735927870025,-1.5339691504347523,-1.4937493425577089,-1.5599510729598887,0.5683167861257937,-1.5128042285998926,-1.5124459061925957,-1.5004860635544475,-1.49559995257628,-1.5037767571666596,-1.5672288884236596,-0.5567771649665584,-1.5421619182432622,-1.5037716511017223,-1.5648347704478884,-0.042223416015498456,-1.496491032176699,-1.516219434454693,-1.5163901601092342,-1.5260837714333984,-1.6383008894096986,-1.5173818411314217,-1.5606687692290544,-1.574705615270151,-1.4952413486590717,-1.569201759695601,-1.560161206158215,-1.4989499252664438,-1.5552624822384633,-1.511917223622265,-1.5309698261687212,-1.5193594168599236,-1.4953847537223133,-1.5264759965677284,0.6157030854188763,-1.4902120666804786,-1.513912530245333,-1.5038618684201215,-1.5321581407599703,-1.4960190843704912,-1.4978359414160791,-1.5054256346991797,-1.5752836543821283,-1.5043527398463798,-1.5609975924429145,-1.500772808575014,-1.53046836369186,-1.5527986789405426,-1.5139326930787378,-1.4698394916707986,-1.4869002780453688,-1.5716792690784,-1.5141121220408102,-1.5385190603688363,-1.0205178230993837,-1.530401639878993,-1.488645829078119,-1.4970011893032915,-0.48047837133069216,-1.5140380438667325,-1.3205307976305405,-1.5029754604005583,-1.5347025864581962,-1.5218086359894196,-1.5646549201129873,-1.4698522376671537,-1.5188766832578393,-1.5047890307996181,-1.508138432362361,-1.5608061030230882,-1.51623752665805,-1.513235416956119,-1.5350626021841907,-1.519227205849961,-1.534692803787391,-1.527466613105751,-1.4697030167648384,-1.5328150302451242,-1.504542464065328,-1.4970601175239417,-1.527688266511843,-1.519448696302596,-1.5499680778557758,-1.5088720370086284,-1.5115582275549262,-0.9075814554872833,-1.5603013673118016,-1.530096147375967,-1.5223946814215061,-1.518905939337518,-1.4960790988922392,-1.5194936099187752,-1.5220466583322707,-1.5077389284379994,-1.51237240732753,-1.4935120402403548,-1.5142462156493872,-0.11066426808372769,-1.5325430362852757,-1.5004126443116057,-1.53419355734139
90,1519069367,-1.5242628796099935,-1.480561650172654,-1.5188053181497212,-1.5319874855225548,-1.518561451313865,-1.5030740502637157,-1.5243567734938752,-1.496924572459461,-1.5505072248526846,-1.4993830430004516,-1.4851407487468844,-1.5538953816765821,-1.5171690982921402,-1.5243590546964654,-1.5176731184851033,-1.5288942389612938,-1.5312705969521772,-1.5148206937551294,-1.5252668596196832,-1.5192337279317043,-1.548892057345187,-1.51764817850366,-0.08572961197044983,-1.523633126677508,-1.5105895116939363,-1.5367911539191184,-1.5105828223295372,-1.5656677240645782,-1.5242308742403763,-1.3812400338507103,-1.5302288426141932,-1.489631005008806,-1.5577424160969093,-0.7094880666494955,-1.5106754866578764,-1.509902658754494,-1.4986648211861184,-1.4935923927611516,-1.5027971848009174,-1.564241272550497,-0.5602460913902577,-1.5403633595055402,-1.5007665944838702,-1.5633394629214068,-0.042223416015498456,-1.4941732620816068,-1.5150259477249048,-1.51519764553998,-1.5241911837737874,-1.6355551527594805,-1.5161870247543785,-1.5584693807675032,-1.5719355574827503,-1.4925704000175364,-1.5671106049306707,-1.5579549877087195,-1.497444465290938,-1.5530540775397927,-1.508322315141211,-1.5299224177749027,-1.517494953893419,-1.4942266448380117,-1.522013768451675,0.4409054170704087,-1.4878640619400216,-1.512384270709195,-1.5008579506236612,-1.5302854825393382,-1.4940102368828967,-1.4961120423267265,-1.5038768735495662,-1.5723139029419306,-1.503351688364128,-1.557686474391734,-1.4995636515636288,-1.5288988973263775,-1.5505954441306815,-1.512336012429059,-1.4684101150398001,-1.4857412883990357,-1.5681981660832764,-1.5123381007370698,-1.5367171634840482,-1.0202751124456253,-1.5293563553143588,-1.4874647954518703,-1.4958504415155194,-0.4804725527619208,-1.5124454092683768,-1.3205307976305405,-1.5007273179152458,-1.5324532378049878,-1.5199066142473607,-1.562413544187041,-1.4677130301166526,-1.5166994822527782,-1.5022094228033476,-1.5061004074537632,-1.55860657221722,-1.5137427982944371,-1.5111040504095052,-1.5316909012298516,-1.5177436325486569,-1.5324457906217415,-1.5235189534807088,-1.4682743355390782,-1.530943589219109,-1.5007915679237407,-1.4959092837648462,-1.5248644594391714,-1.5175828474751971,-1.5489195593693117,-1.5063082088962507,-1.5105682654313752,-0.9067860094628427,-1.5580948768872263,-1.5290500630828479,-1.518590466303287,-1.5171353980807485,-1.4937598996565022,-1.516543659217243,-1.520141767882734,-1.5058890300211727,-1.5103382227143642,-1.4918459182190376,-1.5117582090293311,-0.11066426808372769,-1.530673016886741,-1.497989003038416,-1.5319438753437133
91,1519069373,-1.5214733068978616,-1.4799809132867023,-1.5168251758144766,-1.529177416506849,-1.5173798798933764,-1.5009256346983368,-1.521565356568969,-1.4946209956765242,-1.5477527681741783,-1.497564792862567,-1.4833713836927245,-1.5523279795313083,-1.514437257967334,-1.5215679650329672,-1.5161885710093912,-1.5257131006525217,-1.5285758007972863,-1.5142235024241244,-1.5224947154865498,-1.5173283391276042,-1.5478432224752805,-1.5156716835062982,-0.08572961197044983,-1.5210773194008047,-1.5095989715831664,-1.5355892515096579,-1.5095918306441447,-1.5635819547178231,-1.5214427085094728,-1.379256457773451,-1.5283586887039138,-1.4866893353310182,-1.55553375923393,0.2905331224789917,-1.509078930201364,-1.5078680608040125,-1.4968435788177894,-1.4915848329460233,-1.501327826252304,-1.5612536566773345,-0.5602460913902577,-1.5391643203470589,-1.498512802020481,-1.5603488478684437,-0.042223416015498456,-1.4930143770340607,-1.513235717630222,-1.5140051309707259,-1.521036871007769,-1.6327466357968918,-1.514992208377335,-1.5562699923059518,-1.5698580141421998,-1.490567188536385,-1.5643223985774304,-1.5551972146468502,-1.4964408253072672,-1.5502935716664543,-1.505240965014593,-1.5288750093810841,-1.5156304909269143,-1.4936475903958608,-1.5201013849733664,0.6294127064658149,-1.486103058384679,-1.5108560111730571,-1.4986050122763162,-1.5284128243187063,-1.4920013893953021,-1.4938135102075893,-1.5012956049668773,-1.5700865893617824,-1.502350636881876,-1.5554790623576138,-1.497749916046551,-1.5278525864160557,-1.5483922093208204,-1.510207104896154,-1.4662660500933025,-1.4851617935758692,-1.5654132836871775,-1.5105640794333293,-1.536116531189119,-1.0201294860533703,-1.5277884284674073,-1.4839216945731237,-1.494699693727747,-0.4804638249087637,-1.5103218964705694,-1.3205307976305405,-1.4984791754299334,-1.5302038891517793,-1.516736578010596,-1.560172168261095,-1.4655738225661517,-1.514522281247717,-1.5006616580055854,-1.504571888772315,-1.5558571587098848,-1.5106243878399215,-1.5095055254995449,-1.5294431005936258,-1.5162600592473527,-1.5290752708732671,-1.5218270993556906,-1.466131313700438,-1.5284483345177555,-1.4985410302387883,-1.4941830331262027,-1.5226054137810339,-1.5150950490386654,-1.5478710408828473,-1.5042571464063488,-1.5095783033078243,-0.9061496526432903,-1.555336763856507,-1.5274809366431692,-1.5166883587441775,-1.5159550372429023,-1.493180099847568,-1.5147736887963235,-1.5182368774331974,-1.5035766570001392,-1.50881258425449,-1.489069048183509,-1.509270202409275,-0.11066426808372769,-1.5288029974882067,-1.4967771824018212,-1.5296941933460368
92,1519069378,-1.51868373418573,-1.4788194395147989,-1.515340069063043,-1.5269293612942842,-1.5161983084728878,-1.498777219132958,-1.518773939644063,-1.4934692072850557,-1.544998311495672,-1.4957465427246828,-1.4816020186385648,-1.5502381100042764,-1.512067936737763,-1.518776875369469,-1.5142091743751085,-1.5238044176672585,-1.5258810046423956,-1.5130291197621144,-1.5197225713534162,-1.515422950323504,-1.546794387605374,-1.514189312258277,-0.08572961197044983,-1.519160463943277,-1.5086084314723964,-1.5343873491001976,-1.508600838958752,-1.561496185371068,-1.5179575013458437,-1.3787605637541362,-1.5258651501568745,-1.4849243335243456,-1.5533251023709507,0.2349763897496313,-1.507482373744852,-1.5063421123411513,-1.4950223364494606,-1.4889080865258522,-1.5003482538865618,-1.5597598487407531,-0.5567771649665584,-1.5367662420300965,-1.4962590095570918,-1.558853540341962,-0.042223416015498456,-1.4918554919865146,-1.512638974265328,-1.5122163591168445,-1.5185134207949544,-1.6299337891575882,-1.5131999838117702,-1.5529709096136248,-1.5677804708016494,-1.4878962398948494,-1.5622312438125001,-1.5529909961973547,-1.4954371853235966,-1.5486372681424514,-1.503186731596848,-1.5273038967903563,-1.5125230526494065,-1.4913313726272577,-1.5188264626544943,0.6259853012040802,-1.4843420548293365,-1.5093277516369192,-1.4963520739289708,-1.5265401660980744,-1.4899925419077076,-1.492664244148021,-1.499746843817264,-1.5686017136416834,-1.5013495853996242,-1.5527197973149636,-1.4959361805294733,-1.5268062755057341,-1.5467397832134246,-1.508610424246475,-1.4634072968313057,-1.4840028039295363,-1.5633246218901031,-1.5093813985641689,-1.53491526659926,-1.0199838596611153,-1.5262205016204557,-1.482740660946875,-1.493548945939975,-0.4804550970556067,-1.5087292618722137,-1.3205307976305405,-1.4947322712877458,-1.527954540498571,-1.5148345562685372,-1.5586779176437975,-1.4627215458321505,-1.5123450802426561,-1.498597971608569,-1.5030433700908665,-1.5536576279040166,-1.5093770236581152,-1.5079070005895845,-1.5266333497983433,-1.5147764859460484,-1.5268282577076175,-1.5201352452306724,-1.4647026324746777,-1.5265768934917403,-1.496290492553836,-1.4918813656080117,-1.5203463681228966,-1.5132292002112666,-1.546298263153151,-1.5022060839164468,-1.508093360122498,-0.9055132958237377,-1.552578650825788,-1.5264348523500502,-1.5141522153320313,-1.5141844959861328,-1.4920205002296993,-1.5135937085157105,-1.5163319869836607,-1.5012642839791057,-1.5072869457946156,-1.486847552155086,-1.5080261990992472,-0.11066426808372769,-1.5256862984906492,-1.4949594514469289,-1.5274445113483601
93,1519069384,-1.5151967682955654,-1.4770772288569438,-1.5138549623116095,-1.5246813060817195,-1.514425951342155,-1.4966288035675794,-1.5159825227191566,-1.4923174188935873,-1.5408666264779125,-1.4945343759660932,-1.4798326535844049,-1.5481482404772446,-1.5106256286231499,-1.515985785705971,-1.5127246268993966,-1.5218957346819952,-1.5231862084875047,-1.5112375457690994,-1.5175048560469093,-1.5116121727153036,-1.5457455527354675,-1.5122128172609153,-0.08572961197044983,-1.5178825603049253,-1.5071226213062416,-1.532584495486007,-1.5076098472733592,-1.5594104160243132,-1.5151693356149403,-1.3772728816961919,-1.523994996246595,-1.4825709977821155,-1.5500121170764818,-0.4872611357320539,-1.5053536318028355,-1.5048161638782902,-1.4938081748705745,-1.4869005267107238,-1.4988788953379486,-1.5582660408041717,-0.5567771649665584,-1.5349676832923744,-1.4940052170937028,-1.5566105790522395,-0.042223416015498456,-1.4912760494627417,-1.5114454875355394,-1.51102384454759,-1.5166208331353435,-1.6273136131321106,-1.5102129428691622,-1.5507715211520736,-1.565702927461099,-1.485893028413698,-1.5601400890475696,-1.550784777747859,-1.4939317253480906,-1.5464288634437808,-1.5006189398246663,-1.52468537580581,-1.510658589682902,-1.4907523181851068,-1.517551540335622,0.5882838433249991,-1.4814070489037654,-1.5077994921007813,-1.4933481561325106,-1.5227948496568104,-1.4873140785909147,-1.490365712028884,-1.497681828951113,-1.5671168379215847,-1.500348533917372,-1.5505123852808433,-1.493517866506703,-1.5252368091402515,-1.5439857397010983,-1.5070137435967963,-1.4619779202003071,-1.4828438142832032,-1.5612359600930288,-1.5081987176950087,-1.5337140020094013,-1.01983823326886,-1.5251752170558215,-1.4809691105075016,-1.4906720764705443,-0.4804434599180639,-1.5066057490744063,-1.3205307976305405,-1.492484128802433,-1.5245805175187583,-1.5129325345264784,-1.5564365417178514,-1.4612954074651499,-1.5079906782325339,-1.4965342852115526,-1.501514851409418,-1.5514580970981484,-1.5075059773854058,-1.5063084756796241,-1.5238235990030606,-1.5123038637772084,-1.524581244541968,-1.5184433911056543,-1.4618452700231575,-1.5247054524657253,-1.4940399548688836,-1.4907305318489161,-1.5186520838792934,-1.5113633513838678,-1.5447254854234544,-1.499129490181594,-1.5071033979989472,-0.9048769390041853,-1.5503721604012126,-1.525388768056931,-1.5116160719198852,-1.5124139547293634,-1.4902811008028964,-1.5118237380947912,-1.5118872426014085,-1.4989519109580722,-1.5052527611814501,-1.4851814301337685,-1.505538192479191,-0.11066426808372769,-1.5238162790921148,-1.4931417204920365,-1.5240699883518454
94,1519069390,-1.5124071955834335,-1.4759157550850404,-1.5118748199763647,-1.5224332508691547,-1.5132443799216664,-1.4944803880022006,-1.5131911057942504,-1.4900138421106506,-1.5381121697994062,-1.492110042448914,-1.4780632885302452,-1.5455359035684548,-1.507875662343582,-1.513194696042473,-1.5112400794236844,-1.519987051696732,-1.520491412332614,-1.5100431631070894,-1.5152871407404025,-1.5097067839112035,-1.5441723004306076,-1.510730446012894,-0.08572961197044983,-1.514687801209046,-1.5061320811954717,-1.5307816418718165,-1.5061233597452703,-1.5566293902286397,-1.5109870870185853,-1.3757851996382475,-1.5221248423363156,-1.4808059959754427,-1.5478034602135025,-0.15392073935589148,-1.5037570753463232,-1.503290215415429,-1.4919869325022455,-1.4842237802905527,-1.4974095367893352,-1.5552784249310092,-0.5567771649665584,-1.5325696049754118,-1.4917514246303136,-1.5536199639992765,-0.042223416015498456,-1.4889582793676495,-1.5084617707110684,-1.509831329978336,-1.5147282454757325,-1.6243889165109977,-1.5096155346806404,-1.5480222855751344,-1.5629328696736984,-1.4832220797721627,-1.5573518826943293,-1.5469238954612419,-1.49292808536442,-1.544772559919778,-1.4985647064069212,-1.5236379674119915,-1.5081726390608956,-1.4890151548586543,-1.5156391568573133,0.6122756801571416,-1.4796460453484228,-1.5062712325646437,-1.4910952177851655,-1.5209221914361786,-1.484635615274122,-1.4892164459693156,-1.4956168140849617,-1.564147086481387,-1.4993474824351203,-1.5483049732467231,-1.4923087094953178,-1.52419049822993,-1.5423333135937025,-1.5048848360638913,-1.4591191669383101,-1.4822643194600367,-1.5584510776969298,-1.5064246963912682,-1.5319121051246132,-1.0196440647458533,-1.5241299324911872,-1.4791975600681284,-1.488370580895,-0.48043764134929257,-1.5050131144760506,-1.3205307976305405,-1.4887372246602455,-1.5223311688655499,-1.5097624982897135,-1.5534480404832565,-1.4584431307311487,-1.505813477227473,-1.4944705988145364,-1.4994768265008205,-1.548708683590813,-1.5056349311126962,-1.5047099507696637,-1.5215757983668348,-1.510325766042136,-1.521772478084906,-1.5167515369806361,-1.4589879075716372,-1.5203387567383566,-1.4917894171839314,-1.4895796980898206,-1.5158282768066218,-1.5088755529473359,-1.5431527076937581,-1.4970784276916917,-1.5056184548136209,-0.9042405821846328,-1.5481656699766373,-1.5232965994706926,-1.5097139643607758,-1.510643413472594,-1.4891215011850278,-1.5106437578141783,-1.5099823521518718,-1.4971020125412453,-1.5037271227215758,-1.4835153081124512,-1.504294189169163,-0.11066426808372769,-1.5219462596935802,-1.4913239895371442,-1.5218203063541687
95,1519069395,-1.505433263803104,-1.4735928075412335,-1.5084095708896865,-1.5173751266408841,-1.5096996656602006,-1.4880351413060644,-1.506212563481985,-1.4865584769362452,-1.5319146422727672,-1.4896857089317348,-1.4745245584219255,-1.541878631896149,-1.5052499883252377,-1.5062169718837277,-1.5077761353136896,-1.515533458064451,-1.5137544219453871,-1.5070572064520644,-1.5102972813007622,-1.5058960063030031,-1.541025795820888,-1.5072715797675111,-0.08572961197044983,-1.5121319939323423,-1.5041510009739318,-1.528377837052896,-1.504141376374485,-1.5517625950862115,-1.5054107555567786,-1.3742975175803032,-1.5171377652422369,-1.4772759923620975,-1.5433861464875438,-1.1539419284843786,-1.5000317769477947,-1.4992210195144662,-1.4883444477655874,-1.480208660660296,-1.4954503920578508,-1.5500500971529745,-0.5602460913902577,-1.5283729679207274,-1.4842387830856831,-1.5498816951830723,-0.042223416015498456,-1.4872199517963303,-1.5066715406163858,-1.5062537862705732,-1.5103122076033069,-1.6215522566497604,-1.507225901926554,-1.543073661536644,-1.557392754098897,-1.4792156568098596,-1.5531695731644686,-1.5425114585622508,-1.4904189854052434,-1.541459952871772,-1.4944562395714307,-1.5215431506243544,-1.5032007378168832,-1.486698937090051,-1.5118143899006962,0.29352699081581834,-1.4749500358675092,-1.5027052936469885,-1.48433640274313,-1.5171768749949146,-1.480617920298933,-1.4857686477906102,-1.492519291785735,-1.5582075836009917,-1.4968448537294905,-1.5433382961699524,-1.4880766599554698,-1.5215747209541257,-1.5384776526764457,-1.5016914747645336,-1.455545725360814,-1.4793668453442042,-1.5535775335037567,-1.5028766537837872,-1.5283083113550369,-1.0193042698305916,-1.5209940787972842,-1.4762449760025063,-1.4854937114255695,-0.4804260042117498,-1.5012969670798875,-1.3205307976305405,-1.4842409396896206,-1.517832471559133,-1.505324447558243,-1.548965288631364,-1.4548777848136472,-1.5000076078806432,-1.4908591476197577,-1.4959102829107742,-1.5437597392776097,-1.5031402027490837,-1.5009800593130895,-1.5165182469353264,-1.5073586194395279,-1.5167166984621947,-1.5128038773555939,-1.4554162045072367,-1.5165958746863262,-1.4842876249007568,-1.4861271968125338,-1.5124397083194157,-1.5038999560742725,-1.5410556707208296,-1.4924635370894124,-1.5031435495047436,-0.9026496901357516,-1.5432010665213427,-1.5212044308844546,-1.5046416775364837,-1.5082826917969012,-1.4873821017582252,-1.5065138268320328,-1.5061725712527985,-1.493402215707592,-1.5006758458018272,-1.4801830640698168,-1.4999401775840648,-0.11066426808372769,-1.5169595412974883,-1.4876885276273597,-1.5173209423588154
96,1519069401,-1.5040384774470381,-1.4735928075412335,-1.5084095708896865,-1.5162510990346016,-1.5091088799499563,-1.4880351413060644,-1.5041190007883052,-1.4865584769362452,-1.5319146422727672,-1.4896857089317348,-1.473934770070539,-1.5413561645143912,-1.5027796796334225,-1.5048214270519786,-1.5077761353136896,-1.5142610027409422,-1.5137544219453871,-1.5070572064520644,-1.5091884236475088,-1.5052608767016364,-1.5405013783859347,-1.5067774560181706,-0.08572961197044983,-1.5108540902939906,-1.5041510009739318,-1.528377837052896,-1.5036458805317887,-1.551067338637293,-1.5033196312586012,-1.3742975175803032,-1.5158909959687172,-1.475510990555425,-1.542281818056054,0.1794196570202709,-1.5000317769477947,-1.4987123700268459,-1.4883444477655874,-1.4795394740552532,-1.4954503920578508,-1.549303193184684,-0.5602460913902577,-1.5283729679207274,-1.4834875189312202,-1.5491340414198316,-0.042223416015498456,-1.4866405092725572,-1.5066715406163858,-1.5062537862705732,-1.5090504824968995,-1.618763944845176,-1.507225901926554,-1.5419739673058683,-1.5567002396520468,-1.4785479196494757,-1.5524725215761586,-1.541408349337503,-1.4904189854052434,-1.5398036493477691,-1.4929155645081218,-1.5215431506243544,-1.5025792501613815,-1.4861198826479,-1.510539467581824,0.6294127064658149,-1.4737760334972807,-1.5021958738016092,-1.4828344438449,-1.51592843618116,-1.4799483044697346,-1.485194014760826,-1.4920030380691973,-1.5574651457409423,-1.4968448537294905,-1.5422345901528922,-1.4880766599554698,-1.5215747209541257,-1.5373760352715151,-1.5016914747645336,-1.4548310370453148,-1.4793668453442042,-1.5528813129047319,-1.502285313349207,-1.5277076790601074,-1.01925572769984,-1.5209940787972842,-1.4756544591893819,-1.4854937114255695,-0.4804260042117498,-1.5012969670798875,-1.3205307976305405,-1.4819927972043079,-1.5172701343958308,-1.50469044031089,-1.5482181633227154,-1.4541647156301467,-1.5000076078806432,-1.4903432260205036,-1.4954007766836248,-1.5426599738746756,-1.500645474385471,-1.5009800593130895,-1.5159562967762699,-1.5073586194395279,-1.5161549451707823,-1.5116759746055817,-1.4547018638943567,-1.5153482473356494,-1.482787266444122,-1.4861271968125338,-1.511310185490347,-1.5032780064651394,-1.5405314114775974,-1.4909252402219857,-1.5026485684429682,-0.9026496901357516,-1.542097821309055,-1.5212044308844546,-1.5040076416834471,-1.507692511377978,-1.4873821017582252,-1.5059238366917262,-1.5061725712527985,-1.493402215707592,-1.5001672996485358,-1.4801830640698168,-1.4986961742740368,-0.11066426808372769,-1.5163362014979767,-1.4876885276273597,-1.5167585218593964
97,1519069407,-1.4998541183788405,-1.4718505968833782,-1.5054393573868194,-1.5123170024126134,-1.5061549513987351,-1.4837383101753068,-1.4999318754009459,-1.4842549001533083,-1.5264057289157547,-1.485443125276671,-1.4715756166649925,-1.5387438276056014,-1.5000141768212019,-1.5006347925567316,-1.5048070403622655,-1.5104436367704157,-1.5083648296356056,-1.5040712497970394,-1.5058618506877486,-1.501450099093436,-1.538928126081075,-1.5038127135221282,-0.08572961197044983,-1.5076593311981112,-1.502169920752392,-1.5259740322339752,-1.5016638971610035,-1.5475910563927013,-1.4984403412295202,-1.3723139415030439,-1.513397457421678,-1.4725693208776371,-1.5389688327615851,-0.5983746011907747,-1.4979030350057783,-1.4956604731011238,-1.4853090438183725,-1.4755243544249965,-1.4934912473263666,-1.5463155773115211,-0.5602460913902577,-1.525974889603765,-1.479731198158905,-1.5453957726036276,-0.042223416015498456,-1.484902181701238,-1.5048813105217032,-1.5044650144166918,-1.506527032284085,-1.6159236769200096,-1.5042388609839457,-1.5381250374981537,-1.5532376674177961,-1.4745414966871728,-1.548290212046298,-1.5380990216632597,-1.4884117054379022,-1.536491042299763,-1.489834214381504,-1.518924629639808,-1.4988503242283722,-1.483224610437146,-1.5086270841035154,0.3655025013122462,-1.4708410275717096,-1.4991393547293335,-1.4798305260484397,-1.5134315585536506,-1.4766002253237436,-1.4823208496119047,-1.4883892620534327,-1.5544953943007445,-1.4948427507649866,-1.538923472101712,-1.4856583459326995,-1.5184357882231607,-1.5346219917591888,-1.498498113465176,-1.4512575954678186,-1.477048866051538,-1.5494002099096083,-1.4999199516108863,-1.5265064144702487,-1.0190130170460816,-1.5189035096680155,-1.4721113583106353,-1.483192215850025,-0.48041436707420704,-1.498642576082628,-1.3205307976305405,-1.477496512233683,-1.5122090999261117,-1.5015204040741252,-1.5452296620881205,-1.4505993697126454,-1.4956532058705212,-1.487763618024233,-1.4928532455478776,-1.5382609122629392,-1.4975270639309552,-1.4983158511298222,-1.5120226456628745,-1.5043914728369197,-1.5122226721308956,-1.5094201691055575,-1.4518445014428365,-1.512852992634296,-1.4790363703025349,-1.483250112414795,-1.5084863784176752,-1.498924359201209,-1.538434374504669,-1.4878486464871328,-1.500173663134091,-0.9012178872917586,-1.538788085672192,-1.5191122622982163,-1.5008374624182645,-1.5047416092833623,-1.4856427023314223,-1.502973885990194,-1.5010928633873675,-1.488777469665525,-1.4971160227287872,-1.4746293239987593,-1.4962081676539807,-0.11066426808372769,-1.5132195025004194,-1.4852648863541698,-1.5122591578640432
98,1519069412,-1.496367152488676,-1.4695276493395715,-1.5039542506353858,-1.5100689472000488,-1.5049733799782465,-1.481589894609928,-1.4964426042448131,-1.4825272175661057,-1.5236512722372484,-1.4842309585180815,-1.4698062516108326,-1.5371764254603275,-1.4976034248378896,-1.4978437028932334,-1.5033224928865534,-1.5085349537851525,-1.505670033480715,-1.5028768671350294,-1.5036441353812418,-1.4982744510866024,-1.5378792912111683,-1.5023303422741068,-0.08572961197044983,-1.5063814275597596,-1.500684110586237,-1.524772129824515,-1.500672905475611,-1.5455052870459465,-1.495652175498617,-1.3713221534644144,-1.5115273035113985,-1.4708043190709645,-1.5367601758986056,0.45720332066707287,-1.4963064785492661,-1.4941345246382627,-1.4840948822394864,-1.4735167946098682,-1.4920218887777532,-1.5448217693749398,-0.5602460913902577,-1.5247758504452837,-1.478228669849979,-1.543900465077146,-0.042223416015498456,-1.483743296653692,-1.5036878237919147,-1.5038687571320646,-1.504634444624474,-1.6131360867282112,-1.503641452795424,-1.5359256490366024,-1.5511601240772457,-1.4725382852060214,-1.5461990572813678,-1.535892803213764,-1.4869062454623962,-1.5348347387757602,-1.4877799809637586,-1.5178772212459894,-1.4969858612618676,-1.4820665015528443,-1.507352161784643,0.6396949222510189,-1.469080024016367,-1.4976110951931956,-1.4768266082519794,-1.5115589003330188,-1.474591377836149,-1.4811715835523362,-1.4868405009038195,-1.5530105185806458,-1.4938416992827348,-1.5367160600675918,-1.4832400319099293,-1.517389477312839,-1.5329695656517932,-1.4969014328154973,-1.449113530521321,-1.4764693712283714,-1.547311548112534,-1.4987372707417261,-1.52530514988039,-1.0185761378693163,-1.5178582251033812,-1.4703398078712622,-1.4814660941683668,-0.4804085485054357,-1.4965190632848204,-1.3205307976305405,-1.4752483697483703,-1.5099597512729033,-1.4996183823320663,-1.543735411470823,-1.4491732313456447,-1.49347600486546,-1.4862158532264709,-1.4913247268664294,-1.536061381457071,-1.496279699749149,-1.4972501678565153,-1.5097748450266484,-1.5029078995356155,-1.509975658965246,-1.5077283149805394,-1.4504158202170763,-1.510981551608281,-1.476035653389265,-1.4820992786556995,-1.5067920941740722,-1.49705851037381,-1.5373858560182045,-1.4857975839972308,-1.4991837010105402,-0.9005815304722061,-1.5365815952476167,-1.518066178005097,-1.498935354859155,-1.5029710680265926,-1.483323503095685,-1.501793905709581,-1.4991879729378308,-1.484152723623458,-1.4955903842689129,-1.4712970799561247,-1.4943421626889386,-0.11066426808372769,-1.5113494831018848,-1.4834471553992776,-1.5094470553669472
99,1519069418,-1.493577579776544,-1.4689469124536196,-1.5024691438839524,-1.507820891987484,-1.5032010228475137,-1.4794414790445491,-1.493651187319907,-1.4813754291746373,-1.5202082013891156,-1.483018791759492,-1.4686266749080594,-1.5350865559332958,-1.4949311412215864,-1.4950526132297355,-1.5018379454108413,-1.5066262707998892,-1.502975237325824,-1.5022796758040244,-1.501426420074735,-1.4963690622825023,-1.5368304563412618,-1.5008479710260856,-0.08572961197044983,-1.5044645721022318,-1.4996935704754673,-1.5229692762103244,-1.4991864179475218,-1.5427242612502732,-1.4928640097677135,-1.3698344714064699,-1.509033764964359,-1.469039317264292,-1.5339993548198816,0.5683167861257937,-1.4947099220927538,-1.4926085761754015,-1.4834878014500434,-1.4715092347947398,-1.49055253022914,-1.5433279614383586,-0.5602460913902577,-1.5223777721283211,-1.4752236132321266,-1.5416575037874234,-0.042223416015498456,-1.482004969082373,-1.5018975936972319,-1.5026762425628102,-1.502741856964863,-1.6103131375099053,-1.5018492282298592,-1.533726260575051,-1.549082580736695,-1.47053507372487,-1.5441079025164373,-1.5331350301518947,-1.4859026054787257,-1.5331784352517572,-1.4857257475460135,-1.5163061086552618,-1.4951213982953628,-1.4814874471106936,-1.5054397783063345,0.6396949222510189,-1.4673190204610245,-1.4960828356570577,-1.4745736699046341,-1.508437803298632,-1.4719129145193564,-1.4794476844629836,-1.4847754860376683,-1.5515256428605468,-1.4928406478004828,-1.5339567950249413,-1.4826354534042365,-1.5163431664025173,-1.5313171395443974,-1.4958369790490447,-1.4476841538903225,-1.4753103815820383,-1.5452228863154596,-1.4963719090034053,-1.524103885290531,-1.0183819693463096,-1.516812940538747,-1.4685682574318888,-1.4803153463805947,-0.4803998206522786,-1.4954573068859167,-1.3205307976305405,-1.4730002272630578,-1.5071480654563927,-1.4970823533426547,-1.5407469102362283,-1.4470340237951438,-1.4905730701920454,-1.4846680884287087,-1.4892867019578315,-1.5338618506512025,-1.4944086534764396,-1.4961844845832084,-1.506965094231366,-1.5014243262343114,-1.507166892508184,-1.5060364608555212,-1.447558457765556,-1.5084862969069273,-1.4737851157043127,-1.4809484448966037,-1.505097809930469,-1.4951926615464113,-1.5358130782885082,-1.4837465215073289,-1.4981937388869893,-0.8999451736526536,-1.5343751048230414,-1.5164970515654184,-1.4970332473000454,-1.5012005267698232,-1.4827437032867508,-1.5000239352886615,-1.496648119005115,-1.482302825206631,-1.4935561996557472,-1.4696309579348075,-1.4930981593789108,-0.11066426808372769,-1.5094794637033504,-1.4822353347626827,-1.5071973733692707
100,1519069423,-1.4907880070644124,-1.4677854386817162,-1.5009840371325187,-1.505010822971778,-1.5014286657167808,-1.4765769249573775,-1.4908597703950008,-1.4802236407831688,-1.5167651305409826,-1.4812005416216074,-1.4674470982052863,-1.533519153788022,-1.4924116335097037,-1.4915637511503628,-1.4998585487765586,-1.5040813601528715,-1.4996067421322106,-1.4998909104800047,-1.4986542759416013,-1.4944636734784023,-1.535257204036402,-1.4993655997780644,-0.08572961197044983,-1.5031866684638802,-1.4987030303646973,-1.521767373800864,-1.4981954262621293,-1.540638491903518,-1.4900758440368103,-1.3688426833678404,-1.5065402264173198,-1.467274315457619,-1.5317906979569023,0.3460898552083521,-1.4936455511217457,-1.4910826277125404,-1.4816665590817144,-1.4695016749796115,-1.4895729578633978,-1.5410872495334864,-0.5602460913902577,-1.5211787329698399,-1.4722185566142745,-1.540162196260942,-0.042223416015498456,-1.4808460840348268,-1.5007041069674436,-1.5008874707089288,-1.4995875441988447,-1.6075060637728884,-1.500654411852816,-1.5315268721134998,-1.5463125229492944,-1.4685318622437182,-1.542016747751507,-1.5298257024776514,-1.484898965495055,-1.5315221317277543,-1.4836715141282681,-1.514734996064534,-1.4932569353288583,-1.4791712293420902,-1.5028899336685897,0.598566059110203,-1.463797013350339,-1.4940451562755406,-1.472320731557289,-1.5065651450780002,-1.4699040670317618,-1.4782984184034151,-1.4832267248880548,-1.5485558914203492,-1.490338019094853,-1.531197529982291,-1.4808217178871588,-1.5147737000370347,-1.5296647134370016,-1.4937080715161397,-1.446254777259324,-1.4718334126430392,-1.5431342245183854,-1.4951892281342452,-1.5223019884057432,-1.0182363429540546,-1.5152450136917954,-1.4667967069925156,-1.4780138508050502,-0.48039400208350724,-1.493864672287561,-1.3205307976305405,-1.4707520847777453,-1.5048987168031842,-1.4951803316005958,-1.538505534310282,-1.4456078854281431,-1.4876701355186306,-1.4831203236309463,-1.487758183276383,-1.5316623198453343,-1.493161289294633,-1.494585959673248,-1.5041553434360835,-1.4994462284992394,-1.5049198793425345,-1.503780655355497,-1.4461297765397958,-1.504743414854897,-1.4715345780193603,-1.4786467773784127,-1.503403525686866,-1.4933268127190125,-1.5347645598020438,-1.4806699277724757,-1.496708795701663,-0.899149727628213,-1.5316169917923221,-1.5154509672722993,-1.4944971038878994,-1.4994299855130537,-1.4815841036688822,-1.4988439550080486,-1.4947432285555784,-1.4804529267898043,-1.492030561195873,-1.4679648359134903,-1.4918541560688827,-0.11066426808372769,-1.5069861045053043,-1.481023514126088,-1.5049476913715942
101,1519069429,-1.4866036479962146,-1.4660432280238611,-1.499003894797274,-1.5027627677592132,-1.499656308586048,-1.4744285093919989,-1.487370499238868,-1.477920064000232,-1.5133220596928498,-1.4793822914837231,-1.4639083680969667,-1.5319517516427479,-1.4907828870032553,-1.4887726614868648,-1.4983740013008464,-1.5021726771676083,-1.49691194597732,-1.4986965278179947,-1.4964365606350944,-1.492558284674302,-1.5342083691664954,-1.4978832285300432,-0.08572961197044983,-1.5006308611871768,-1.4972172201985423,-1.5205654713914036,-1.4967089387340402,-1.538552722556763,-1.4872876783059068,-1.3678508953292108,-1.5046700725070403,-1.4643326457798314,-1.529582041093923,-0.15392073935589148,-1.4925811801507376,-1.489048029762059,-1.4810594782922715,-1.4674941151644831,-1.4881035993147844,-1.5380996336603239,-0.5602460913902577,-1.519380174232118,-1.4699647641508853,-1.5379192349712194,-0.042223416015498456,-1.4791077564635076,-1.4995106202376551,-1.4996949561396746,-1.4976949565392337,-1.6047523893820257,-1.4994595954757726,-1.5293274836519484,-1.544234979608744,-1.4665286507625668,-1.5399255929865767,-1.5276194840281558,-1.483393505519549,-1.5293137270290837,-1.4805901640016503,-1.5136875876707154,-1.4913924723623535,-1.4785921748999393,-1.5003400890308451,0.5951386538484683,-1.4620360097949965,-1.4925168967394027,-1.4678148548625987,-1.5046924868573683,-1.4678952195441672,-1.4771491523438467,-1.4816779637384416,-1.546328577840201,-1.488836441871475,-1.5289901179481709,-1.4796125608757738,-1.5132042336715523,-1.5280122873296058,-1.4921113908664607,-1.4441107123128263,-1.4706744229967061,-1.5403493421222865,-1.4928238663959243,-1.5211007238158842,-1.0180907165617996,-1.5141997291271612,-1.4656156733662666,-1.476863103017278,-0.48038818351473583,-1.4922720376892054,-1.3205307976305405,-1.4685039422924326,-1.5020870309866736,-1.493278309858537,-1.5370112836929846,-1.4434686778776422,-1.4847672008452157,-1.480540715634676,-1.4857201583677853,-1.5289129063379991,-1.4912902430219237,-1.4935202763999411,-1.501345592640801,-1.4979626551979353,-1.502672866176885,-1.501524849855473,-1.4439867547011556,-1.5028719738288818,-1.4685338611060905,-1.4774959436193171,-1.5011444800287288,-1.4902170646733477,-1.5337160413155797,-1.4786188652825738,-1.4957188335781122,-0.8985133708086606,-1.5294105013677468,-1.51440488297918,-1.4913269246227168,-1.4982496246752075,-1.4798447042420795,-1.4964839944468227,-1.492203374622863,-1.4786030283729776,-1.4905049227359988,-1.466298713892173,-1.4899881511038406,-0.11066426808372769,-1.5051160851067698,-1.479811693489493,-1.5026980093739175
102,1519069435,-1.483814075284083,-1.4648817542519577,-1.4975187880458405,-1.4999526987435075,-1.4984747371655593,-1.47228009382662,-1.4845790823139617,-1.4767682756087634,-1.5105676030143436,-1.4781701247251335,-1.4615492146914202,-1.530384349497474,-1.4881831072059992,-1.4859815718233667,-1.4968894538251345,-1.4989915388588362,-1.494217149822429,-1.4975021451559847,-1.493664416501961,-1.4906528958702019,-1.533159534296589,-1.495412609783341,-0.08572961197044983,-1.4980750539104732,-1.4962266800877724,-1.5199645201866734,-1.4957179470486477,-1.5364669532100081,-1.4844995125750036,-1.3658673192519517,-1.5027999185967609,-1.4613909761020436,-1.5273733842309436,0.1238629242909105,-1.4915168091797293,-1.487522081299198,-1.4786311551344995,-1.464817368744312,-1.4866342407661712,-1.5366058257237425,-0.5602460913902577,-1.5181811350736367,-1.4677109716874963,-1.5349286199182561,-0.042223416015498456,-1.4779488714159614,-1.4989138768727608,-1.4985024415704205,-1.495171506326419,-1.6019467588705807,-1.4982647790987293,-1.5260284009596214,-1.5421574362681936,-1.4638577021210315,-1.5371373866333362,-1.5254132655786603,-1.4823898655358785,-1.5271053223304132,-1.4780223722294688,-1.5126401792768969,-1.4882850340848457,-1.4774340660156378,-1.4990651667119728,0.6225578959423456,-1.460275006239654,-1.4909886372032648,-1.4655619165152536,-1.5028198286367362,-1.4658863720565727,-1.4742759871949256,-1.4790966951557527,-1.544843702120102,-1.4878353903892232,-1.5267827059140506,-1.4784034038643885,-1.5121579227612305,-1.5258090525197447,-1.490514710216782,-1.4412519590508293,-1.4695154333503733,-1.5382606803252121,-1.4916411855267642,-1.520500091520955,-1.0179450901695446,-1.5131544445625267,-1.46207257248752,-1.475712355229506,-0.4803794556615788,-1.4912102812903016,-1.3205307976305405,-1.4662557998071202,-1.4998376823334651,-1.4894742663744192,-1.535517033075687,-1.4413294703271413,-1.4825899998401548,-1.4779611076384054,-1.484191639686337,-1.526713375532131,-1.4887955146583112,-1.491921751489981,-1.4990977920045752,-1.4964790818966311,-1.4993023464284105,-1.4998329957304548,-1.4425580734753953,-1.5010005328028668,-1.466283323421138,-1.4757696929806738,-1.4988854343705913,-1.4883512158459489,-1.5326675228291153,-1.4765678027926719,-1.4947288714545612,-0.8978770139891081,-1.5261007657308838,-1.513358798686061,-1.4894248170636073,-1.497069263837361,-1.4786851046242109,-1.4953040141662097,-1.4902984841733262,-1.4762906553519441,-1.4889792842761245,-1.4635218438566442,-1.4875001444837845,-0.11066426808372769,-1.5013760463097008,-1.4792057831711956,-1.500448327376241
103,1519069440,-1.481024502571951,-1.4631395435941024,-1.4960336812944068,-1.4977046435309427,-1.4972931657450708,-1.4701316782612412,-1.4817876653890556,-1.4750405930215609,-1.5078131463358373,-1.476351874587249,-1.4597798496372605,-1.5282944799704423,-1.4856273475845931,-1.4831904821598685,-1.4949100571908516,-1.497082855873573,-1.4915223536675384,-1.4969049538249797,-1.4914467011954542,-1.4887475070661016,-1.5321106994266824,-1.4934361147859794,-0.08572961197044983,-1.4967971502721216,-1.4952361399770024,-1.518762617777213,-1.494726955363255,-1.534381183863253,-1.4810143054113742,-1.3653714252326368,-1.4996829954129616,-1.459625974295371,-1.5251647273679643,0.2349763897496313,-1.4899202527232172,-1.485996132836337,-1.4774169935556134,-1.4621406223241409,-1.485654668400429,-1.53361820985058,-0.5602460913902577,-1.5163825763359147,-1.4654571792241071,-1.5334333123917747,-0.042223416015498456,-1.4773694288921886,-1.4977203901429725,-1.4961174124319119,-1.493278918666808,-1.5991303041673477,-1.4952777381561213,-1.5232791653826825,-1.5400798929276431,-1.4611867534794962,-1.535046231868406,-1.5232070471291648,-1.4808844055603725,-1.52544901880641,-1.4759681388117236,-1.5105453624892597,-1.4851775958073379,-1.4756969026891853,-1.4971527832336642,0.619130490680611,-1.4585140026843113,-1.489460377667127,-1.4633089781679083,-1.5009471704161044,-1.463877524568978,-1.4719774550757885,-1.4775479340061393,-1.5433588264000033,-1.4868343389069714,-1.5240234408714002,-1.4765896683473108,-1.511111611850909,-1.524156626412349,-1.4889180295671032,-1.4391078941043316,-1.4683564437040402,-1.5354757979291132,-1.4898671642230237,-1.519298826931096,-1.0177994637772896,-1.5110638754332582,-1.4608915388612713,-1.4739862335478475,-0.4803736370928074,-1.4890867684924942,-1.3205307976305405,-1.4632582764933701,-1.4970259965169546,-1.4869382373850075,-1.533275657149741,-1.43847719359314,-1.4804127988350937,-1.4764133428406432,-1.4826631210048886,-1.5245138447262627,-1.4869244683856015,-1.4903232265800206,-1.4962880412092927,-1.4945009841615589,-1.4964935799713486,-1.4981411416054367,-1.4411293922496353,-1.4991290917768516,-1.464032785736186,-1.4740434423420303,-1.4971911501269883,-1.48648536701855,-1.5316190043426512,-1.4745167403027697,-1.493243928269235,-0.8972406571695556,-1.5233426527001646,-1.512312714392942,-1.4862546377984247,-1.4947085421616686,-1.4775255050063423,-1.4941240338855968,-1.487123666757432,-1.4744407569351172,-1.4869450996629587,-1.461855721835327,-1.4862561411737565,-0.11066426808372769,-1.498882687111655,-1.4773880522163032,-1.4981986453785643
104,1519069446,-1.4782349298598194,-1.4619780698221991,-1.494053538959162,-1.495456588318378,-1.495520808614338,-1.4679832626958624,-1.4789962484641495,-1.473312910434358,-1.5043700754877045,-1.4739275410700698,-1.4586002729344871,-1.5256821430616525,-1.4841565558267829,-1.4803993924963705,-1.4934255097151397,-1.4951741728883097,-1.4888275575126475,-1.4945161885009597,-1.4886745570623205,-1.4843015998565345,-1.5310618645567757,-1.491953743537958,-0.08572961197044983,-1.4948802948145938,-1.4937503298108477,-1.5169597641630226,-1.493240467835166,-1.532295414516498,-1.478226139680471,-1.3633878491553777,-1.4965660722291625,-1.457272638553141,-1.5207474136420056,-0.4872611357320539,-1.4877915107812008,-1.4839615348858555,-1.4762028319767275,-1.4601330625090125,-1.4841853098518156,-1.5306305939774172,-0.5602460913902577,-1.5133849784397115,-1.463203386760718,-1.531938004865293,-0.042223416015498456,-1.4750516587970963,-1.4947366733185012,-1.4949248978626575,-1.4907554684539934,-1.5964040510623478,-1.4946803299675995,-1.5199800826903556,-1.5380023495870925,-1.458515804837961,-1.5329550771034757,-1.5193461648425475,-1.479880765576702,-1.5232406141077395,-1.473400347039542,-1.5094979540954412,-1.48207015752983,-1.4745387938048835,-1.4958778609147918,0.6054208696336724,-1.4561659979438546,-1.4874226982856098,-1.4610560398205632,-1.496577634567963,-1.4605294454229871,-1.47082818901622,-1.475999172856526,-1.541131512819855,-1.4858332874247193,-1.52071232282022,-1.4741713543245405,-1.5095421454854263,-1.5219533916024879,-1.486789122034198,-1.436963829157834,-1.4677769488808736,-1.5326909155330142,-1.4880931429192832,-1.5180975623412374,-1.0175567531235312,-1.5100185908686237,-1.4591199884218982,-1.471684737972303,-0.48036490923965036,-1.4869632556946866,-1.3205307976305405,-1.4610101340080575,-1.4942143107004442,-1.4837682011482427,-1.5317814065324435,-1.4356249168591388,-1.4767841304933254,-1.474865578042881,-1.480625096096291,-1.5217644312189273,-1.4850534221128922,-1.4887247016700602,-1.4940402405730666,-1.4925228864264868,-1.4936848135142868,-1.4964492874804185,-1.4368433485723549,-1.4953862097248214,-1.4617822480512335,-1.472317191703387,-1.4954968658833852,-1.4839975685820181,-1.5300462266129546,-1.4719529121903923,-1.492253966145684,-0.8966043003500032,-1.5200329170633016,-1.509697503660144,-1.4843525302393152,-1.4929380009048991,-1.4757861055795394,-1.4923540634646772,-1.4845838128247164,-1.4725908585182905,-1.484910915049793,-1.4601895998140098,-1.4837681345537004,-0.11066426808372769,-1.496389327913609,-1.4749644109431135,-1.493699281383211
105,1519069451,-1.472655784435556,-1.4602358591643438,-1.4905882898724838,-1.4903984640901071,-1.4919760943528724,-1.462254154521519,-1.473413414614337,-1.469857545259953,-1.498861162130692,-1.4721092909321853,-1.4556513311775543,-1.5230698061528627,-1.4814842722104797,-1.4748172131693744,-1.4899615656051448,-1.4907205792560287,-1.4827642661641434,-1.4927246145079447,-1.4836846976226803,-1.4804908222483344,-1.5279153599470563,-1.488494877292575,-0.08572961197044983,-1.4910465838995386,-1.4917692495893078,-1.5145559593441018,-1.4912584844643808,-1.5274286193740698,-1.4719527667859384,-1.3614042730781184,-1.4940725336821232,-1.4543309688753532,-1.5174344283475365,-0.2094774720852519,-1.4856627688391844,-1.4814182874477537,-1.4737745088189553,-1.455448756273713,-1.4817363789374602,-1.5268960741359638,-0.5567771649665584,-1.510986900122749,-1.4586958018339398,-1.5267044285226075,-0.042223416015498456,-1.4733133312257771,-1.4917529564940302,-1.4925398687241491,-1.4857085680283642,-1.593580380231256,-1.4928881054020346,-1.5166809999980284,-1.5338472629059916,-1.453841644715274,-1.528075715985305,-1.5154852825559302,-1.4778734856093607,-1.5204801082344013,-1.469805438558488,-1.5074031373078043,-1.479584206907824,-1.472801630478431,-1.492690555117611,0.6019934643719377,-1.452056989648055,-1.484366179213334,-1.4565501631258728,-1.4934565375335767,-1.4565117504477978,-1.467955023867299,-1.4723853968407614,-1.5374193235196079,-1.4833306587190895,-1.5174012047690395,-1.4711484617960775,-1.5074495236647831,-1.5191993480901615,-1.484660214501293,-1.4326756992648386,-1.4648794747650409,-1.5285135919388657,-1.4857277811809624,-1.5150944008665905,-1.017265500339021,-1.507405379457038,-1.456167404356276,-1.4682324946089866,-0.4803532721021076,-1.4843088646974272,-1.3205307976305405,-1.4550150873805574,-1.4897156133940272,-1.4799641576641251,-1.5265515293719025,-1.4313465017581368,-1.472429728483203,-1.4717700484473564,-1.4780775649605438,-1.516815486905724,-1.4825586937492796,-1.4865933351234464,-1.4895446393006146,-1.4890612153901106,-1.4891907871829877,-1.4930655792303824,-1.4332716455079544,-1.491643327672791,-1.4572811726813288,-1.4688646904261005,-1.4915435359816447,-1.4796439213180876,-1.527424930396794,-1.4678507872105884,-1.4902740418985823,-0.8953315867108982,-1.5161715588202949,-1.5070822929273462,-1.480548315121096,-1.4905772792292065,-1.4740467061527367,-1.4899941029034514,-1.480774031925643,-1.468891061684637,-1.4823681842833358,-1.4568573557713753,-1.4819021295886583,-0.11066426808372769,-1.49264928911654,-1.4731466799882211,-1.4891999173878578
106,1519069457,-1.4684714253673583,-1.4590743853924404,-1.4876180763696167,-1.4881504088775426,-1.4907945229323838,-1.4586734619125545,-1.4692262892269776,-1.4664021800855476,-1.495418091282559,-1.4708971241735957,-1.4532921777720078,-1.520979936625831,-1.4787394847751296,-1.4685372614265035,-1.487982168970862,-1.4888118962707655,-1.4793957709705299,-1.4909330405149297,-1.4809125534895469,-1.478585433444234,-1.5263421076421964,-1.4870125060445538,-0.08572961197044983,-1.489768680261187,-1.489292899312383,-1.5127531057299113,-1.490267492778988,-1.5246475935783965,-1.4691646010550352,-1.360412485039489,-1.4903322258615643,-1.4525659670686806,-1.5146736072688123,-0.5428178684614143,-1.4840662123826722,-1.4793836894972723,-1.4719532664506265,-1.4534411964585847,-1.480756806571718,-1.5239084582628013,-0.5602460913902577,-1.5085888218057866,-1.4519344244437724,-1.5252091209961258,-0.042223416015498456,-1.472154446178231,-1.490559469764242,-1.4913473541548947,-1.4831851178155495,-1.5907401123060896,-1.4916932890249914,-1.5139317644210895,-1.5303846906717409,-1.4518384332341225,-1.5259845612203746,-1.5132790641064346,-1.47686984562569,-1.5188238047103984,-1.4677512051407426,-1.5063557289139857,-1.4764767686303162,-1.4716435215941295,-1.4901407104798663,0.4340506065469394,-1.4502959860927125,-1.4828379196771961,-1.4520442864311824,-1.4909596599060673,-1.4538332871310051,-1.4662311247779463,-1.4708366356911482,-1.533707134219361,-1.4823296072368377,-1.514090086717859,-1.4699393047846925,-1.5058800572993005,-1.5169961132803005,-1.4835957607348405,-1.43124632263384,-1.463720485118708,-1.5257287095427667,-1.483953759877222,-1.512691871686873,-1.0170713318160143,-1.5063600948924036,-1.4543958539169026,-1.4665063729273282,-0.48034745353333624,-1.4832471082985235,-1.3205307976305405,-1.452766944895245,-1.4874662647408188,-1.4780621359220663,-1.5235630281373076,-1.4299203633911364,-1.4695267938097885,-1.46970636205034,-1.476039540051946,-1.5140660733983886,-1.4813113295674734,-1.484994810213486,-1.4867348885053322,-1.4875776420888065,-1.4869437740173381,-1.490809773730358,-1.4311286236693141,-1.489771886646776,-1.4527800973114242,-1.467138439787457,-1.4898492517380417,-1.477156122881556,-1.5258521526670976,-1.4657997247206862,-1.4892840797750313,-0.8945361406864576,-1.5139650683957193,-1.5055131664876675,-1.47801217170895,-1.48939691839136,-1.4711477071080652,-1.4876341423422255,-1.4788691414761064,-1.4670411632678102,-1.4808425458234615,-1.4551912337500579,-1.4794141229686022,-0.11066426808372769,-1.4907792697180053,-1.4713289490333288,-1.4869502353901813
107,1519069463,-1.4649844594771935,-1.457912911620537,-1.4861329696181833,-1.4842163122555543,-1.4896129515118952,-1.4565250463471757,-1.4664348723020715,-1.4652503916940791,-1.4926636346040527,-1.4690788740357115,-1.4521126010692347,-1.5194125344805571,-1.4763779318118848,-1.4657461717630056,-1.48649762149515,-1.484994530300239,-1.476700974815639,-1.4897386578529197,-1.47869483818304,-1.476680044640134,-1.5242444379023834,-1.485036011047192,-0.08572961197044983,-1.4872128729844833,-1.4883023592016131,-1.5109502521157208,-1.4892765010935956,-1.5211713113338048,-1.4663764353241318,-1.359916591020174,-1.4884620719512847,-1.4502126313264503,-1.512464950405833,0.1794196570202709,-1.483001841411664,-1.4778577410344111,-1.4701320240822975,-1.4514336366434564,-1.4797772342059758,-1.52241465032622,-0.5602460913902577,-1.5073897826473053,-1.4496806319803832,-1.5222185059431625,-0.042223416015498456,-1.471575003654458,-1.4893659830344534,-1.4901548395856405,-1.4812925301559385,-1.587953243727077,-1.4904984726479482,-1.511732375959538,-1.5283071473311904,-1.449835221752971,-1.5231963548671343,-1.5110728456569391,-1.4753643856501841,-1.5160632988370601,-1.465183413368561,-1.5053083205201672,-1.4746123056638114,-1.4710644671519786,-1.488865788160994,0.6294127064658149,-1.44853498253737,-1.4813096601410582,-1.4490403686347222,-1.4890870016854354,-1.4518244396434106,-1.4645072256885936,-1.468771620824997,-1.5314798206392126,-1.4813285557545857,-1.5118826746837388,-1.4693347262789997,-1.504833746388979,-1.5147928784704394,-1.4819990800851617,-1.4291022576873424,-1.4631409902955415,-1.5236400477456924,-1.4821797385734816,-1.5108899748020848,-1.0169257054237593,-1.5053148103277694,-1.452033786664405,-1.465355625139556,-0.48034163496456483,-1.4821853518996198,-1.3205307976305405,-1.4505188024099325,-1.4852169160876103,-1.4761601141800074,-1.5205745269027129,-1.4284942250241357,-1.4673495928047273,-1.4681585972525777,-1.4745110213704975,-1.5118665425925204,-1.4775692370220543,-1.4833962853035256,-1.4844870878691063,-1.4860940687875024,-1.4846967608516886,-1.48911791960534,-1.428985601830674,-1.4879004456207607,-1.4505295596264718,-1.4659876060283614,-1.4875902060799044,-1.4752902740541571,-1.5242793749374013,-1.4637486622307843,-1.4882941176514806,-0.8935816054571288,-1.511758577971144,-1.5044670821945485,-1.4761100641498404,-1.4870361967156676,-1.470567907299131,-1.4864541620616125,-1.4769642510265697,-1.4647287902467767,-1.4782998150570046,-1.4529697377216348,-1.4769261163485463,-0.11066426808372769,-1.488909250319471,-1.470117128396734,-1.4847005533925046
108,1519069468,-1.4621948867650618,-1.4561707009626819,-1.4846478628667497,-1.4814062432398483,-1.487249808670918,-1.454376630781797,-1.4636434553771653,-1.4640986033026107,-1.4899091779255464,-1.467260623897827,-1.4503432360150748,-1.5178451323352833,-1.473788509703064,-1.4629550820995074,-1.4850130740194378,-1.4824496196532213,-1.4740061786607483,-1.4879470838599047,-1.4764771228765332,-1.4747746558360337,-1.5226711855975235,-1.4835536397991709,-0.08572961197044983,-1.4859349693461317,-1.4873118190908432,-1.5097483497062605,-1.4882855094082028,-1.5190855419870497,-1.4621941867277768,-1.3589248029815446,-1.4865919180410052,-1.4484476295197777,-1.5102562935428536,-0.2094774720852519,-1.4814052849551518,-1.4758231430839297,-1.4689178625034114,-1.4487568902232852,-1.4787976618402336,-1.5209208423896385,-0.5602460913902577,-1.506190743488824,-1.447426839516994,-1.5199755446534402,-0.042223416015498456,-1.470416118606912,-1.488769239669559,-1.4895585823010133,-1.4793999424963276,-1.5851245216064842,-1.4887062480823832,-1.508983140382599,-1.5262296039906398,-1.4471642731114356,-1.5211052001022038,-1.5088666272074436,-1.4738589256746781,-1.5144069953130572,-1.463129179950816,-1.5037372079294393,-1.4721263550418051,-1.4687482493833752,-1.4869534046826853,0.5094535223051019,-1.446773978982027,-1.4792719807595411,-1.446787430287377,-1.4872143434648035,-1.449815592155816,-1.4627833265992407,-1.4672228596753836,-1.5299949449191137,-1.4803275042723338,-1.5096752626496186,-1.4681255692676147,-1.5032642800234963,-1.5131404523630436,-1.480402399435483,-1.4262435044253454,-1.4619820006492084,-1.5215513859486183,-1.4809970577043212,-1.5090880779172966,-1.0167800790315042,-1.5042695257631349,-1.450852753038156,-1.464204877351784,-0.4803358163957935,-1.481123595500716,-1.3205307976305405,-1.4460225174393073,-1.4824052302710997,-1.4742580924379485,-1.5190802762854154,-1.4256419482901344,-1.4651723917996662,-1.4666108324548155,-1.4729825026890493,-1.5091171290851852,-1.476321872840248,-1.4823306020302187,-1.4822392872328802,-1.484610495486198,-1.482449747686039,-1.487426065480322,-1.4275569206049137,-1.4860290045947455,-1.4482790219415196,-1.464836772269266,-1.4858959218363013,-1.4721805260084924,-1.523230856450937,-1.4616975997408823,-1.4868091744661542,-0.8927861594326882,-1.5095520875465687,-1.5034209979014292,-1.474207956590731,-1.4846754750399749,-1.4694083076812623,-1.4840942015003866,-1.4744243970938542,-1.4619539426215364,-1.4762656304438388,-1.4496374936790004,-1.4750601113835042,-0.11066426808372769,-1.4870392309209364,-1.4682993974418417,-1.4824508713948281
109,1519069474,-1.45940531405293,-1.4544284903048268,-1.483162756115316,-1.4791581880272835,-1.4860682372504295,-1.4522282152164183,-1.460852038452259,-1.462370920715408,-1.4864661070774137,-1.4660484571392374,-1.4491636593123016,-1.5162777301900094,-1.4712948962122696,-1.4601639924360095,-1.483528526543726,-1.480540936667958,-1.4713113825058575,-1.4873498925288997,-1.4742594075700264,-1.4715990078292003,-1.521622350727617,-1.4815771448018091,-0.08572961197044983,-1.484018113888604,-1.4858260089246882,-1.5085464472968002,-1.486799021880114,-1.5169997726402948,-1.4594060209968733,-1.3574371209236,-1.4847217641307258,-1.446682627713105,-1.5074954724641296,0.4016465879377125,-1.4798087284986394,-1.4742971946210686,-1.4677037009245255,-1.4460801438031141,-1.4773283032916205,-1.5186801304847666,-0.5602460913902577,-1.5049917043303427,-1.445173047053605,-1.5184802371269586,-0.042223416015498456,-1.4686777910355928,-1.4863822662099824,-1.4883660677317592,-1.4775073548367166,-1.5823289936740412,-1.48751143170534,-1.5067837519210476,-1.5234595462032392,-1.4444933244699003,-1.5190140453372736,-1.506660408757948,-1.4723534656991721,-1.512750691789054,-1.4610749465330706,-1.5026897995356208,-1.4702618920753006,-1.4681691949412246,-1.4856784823638132,0.6396949222510189,-1.4450129754266845,-1.4777437212234033,-1.4445344919400318,-1.4840932464304168,-1.4478067446682215,-1.461059427509888,-1.4656740985257704,-1.5277676313389654,-1.4793264527900818,-1.5074678506154984,-1.466311833750537,-1.5022179691131747,-1.511488026255648,-1.4793379456690303,-1.4240994394788478,-1.4608230110028753,-1.519462724151544,-1.4780403555314203,-1.5084874456223674,-1.0163431998547392,-1.5032242411985006,-1.4496717194119073,-1.4630541295640116,-0.4803270885426364,-1.4795309609023604,-1.3205307976305405,-1.4437743749539946,-1.4795935444545891,-1.4723560706958896,-1.517586025668118,-1.4227896715561332,-1.4615437234578978,-1.4650630676570533,-1.470434971553302,-1.506917598279317,-1.4744508265675387,-1.4812649187569118,-1.4799914865966544,-1.483126922184894,-1.4802027345203894,-1.4857342113553038,-1.4261282393791537,-1.4841575635687305,-1.4460284842565672,-1.4631105216306226,-1.4842016375926983,-1.4703146771810935,-1.5221823379644726,-1.4596465372509804,-1.4858192123426033,-0.8921498026131358,-1.5073455971219933,-1.5018518714617506,-1.4723058490316214,-1.4834951142021284,-1.4676689082544596,-1.4829142212197737,-1.4712495796779597,-1.4573291965794695,-1.4747399919839645,-1.4457498756292602,-1.4738161080734762,-0.11066426808372769,-1.485169211522402,-1.4664816664869493,-1.4796387688977322
110,1519069480,-1.4566157413407983,-1.4532670165329233,-1.4816776493638826,-1.4763481190115777,-1.4842958801196966,-1.4500797996510395,-1.4580606215273528,-1.4612191323239396,-1.4837116503989074,-1.4648362903806478,-1.4473942942581417,-1.5141878606629775,-1.4688090509878016,-1.4573729027725113,-1.481549129909443,-1.477359798359186,-1.4686165863509668,-1.4861555098668897,-1.4714872634368927,-1.4696936190251,-1.5205735158577105,-1.480094773553788,-0.08572961197044983,-1.4827402102502523,-1.4848354688139185,-1.5061426424778794,-1.4858080301947212,-1.5142187468446213,-1.45661785526597,-1.3564453328849706,-1.4828516102204463,-1.4449176259064322,-1.5041824871696605,0.3460898552083521,-1.4787443575276313,-1.4722625966705871,-1.4658824585561965,-1.4440725839879858,-1.4763487309258783,-1.5164394185798946,-0.5602460913902577,-1.50259362601338,-1.4429192545902159,-1.516237275837236,-0.042223416015498456,-1.4675189059880467,-1.485785522845088,-1.4871735531625048,-1.474983904623902,-1.5795276928393114,-1.4857192071397751,-1.5045843634594964,-1.5213820028626888,-1.4424901129887489,-1.5162258389840333,-1.5039026356960785,-1.4713498257155015,-1.5105422870903835,-1.4590207131153254,-1.501118686944893,-1.4683974291087958,-1.4670110860569228,-1.4844035600449408,0.6294127064658149,-1.443251971871342,-1.4757060418418861,-1.4422815535926867,-1.4815963688029075,-1.4444586655222305,-1.4599101614503196,-1.4636090836596192,-1.5255403177588172,-1.47832540130783,-1.5052604385813781,-1.4651026767391517,-1.501171658202853,-1.5098356001482522,-1.4782734919025777,-1.42195537453235,-1.4602435161797087,-1.516677841755445,-1.4768576746622601,-1.5072861810325084,-1.0161490313317323,-1.5021789566338664,-1.4473096521594095,-1.4607526339884673,-0.48031836068947936,-1.4784692045034566,-1.3205307976305405,-1.4415262324686822,-1.4773441958013807,-1.469820041706478,-1.514597524433523,-1.4213635331891326,-1.4593665224528367,-1.4635153028592909,-1.4689064528718536,-1.5041681847719817,-1.472579780294829,-1.479133552210298,-1.4777436859604283,-1.4811488244498219,-1.4773939680633275,-1.4840423572302857,-1.4225565363147532,-1.481662308867377,-1.4437779465716147,-1.461384270991979,-1.4825073533490951,-1.4678268787445616,-1.520085300991544,-1.4575954747610782,-1.4848292502190525,-0.8915134457935834,-1.505139106697418,-1.5008057871686316,-1.4704037414725117,-1.481134392526436,-1.466509308636591,-1.4811442507988544,-1.469344689228423,-1.4554792981626428,-1.4727058073707988,-1.444083753607943,-1.471950103108434,-0.11066426808372769,-1.4832991921238674,-1.4652698458503546,-1.4773890869000557
111,1519069485,-1.4503392027385018,-1.4503633321031646,-1.4782124002772044,-1.4718520085864482,-1.480751165858231,-1.445066829998489,-1.451779933446314,-1.4577637671495343,-1.4775141228722684,-1.4630180402427633,-1.442675987447049,-1.5110530563724298,-1.4660798000851043,-1.4510929510296406,-1.4780851857994484,-1.4735424323886595,-1.4625532950024625,-1.483169553211865,-1.4659429751706257,-1.4658828414168998,-1.517951428682944,-1.4771300310577455,-0.08572961197044983,-1.4782675475160212,-1.4823591185369935,-1.504339788863689,-1.4833305509812398,-1.5100472081511114,-1.4510415238041634,-1.3549576508270262,-1.4778645331263676,-1.440210954421972,-1.4997651734437019,-0.7650447993788558,-1.476083430100111,-1.4687020502572448,-1.4640612161878674,-1.4393882777526863,-1.4743895861943939,-1.5119579947701507,-0.5602460913902577,-1.499596028117177,-1.4369091413545114,-1.512499007021032,-0.042223416015498456,-1.4646216933691814,-1.4833985493855113,-1.4841922667393692,-1.4699370041982724,-1.5766852600757872,-1.48392698257421,-1.5001855865363938,-1.5165344017347375,-1.438483690026446,-1.5120435294541725,-1.4994901987970874,-1.468840725756325,-1.50667757886771,-1.4543986879253987,-1.499023870157256,-1.4646685031757865,-1.4641158138461687,-1.4793038707694512,0.29695439607755303,-1.4379689612053141,-1.472140102924231,-1.4362737179997662,-1.4778510523616437,-1.4404409705470413,-1.4570369963013985,-1.4605115613603925,-1.5210856905985206,-1.4748217211199481,-1.4997419084960775,-1.4626843627163815,-1.4985558809270487,-1.5065307479334606,-1.4761445843696728,-1.418381932954854,-1.4556075575943765,-1.5118042975622716,-1.4733096320547792,-1.5042830195578616,-1.0158577785472223,-1.4995657452222806,-1.4443570680937876,-1.4578757645190368,-0.4803067235519366,-1.4758148135061973,-1.3205307976305405,-1.437029947498057,-1.4728454984949637,-1.4660159982223602,-1.5108618978902795,-1.417798187271631,-1.454286386774361,-1.4593879300652584,-1.4653399092818076,-1.4992192404587783,-1.4694613698403134,-1.4770021856636841,-1.47268613452892,-1.4776871534134457,-1.4728999417320283,-1.4795307462302372,-1.4189848332503527,-1.4779194268153466,-1.4377765127450752,-1.4579317697146925,-1.4785540234473546,-1.4634732314806311,-1.5179882640186155,-1.4524678185363233,-1.4823543449101753,-0.8899225537447022,-1.5001745032421236,-1.4987136185823933,-1.4653314546482197,-1.47818349043182,-1.4636103095919195,-1.477014319816709,-1.4655349083293496,-1.4517795013289891,-1.4696545304510502,-1.4407515095653083,-1.469462096488378,-0.11066426808372769,-1.4783124737277755,-1.4628462045771646,-1.4728897229047024
112,1519069491,-1.4503392027385018,-1.4503633321031646,-1.4782124002772044,-1.471289994783307,-1.480751165858231,-1.445066829998489,-1.451779933446314,-1.4577637671495343,-1.4775141228722684,-1.4630180402427633,-1.442675987447049,-1.5110530563724298,-1.464262025764712,-1.4510929510296406,-1.4780851857994484,-1.472906204726905,-1.4625532950024625,-1.483169553211865,-1.465388546343999,-1.4658828414168998,-1.517951428682944,-1.4771300310577455,-0.08572961197044983,-1.4782675475160212,-1.4823591185369935,-1.504339788863689,-1.4833305509812398,-1.5100472081511114,-1.4510415238041634,-1.3549576508270262,-1.4778645331263676,-1.4390342865508567,-1.4997651734437019,0.1238629242909105,-1.476083430100111,-1.4681934007696242,-1.4640612161878674,-1.4393882777526863,-1.4743895861943939,-1.5112110908018601,-0.5602460913902577,-1.499596028117177,-1.4369091413545114,-1.512499007021032,-0.042223416015498456,-1.4646216933691814,-1.4833985493855113,-1.4841922667393692,-1.4686752790918651,-1.5739467395534277,-1.48392698257421,-1.499635739421006,-1.5165344017347375,-1.438483690026446,-1.5120435294541725,-1.4994901987970874,-1.468840725756325,-1.5061254776930424,-1.4538851295709623,-1.499023870157256,-1.464047015520285,-1.4641158138461687,-1.4793038707694512,0.6294127064658149,-1.4379689612053141,-1.472140102924231,-1.4362737179997662,-1.4778510523616437,-1.4404409705470413,-1.4570369963013985,-1.4605115613603925,-1.5210856905985206,-1.4748217211199481,-1.4991900554875475,-1.4626843627163815,-1.4985558809270487,-1.5054291305285301,-1.4761445843696728,-1.418381932954854,-1.4556075575943765,-1.511108076963247,-1.4733096320547792,-1.5042830195578616,-1.0158577785472223,-1.4995657452222806,-1.4443570680937876,-1.4578757645190368,-0.4803067235519366,-1.4758148135061973,-1.3205307976305405,-1.437029947498057,-1.4728454984949637,-1.4660159982223602,-1.5108618978902795,-1.417798187271631,-1.454286386774361,-1.4593879300652584,-1.4653399092818076,-1.4986693577573111,-1.4688376877494103,-1.4770021856636841,-1.47268613452892,-1.4776871534134457,-1.4728999417320283,-1.4795307462302372,-1.4189848332503527,-1.4779194268153466,-1.4377765127450752,-1.4579317697146925,-1.4785540234473546,-1.4628512818714983,-1.5179882640186155,-1.4524678185363233,-1.4823543449101753,-0.8899225537447022,-1.4996228806359797,-1.4987136185823933,-1.4653314546482197,-1.47818349043182,-1.4636103095919195,-1.477014319816709,-1.4655349083293496,-1.4517795013289891,-1.4696545304510502,-1.4407515095653083,-1.467596091523336,-0.11066426808372769,-1.477689133928264,-1.4628462045771646,-1.4728897229047024
113,1519069496,-1.4447600573142383,-1.4486211214453095,-1.4752421867743373,-1.4667938843581774,-1.4777972373070096,-1.4407699988677314,-1.4461970995965014,-1.4554601903665974,-1.4720052095152558,-1.4599876233462894,-1.4403168340415025,-1.5079182520818821,-1.4619755660426232,-1.4455107717026445,-1.4741263925308827,-1.4690888387563785,-1.457163702692681,-1.48137797921885,-1.4609531157309854,-1.4620720638086995,-1.5153293415081777,-1.4736711648123626,-0.08572961197044983,-1.474433836600966,-1.4803780383154537,-1.5019359840447681,-1.4813485676104543,-1.505180413008683,-1.4447681509096308,-1.3524781807304522,-1.4741242253058087,-1.4355042829375115,-1.4953478597177432,0.012749458832189704,-1.4739546881580945,-1.4651415038439022,-1.4610258122406523,-1.434703971517387,-1.4719406552800383,-1.5074765709604068,-0.5567771649665584,-1.4971979498002144,-1.4324015564277333,-1.508013084441587,-0.042223416015498456,-1.4628833657978624,-1.4816083192908285,-1.4812109803162334,-1.4648901037726432,-1.5711512116209847,-1.480939941631602,-1.4957868096132911,-1.5123793150536367,-1.433809529903759,-1.507164168336002,-1.4950777618980964,-1.4668334457889838,-1.5028128706450365,-1.449776662735472,-1.4964053491727096,-1.4609395772427771,-1.4606414871932638,-1.4761165649722705,0.6259853012040802,-1.434446954094629,-1.4690835838519551,-1.4317678413050758,-1.4741057359203797,-1.436423275571852,-1.4535891981226932,-1.4563815316280901,-1.5173735012982736,-1.4728196181554445,-1.495327084427837,-1.4602660486936112,-1.4964632591064055,-1.5026750870162038,-1.4734834499535414,-1.4133791147463592,-1.4538690731248771,-1.5069307533690985,-1.4709442703164584,-1.501880490378144,-1.0155665257627122,-1.4969525338106946,-1.439632933588792,-1.4549988950496062,-0.4802892678456225,-1.4736913007083896,-1.3205307976305405,-1.432533662527432,-1.4683468011885468,-1.4609439402435367,-1.506379146038387,-1.4135197721706292,-1.4499319847642387,-1.4562924004697337,-1.462282871918911,-1.4948201788470419,-1.4650955952039912,-1.4743379774804168,-1.4676285830974116,-1.4747200068108375,-1.467844162109317,-1.476147037980201,-1.4154131301859525,-1.4741765447633164,-1.4332754373751706,-1.453903851557858,-1.4746006935456144,-1.4597415338258335,-1.5153669678024548,-1.4483656935565192,-1.4793844585395226,-0.8886498401055972,-1.495209899786829,-1.496621449996155,-1.4608932036769642,-1.4758227687561274,-1.4618709101651168,-1.4740643691151765,-1.4617251274302763,-1.4471547552869222,-1.4666032535313016,-1.4363085175084624,-1.4651080849032798,-0.11066426808372769,-1.4733257553316836,-1.4610284736222725,-1.4683903589093492
114,1519069502,-1.4419704846021064,-1.4468789107874545,-1.4737570800229036,-1.4645458291456128,-1.4760248801762768,-1.4386215833023528,-1.4434056826715953,-1.4537325077793948,-1.4685621386671228,-1.4587754565876998,-1.4379576806359562,-1.5063508499366083,-1.4593861439338023,-1.4420219096232718,-1.4726418450551706,-1.4671801557711153,-1.4544689065377903,-1.48018359655684,-1.4587354004244786,-1.4588964158018658,-1.5142805066382712,-1.4716946698150009,-0.08572961197044983,-1.473155932962614,-1.478396958093914,-1.5007340816353079,-1.4798620800823654,-1.5030946436619281,-1.4412829437460015,-1.3514863926918226,-1.4710073021220096,-1.433739281130839,-1.492587038639019,0.1794196570202709,-1.4723581317015824,-1.463615555381041,-1.4598116506617664,-1.4326964117022587,-1.470961082914296,-1.5059827630238254,-0.5567771649665584,-1.4953993910624925,-1.4293964998098811,-1.505022469388624,-0.042223416015498456,-1.4611450382265432,-1.48041483256104,-1.4800184657469793,-1.4629975161130322,-1.5683304272410366,-1.479147717066037,-1.4924877269209642,-1.509609257266236,-1.4318063184226075,-1.5043759619827615,-1.4928715434486008,-1.4653279858134778,-1.5006044659463658,-1.4477224293177267,-1.4948342365819818,-1.4572106513097678,-1.460062432751113,-1.474204181493962,0.6225578959423456,-1.4326859505392862,-1.467045904470438,-1.4295149029577308,-1.4709846388859933,-1.4337448122550593,-1.451290666003556,-1.454832770478477,-1.5151461877181254,-1.4718185666731924,-1.4925678193851866,-1.4578477346708407,-1.4954169481960837,-1.501022660908808,-1.4724189961870888,-1.4119497381153607,-1.452710083478544,-1.5048420915720242,-1.4679875681435577,-1.5012798580832147,-1.0154208993704572,-1.495384606963743,-1.4384518999625433,-1.453848147261834,-0.4802805399924654,-1.4715677879105822,-1.3205307976305405,-1.4287867583852445,-1.4655351153720362,-1.4584079112541248,-1.504137770112441,-1.4113805646201283,-1.447029050090824,-1.4542287140727175,-1.4597353407831637,-1.4926206480411737,-1.4632245489312818,-1.47327229420711,-1.4653807824611855,-1.4732364335095334,-1.465035395652255,-1.474455183855183,-1.4125557677344323,-1.4723051037373012,-1.4310248996902182,-1.4521776009192147,-1.4729064093020112,-1.4578756849984347,-1.5143184493159907,-1.4463146310666173,-1.4783944964159719,-0.8880134832860448,-1.4924517867561098,-1.495575365703036,-1.4589910961178545,-1.4734620470804347,-1.4595517109293796,-1.4728843888345635,-1.4591852734975608,-1.4453048568700955,-1.464569068918136,-1.4346423954871452,-1.4638640815932518,-0.11066426808372769,-1.471455735933149,-1.4586048323490828,-1.4655782564122535
115,1519069508,-1.4391809118899748,-1.4451367001295992,-1.4702918309362254,-1.4600497187204833,-1.4742525230455439,-1.436473167736974,-1.4406142657466892,-1.4502771426049894,-1.4658076819886166,-1.458169373208405,-1.4350087388790231,-1.5026935782643025,-1.4544481159722809,-1.4392308199597739,-1.4711572975794587,-1.4633627898005888,-1.4517741103828994,-1.47660044857081,-1.453745540984838,-1.4544505085922987,-1.5111340020285515,-1.4702122985669797,-0.08572961197044983,-1.4699611738667349,-1.477406417983144,-1.498330276816387,-1.4783755925542765,-1.4996183614173364,-1.4384947780150983,-1.3499987106338782,-1.4691371482117301,-1.4302092775174937,-1.48927405334455,0.2905331224789917,-1.471293760730574,-1.46208960691818,-1.4585974890828803,-1.4306888518871304,-1.4694917243656829,-1.5029951471506626,-0.5567771649665584,-1.4918022735870486,-1.427142707346492,-1.5027795080989015,-0.042223416015498456,-1.459406710655224,-1.4768343723716748,-1.4770371793238437,-1.4585814782406066,-1.5655089212483024,-1.4773554925004722,-1.4880889499978616,-1.5075317139256856,-1.4291353697810723,-1.5015877556295212,-1.4901137703867313,-1.4638225258379718,-1.49729185889836,-1.4436139624822362,-1.4927394197943447,-1.4534817253767585,-1.4589043238668111,-1.4703794145373448,0.6225578959423456,-1.4285769422434869,-1.465008225088921,-1.4272619646103855,-1.4678635418516066,-1.4310663489382667,-1.4501413999439876,-1.45173524817925,-1.512918874137977,-1.4708175151909406,-1.4903604073510663,-1.454824842142378,-1.4922780154651187,-1.4971669999915511,-1.4713545424206362,-1.4105203614843624,-1.4521305886553775,-1.5020572091759252,-1.4668048872743973,-1.497075432018709,-1.0150811044551955,-1.4927713955521573,-1.4354993158969211,-1.4515466516862896,-0.48027472142369404,-1.4689133969133228,-1.3205307976305405,-1.426538615899932,-1.4604740809023173,-1.4539698605226543,-1.501149268877846,-1.4085282878861272,-1.444851849085763,-1.4511331844771929,-1.4582068221017153,-1.4882215864294372,-1.4601061384767662,-1.4716737692971495,-1.4608851811887336,-1.471258335774461,-1.4599796160295435,-1.4705075242301406,-1.4096984052829118,-1.4691860353606094,-1.428774362005266,-1.4510267671601191,-1.469517840814805,-1.454143987343637,-1.51169715309983,-1.4416997404643377,-1.477404534292421,-0.8873771264664922,-1.4874871833008154,-1.4924371128236786,-1.4551868809996356,-1.4716915058236653,-1.458392111311511,-1.4717044085539506,-1.4541055656321298,-1.4434549584532685,-1.4625348843049704,-1.4329762734658278,-1.4601320716631678,-0.11066426808372769,-1.4664690175370572,-1.4579989220307852,-1.460516471917481
116,1519069513,-1.43569394599981,-1.4439752263576957,-1.4702918309362254,-1.4600497187204833,-1.4718893802045667,-1.4321763366062163,-1.4371249945905564,-1.4502771426049894,-1.4630532253101103,-1.4569572064498153,-1.4350087388790231,-1.5026935782643025,-1.4544274005954103,-1.4357419578804012,-1.4686830517866052,-1.4633627898005888,-1.4477319161505633,-1.47660044857081,-1.453745540984838,-1.4544505085922987,-1.5111340020285515,-1.4687299273189582,-0.08572961197044983,-1.4699611738667349,-1.4764158778723742,-1.498330276816387,-1.4773846008688838,-1.4975325920705813,-1.435009570851469,-1.3485110285759339,-1.4666436096646907,-1.4302092775174937,-1.4870653964815708,0.1794196570202709,-1.470229389759566,-1.460563658455319,-1.4573833275039945,-1.4273429188619164,-1.4680223658170695,-1.5007544352457907,-0.5567771649665584,-1.4918022735870486,-1.4241376507286398,-1.4997888930459384,-0.042223416015498456,-1.4582478256076779,-1.4768343723716748,-1.4770371793238437,-1.4585814782406066,-1.562715558154217,-1.4773554925004722,-1.4880889499978616,-1.5040691416914347,-1.4271321582999208,-1.4987995492762807,-1.487355997324862,-1.4628188858543012,-1.49729185889836,-1.4436139624822362,-1.4927394197943447,-1.4534817253767585,-1.4577462149825096,-1.4703794145373448,0.5917112485867336,-1.4285769422434869,-1.4629705457074038,-1.4242580468139252,-1.4659908836309747,-1.4283878856214738,-1.4489921338844192,-1.45173524817925,-1.50920668483773,-1.4693159379675627,-1.4876011423084161,-1.454824842142378,-1.4922780154651187,-1.4966161912890859,-1.4702900886541836,-1.4069469199068663,-1.4498126093627113,-1.4999685473788509,-1.4656222064052369,-1.497075432018709,-1.0150811044551955,-1.4927713955521573,-1.4354993158969211,-1.448669782216859,-0.48026599357053695,-1.4689133969133228,-1.3205307976305405,-1.4227917117577444,-1.4604740809023173,-1.4539698605226543,-1.4989078929519,-1.4071021495191265,-1.4426746480807018,-1.4511331844771929,-1.4566783034202668,-1.4882215864294372,-1.4601061384767662,-1.4706080860238426,-1.4608851811887336,-1.4687857136056208,-1.4599796160295435,-1.4705075242301406,-1.4075553834442716,-1.4660669669839175,-1.4250234658636787,-1.448725099641928,-1.469517840814805,-1.454143987343637,-1.51169715309983,-1.4416997404643377,-1.47641457216887,-0.8865816804420517,-1.4874871833008154,-1.4924371128236786,-1.4551868809996356,-1.470511144985819,-1.4572325116936424,-1.4699344381330313,-1.4541055656321298,-1.441142585432235,-1.461009245845096,-1.4307547774374048,-1.4588880683531398,-0.11066426808372769,-1.4664690175370572,-1.4567871013941904,-1.460516471917481
117,1519069519,-1.4315095869316123,-1.4428137525857923,-1.4678166530171695,-1.4578016635079185,-1.4707078087840781,-1.4293117825190447,-1.4336357234344235,-1.4479735658220527,-1.4596101544619775,-1.4557450396912257,-1.4326495854734766,-1.5006037087372708,-1.4524413138379448,-1.4322530958010284,-1.4667036551523225,-1.4614541068153255,-1.4443634209569498,-1.4754060659088,-1.4515278256783313,-1.451274860585465,-1.510085167158645,-1.467247556070937,-0.08572961197044983,-1.4680443184092071,-1.4754253377616042,-1.4971283744069268,-1.4763936091834913,-1.494751566274908,-1.4322214051205657,-1.3480151345566191,-1.4647734557544112,-1.4284442757108209,-1.4848567396185914,-0.26503420481461226,-1.4686328333030538,-1.4585290605048375,-1.4555620851356654,-1.425335359046788,-1.4670427934513273,-1.4977668193726281,-0.5602460913902577,-1.489404195270086,-1.4203813299563246,-1.4982935855194568,-0.042223416015498456,-1.4576683830839048,-1.4750441422769922,-1.4758446647545893,-1.4566888905809956,-1.5599265247368468,-1.476160676123429,-1.4853397144209226,-1.5019915983508842,-1.4244612096583853,-1.4967083945113504,-1.4851497788753665,-1.4613134258787952,-1.495635555374357,-1.441559729064491,-1.4916920114005263,-1.4509957747547522,-1.4571671605403587,-1.4678295698996002,0.578001627539795,-1.4268159386881443,-1.461442286171266,-1.4197521701192348,-1.4641182254103426,-1.4250398064754828,-1.4478428678248507,-1.4501864870296368,-1.5077218091176312,-1.4683148864853108,-1.4853937302742959,-1.4542202636366854,-1.4912317045547971,-1.49496376518169,-1.4692256348877313,-1.4048028549603686,-1.449233114539545,-1.497183664982752,-1.4632568446669163,-1.4958741674288503,-1.014838393801437,-1.491726110987523,-1.4343182822706724,-1.447519034429087,-0.4802601750017656,-1.467851640514419,-1.1727705286049568,-1.4205435692724317,-1.4582247322491089,-1.4520678387805954,-1.495919391717305,-1.4042498727851251,-1.4390459797389334,-1.4490694980801766,-1.4546402785116692,-1.4854721729221019,-1.4588587742949597,-1.4690095611138823,-1.458075430393451,-1.4673021403043167,-1.457732602863894,-1.4676877673551103,-1.4046980209927513,-1.4641955259579023,-1.422022748950409,-1.4464234321237368,-1.4678235565712021,-1.4510342392979723,-1.5106486346133656,-1.4396486779744357,-1.4754246100453192,-0.8857862344176111,-1.48528069287624,-1.4903449442374403,-1.452016701734453,-1.4681504233101264,-1.4566527118847081,-1.4675744775718054,-1.452200675182593,-1.4392926870154084,-1.4589750612319303,-1.4290886554160875,-1.4576440650431117,-0.11066426808372769,-1.4645989981385226,-1.454969370439298,-1.457141948920966
118,1519069524,-1.4245356551512829,-1.4381678574981787,-1.4628662971790576,-1.4516195116733654,-1.4653907373918797,-1.4106921809524287,-1.425261472659705,-1.443366412256179,-1.4527240127657117,-1.4496842058982777,-1.429110855365157,-1.495901502301449,-1.4473349734393501,-1.4252753716422832,-1.4622500127251863,-1.445548415271465,-1.4362790324922776,-1.471225726591765,-1.4459835374120644,-1.4366668797540305,-1.505889827679019,-1.462306318577533,-0.08572961197044983,-1.4527094747489862,-1.4714631773185245,-1.4923207647690855,-1.471438650756528,-1.488494258234643,-1.4238569079278556,-1.3450397704407302,-1.4498122244721754,-1.423149270290803,-1.479335097461143,-0.04280727389717069,-1.464375349419021,-1.4534425656286338,-1.4507054388201215,-1.4186434929963603,-1.4631245039883585,-1.4813349320702336,-0.5567771649665584,-1.4858070777946424,-1.4031022544036746,-1.4803498952016774,-0.042223416015498456,-1.4530328428937205,-1.4714636820876268,-1.4716708637621994,-1.4415481893041078,-1.554335468871961,-1.4713814106152558,-1.4792913961516565,-1.4950664538823828,-1.417783838054547,-1.4897378786282494,-1.4790826781392536,-1.4567970459522774,-1.4895624424530127,-1.4359105871656916,-1.4869786736283428,-1.4354585833672133,-1.4519556705610013,-1.453167963232568,0.6362675169892843,-1.4215329280221163,-1.4563480877174728,-1.4024796427895885,-1.4491369596452872,-1.4190132640126991,-1.443245803586577,-1.445023949864259,-1.489903300476445,-1.464310680556303,-1.4798752001889952,-1.4499882140968372,-1.4865233054583495,-1.4889048694545723,-1.4633711391722422,-1.387650335388387,-1.4457561456005457,-1.490917679591529,-1.4585261211902751,-1.492270373659274,-1.011488986779571,-1.4870223304466685,-1.429594147765677,-1.4434914171718842,-0.48023690072668007,-1.463073736719352,-1.1727705286049568,-1.401809048561494,-1.4520390234527856,-1.4374856720914775,-1.4794826349270331,-1.3871362123811177,-1.4223541053667985,-1.4444262036868898,-1.4495452162401747,-1.4794234632059644,-1.4426430399314778,-1.4642139863840011,-1.4518939786438296,-1.4628514204004044,-1.45211506994977,-1.4626122049800558,-1.3882681868965094,-1.4492239977497812,-1.4032682682424726,-1.4429709308464502,-1.4621759424258587,-1.4354854990696486,-1.5059303014242764,-1.4340082561272052,-1.4704747994275646,-0.8840362531638418,-1.4792128442086578,-1.4861606070649638,-1.4367998412615766,-1.4634289799587412,-1.4531739130311025,-1.4628545564493536,-1.4369615515862997,-1.4166314314092803,-1.453889599699016,-1.4018753290679058,-1.4420940236677613,-0.08689855459740743,-1.4496388429502467,-1.4513339085295134,-1.4515177439267746
119,1519069530,-1.4245356551512829,-1.4381678574981787,-1.4628662971790576,-1.4516195116733654,-1.4653907373918797,-1.4106921809524287,-1.425261472659705,-1.443366412256179,-1.4527240127657117,-1.4496842058982777,-1.429110855365157,-1.495901502301449,-1.447306489796153,-1.4252753716422832,-1.4622500127251863,-1.445548415271465,-1.4362790324922776,-1.471225726591765,-1.4459835374120644,-1.4366668797540305,-1.505889827679019,-1.462306318577533,-0.08572961197044983,-1.4527094747489862,-1.4714631773185245,-1.4923207647690855,-1.471438650756528,-1.488494258234643,-1.4238569079278556,-1.3450397704407302,-1.4498122244721754,-1.423149270290803,-1.479335097461143,0.1794196570202709,-1.464375349419021,-1.4534425656286338,-1.4507054388201215,-1.4186434929963603,-1.4631245039883585,-1.4813349320702336,-0.5567771649665584,-1.4858070777946424,-1.4031022544036746,-1.4803498952016774,-0.042223416015498456,-1.4530328428937205,-1.4714636820876268,-1.4716708637621994,-1.4415481893041078,-1.5543116556500274,-1.4713814106152558,-1.4792913961516565,-1.4950664538823828,-1.417783838054547,-1.4897378786282494,-1.4790826781392536,-1.4567970459522774,-1.4895624424530127,-1.4359105871656916,-1.4869786736283428,-1.4354585833672133,-1.4519556705610013,-1.453167963232568,0.6088482748954069,-1.4215329280221163,-1.4563480877174728,-1.4024796427895885,-1.4491369596452872,-1.4190132640126991,-1.443245803586577,-1.445023949864259,-1.489903300476445,-1.464310680556303,-1.4798752001889952,-1.4499882140968372,-1.4865233054583495,-1.4889048694545723,-1.4633711391722422,-1.387650335388387,-1.4457561456005457,-1.490917679591529,-1.4585261211902751,-1.492270373659274,-1.011488986779571,-1.4870223304466685,-1.429594147765677,-1.4434914171718842,-0.48023690072668007,-1.463073736719352,-1.1727705286049568,-1.401809048561494,-1.4520390234527856,-1.4374856720914775,-1.4794826349270331,-1.3871362123811177,-1.4223541053667985,-1.4444262036868898,-1.4495452162401747,-1.4794234632059644,-1.4426430399314778,-1.4642139863840011,-1.4518939786438296,-1.4628514204004044,-1.45211506994977,-1.4626122049800558,-1.3882681868965094,-1.4492239977497812,-1.4032682682424726,-1.4429709308464502,-1.4621759424258587,-1.4354854990696486,-1.5059303014242764,-1.4340082561272052,-1.4704747994275646,-0.8840362531638418,-1.4792128442086578,-1.4861606070649638,-1.4367998412615766,-1.4634289799587412,-1.4531739130311025,-1.4628545564493536,-1.4369615515862997,-1.4166314314092803,-1.453889599699016,-1.4018753290679058,-1.4420940236677613,-0.08689855459740743,-1.4496388429502467,-1.4513339085295134,-1.4515177439267746
120,1519069536,-1.421746082439151,-1.4364256468403234,-1.4608861548438128,-1.4493714564608007,-1.4630275945509026,-1.40854376538705,-1.4224700557347987,-1.4416387296689763,-1.449280941917579,-1.4478659557603932,-1.4273414903109973,-1.4932891653926592,-1.444647153290394,-1.4224842819787853,-1.4602706160909036,-1.4436397322862018,-1.4329105372986641,-1.46943415259875,-1.4437658221055576,-1.433491231747197,-1.5037921579392057,-1.4603298235801712,-0.08572961197044983,-1.4507926192914586,-1.4689868270415998,-1.490517911154895,-1.4689611715430464,-1.4857132324389697,-1.4210687421969523,-1.3425603003441564,-1.4473186859251361,-1.4213842684841305,-1.4765742763824188,0.3460898552083521,-1.4611822365059965,-1.4514079676781524,-1.4488841964517924,-1.4152975599711464,-1.460675573074003,-1.4790942201653616,-0.5567771649665584,-1.4828094798984393,-1.4008484619402854,-1.478106933911955,-0.042223416015498456,-1.4501356302748551,-1.4684799652631557,-1.469882091908318,-1.4396556016444968,-1.551492314495651,-1.4695891860496908,-1.4770920076901053,-1.492296396094982,-1.4151128894130116,-1.4869496722750088,-1.4768764596897581,-1.454789765984936,-1.4873540377543422,-1.4338563537479463,-1.4848838568407057,-1.4335941204007085,-1.4502185072345488,-1.4506181185948235,0.6157030854188763,-1.4197719244667737,-1.4538009884905765,-1.4002267044422434,-1.4466400820177778,-1.4156651848667081,-1.441521904497224,-1.4429589349981078,-1.4876759868962968,-1.4623085775917992,-1.4771159351463448,-1.4469653215683744,-1.4844306836377061,-1.4867016346447113,-1.4612422316393372,-1.38479158212639,-1.4440176611310462,-1.4881327971954301,-1.4561607594519543,-1.4904684767744858,-1.0109064812105508,-1.4849317613174,-1.4278225973263037,-1.44118992159634,-0.48022235430475163,-1.4604193457220926,-1.1727705286049568,-1.3995609060761813,-1.449227337636275,-1.434315635854713,-1.477241259001087,-1.3849970048306168,-1.4187254370250302,-1.4423625172898733,-1.4469976851044275,-1.4772239324000962,-1.4407719936587684,-1.4620826198373873,-1.4496461780076038,-1.4603787982315644,-1.449306303492708,-1.4597924481050257,-1.3846964838321092,-1.447352556723766,-1.4010177305575204,-1.4412446802078067,-1.4599168967677212,-1.4336196502422498,-1.503833264451348,-1.4319571936373032,-1.468494875180463,-0.8833998963442893,-1.4770063537840825,-1.483545396332166,-1.434897733702467,-1.4616584387019715,-1.450274913986431,-1.461084586028434,-1.4344216976535842,-1.4120066853672133,-1.4518554150858505,-1.3985430850252711,-1.4402280187027192,-0.08689855459740743,-1.4477688235517123,-1.447698446619729,-1.4487056414296788
121,1519069541,-1.4175617233709534,-1.4335219624105648,-1.4579159413409457,-1.4443133322325301,-1.4588920945791926,-1.4035307957344996,-1.4182829303474394,-1.438759258690305,-1.444460642730193,-1.445441622243214,-1.4243925485540643,-1.4901543611021115,-1.441987816784635,-1.4169021026517892,-1.4568066719809087,-1.4385499109921664,-1.4275209449888826,-1.4658510046127202,-1.4387759626659171,-1.4296804541389967,-1.5001212358945328,-1.4573650810841288,-0.08572961197044983,-1.4469589083764034,-1.465519936653905,-1.486912203926514,-1.4659881964868684,-1.4787606679497864,-1.4168864936005974,-1.3400808302475824,-1.4442017627413368,-1.4184425988063427,-1.472709126872205,-0.2094774720852519,-1.457989123592972,-1.4483560707524303,-1.4458487925045773,-1.4099440671308041,-1.4577368559767765,-1.4746127963556175,-0.5567771649665584,-1.4804114015814767,-1.3955896128590441,-1.4713780500427878,-0.042223416015498456,-1.447817860179763,-1.4654962484386846,-1.4663045482005552,-1.4352395637720712,-1.5486585410855571,-1.4666021451070828,-1.4726932307670026,-1.4853712516264805,-1.409770992129941,-1.4799791563919078,-1.4730155774031408,-1.4517788460339243,-1.482937228357001,-1.4302614452668923,-1.481217927462341,-1.4298651944676992,-1.446744180581644,-1.4461558904787701,0.48888909073469394,-1.41507591498586,-1.449725629727542,-1.3972227866457831,-1.4435189849833912,-1.4103082582331226,-1.438648739348303,-1.4398614126988811,-1.480994046155852,-1.4573033201805397,-1.4732529640866343,-1.444547007545604,-1.4807685954515803,-1.4817443563225239,-1.4580488703399794,-1.3805034522333945,-1.438222712899381,-1.4825630324032322,-1.4532040572790537,-1.4868646830049095,-1.0106152284260408,-1.4812732653411798,-1.4248700132606817,-1.4377376782330233,-0.4802048985984375,-1.4572340765253813,-1.1727705286049568,-1.3958140019339937,-1.444728640329858,-1.430511592370595,-1.4705171312232486,-1.380718589729615,-1.4150967686832616,-1.439266987694349,-1.4439406477415309,-1.4728248707883598,-1.4370299011133494,-1.458352728380813,-1.4440266764170389,-1.456917127195188,-1.444812277161409,-1.4547168857299713,-1.3804104401548287,-1.4436096746717357,-1.3980170136442507,-1.4377921789305201,-1.4553988054514464,-1.4298879525874522,-1.5001634497487228,-1.4273423030350236,-1.465030007748035,-0.8822862719100725,-1.472041750328788,-1.4804071434528085,-1.4291914110251385,-1.4575271757695096,-1.4473759149417598,-1.4587246254672082,-1.4306119167545108,-1.409231837741973,-1.447787045859519,-1.396321588996848,-1.435874007117621,-0.08689855459740743,-1.4427821051556202,-1.4452748053465392,-1.4442062774343256
122,1519069547,-1.4126799711247229,-1.4306182779808063,-1.4544506922542675,-1.4420652770199653,-1.4565289517382156,-1.399950103125535,-1.412700096497627,-1.4353038935159,-1.4403289577124336,-1.4424112053467402,-1.420264030094358,-1.486497089429806,-1.4409442796747802,-1.412715468156542,-1.4538375770294845,-1.4366412280069032,-1.4234787507565463,-1.4634622392887002,-1.4365582473594103,-1.4277750653348964,-1.4969747312848132,-1.4539062148387458,-0.08572961197044983,-1.443764149280524,-1.4620530462662102,-1.4845083991075931,-1.4620242297452979,-1.4759796421541131,-1.4127042450042422,-1.338097254170323,-1.4410848395575377,-1.4143242612574398,-1.4693961415777361,-1.1539419284843786,-1.4547960106799476,-1.4442868748514675,-1.4428133885573624,-1.407267320710633,-1.45479813887955,-1.4701313725458736,-0.5567771649665584,-1.4768142841060328,-1.392584556241192,-1.4691350887530652,-0.042223416015498456,-1.4437617625133516,-1.4631092749791077,-1.4633232617774197,-1.4333469761124602,-1.5459589876536344,-1.464212512352996,-1.4704938423054512,-1.4826011938390797,-1.406432306328022,-1.4771909500386675,-1.4697062497288975,-1.448266106091077,-1.4801767224836628,-1.4261529784314018,-1.4780757022808853,-1.4280007315011944,-1.4444279628130405,-1.4423311235221532,0.4271957960234701,-1.412140909060289,-1.4466691106552663,-1.3927169099510928,-1.4403978879490047,-1.40762979491633,-1.4357755741993818,-1.4367638903996545,-1.4787667325757037,-1.454300165733784,-1.469941846035454,-1.4415241150171412,-1.4776296627206151,-1.4795411215126628,-1.4548555090406219,-1.3783593872868969,-1.4353252387835482,-1.4783857088090837,-1.4496560146715727,-1.4844621538251919,-1.010275433510779,-1.4776147693649597,-1.422507946008184,-1.4354361826574789,-0.4801874428921234,-1.4540488073286701,-1.1727705286049568,-1.3928164786202437,-1.4424792916766496,-1.4279755633811835,-1.4682757552973025,-1.377866312995614,-1.4114681003414933,-1.4351396149003162,-1.4403741041514846,-1.4700754572810244,-1.4345351727497369,-1.4551556785608923,-1.4417788757808128,-1.4539499805925797,-1.4420035107043472,-1.451333177479935,-1.3782674183161885,-1.4411144199703823,-1.392015579817711,-1.4349150945327813,-1.4520102369642405,-1.4274001541509205,-1.4970178942893302,-1.4242657093001707,-1.4620601213773823,-0.8813317366807437,-1.4698352599042126,-1.4772688905734512,-1.4272893034660288,-1.455166454093817,-1.443897116088154,-1.4545946944850627,-1.4287070263049741,-1.406456990116733,-1.4447357689397704,-1.3935447189613195,-1.434008002152579,-0.08689855459740743,-1.4409120857570858,-1.4422452537550519,-1.4419565954366491
123,1519069553,-1.411285184768657,-1.4294568042089029,-1.4534606210866452,-1.4403792356105418,-1.455347380317727,-1.399233964603742,-1.4113043880351739,-1.4347279993201656,-1.4389517293731804,-1.4411990385881506,-1.419084453391585,-1.4849296872845321,-1.4384920969377268,-1.4113199233247928,-1.452847878712343,-1.4353687726833944,-1.422131352679101,-1.4622678566266902,-1.4348949608795303,-1.4271399357335297,-1.4959258964149067,-1.4524238435907244,-0.08572961197044983,-1.4412083420038204,-1.4610625061554403,-1.4833064966981329,-1.4610332380599054,-1.4745891292562763,-1.4113101621387907,-1.3366095721123787,-1.4398380702840181,-1.4125592594507672,-1.4682918131462463,-0.26503420481461226,-1.4531994542234352,-1.4427609263886063,-1.4409921461890334,-1.4059289475005474,-1.4533287803309367,-1.4686375646092922,-0.5567771649665584,-1.4756152449475515,-1.3910820279322658,-1.4676397812265836,-0.042223416015498456,-1.4426028774658057,-1.4619157882493194,-1.4621307472081653,-1.4314543884528492,-1.543160573270048,-1.4630176959759529,-1.4693941480746757,-1.4812161649453794,-1.405096832007254,-1.4750997952737372,-1.468051585891776,-1.4472624661074065,-1.47852041895966,-1.4246123033680929,-1.4770282938870667,-1.427379243845693,-1.443269853928739,-1.4410562012032808,0.6328401117275496,-1.4115539078751749,-1.4456502709645078,-1.3912149510528626,-1.4397736685421274,-1.4062905632579334,-1.433477042080245,-1.4346988755335033,-1.4780242947156543,-1.453299114251532,-1.4682862870098639,-1.4409195365114487,-1.4765833518102935,-1.477888695405267,-1.4532588283909431,-1.3776446989713977,-1.4347457439603817,-1.4762970470120094,-1.4490646742369924,-1.4832608892353332,-1.010129807118524,-1.4765694848003252,-1.4195553619425618,-1.4342854348697067,-0.4801787150389663,-1.4529870509297664,-1.1727705286049568,-1.3913177169633688,-1.4413546173500453,-1.4260735416391246,-1.4675286299886536,-1.3771532438121135,-1.4107423666731396,-1.434107771701808,-1.4393550916971858,-1.4689756918780903,-1.4326641264770275,-1.453557153650932,-1.4406549754626998,-1.4529609317250436,-1.44031825083011,-1.449641323354917,-1.3775530777033083,-1.439242978944367,-1.3912654005893936,-1.4343396776532333,-1.449751191306103,-1.4267782045417874,-1.4959693758028658,-1.4232401780552197,-1.4610701592538313,-0.8810135582709675,-1.468732014691925,-1.4762228062803322,-1.4266552676129922,-1.4539860932559705,-1.4427375164702854,-1.4528247240641434,-1.4274370993386165,-1.4050695663041128,-1.4437186766331875,-1.3918785969400023,-1.432141997187537,-0.08689855459740743,-1.4402887459575744,-1.441033433118457,-1.4408317544378106
124,1519069558,-1.4084956120565253,-1.4277145935510476,-1.4514804787514004,-1.438131180397977,-1.4535750231869942,-1.3970855490383631,-1.4085129711102677,-1.433000316732963,-1.4361972726946741,-1.4381686216916765,-1.4167252999860385,-1.4828398177575002,-1.4358534758088384,-1.4085288336612949,-1.4503736329194896,-1.433460089698131,-1.4194365565242102,-1.4604762826336752,-1.4326772455730235,-1.4252345469294296,-1.4938282266750935,-1.4504473485933629,-0.08572961197044983,-1.439291486546293,-1.4590814259339004,-1.4815036430839423,-1.4590512546891201,-1.471808103460603,-1.4078249549751614,-1.3351218900544344,-1.436721147100219,-1.4096175897729795,-1.466083156283267,0.012749458832189704,-1.451070712281419,-1.4407263284381249,-1.4391709038207043,-1.4025830144753335,-1.4513696355994523,-1.4663968527044202,-0.5567771649665584,-1.4738166862098296,-1.3888282354688768,-1.4653968199368612,-0.042223416015498456,-1.4408645498944865,-1.4601255581546366,-1.4591494607850297,-1.4295618007932382,-1.5403361808261704,-1.4600306550333448,-1.4660950653823488,-1.4784461071579789,-1.401758146205335,-1.4723115889204967,-1.4658453674422804,-1.445255186140065,-1.4752078119116538,-1.421530953241475,-1.4744097729025205,-1.4236503179126836,-1.4403745817179847,-1.4391438177249722,0.6328401117275496,-1.4097929043198323,-1.4436125915829907,-1.3889620127055176,-1.4379010103214953,-1.4036120999411406,-1.431753142990892,-1.432633860667352,-1.475796981135506,-1.4512970112870283,-1.4655270219672136,-1.4385012224886782,-1.4744907299896501,-1.475685460595406,-1.4505976939748118,-1.3740712573939016,-1.4330072594908823,-1.4735121646159104,-1.4472906529332519,-1.481458992350545,-1.0099356385955174,-1.4739562733887395,-1.4177838115031887,-1.4325593131880483,-0.4801670779014236,-1.450332659932507,-1.1727705286049568,-1.3883201936496188,-1.4391052686968369,-1.4241715198970657,-1.4652872540627075,-1.3735878978946119,-1.4085651656680784,-1.4315281637055375,-1.437317066788588,-1.466776161072222,-1.4295457160225116,-1.4514257871043181,-1.4378452246674174,-1.4509828339899715,-1.4380712376644604,-1.4473855178548927,-1.375410055864668,-1.437371537918352,-1.3890148629044412,-1.4314625932554945,-1.4474921456479657,-1.4249123557143886,-1.4938723388299373,-1.4211891155653178,-1.4585952539449543,-0.8803772014514151,-1.465422279055062,-1.474130637694094,-1.4234850883478096,-1.452215551999201,-1.4409981170434827,-1.451054753643224,-1.4255322088890798,-1.4032196678872861,-1.4416844920200218,-1.3902124749186848,-1.430275992222495,-0.08689855459740743,-1.4365487071605054,-1.4392157021635648,-1.4385820724401341
125,1519069564,-1.4036138598102947,-1.4242301722353374,-1.4485102652485333,-1.43475909757913,-1.451211880346017,-1.3935048564293986,-1.4043258457229084,-1.430120845754292,-1.431376973507288,-1.4357442881744973,-1.4137763582291054,-1.4791825460851946,-1.4337534544785846,-1.4043421991660476,-1.4474045379680656,-1.430278951389359,-1.415394362291874,-1.4568931346476452,-1.4287962437866364,-1.4201535101184959,-1.4906817220653739,-1.44698848234798,-0.08572961197044983,-1.4360967274504135,-1.4556145355462058,-1.4778979358555613,-1.4555827837902457,-1.467636564767093,-1.4036427063788064,-1.331650631919231,-1.4336042239164197,-1.4072642540307492,-1.4616658425573084,-0.2094774720852519,-1.4473454138828903,-1.4376744315124026,-1.4361354998734894,-1.3985678948450768,-1.4474513461364835,-1.4626623328629669,-0.5567771649665584,-1.4702195687343858,-1.3858231788510245,-1.4616585511206572,-0.042223416015498456,-1.4373878947518481,-1.455948354600377,-1.4567644316465211,-1.4257766254740163,-1.5375781767585923,-1.4558487977136934,-1.462246135574634,-1.474291020476878,-1.397751723243032,-1.4681292793906362,-1.4625360397680371,-1.441742446197218,-1.471895204863648,-1.4184496031148572,-1.4702201393272463,-1.4205428796351758,-1.4380583639493814,-1.4359565119277913,0.619130490680611,-1.4062708972091469,-1.440556072510715,-1.3852071154599421,-1.432907255066477,-1.3989247891367533,-1.4283053448121867,-1.4295363383681254,-1.472084791835259,-1.4482938568402723,-1.4622159039160332,-1.4348737514545227,-1.4708286418035244,-1.4712789909756838,-1.447404332675454,-1.3712125041319045,-1.4301097853750495,-1.469334841021762,-1.4443339507603512,-1.4790564631708276,-1.0096443858110071,-1.4708204196948365,-1.4148312274375665,-1.4285316959308456,-0.4801408943419524,-1.4466165125363437,-1.1727705286049568,-1.3845732895074312,-1.43460657139042,-1.4216354909076538,-1.461551627519464,-1.3707356211606108,-1.4042107636579564,-1.4279167125107588,-1.4342600294256913,-1.4634768648634198,-1.427050987658899,-1.447695895647744,-1.433911573554022,-1.4470266385198272,-1.434700717915986,-1.4440018096048566,-1.3711240121873878,-1.4348762832169983,-1.3852639667628541,-1.4291609257373035,-1.4441035771607595,-1.421802607668724,-1.4896782648840803,-1.4170869905855137,-1.4556253675743016,-0.8794226662220863,-1.462112543418199,-1.4699463005216173,-1.4203149090826273,-1.4486744694856621,-1.4375193181898769,-1.448694793081998,-1.4210874645068277,-1.3995198710536325,-1.438124668946982,-1.3868802308760504,-1.4265439822924109,-0.11066426808372769,-1.4340553479624594,-1.43558024025378,-1.434082708444781
126,1519069569,-1.4008242870981629,-1.4224879615774821,-1.4460350873294774,-1.4325110423665652,-1.4494395232152841,-1.3913564408640198,-1.4015344287980023,-1.427817268971355,-1.4279339026591553,-1.4339260380366128,-1.4120069931749457,-1.4765702091764048,-1.431070813173846,-1.4015511095025497,-1.4454251413337829,-1.4283702684040958,-1.4126995661369832,-1.4551015606546303,-1.4265785284801296,-1.4182481213143956,-1.488584052325561,-1.4445178636012777,-0.08572961197044983,-1.434179871992886,-1.453633455324666,-1.4748931798319105,-1.4536008004194605,-1.4641602825225013,-1.4001574992151773,-1.3301629498612866,-1.4317340700061403,-1.4054992522240766,-1.459457185694329,0.012749458832189704,-1.445216671940874,-1.4356398335619212,-1.4343142575051604,-1.395221961819863,-1.4454922014049991,-1.4596747169898043,-0.5567771649665584,-1.4678214904174232,-1.3835693863876355,-1.4579202823044533,-0.042223416015498456,-1.4356495671805292,-1.4535613811408004,-1.4537831452233854,-1.4238840378144053,-1.53475811399143,-1.4540565731481283,-1.4600467471130827,-1.4715209626894772,-1.3944130374411128,-1.4646440214490857,-1.4592267120937936,-1.4397351662298767,-1.4696868001649774,-1.4163953696971119,-1.4681253225396091,-1.4186784166686712,-1.436321200622929,-1.434044128449483,0.6157030854188763,-1.4045098936538043,-1.4385183931291976,-1.382954177112597,-1.4310345968458449,-1.3955767099907623,-1.4260068126930499,-1.4269550697854365,-1.4698574782551108,-1.4462917538757685,-1.460008491881913,-1.433060015937445,-1.468736019982881,-1.4690757561658228,-1.445275425142549,-1.3676390625544084,-1.42837130090555,-1.4658537380266383,-1.4425599294566107,-1.4772545662860395,-1.0094016751572488,-1.4682072082832507,-1.4124691601850687,-1.4262302003553013,-0.48012925720440963,-1.4444929997385363,-1.1727705286049568,-1.3815757661936812,-1.4323572227372114,-1.4184654546708892,-1.458563126284869,-1.3671702752431092,-1.4013078289845415,-1.4258530261137425,-1.4322220045170935,-1.4607274513560846,-1.4251799413861894,-1.44556452910113,-1.4316637729177961,-1.4445540163509871,-1.4318919514589241,-1.4417460041048322,-1.3675523091229873,-1.4311334011649681,-1.3830134290779017,-1.42743467509866,-1.4412797700880877,-1.419314809232192,-1.4870569686679196,-1.4150359280956117,-1.4536454433272,-0.8787863094025339,-1.4593544303874797,-1.4673310897888197,-1.4184128015235176,-1.4469039282288927,-1.4357799187630742,-1.4469248226610787,-1.419182574057291,-1.3976699726368058,-1.4360904843338163,-1.3852141088547332,-1.4246779773273688,-0.11066426808372769,-1.4309386489649019,-1.4337625092988877,-1.4318330264471042
127,1519069575,-1.3938503553178334,-1.4190035402617718,-1.4415797670751767,-1.4280149319414357,-1.44471323753333,-1.379898224515333,-1.3938580322545102,-1.4232101154054813,-1.4217363751325163,-1.4296834543815493,-1.4072886863638527,-1.4713455353588252,-1.4284891593313518,-1.3945733853438045,-1.4409714989066467,-1.4200993088012883,-1.4059625757497565,-1.4503240300065903,-1.4215886690404893,-1.4099914364966284,-1.4828154605410748,-1.4405648736065544,-0.08572961197044983,-1.4252345465244236,-1.4496712948815862,-1.4712874726035294,-1.4491413378351936,-1.4579029744822363,-1.3938841263206447,-1.3271875857453979,-1.4230066850915026,-1.4007925807396162,-1.4550398719683704,-1.1539419284843786,-1.4404270025713373,-1.4305533386857177,-1.4294576111896162,-1.3898684689795207,-1.4415739119420303,-1.4484711574654443,-0.5567771649665584,-1.4630253337834982,-1.3715491599162268,-1.4482007833823227,-0.042223416015498456,-1.4315934695141177,-1.449980920951435,-1.4502056015156226,-1.415051962069554,-1.5319156812279058,-1.4504721240169987,-1.4550981230745923,-1.4639033037741256,-1.3890711401580422,-1.4590676087426049,-1.4542627205824288,-1.4357206062951942,-1.465269990767636,-1.4117733445071852,-1.4639356889643351,-1.4093561018361478,-1.4316887650857224,-1.4251196722173765,0.2798173697688797,-1.3992268829877765,-1.4339336145207842,-1.370938505926756,-1.4229197445564399,-1.3902197833571768,-1.4225590145143445,-1.4223087863365964,-1.4572360346342705,-1.441787022205635,-1.4550418148051423,-1.4282233878919044,-1.4640276208864333,-1.4641184778436356,-1.4404853831935125,-1.3583481144529184,-1.4243148371433845,-1.4595877526354155,-1.4378292059799693,-1.470647611041816,-1.0076541584501884,-1.4635034277423962,-1.4083355424931978,-1.4227779569919847,-0.48010598292932416,-1.4397150959434695,-1.151661918744159,-1.371084434595556,-1.4278585254307945,-1.409589353207948,-1.4473562466551382,-1.3579003758576051,-1.3904218239592363,-1.4212097317204557,-1.427126942245599,-1.455778507042881,-1.4170720742044485,-1.440768954371249,-1.4266062214862876,-1.4405978208808428,-1.4268361718362126,-1.436670441729778,-1.3582658811555464,-1.4224000097102307,-1.3702603821965051,-1.4228313400622778,-1.4361969173572786,-1.4106075147043309,-1.4828628947220623,-1.4099082718708567,-1.4486956327094456,-0.8773545065585409,-1.454941449538329,-1.463146752616343,-1.4089022637279698,-1.4433628457153538,-1.4323011199094684,-1.4416149113983203,-1.4109280487759654,-1.383333259906398,-1.4320221151074848,-1.3702190106628778,-1.4153479525021586,-0.08689855459740743,-1.4228352315712525,-1.4289152267525083,-1.427333662451751
128,1519069581,-1.3938503553178334,-1.4184228033758202,-1.4415797670751767,-1.4274529181382944,-1.44471323753333,-1.379898224515333,-1.3938580322545102,-1.4232101154054813,-1.4217363751325163,-1.4296834543815493,-1.4072886863638527,-1.4713455353588252,-1.4260965333028013,-1.3945733853438045,-1.4409714989066467,-1.4188268534777795,-1.4059625757497565,-1.4503240300065903,-1.4215886690404893,-1.4099914364966284,-1.4828154605410748,-1.4405648736065544,-0.08572961197044983,-1.4252345465244236,-1.4496712948815862,-1.4712874726035294,-1.4491413378351936,-1.4579029744822363,-1.3938841263206447,-1.3271875857453979,-1.4230066850915026,-1.4007925807396162,-1.4550398719683704,0.2349763897496313,-1.4404270025713373,-1.4305533386857177,-1.4294576111896162,-1.3898684689795207,-1.4415739119420303,-1.4484711574654443,-0.5567771649665584,-1.4630253337834982,-1.3715491599162268,-1.4482007833823227,-0.042223416015498456,-1.4315934695141177,-1.449980920951435,-1.4502056015156226,-1.415051962069554,-1.529124482972178,-1.4504721240169987,-1.4550981230745923,-1.4639033037741256,-1.3890711401580422,-1.4590676087426049,-1.4542627205824288,-1.4352187863033588,-1.465269990767636,-1.4117733445071852,-1.4639356889643351,-1.4093561018361478,-1.4316887650857224,-1.4251196722173765,0.6328401117275496,-1.3992268829877765,-1.4339336145207842,-1.370938505926756,-1.4229197445564399,-1.3902197833571768,-1.4225590145143445,-1.4223087863365964,-1.4572360346342705,-1.441787022205635,-1.4550418148051423,-1.4282233878919044,-1.4640276208864333,-1.4635676691411703,-1.4404853831935125,-1.3583481144529184,-1.4243148371433845,-1.4595877526354155,-1.4378292059799693,-1.470647611041816,-1.0076541584501884,-1.4635034277423962,-1.4083355424931978,-1.4227779569919847,-0.48010598292932416,-1.4397150959434695,-1.151661918744159,-1.371084434595556,-1.4278585254307945,-1.409589353207948,-1.4473562466551382,-1.3579003758576051,-1.3904218239592363,-1.4212097317204557,-1.427126942245599,-1.455778507042881,-1.4170720742044485,-1.440768954371249,-1.4266062214862876,-1.4405978208808428,-1.4268361718362126,-1.436670441729778,-1.3582658811555464,-1.4224000097102307,-1.3702603821965051,-1.4228313400622778,-1.4361969173572786,-1.4106075147043309,-1.4828628947220623,-1.4099082718708567,-1.4486956327094456,-0.8771954173536527,-1.454941449538329,-1.463146752616343,-1.4089022637279698,-1.4433628457153538,-1.4323011199094684,-1.4416149113983203,-1.4109280487759654,-1.383333259906398,-1.4320221151074848,-1.3702190106628778,-1.4147259508471446,-0.08689855459740743,-1.4228352315712525,-1.4289152267525083,-1.427333662451751
129,1519069586,-1.38827120989357,-1.4143576451741582,-1.4376194824046873,-1.4229568077131651,-1.44057773756162,-1.3756013933845757,-1.3882751984046977,-1.419754750231076,-1.4162274617755037,-1.424228703967896,-1.4037499562555331,-1.4671657963047615,-1.423369871822213,-1.3889912060168084,-1.437012705638081,-1.415009487507253,-1.400572983439975,-1.4467408820205605,-1.4171532384274756,-1.406180658888428,-1.4786201210614487,-1.4361177598624906,-0.08572961197044983,-1.4201229319710167,-1.4457091344385067,-1.4664798629656879,-1.445177371093623,-1.4523409228908897,-1.3869137119933863,-1.324212221629509,-1.4192663772709437,-1.397262577126271,-1.4506225582424117,-0.7094880666494955,-1.4361695186873047,-1.4259754932971345,-1.4246009648740723,-1.3838457895341356,-1.4376556224790615,-1.4439897336557004,-0.5567771649665584,-1.4594282163080543,-1.3670415749894484,-1.442967207039637,-0.042223416015498456,-1.4281168143714795,-1.4464004607620697,-1.4466280578078599,-1.4112667867503321,-1.5262820502086538,-1.4462902666973472,-1.450149499036102,-1.4583631881993242,-1.3830615057145876,-1.4527941444478139,-1.4492987290710637,-1.430702406376841,-1.4597489790209597,-1.4076648776716947,-1.4592223511921516,-1.405005688247637,-1.4264772751063648,-1.4212949052607593,0.3483654750035729,-1.3957048758770911,-1.4293488359123705,-1.3664326292320657,-1.419174428115176,-1.3848628567235912,-1.4185365833058547,-1.4171462491712186,-1.452781407473974,-1.4377828162766273,-1.4506269907369018,-1.424595916857749,-1.459319221789986,-1.4591611995214482,-1.4351631143612498,-1.3533452962444237,-1.4208378682043852,-1.4540179878432176,-1.4342811633724883,-1.46704381727224,-1.0072658214041748,-1.459322289483859,-1.4036114079882025,-1.419325713628668,-0.48008270865423863,-1.4354680703478544,-1.151661918744159,-1.3643400071396183,-1.4222351537977735,-1.4057853097238302,-1.4428734948032458,-1.3529088915731031,-1.386067421949114,-1.417082358926423,-1.4230508924284035,-1.4502796800282105,-1.41145893538632,-1.4359733796413678,-1.4221106202138356,-1.4366416254106984,-1.4223421455049134,-1.4321588307297295,-1.353979837478266,-1.4174095003075238,-1.3657593068266005,-1.419378838784991,-1.4311140646264695,-1.4050099682221344,-1.4781445615329731,-1.4058061468910528,-1.443745822091691,-0.8757636145096597,-1.4505284686891784,-1.4589624154438665,-1.4050980486097508,-1.4392315827828916,-1.4288223210558628,-1.437484980416175,-1.4058483409105342,-1.3787085138643311,-1.4274451997278619,-1.3652206445989261,-1.4109939409170604,-0.08689855459740743,-1.4190951927741835,-1.4252797648427238,-1.4228342984563978
130,1519069592,-1.386876423537504,-1.4131961714022547,-1.436629411237065,-1.4212707663037416,-1.4393961661411314,-1.3748852548627826,-1.3868794899422447,-1.4191788560353418,-1.414161619266624,-1.4230165372093064,-1.4031601679041465,-1.4661208615412455,-1.4212491351150887,-1.3875956611850593,-1.4360230073209397,-1.4137370321837441,-1.3992255853625295,-1.4449493080275455,-1.4160443807742222,-1.4042752700843277,-1.4775712861915422,-1.4351295123638097,-0.08572961197044983,-1.4194839801518409,-1.4442233242723517,-1.4658789117609579,-1.4441863794082304,-1.450950409993053,-1.3855196291279346,-1.3232204335908795,-1.4173962233606643,-1.3960859092551559,-1.4489660655951773,0.2349763897496313,-1.4340407767452883,-1.4249581943218936,-1.4239938840846293,-1.38250741632405,-1.4366760501133193,-1.4432428296874098,-0.5567771649665584,-1.458229177149573,-1.3655390466805224,-1.4414718995131555,-0.042223416015498456,-1.4275373718477065,-1.4452069740322813,-1.4454355432386057,-1.4106359241971285,-1.5235197164643608,-1.445095450320304,-1.4490498048053262,-1.456978159305624,-1.38172603139382,-1.4514000412711936,-1.448195619846316,-1.4296987663931704,-1.4586447766716244,-1.406637760962822,-1.4581749427983333,-1.4037627129366337,-1.4258982206642141,-1.420657444101323,0.6362675169892843,-1.394530873506863,-1.4283299962216118,-1.3649306703338355,-1.417301769894544,-1.3835236250651948,-1.4173873172462863,-1.416113741738143,-1.4520389696139246,-1.4367817647943752,-1.4489714317113116,-1.4227821813406711,-1.4577497554245034,-1.4580595821165176,-1.4340986605947974,-1.3519159196134254,-1.419678878558052,-1.452625546645168,-1.4330984825033282,-1.4664431849773105,-1.0068774843581614,-1.4582770049192246,-1.4024303743619537,-1.418174965840896,-0.4800739808010816,-1.4338754357494987,-1.151661918744159,-1.3635906263111808,-1.4211104794711693,-1.4051513024764772,-1.4421263694945972,-1.3514827532061024,-1.3838902209440531,-1.4160505157279148,-1.4220318799741045,-1.4491799146252764,-1.4102115712045138,-1.434907696368061,-1.4209867198957227,-1.4356525765431623,-1.4212186389220887,-1.4310309279797175,-1.3532654968653857,-1.4167856866321853,-1.365009127598283,-1.4182280050258955,-1.4299845417974009,-1.4043880186130016,-1.477096043046509,-1.4047806156461018,-1.4427558599681403,-0.8754454360998833,-1.4494252234768907,-1.4579163311507475,-1.4044640127567143,-1.4380512219450452,-1.42708292162906,-1.436305000135562,-1.4045784139441766,-1.3750087170306775,-1.426428107421279,-1.3624437745633973,-1.4097499376070324,-0.08689855459740743,-1.418471852974672,-1.422856123569534,-1.4211470369581405
131,1519069597,-1.3833894576473393,-1.4114539607443994,-1.4346492689018202,-1.4190227110911768,-1.4376238090103985,-1.372736839297404,-1.3833902187861118,-1.4174511734481392,-1.4114071625881177,-1.421198287071422,-1.4013908028499868,-1.463508524632456,-1.4191931339606847,-1.3848045715215611,-1.434043610686657,-1.4118283491984809,-1.3965307892076386,-1.4431577340345305,-1.4138266654677154,-1.4023698812802277,-1.475473616451729,-1.4331530173664482,-0.08572961197044983,-1.4175671246943131,-1.4422422440508118,-1.4628741557373068,-1.441708900194749,-1.4474741277484613,-1.3827314633970313,-1.3207409634943055,-1.4155260694503848,-1.3943209074484832,-1.446757408732198,-0.04280727389717069,-1.431912034803272,-1.4229235963714122,-1.4221726417163003,-1.379830669903879,-1.4337373330160927,-1.4410021177825378,-0.5567771649665584,-1.4552315792533699,-1.3632852542171332,-1.439228938223433,-0.042223416015498456,-1.4246401592288411,-1.4422232572078102,-1.4436467713847243,-1.4087433365375175,-1.520739342400421,-1.4427058175662173,-1.446850416343775,-1.4542081015182233,-1.3790550827522847,-1.4486118349179533,-1.4459894013968204,-1.4276914864258292,-1.4564363719729538,-1.4045835275450769,-1.4555564218137869,-1.4018982499701291,-1.4241610573377617,-1.4187450606230145,0.6328401117275496,-1.3927698699515203,-1.4262923168400947,-1.3619267525373753,-1.415429111673912,-1.380175545919204,-1.4156634181569336,-1.414048726871992,-1.4498116560337764,-1.4347796618298716,-1.4467640196771914,-1.4209684458235934,-1.45565713360386,-1.4558563473066566,-1.4319697530618922,-1.3497718546669277,-1.4179403940885527,-1.449840664249069,-1.4307331207650074,-1.4646412880925224,-1.006634773704403,-1.4561864357899559,-1.4006588239225803,-1.4164488441592376,-0.48006234366353884,-1.431751922951691,-1.151661918744159,-1.3613424838258683,-1.4182987936546587,-1.4019812662397126,-1.4383907429513536,-1.3493435456556016,-1.381713019938992,-1.4139868293308986,-1.4194843488383573,-1.4469803838194082,-1.4083405249318044,-1.432776329821447,-1.4181769691004402,-1.4336744788080902,-1.418409872465027,-1.4287751224796934,-1.3496937938009854,-1.4149142456061703,-1.3620084106850132,-1.4165017543872522,-1.4277254961392634,-1.4025221697856027,-1.4744747468303483,-1.4027295531561996,-1.4407759357210386,-0.8748090792803309,-1.4472187330523154,-1.4553011204179496,-1.4019278693445683,-1.4351003198504295,-1.425343522202257,-1.4345350297146426,-1.4020385600114609,-1.3731588186138508,-1.423885376654822,-1.36077765254208,-1.4078839326419903,-0.08689855459740743,-1.4166018335761374,-1.4210383926146417,-1.4188973549604638
132,1519069603,-1.3805998849352077,-1.4097117500865444,-1.4326691265665754,-1.4162126420754708,-1.434669880459177,-1.3691561466884392,-1.3805988018612056,-1.4157234908609364,-1.4086527059096114,-1.4187739535542427,-1.399621437795827,-1.461418655105424,-1.4166218378066258,-1.3813157094421886,-1.4315693648938035,-1.4086472108897088,-1.3931622940140251,-1.4401717773795055,-1.4110545213345818,-1.3998293628747607,-1.4728515292769626,-1.4311765223690864,-0.08572961197044983,-1.4156502692367856,-1.4402611638292722,-1.4610713021231163,-1.4397269168239635,-1.444693101952788,-1.3799432976661279,-1.3192532814363611,-1.4130325309033454,-1.3925559056418104,-1.4445487518692186,0.1238629242909105,-1.4297832928612555,-1.4208889984209307,-1.4203513993479713,-1.3771539234837078,-1.4317781882846083,-1.4387614058776657,-0.5567771649665584,-1.453433020515648,-1.360280197599281,-1.4369859769337106,-0.042223416015498456,-1.422901831657522,-1.4404330271131276,-1.4406654849615885,-1.4055890237714992,-1.5179185580204728,-1.4403161848121309,-1.4446510278822235,-1.4507455292839726,-1.3763841341107494,-1.4458236285647128,-1.4426800737225771,-1.4256842064584878,-1.4542279672742833,-1.4025292941273315,-1.4529379008292405,-1.4000337870036244,-1.4212657851270074,-1.4155577548258338,0.6294127064658149,-1.389247862840835,-1.4237452176131982,-1.3596738141900302,-1.41355645345328,-1.377497082602411,-1.413939519067581,-1.4119837120058407,-1.4468419045935788,-1.4317765073831157,-1.4440047546345411,-1.4191547103065156,-1.4530413563280558,-1.4536531124967955,-1.4293086186457609,-1.3476277897204298,-1.4144634251495534,-1.44705578185297,-1.4289590994612669,-1.4616381266178755,-1.0064406051813963,-1.45357322437837,-1.3988872734832072,-1.413571974689807,-0.4800507065259961,-1.4296284101538836,-1.151661918744159,-1.3590943413405556,-1.4160494450014502,-1.4000792444976538,-1.4361493670254075,-1.3472043381051007,-1.3795358189339308,-1.411923142933882,-1.4174463239297597,-1.44478085301354,-1.406469478659095,-1.4306449632748333,-1.4153672183051578,-1.43120185663925,-1.4161628592993774,-1.425955365604663,-1.3475507719623452,-1.4117951772294783,-1.3597578730000608,-1.414200086869061,-1.425466450481126,-1.400656320958204,-1.4723777098574198,-1.3996529594213467,-1.4383010304121613,-0.8740136332558903,-1.4444606200215961,-1.4532089518317115,-1.3993917259324222,-1.43332977859366,-1.4236041227754541,-1.432765059293723,-1.4001336695619242,-1.371308920197024,-1.4218511920416563,-1.3591115305207628,-1.4060179276769482,-0.11066426808372769,-1.41348513457858,-1.4192206616597494,-1.416085252463368
133,1519069609,-1.375020739510944,-1.406227328770834,-1.4292038774798972,-1.4128405592566238,-1.4323067376182002,-1.3662915926012675,-1.3757138222426197,-1.4122681256865313,-1.403143792552599,-1.4157435366577686,-1.3949031309847342,-1.4582838508148763,-1.414159297381137,-1.3771290749469414,-1.4286002699423794,-1.4061023002426911,-1.389120099781689,-1.4377830120554855,-1.4077279483748217,-1.397288844469294,-1.469705024667243,-1.4282117798730438,-0.08572961197044983,-1.4118165583217304,-1.4367942734415773,-1.4586674973041958,-1.4362584459250893,-1.440521563259278,-1.375761049069773,-1.316773811339787,-1.4099156077195463,-1.38784923415735,-1.4412357665747495,-0.04280727389717069,-1.426590179948231,-1.4173284520075884,-1.4173159954007564,-1.373138803853451,-1.4283496850045108,-1.4342799820679217,-0.5567771649665584,-1.4510349421986855,-1.3565238768269658,-1.4339953618807473,-0.042223416015498456,-1.4194251765148838,-1.4380460536535506,-1.43828045582308,-1.402434711005481,-1.5150912791254516,-1.4379265520580442,-1.4413519451898966,-1.4465904426028715,-1.3723777111484463,-1.4416413190348523,-1.4393707460483338,-1.4221714665156406,-1.4503632590516096,-1.3979072689374048,-1.449795675647785,-1.3975478363816183,-1.418949567358404,-1.4117329878692166,0.5745742222780604,-1.3868998581003782,-1.4206886985409224,-1.3544169580462249,-1.4104353564188934,-1.373479387627222,-1.411640986948444,-1.408886189706614,-1.4431297152933316,-1.4277723014541082,-1.4406936365833607,-1.4167363962837454,-1.4499024235970908,-1.450348260282004,-1.425583030463177,-1.344769036458433,-1.4109864562105543,-1.4421822376597968,-1.425411056853786,-1.459235597438158,-1.006149352396886,-1.450437370684467,-1.3965252062307094,-1.4112704791142627,-0.48003325081968196,-1.4264431409571723,-1.151661918744159,-1.355347437198368,-1.4126754220216375,-1.397543215508242,-1.4331608657908126,-1.3443520613710993,-1.3751814169238088,-1.4077957701398494,-1.4138797803397134,-1.4409316741032707,-1.403351068204579,-1.4274479134549125,-1.4114335671917624,-1.4282347100366417,-1.412792339550903,-1.4220077059796208,-1.3446934095108247,-1.4086761088527864,-1.3552567976301562,-1.4113230024713221,-1.4215131205793856,-1.3963026736942732,-1.469232154398027,-1.3965763656864938,-1.4353311440415086,-0.8730590980265616,-1.4411508843847332,-1.450070698952354,-1.395587510814203,-1.4309690569179674,-1.4201253239218485,-1.4292251184518843,-1.3969588521460299,-1.3685340725717838,-1.4187999151219077,-1.356334660485234,-1.4035299210568921,-0.11066426808372769,-1.4103684355810224,-1.4167970203865596,-1.412710729466853
134,1519069614,-1.3722311667988123,-1.404485118112979,-1.4272237351446524,-1.4100304902409178,-1.4305343804874673,-1.3634270385140959,-1.3729224053177136,-1.4105404430993285,-1.4003893358740926,-1.4139252865198844,-1.3925439775791877,-1.4561939812878446,-1.4125460874073417,-1.3743379852834434,-1.4266208733080967,-1.402921161933919,-1.3864253036267984,-1.4353942467314655,-1.404955804241688,-1.3953834556651936,-1.46760735492743,-1.4252470373770014,-0.08572961197044983,-1.408621799225851,-1.4348131932200374,-1.4568646436900052,-1.434276462554304,-1.4377405374636048,-1.3729728833388695,-1.314294341243213,-1.4080454538092668,-1.3860842323506775,-1.4390271097117702,-0.37614767027333307,-1.4244614380062148,-1.415293854057107,-1.4148876722429842,-1.3697928708282372,-1.4259007540901554,-1.4305454622264684,-0.5567771649665584,-1.4492363834609636,-1.3542700843635767,-1.4302570930645433,-0.042223416015498456,-1.4176868489435646,-1.436255823558868,-1.4364916839691986,-1.3999112607926663,-1.5123664692460237,-1.4355369193039578,-1.4386027096129574,-1.443820384815471,-1.3690390253465272,-1.4381560610933017,-1.4371645275988383,-1.4201641865482995,-1.4476027531782714,-1.3958530355196597,-1.4471771546632386,-1.395061885759612,-1.4172124040319516,-1.409820604390908,0.619130490680611,-1.3851388545450356,-1.4186510191594053,-1.3521640196988796,-1.4085626981982615,-1.370800924310429,-1.4081931887697385,-1.4057886674073874,-1.4409024017131833,-1.4257701984896043,-1.4384862245492405,-1.4149226607666676,-1.4472866463212866,-1.4475942167696776,-1.423454122930272,-1.3411955948809369,-1.4092479717410549,-1.438701134664673,-1.4236370355500456,-1.4574337005533697,-1.0059551838738794,-1.4483468015551986,-1.3929821053519629,-1.4095443574326043,-0.4800187043977535,-1.4243196281593649,-1.151661918744159,-1.3530992947130556,-1.409863736205127,-1.394373179271477,-1.4309194898648663,-1.3414997846370982,-1.3730042159187477,-1.405216162143579,-1.4118417554311156,-1.4381822605959353,-1.4002326577500634,-1.4247837052716452,-1.4091857665555363,-1.4262566123015696,-1.409983573093841,-1.4197519004795967,-1.3425503876721845,-1.4068046678267714,-1.353006259945204,-1.4095967518326789,-1.4186893135067138,-1.3938148752577415,-1.4671351174250984,-1.3945253031965916,-1.433351219794407,-0.8724227412070091,-1.438392771354014,-1.447978530366116,-1.3936854032550936,-1.429198515661198,-1.4183859244950456,-1.4274551480309647,-1.3944189982133144,-1.3662216995507503,-1.416765730508742,-1.354113164456811,-1.4004199127818222,-0.11066426808372769,-1.4078750763829766,-1.4149792894316673,-1.4104610474691766
135,1519069620,-1.3694415940866804,-1.4015814336832204,-1.4252435928094076,-1.407782435028353,-1.4287620233567344,-1.3619947614705101,-1.3701309883928074,-1.408812760512126,-1.3976348791955864,-1.4108948696234103,-1.3901848241736414,-1.4541041117608127,-1.409954075876412,-1.3715468956199452,-1.4241466275152432,-1.4010124789486558,-1.3837305074719075,-1.4336026727384505,-1.4027380889351813,-1.3928429372597269,-1.4655096851876168,-1.4227764186302994,-0.08572961197044983,-1.4067049437683234,-1.4328321129984978,-1.4550617900758147,-1.4322944791835188,-1.4349595116679312,-1.3694876761752404,-1.3128066591852687,-1.4055519152622276,-1.3843192305440049,-1.4368184528487908,-0.2094774720852519,-1.4223326960641984,-1.4132592561066255,-1.4130664298746554,-1.3664469378030233,-1.423941609358671,-1.4283047503215964,-0.5567771649665584,-1.4474378247232416,-1.3520162919001877,-1.428014131774821,-0.042223416015498456,-1.4159485213722454,-1.433868850099291,-1.433510397546063,-1.3980186731330553,-1.509547128091647,-1.4325498783613495,-1.4358534740360185,-1.4410503270280703,-1.3657003395446081,-1.4353678547400612,-1.4349583091493427,-1.4176550865891229,-1.4453943484796008,-1.3937988021019143,-1.4445586336786922,-1.3919544474821042,-1.4143171318211976,-1.4079082209125997,0.6157030854188763,-1.3833778509896928,-1.4166133397778882,-1.3499110813515345,-1.4066900399776296,-1.3681224609936364,-1.4058946566506016,-1.4037236525412362,-1.438675088133035,-1.4237680955251004,-1.43572695950659,-1.4125043467438974,-1.4451940245006432,-1.4453909819598167,-1.4207929885141406,-1.3383368416189398,-1.4075094872715552,-1.435916252268574,-1.4218630142463051,-1.4556318036685816,-1.0057610153508727,-1.4457335901436128,-1.3912105549125897,-1.40724286185706,-0.48000706726021075,-1.4216652371621055,-1.151661918744159,-1.3501017713993055,-1.4070520503886164,-1.3924711575294184,-1.4286781139389202,-1.3379344387195966,-1.3708270149136867,-1.4026365541473085,-1.409803730522518,-1.4359827297900671,-1.398361611477354,-1.4226523387250314,-1.4063760157602538,-1.4237839901327294,-1.4077365599281915,-1.4174960949795725,-1.3404073658335443,-1.4049332268007562,-1.3507557222602515,-1.4072950843144876,-1.4164302678485765,-1.3919490264303427,-1.4650380804521699,-1.3924742407066897,-1.4308763144855297,-0.8717863843874567,-1.4356346583232948,-1.445363319633318,-1.3911492598429476,-1.426247613566582,-1.4166465250682427,-1.4256851776100454,-1.3918791442805987,-1.3643718011339236,-1.4142229997422848,-1.3524470424354937,-1.3985539078167801,-0.11066426808372769,-1.4053817171849305,-1.413161558476775,-1.4076489449720808
136,1519069626,-1.3666520213745488,-1.3998392230253651,-1.4227684148903519,-1.4055343798157884,-1.4269896662260015,-1.3591302073833385,-1.3673395714679013,-1.406509183729189,-1.3941918083474534,-1.409076619485526,-1.3884154591194815,-1.4514917748520229,-1.4074915354509232,-1.368755805956447,-1.4221672308809605,-1.3991037959633925,-1.3810357113170169,-1.4306167160834258,-1.3999659448020478,-1.3883970300501598,-1.4634120154478039,-1.4207999236329376,-0.08572961197044983,-1.4047880883107957,-1.4303557627215728,-1.4514560828474337,-1.4298169999700372,-1.432178485872258,-1.366699510444337,-1.3108230831080097,-1.4036817613519479,-1.3825542287373322,-1.433505467554322,-0.0983640066265311,-1.419671768636678,-1.411224658156144,-1.4112451875063263,-1.3637701913828522,-1.4214926784443154,-1.4253171344484339,-0.5567771649665584,-1.4444402268270384,-1.3497624994367985,-1.4257711704850984,-0.042223416015498456,-1.4136307512771533,-1.43088513327482,-1.4317216256921816,-1.3954952229202406,-1.506740775967416,-1.4307576537957847,-1.433654085574467,-1.4382802692406698,-1.3623616537426888,-1.432579648386821,-1.4322005360874732,-1.4156478066217815,-1.4431859437809302,-1.3917445686841692,-1.4424638168910553,-1.3900899845155994,-1.412579968494745,-1.4059958374342911,0.6122756801571416,-1.3816168474343502,-1.414575660396371,-1.3476581430041892,-1.4029447235363657,-1.3641047660184473,-1.404170757561249,-1.401658637675085,-1.436447774552887,-1.4217659925605965,-1.4335195474724698,-1.4094814542154344,-1.442578247224839,-1.4431877471499557,-1.4186640809812354,-1.3361927766724422,-1.4057710028020556,-1.4324351492734502,-1.4200889929425646,-1.4538299067837934,-1.0055183046971143,-1.4431203787320268,-1.3894390044732163,-1.4043659923876295,-0.4799925208382823,-1.419010846164846,-1.151661918744159,-1.3478536289139929,-1.4042403645721058,-1.3893011212926536,-1.426436738012974,-1.3350821619855953,-1.3671983465719182,-1.4005728677502922,-1.4077657056139201,-1.433783198984199,-1.3964905652046444,-1.4205209721784176,-1.404128215124028,-1.4213113679638891,-1.4043660401797171,-1.4152402894795482,-1.3361213221562638,-1.4018141584240642,-1.348505184575299,-1.4055688336758443,-1.414171222190439,-1.3900831776029439,-1.461892524992777,-1.3904231782167877,-1.428896390238428,-0.8711500275679042,-1.4334281678987195,-1.4422250667539607,-1.3892471522838379,-1.4244770723098126,-1.4137475260235715,-1.423915207189126,-1.3887043268647044,-1.3625219027170967,-1.412188815129119,-1.3507809204141765,-1.396687902851738,-0.11066426808372769,-1.4035116977863962,-1.4101320068852878,-1.4037120014761466
137,1519069631,-1.3631650554843842,-1.3975162754815582,-1.4193031658036734,-1.4021622969969412,-1.4234449519645358,-1.3562656532961668,-1.364548154542995,-1.4030538185547836,-1.391437351668947,-1.4066522859683468,-1.3854665173625484,-1.4478345031797173,-1.4064013887431097,-1.3652669438770746,-1.4187032867709657,-1.3965588853163748,-1.3776672161234034,-1.4282279507594058,-1.3966393718422876,-1.3864916412460597,-1.4592166759681777,-1.4173410573875547,-0.08572961197044983,-1.4015933292149163,-1.427384142389263,-1.4490522780285129,-1.4268440249138592,-1.428006947178748,-1.3632143032807078,-1.3083436130114356,-1.4011882228049086,-1.3796125590595445,-1.4307446464755977,-0.9872717302962974,-1.4164786557236535,-1.4081727612304218,-1.4082097835591112,-1.3597550717525955,-1.4185539613470888,-1.4223295185752711,-0.5567771649665584,-1.4414426289308353,-1.3467574428189464,-1.4220329016688944,-0.042223416015498456,-1.410733538658288,-1.4267079297205605,-1.4275478246997917,-1.3923409101542223,-1.5040347280204205,-1.4277706128531764,-1.430904849997528,-1.4341251825595687,-1.358355230780386,-1.4283973388569604,-1.42889120841323,-1.4126368866707697,-1.4404254379075918,-1.3886632185575514,-1.4393215917095996,-1.3882255215490948,-1.4102637507261417,-1.4034459927965464,0.5951386538484683,-1.377507839138551,-1.4110097214787158,-1.345405204656844,-1.4004478459088565,-1.3607566868724563,-1.4007229593825434,-1.3980448616593206,-1.4327355852526398,-1.418262312372715,-1.4307602824298196,-1.4058539831812789,-1.439439314493874,-1.4404337036376293,-1.4154707196818779,-1.332619335094946,-1.4022940338630565,-1.4289540462783266,-1.4171322907696637,-1.4496254807192879,-1.0052270519126043,-1.4394618827558068,-1.3858959035944698,-1.4009137490243129,-0.4799750651319682,-1.415294698768683,-1.151661918744159,-1.3441067247718055,-1.4019910159188973,-1.3873990995505947,-1.4219539861610817,-1.3315168160680937,-1.365021145566857,-1.3974773381547676,-1.4047086682510235,-1.4304839027753966,-1.394619518931935,-1.4173239223584968,-1.4018804144878019,-1.417849696927513,-1.4021190270140675,-1.412420532604518,-1.3332639597047435,-1.3986950900473722,-1.346254646890347,-1.4021163323985577,-1.4107826537032329,-1.3875953791664122,-1.4587469695333841,-1.386833818859459,-1.4259265038677753,-0.8705136707483517,-1.4295668096557126,-1.4385637717280437,-1.3873450447247284,-1.4221163506341201,-1.4114283267878343,-1.4209652564875936,-1.3867994364151677,-1.3602095296960632,-1.4091375382093707,-1.3480040503786477,-1.394199896231682,-0.11066426808372769,-1.399771658989327,-1.4077083656120981,-1.40146231947847
138,1519069637,-1.3568885168820877,-1.3946125910517997,-1.414847845549373,-1.3982282003749529,-1.4204910234133146,-1.3505365451218234,-1.3575696122307295,-1.39844666498891,-1.385239824142308,-1.4036218690718727,-1.3819277872542288,-1.4441772315074115,-1.4040657300009534,-1.3568936748865803,-1.4152393426609708,-1.3927415193458483,-1.371603924774899,-1.4246448027733758,-1.392203941229274,-1.3826808636378594,-1.4555457539235048,-1.414376314891512,-0.08572961197044983,-1.398398570119037,-1.4229267118907984,-1.446047522004862,-1.4238710498576814,-1.4224448955874014,-1.3576379718189011,-1.3063600369341763,-1.39682453034759,-1.376082555446199,-1.426879496965384,-1.5428390575899014,-1.412753357325125,-1.4046122148170792,-1.4045672988224533,-1.355070765517296,-1.4156152442498622,-1.4171011907972366,-0.5567771649665584,-1.4378455114553914,-1.3384935371198527,-1.4182946328526904,-0.042223416015498456,-1.4084157685631957,-1.4243209562609835,-1.4251627955612831,-1.3879248722817967,-1.5012298191217615,-1.42538098009909,-1.4259562259590375,-1.4285850669847675,-1.3536810706576992,-1.4235179777387896,-1.4250303261266126,-1.4096259667197577,-1.4365607296849183,-1.3850683100764971,-1.436179366528144,-1.3826321326495807,-1.4073684785153875,-1.3989837646804932,0.39634914866785814,-1.375159834398094,-1.40795320240644,-1.3386463896148086,-1.3973267488744698,-1.3553997602388708,-1.3984244272634065,-1.394947339360094,-1.4275385202322939,-1.415259157925959,-1.426345458361579,-1.402831090652816,-1.4357772263077482,-1.4360272340179072,-1.4122773583825203,-1.3290458935174498,-1.3993965597472238,-1.4233842814861286,-1.4135842481621828,-1.4460216869497116,-1.0048872569973424,-1.4363260290619038,-1.3835338363419722,-1.3986122534487684,-0.4799576094256541,-1.4121094295719716,-1.151661918744159,-1.3396104398011803,-1.3974923186124804,-1.3829610488191242,-1.4167241090005407,-1.3279514701505921,-1.3599410098883813,-1.3938658869599891,-1.4011421246609772,-1.4260848411636602,-1.390877426386516,-1.4135940309019226,-1.3968228630562936,-1.4148825503249047,-1.397063247391356,-1.4079089216044698,-1.328977916027463,-1.3955760216706805,-1.3395030338354899,-1.398663831121271,-1.4068293238014924,-1.3832417319024815,-1.4550771548307593,-1.3837572251246062,-1.4229566174971227,-0.8690818679043587,-1.4257054514127059,-1.4354255188486864,-1.3822727579004364,-1.4191654485395042,-1.4073697281252944,-1.4174253156457548,-1.3829896555160943,-1.3565097328624098,-1.406086261289622,-1.3446718063360132,-1.3898458846465838,-0.11066426808372769,-1.396031620192258,-1.4040729037023134,-1.3969629554831169
139,1519069643,-1.3547963373479888,-1.3934511172798962,-1.4138577743817504,-1.3965421589655294,-1.4199002377030703,-1.3498204066000303,-1.3561739037682763,-1.3972948765974416,-1.383862595803055,-1.4018036189339882,-1.3813379989028423,-1.4431322967438955,-1.4014141617615208,-1.3554981300548312,-1.4142496443438295,-1.390832836360585,-1.3702565266974536,-1.4234504201113658,-1.3910950835760205,-1.381410604435126,-1.4544969190535981,-1.4128939436434909,-0.08572961197044983,-1.3964817146615094,-1.4219361717800285,-1.4436437171859413,-1.4228800581722887,-1.4203591262406463,-1.3562438889534494,-1.305368248895547,-1.39620114571083,-1.3754942215106416,-1.4252230043181493,-0.43170440300269347,-1.4111568008686126,-1.4035949158418386,-1.4027460564541243,-1.3530632057021676,-1.41463567188412,-1.4163542868289458,-0.5567771649665584,-1.4366464722969101,-1.3377422729653898,-1.416051671562968,-0.042223416015498456,-1.4072568835156498,-1.423127469531195,-1.423970280992029,-1.387294009728593,-1.4984184157080294,-1.4241861637220465,-1.424856531728262,-1.4272000380910672,-1.3523455963369313,-1.4214268229738594,-1.4239272169018649,-1.408120506744252,-1.4343523249862478,-1.3840411933676244,-1.4351319581343254,-1.3820106449940792,-1.4067894240732368,-1.398346303521057,0.6122756801571416,-1.3739858320278655,-1.4069343627156816,-1.3371444307165785,-1.395454090653838,-1.3540605285804743,-1.3967005281740539,-1.3933985782104805,-1.426053644512195,-1.4142581064437072,-1.4252417523445189,-1.4022265121471233,-1.4347309153974264,-1.4343748079105114,-1.4106806777328413,-1.3269018285709522,-1.3988170649240574,-1.4219918402880791,-1.4124015672930224,-1.4448204223598526,-1.0047416306050874,-1.4352807444972695,-1.3817622859025989,-1.3974615056609963,-0.4799517908568827,-1.411047673173068,-1.151661918744159,-1.3388610589727428,-1.3963676442858761,-1.3816930343244183,-1.4152298583832432,-1.3265253317835917,-1.3584895425516739,-1.392834043761481,-1.4001231122066784,-1.424985075760726,-1.3883826980229035,-1.4119955059919622,-1.3956989627381804,-1.4138935014573686,-1.3959397408085312,-1.4067810188544576,-1.327549234801703,-1.3943283943200038,-1.338002675378855,-1.3980884142417231,-1.4051350395578894,-1.3826197822933486,-1.4535043771010627,-1.3827316938796552,-1.421966655373572,-0.8684455110848062,-1.4246022062004182,-1.4343794345555672,-1.3816387220473998,-1.417985087701658,-1.4062101285074258,-1.4168353255054482,-1.3823546920329155,-1.3551223090497897,-1.4045606228297478,-1.343005684314696,-1.387979879681542,-0.11066426808372769,-1.3954082803927466,-1.402255172747421,-1.3958381144842786
140,1519069648,-1.3506119782797912,-1.3899666959641859,-1.4108875608788833,-1.3914840347372588,-1.4163555234416045,-1.3462397139910658,-1.3519867783809172,-1.3949912998145046,-1.3797309107852955,-1.3981671186582194,-1.3783890571459092,-1.4399974924533478,-1.39869267912515,-1.3513114955595842,-1.4112805493924052,-1.3863792427283042,-1.3662143324651175,-1.4204644634563408,-1.3877685106162603,-1.378870086029659,-1.4497771621390187,-1.4099292011474485,-0.08572961197044983,-1.39328695556563,-1.418964551447719,-1.4412399123670205,-1.419907083116111,-1.415492331098218,-1.3506675574916427,-1.302392884779658,-1.392460837890271,-1.3725525518328539,-1.4219100190236804,-0.653931333920135,-1.4079636879555881,-1.400034369428496,-1.4003177332963523,-1.349048086071911,-1.4112071686040224,-1.4126197669874925,-0.5567771649665584,-1.4342483939799477,-1.3339859521930746,-1.4123134027467639,-0.042223416015498456,-1.4049391134205576,-1.4207404960716183,-1.4215852518535204,-1.3841396969625748,-1.4955781477828627,-1.4206017145909169,-1.421007601920547,-1.4230449514099661,-1.3476714362142446,-1.4172445134439986,-1.4206178892276216,-1.4046077668014045,-1.431039717938242,-1.3809598432410066,-1.4314660287559606,-1.3782817190610699,-1.4033150974203317,-1.395158997723876,0.48546168547295926,-1.3716378272874088,-1.4033684237980266,-1.333389533471003,-1.3929572130263286,-1.3500428336052852,-1.3938273630251328,-1.3903010559112539,-1.4230838930719973,-1.4112549519969515,-1.4213787812848084,-1.3992036196186606,-1.4310688272113006,-1.4310699556957198,-1.4069550895502576,-1.323328386993456,-1.3959195908082247,-1.4178145166939304,-1.4100362055547018,-1.440615996295347,-1.0044503778205773,-1.4321448908033665,-1.378809701836977,-1.395160010085452,-0.47993433515056855,-1.4078624039763565,-1.151661918744159,-1.3328660123452427,-1.3924312841427613,-1.3791570053350064,-1.4114942318399997,-1.3222469166825899,-1.3555866078782592,-1.3897385141659564,-1.3970660748437818,-1.4211358968504568,-1.3852642875683878,-1.4087984561720415,-1.3923272617838416,-1.4109263548547604,-1.392569221060057,-1.4033973106044213,-1.3246918723501826,-1.39183313961865,-1.3350019584655852,-1.3952113298439843,-1.4017464710706833,-1.3782661350294179,-1.45035882164167,-1.379655100144802,-1.4185017879411437,-0.8674909758554775,-1.4212924705635552,-1.4312411816762098,-1.3784685427822172,-1.4138538247691959,-1.4038909292716886,-1.4132953846636094,-1.3785449111338421,-1.3518849868203429,-1.4004922536034163,-1.3396734402720616,-1.3854918730614858,-0.11066426808372769,-1.392291581395189,-1.3998315314742313,-1.3924635914877637
141,1519069654,-1.3478224055676593,-1.387643748420379,-1.4089074185436388,-1.389235979524694,-1.4145831663108717,-1.344091298425687,-1.3491953614560108,-1.393263617227302,-1.3762878399371627,-1.3963488685203351,-1.3766196920917495,-1.437385155544558,-1.396134330081635,-1.348520405896086,-1.408806303599552,-1.384470559743041,-1.3635195363102268,-1.4186728894633258,-1.3855507953097534,-1.3756944380228253,-1.4476794923992056,-1.4074585824007462,-0.08572961197044983,-1.3913701001081025,-1.416488201170794,-1.43943705875283,-1.4174296039026293,-1.4127113053025446,-1.3478793917607395,-1.300409308702399,-1.3905906839799915,-1.3707875500261812,-1.4191491979449562,0.1238629242909105,-1.4053027605280677,-1.3979997714780146,-1.3984964909280233,-1.3463713396517398,-1.408758237689667,-1.4103790550826205,-0.5567771649665584,-1.4312507960837444,-1.3317321597296854,-1.4100704414570415,-0.042223416015498456,-1.4020419008016922,-1.4183535226120414,-1.419796479999639,-1.3822471093029638,-1.4927790117864905,-1.4188094900253518,-1.4188082134589959,-1.4202748936225655,-1.3443327504123255,-1.4144563070907583,-1.418411670778126,-1.402098666842228,-1.4288313132395711,-1.3789056098232615,-1.4293712119683235,-1.3764172560945651,-1.4015779340938792,-1.3932466142455675,0.6328401117275496,-1.3698768237320662,-1.4013307444165093,-1.331136595123658,-1.3898361159919421,-1.346025138630096,-1.3915288309059959,-1.387719787328565,-1.420856579491849,-1.4092528490324476,-1.4191713692506882,-1.3961807270901976,-1.4289762053906572,-1.4288667208858588,-1.4048261820173524,-1.3211843220469583,-1.3941811063387253,-1.4150296342978315,-1.407079503381801,-1.438814099410559,-1.0039649565130606,-1.4300543216740977,-1.3764476345844792,-1.3934338884037936,-0.4799197887286401,-1.4046771347796454,-1.151661918744159,-1.33061786985993,-1.389619598326251,-1.3772549835929475,-1.4092528559140536,-1.3193946399485885,-1.3519579395364907,-1.38767482776894,-1.3945185437080345,-1.4183864833431215,-1.3833932412956782,-1.4066670896254276,-1.3900794611476155,-1.4089482571196883,-1.3903222078944075,-1.4011415051043972,-1.3204058286729021,-1.389961698592635,-1.3320012415523155,-1.3934850792053408,-1.399487425412546,-1.3757783365928862,-1.4482617846687413,-1.3776040376549001,-1.416521863694042,-0.8666955298310369,-1.41908598013898,-1.428625970943412,-1.3765664352231077,-1.4120832835124264,-1.4009919302270173,-1.4115254142426898,-1.3760050572011266,-1.3472602407782759,-1.3984580689902506,-1.336341196229427,-1.3836258680964437,-0.11066426808372769,-1.3904215619966547,-1.3968019798827442,-1.389651488990668
142,1519069659,-1.3436380464994617,-1.3847400639906204,-1.4059372050407715,-1.3853018829027057,-1.4104476663391616,-1.3397944672949296,-1.3450082360686515,-1.3903841462486308,-1.3714675407497767,-1.393318451623861,-1.374260538686203,-1.4342503512540103,-1.3935526762391406,-1.3436359989849644,-1.405342359489557,-1.3806531937725144,-1.358803643039168,-1.4150897414772958,-1.3811153646967398,-1.3731539196173586,-1.4440085703545327,-1.4044938399047038,-0.08572961197044983,-1.388814292831399,-1.4135165808384842,-1.435230400319719,-1.4144566288464513,-1.407149253711198,-1.3436971431643843,-1.297929838605825,-1.3868503761594326,-1.368434214283951,-1.4147318842189975,-0.8761582648375766,-1.4021096476150432,-1.394439225064672,-1.3942469254019223,-1.3416870334164406,-1.4058195205924404,-1.4066445352411672,-0.5567771649665584,-1.4282531981875413,-1.3272245748029072,-1.4063321726408375,-0.042223416015498456,-1.3991446881828271,-1.4153698057875703,-1.4162189362918762,-1.3784619339837418,-1.4899567841809704,-1.4164198572712654,-1.415509130766669,-1.4147347780477642,-1.3403263274500223,-1.4095769459725875,-1.4145507884915087,-1.3990877468912162,-1.4255187061915653,-1.3758242596966437,-1.4262289867868678,-1.373931305472559,-1.3975245529988234,-1.390696769607823,0.3620750960505115,-1.3651808142511526,-1.397255385653475,-1.3281326773271978,-1.3860907995506782,-1.342007443654907,-1.3892302987868588,-1.3846222650293383,-1.4156595144715032,-1.404748117362314,-1.4153083981909778,-1.3931578345617348,-1.4253141172045314,-1.4255618686710674,-1.4016328207179949,-1.3176108804694622,-1.3895451477533929,-1.4101560901046584,-1.4041228012089002,-1.4352103056409826,-1.0036251615977987,-1.4263958256978777,-1.3740855673319814,-1.3894062711465909,-0.479902333022326,-1.401491865582934,-1.151661918744159,-1.32762034654618,-1.3862455753464382,-1.37345094010883,-1.4040229787535123,-1.3165423632145874,-1.3483292711947223,-1.3845792981734155,-1.3909520001179883,-1.4150871871343191,-1.3808985129320657,-1.4024043565322,-1.38614581003422,-1.404992061649544,-1.3863899348545208,-1.3977577968543609,-1.3175484662213819,-1.3862188165406046,-1.3290005246390455,-1.3894571610485065,-1.3960988569253399,-1.3732905381563545,-1.4440677107228843,-1.3735019126750962,-1.413056996261614,-0.86558190539682,-1.415224621895973,-1.4254877180640546,-1.3727622201048886,-1.4085422009988873,-1.3980929311823458,-1.407985473400851,-1.372830239785232,-1.3444853931530356,-1.3948982459172108,-1.3335643261938983,-1.3805158598213736,-0.11066426808372769,-1.3866815231995857,-1.393772428291257,-1.386276965994153
143,1519069665,-1.3387562942532312,-1.3806749057889585,-1.4024719559540932,-1.3819298000838585,-1.4074937377879404,-1.336929913207758,-1.3401232564500658,-1.3869287810742257,-1.3673358557320172,-1.3908941181066818,-1.3695422318751103,-1.4311155469634627,-1.3912688059391605,-1.3394493644897172,-1.4023732645381328,-1.3774720554637423,-1.3547614488068318,-1.412103784822271,-1.3777887917369795,-1.3699782716105249,-1.440862065744813,-1.4015290974086612,-0.08572961197044983,-1.3849805819163437,-1.4100496904507895,-1.4328265955007982,-1.4109881579475771,-1.4029777150176879,-1.3395148945680293,-1.2959462625285658,-1.3831100683388737,-1.3637275427994906,-1.4114188989245287,-1.1539419284843786,-1.3983843492165147,-1.3908786786513296,-1.39181860224415,-1.337002727181141,-1.4028808034952138,-1.4021631114314232,-0.5567771649665584,-1.4258551198705787,-1.323468254030592,-1.4025939038246336,-0.042223416015498456,-1.3956680330401887,-1.4129828323279934,-1.4132376498687405,-1.3753076212177235,-1.4871728020531014,-1.4134328163286571,-1.412210048074342,-1.4105796913666633,-1.3363199044877194,-1.405394636442727,-1.4112414608172654,-1.3950731869565336,-1.4222060991435594,-1.3717157928611532,-1.4230867616054124,-1.3708238671950512,-1.3952083352302203,-1.3855970803323334,0.29352699081581834,-1.3628328095106956,-1.3941988665811993,-1.3228758211833924,-1.3829697025162915,-1.3379897486797176,-1.3863571336379377,-1.3815247427301116,-1.411947325171256,-1.4017449629155583,-1.4114454271312673,-1.3907395205389643,-1.4221751844735664,-1.4222570164562758,-1.3984394594186371,-1.3133227505764669,-1.3866476736375604,-1.405282545911485,-1.4005747586014192,-1.432807776461265,-1.0033339088132887,-1.4232599720039747,-1.3711329832663595,-1.3865294016771603,-0.47988487731601187,-1.3983065963862227,-1.151661918744159,-1.3238734424039924,-1.3828715523666255,-1.3702809038720651,-1.4002873522102688,-1.3129770172970858,-1.3447006028529538,-1.3804519253793828,-1.3873854565279422,-1.4112380082240499,-1.37778010247755,-1.3992073067122792,-1.382774109079881,-1.4020249150469357,-1.3830194151060464,-1.3932461858543126,-1.3139767631569814,-1.383099748163913,-1.3244994492691409,-1.3871554935303152,-1.3921455270235994,-1.3695588405015566,-1.4409221552634914,-1.370425318940243,-1.4100871098909613,-0.8646273701674914,-1.41191488625911,-1.4223494651846973,-1.369592040839706,-1.4055912989042716,-1.3946141323287402,-1.4044455325590122,-1.3702903858525166,-1.3417105455277956,-1.3918469689974622,-1.3313428301654753,-1.3780278532013175,-0.11066426808372769,-1.3841881640015397,-1.3907428766997698,-1.382902442997638
144,1519069671,-1.3387562942532312,-1.3806749057889585,-1.4024719559540932,-1.3813677862807174,-1.4074937377879404,-1.336929913207758,-1.3401232564500658,-1.3869287810742257,-1.3673358557320172,-1.3908941181066818,-1.3695422318751103,-1.4311155469634627,-1.3886431319208161,-1.3394493644897172,-1.4023732645381328,-1.3768358278019879,-1.3547614488068318,-1.412103784822271,-1.3772343629103527,-1.3699782716105249,-1.440862065744813,-1.4010349736593208,-0.08572961197044983,-1.3849805819163437,-1.4100496904507895,-1.4328265955007982,-1.4109881579475771,-1.4029777150176879,-1.3395148945680293,-1.2959462625285658,-1.3831100683388737,-1.3637275427994906,-1.4114188989245287,0.4016465879377125,-1.3983843492165147,-1.3908786786513296,-1.39181860224415,-1.337002727181141,-1.4028808034952138,-1.4021631114314232,-0.5567771649665584,-1.4258551198705787,-1.323468254030592,-1.4018462500613926,-0.042223416015498456,-1.3956680330401887,-1.4129828323279934,-1.4132376498687405,-1.3740458961113162,-1.4843700579927999,-1.4128354081401355,-1.412210048074342,-1.4105796913666633,-1.3363199044877194,-1.4046975848544168,-1.4112414608172654,-1.3950731869565336,-1.4216539979688918,-1.3717157928611532,-1.422563057408503,-1.3708238671950512,-1.3952083352302203,-1.3855970803323334,0.6534045432979575,-1.3628328095106956,-1.3941988665811993,-1.3228758211833924,-1.3829697025162915,-1.3379897486797176,-1.3857825006081534,-1.3815247427301116,-1.411947325171256,-1.4017449629155583,-1.4114454271312673,-1.3907395205389643,-1.4221751844735664,-1.4217062077538105,-1.3984394594186371,-1.3133227505764669,-1.3866476736375604,-1.405282545911485,-1.4005747586014192,-1.432807776461265,-1.0033339088132887,-1.4232599720039747,-1.3711329832663595,-1.3865294016771603,-0.47988487731601187,-1.3983065963862227,-1.151661918744159,-1.3238734424039924,-1.3828715523666255,-1.3702809038720651,-1.4002873522102688,-1.3129770172970858,-1.3447006028529538,-1.3804519253793828,-1.3873854565279422,-1.4112380082240499,-1.3771564203866467,-1.3992073067122792,-1.382774109079881,-1.4020249150469357,-1.3830194151060464,-1.3932461858543126,-1.3139767631569814,-1.383099748163913,-1.3244994492691409,-1.3871554935303152,-1.3921455270235994,-1.3695588405015566,-1.4409221552634914,-1.370425318940243,-1.4100871098909613,-0.8644682809626032,-1.41191488625911,-1.4223494651846973,-1.369592040839706,-1.4055912989042716,-1.3946141323287402,-1.4044455325590122,-1.3702903858525166,-1.3417105455277956,-1.3918469689974622,-1.3313428301654753,-1.3767838498912894,-0.11066426808372769,-1.3841881640015397,-1.3907428766997698,-1.382902442997638
145,1519069676,-1.3359667215410993,-1.3783519582451516,-1.3995017424512262,-1.3785577172650114,-1.404539809236719,-1.334781497642379,-1.3373318395251594,-1.3840493100955544,-1.364581399053511,-1.387257617830913,-1.3671830784695638,-1.427980742672915,-1.3875944159667437,-1.3366582748262192,-1.398909320428138,-1.3742909171549702,-1.352066652651941,-1.409715019498251,-1.3744622187772193,-1.3680728828064248,-1.4377155611350936,-1.3980702311632782,-0.08572961197044983,-1.3811468710012884,-1.4070780701184797,-1.4298218394771474,-1.4080151828913992,-1.3995014327730964,-1.3360296874044002,-1.292970898412677,-1.381239914428594,-1.3607858731217028,-1.4092102420615493,-0.5983746011907747,-1.3951912363034902,-1.387318132237987,-1.3881761175074923,-1.3329876075508844,-1.399452300215116,-1.39842859158997,-0.5567771649665584,-1.4228575219743755,-1.3212144615672028,-1.3981079812451886,-0.042223416015498456,-1.3933502629450967,-1.4099991155035223,-1.4096601061609777,-1.3721533084517052,-1.4817181310047443,-1.4092509590090057,-1.4094608124974028,-1.4071171191324126,-1.3323134815254163,-1.4005152753245562,-1.40903524236777,-1.3920622670055218,-1.418341390920886,-1.3686344427345354,-1.4188971280301381,-1.368337916573045,-1.391734008577315,-1.3830472356945887,0.619130490680611,-1.3598978035851246,-1.3906329276635443,-1.3206228828360471,-1.3810970442956596,-1.3346416695337269,-1.3829093354592323,-1.3773947129978092,-1.4097200115911077,-1.3987418084688024,-1.409238015097147,-1.3877166280105016,-1.4190362517426012,-1.4189521642414842,-1.3947138712360534,-1.3097493089989707,-1.3843296943448942,-1.4011052223173366,-1.3976180564285183,-1.4298046149866181,-1.0030426560287786,-1.4196014760277544,-1.366408848761364,-1.384227906101616,-0.47985869375654067,-1.3951213271895115,-1.151661918744159,-1.3208759190902424,-1.380622203713417,-1.3671108676353005,-1.3972988509756739,-1.3094116713795843,-1.3425234018478929,-1.3773563957838582,-1.3843284191650456,-1.4084885947167145,-1.374038009932131,-1.395477415255705,-1.3799643582845986,-1.3990577684443275,-1.3802106486489845,-1.3904264289792823,-1.3118337413183412,-1.3812283071378977,-1.3222489115841887,-1.3837029922530286,-1.3887569585363932,-1.367071042065025,-1.4377765998040988,-1.3673487252053902,-1.4066222424585333,-0.8638319241430508,-1.4091567732283907,-1.41921121230534,-1.36705589742756,-1.403230577228579,-1.392294933093003,-1.40149558185748,-1.36838549540298,-1.3389356979025553,-1.3887956920777136,-1.3280105861228406,-1.3749178449262474,-0.11066426808372769,-1.3810714650039821,-1.3877133251082827,-1.3806527609999615
146,1519069682,-1.3317823624729017,-1.375448273815393,-1.3975216001159814,-1.3757476482493056,-1.402767452105986,-1.3312008050334145,-1.3331447141378001,-1.3823216275083519,-1.359761099866125,-1.3854393676930286,-1.365413713415404,-1.425890873145883,-1.384844449687176,-1.3317738679150977,-1.3969299237938553,-1.3717460065079525,-1.3480244584196048,-1.407923445505236,-1.3716900746440859,-1.3642621051982244,-1.4356178913952804,-1.3955996124165762,-0.08572961197044983,-1.379230015543761,-1.4041064497861702,-1.4280189858629568,-1.4055377036779175,-1.3960251505285046,-1.3311503973753194,-1.2914832163547327,-1.3774996066080352,-1.3590208713150302,-1.4047929283355907,-0.2094774720852519,-1.3925303088759697,-1.3852835342875056,-1.3863548751391632,-1.3296416745256705,-1.3974931554836316,-1.396187879685098,-0.5567771649665584,-1.4210589632366537,-1.3174581407948875,-1.3951173661922254,-0.042223416015498456,-1.3904530503262313,-1.4082088854088397,-1.4072750770224691,-1.3696298582388906,-1.4788446688914276,-1.4062639180663976,-1.406161729805076,-1.4029620324513115,-1.3289747957234972,-1.3970300173830057,-1.4057259146935266,-1.3895531670463452,-1.4155808850475475,-1.36658020931679,-1.416278607045592,-1.3652304782955371,-1.389417790808712,-1.3811348522162803,0.6294127064658149,-1.358136800029782,-1.388595248282027,-1.3176189650395869,-1.3767275084475183,-1.3306239745585375,-1.3806108033400954,-1.375329698131658,-1.4060078222908607,-1.3967397055042985,-1.4053750440374366,-1.3846937354820386,-1.416943629921958,-1.4161981207291578,-1.3925849637031482,-1.3068905557369737,-1.3825912098753947,-1.3976241193222128,-1.3952526946901977,-1.42800271810183,-1.002848487505772,-1.4169882646161687,-1.3646372983219908,-1.3825017844199576,-0.4798441473346122,-1.3924669361922521,-1.151661918744159,-1.3171290149480548,-1.3766858435703022,-1.3639408313985357,-1.3950574750497278,-1.306559394645583,-1.3381689998377706,-1.375292709386842,-1.3817808880292983,-1.4057391812093794,-1.3715432815685185,-1.3933460487090912,-1.3765926573302598,-1.3970796707092554,-1.3762783756090977,-1.3876066721042521,-1.3075476976410607,-1.3787330524365442,-1.3192481946709187,-1.3819767416143853,-1.3859331514637216,-1.3645832436284933,-1.4356795628311703,-1.3652976627154882,-1.404147337149656,-0.862877388913722,-1.4058470375915277,-1.4171190437191017,-1.3638857181623774,-1.4002796751339632,-1.3888161342393974,-1.3997256114365604,-1.3645757145039066,-1.3361608502773152,-1.3862529613112564,-1.3257890900944176,-1.3724298383061915,-0.11066426808372769,-1.3785781058059363,-1.385289683835093,-1.3767158175040273
147,1519069687,-1.3289927897607698,-1.3737060631575377,-1.3950464221969254,-1.3734995930367409,-1.400404309265009,-1.3290523894680357,-1.330353297212894,-1.380018050725415,-1.3570066431876187,-1.3836211175551443,-1.3630545600098576,-1.4232785362370932,-1.382301637176314,-1.3289827782515995,-1.3949505271595726,-1.3698373235226893,-1.345329662264714,-1.404937488850211,-1.3689179305109522,-1.3617215867927575,-1.4335202216554672,-1.3936231174192144,-0.08572961197044983,-1.3773131600862332,-1.4021253695646303,-1.425014229839306,-1.403060224464436,-1.3918536118349947,-1.328362231644416,-1.2890037462581587,-1.3756294526977557,-1.3572558695083576,-1.4020321072568664,-0.0983640066265311,-1.3904015669339533,-1.3832489363370242,-1.3839265519813913,-1.3269649281054994,-1.3950442245692762,-1.3924533598436446,-0.5567771649665584,-1.4186608849196911,-1.3152043483314986,-1.392874404902503,-0.042223416015498456,-1.388135280231139,-1.4046284252194745,-1.4054863051685877,-1.367106408026076,-1.4760325438649098,-1.4044716935008326,-1.4034124942281367,-1.4001919746639109,-1.325636109921578,-1.3935447594414552,-1.4024165870192833,-1.3875458870790038,-1.413372480348877,-1.364525975899045,-1.4141837902579548,-1.3627445276735308,-1.3876806274822595,-1.3779475464190993,0.6259853012040802,-1.3563757964744394,-1.3860481490551306,-1.3153660266922418,-1.3742306308200092,-1.3272758954125468,-1.3788869042507426,-1.3732646832655069,-1.4037805087107125,-1.3947376025397948,-1.4031676320033164,-1.3828799999649608,-1.4143278526461538,-1.4139948859192968,-1.3904560561702433,-1.304746490790476,-1.380852725405895,-1.3941430163270891,-1.3934786733864573,-1.4262008212170418,-1.0026057768520136,-1.4148976954869001,-1.3628657478826174,-1.379049541056641,-0.4798325101970695,-1.3898125451949928,-1.151661918744159,-1.3148808724627423,-1.3738741577537916,-1.3614048024091239,-1.3905747231978354,-1.3037071179115818,-1.3359917988327097,-1.3727131013905716,-1.3797428631207005,-1.4035396504035111,-1.3696722352958088,-1.3906818405258239,-1.3743448566940337,-1.394112524106647,-1.3734696091520358,-1.3847869152292218,-1.3046903351895405,-1.3749901703845138,-1.3169976569859665,-1.3802504909757418,-1.3836741058055841,-1.3627173948010944,-1.4330582666150096,-1.363246600225586,-1.4021674129025543,-0.8622410320941696,-1.4030889245608087,-1.4139807908397444,-1.361983610603268,-1.3979189534582706,-1.3870767348125945,-1.397955641015641,-1.361400897088012,-1.3343109518604883,-1.3837102305447995,-1.3241229680731004,-1.3705638333411494,-0.11066426808372769,-1.3760847466078903,-1.3834719528802006,-1.3739037150069315
148,1519069693,-1.3255058238706052,-1.3719638524996827,-1.3930662798616809,-1.371251537824176,-1.3974503807137877,-1.325471696859071,-1.3268640260567612,-1.3782903681382124,-1.3542521865091124,-1.3818028674172598,-1.3612851949556979,-1.4211886667100615,-1.3795283660977666,-1.3254939161722268,-1.392476281366719,-1.367928640537426,-1.3412874680323779,-1.401951532195186,-1.3661457863778188,-1.3598161979886574,-1.4303737170457478,-1.3916466224218529,-0.08572961197044983,-1.3753963046287057,-1.4001442893430904,-1.4232113762251155,-1.4010782410936506,-1.3890725860393214,-1.3248770244807868,-1.2870201701808994,-1.3731359141507165,-1.355490867701685,-1.3998234503938871,0.2349763897496313,-1.388272824991937,-1.3812143383865427,-1.3821053096130622,-1.3229498084752427,-1.3925952936549209,-1.3902126479387726,-0.5567771649665584,-1.4168623261819693,-1.3121992917136462,-1.389136136086299,-0.042223416015498456,-1.38639695265982,-1.4028381951247917,-1.401908761460825,-1.3639520952600577,-1.473203821744317,-1.4026794689352677,-1.4012131057665855,-1.3967294024296601,-1.3229651612800428,-1.3900595014999046,-1.4002103685697878,-1.3855386071116627,-1.4111640756502064,-1.3624717424812995,-1.4120889734703177,-1.3608800647070263,-1.3859434641558068,-1.3760351629407908,0.6225578959423456,-1.3540277917339825,-1.383501049828234,-1.3123621088957815,-1.372357972599377,-1.3239278162665558,-1.37716300516139,-1.371199668399356,-1.4000683194104653,-1.392234973834165,-1.400408366960666,-1.379857107436498,-1.4117120753703496,-1.4117916511094357,-1.388327148637338,-1.3011730492129798,-1.3779552512900626,-1.3913581339309902,-1.3917046520827168,-1.4225970274474655,-1.0024116083290067,-1.4117618417929971,-1.3610941974432442,-1.3767480454810967,-0.4798179637751411,-1.3871581541977334,-1.151661918744159,-1.3111339683205547,-1.3716248091005832,-1.359502780667065,-1.3883333472718893,-1.3015679103610809,-1.3338145978276486,-1.370649414993555,-1.3777048382121027,-1.4013401195976427,-1.3678011890230994,-1.38855047397921,-1.3715351058987513,-1.391639901937807,-1.3712225959863862,-1.3825311097291977,-1.3018329727380202,-1.3731187293584988,-1.3132467608443792,-1.377373406578003,-1.3814150601474469,-1.3608515459736956,-1.430961229642081,-1.3606827721132086,-1.4001874886554526,-0.861445586069729,-1.4003308115300894,-1.411888622253506,-1.3594474671911216,-1.396148412201501,-1.3853373353857916,-1.3961856705947215,-1.3594960066384756,-1.3319985788394548,-1.3816760459316337,-1.3219014720446773,-1.3686978283761073,-0.11066426808372769,-1.3729680476103328,-1.3816542219253083,-1.371654033009255
149,1519069699,-1.3199266784463417,-1.3690601680699241,-1.3891059951911913,-1.3673174412021878,-1.3950872378728105,-1.3211748657283136,-1.3219790464381753,-1.374259108768073,-1.3494318873217266,-1.3787724505207857,-1.3577464648473783,-1.4175313950377557,-1.3769415334110546,-1.3206095092611052,-1.3880226389395829,-1.3641112745668995,-1.3365715747613192,-1.399562766871166,-1.3628192134180586,-1.3553702907790903,-1.4272272124360281,-1.3886818799258103,-0.08572961197044983,-1.3722015455328263,-1.3971726690107806,-1.4208075714061947,-1.3981052660374726,-1.384205790896893,-1.3206947758844316,-1.2850365941036404,-1.3700189909669171,-1.3525491980238973,-1.396510465099418,0.1238629242909105,-1.3845475265934084,-1.3776537919732001,-1.3784628248764041,-1.318934688844986,-1.3896565765576943,-1.3857312241290287,-0.5567771649665584,-1.4132652087065254,-1.306940442632405,-1.3853978672700948,-0.042223416015498456,-1.3840791825647278,-1.3992577349354265,-1.3995237323223164,-1.361428645047243,-1.4703686051086515,-1.4002898361811813,-1.3973641759588709,-1.391881801301709,-1.3189587383177397,-1.385877191970044,-1.3969010408955445,-1.3820258671688155,-1.4078514686022006,-1.3588768340002455,-1.4089467482888622,-1.357151138774017,-1.3836272463872037,-1.3715729348247376,0.5677194117545911,-1.3510927858084116,-1.3804445307559583,-1.306354273302861,-1.3692368755649906,-1.3185708896329702,-1.3742898400124688,-1.368102146100129,-1.3956136922501687,-1.3892318193874091,-1.3970972489094857,-1.3774387934137275,-1.4085731426393846,-1.4079359901921789,-1.3851337873379805,-1.2975996076354837,-1.3756372719973964,-1.3864845897378169,-1.388747949909816,-1.4195938659728187,-1.0020232712829933,-1.4086259880990941,-1.3587321301907465,-1.3738711760116662,-0.47980050806882696,-1.383972885001022,-1.151661918744159,-1.3073870641783671,-1.3682507861207704,-1.3563327444303004,-1.3838505954199969,-1.2980025644435793,-1.3294601958175263,-1.3670379637987764,-1.3741382946220566,-1.3974909406873735,-1.3646827785685838,-1.3848205825226358,-1.3676014547853559,-1.3886727553351987,-1.367852076237912,-1.3780194987291494,-1.2968325884478595,-1.3699996609818068,-1.3087456854744746,-1.3733454884211684,-1.3780264916602407,-1.357119848318898,-1.4278156741826882,-1.3576061783783557,-1.3972176022848,-0.8603319616355122,-1.3970210758932264,-1.4077042850810295,-1.3556432520729027,-1.3937876905258084,-1.3830181361500546,-1.3926457297528827,-1.356321189222581,-1.3292237312142148,-1.3786247690118851,-1.3191246020091487,-1.3649658184460232,-0.11066426808372769,-1.3704746884122867,-1.3780187600155236,-1.3671546690139018
150,1519069704,-1.3171371057342098,-1.3673179574120689,-1.3866308172721353,-1.365069385989623,-1.3933148807420777,-1.3183103116411419,-1.3191876295132692,-1.371955531985136,-1.3466774306432203,-1.3757420336243118,-1.3559770997932183,-1.415441525510724,-1.3743521113022337,-1.3178184195976073,-1.3860432423053002,-1.3622025915816363,-1.3332030795677057,-1.397771192878151,-1.3606014981115517,-1.3534649019749903,-1.425129542696215,-1.3862112611791082,-0.08572961197044983,-1.3696457382561227,-1.3951915887892408,-1.417802815382544,-1.3961232826666874,-1.3814247651012197,-1.3179066101535284,-1.283548912045696,-1.3681488370566377,-1.3507841962172245,-1.3943018082364387,0.45720332066707287,-1.382418784651392,-1.3756191940227187,-1.3754274209291892,-1.315588755819772,-1.3876974318262099,-1.3834905122241568,-0.5567771649665584,-1.4114666499688036,-1.304686650169016,-1.3824072522171318,-0.042223416015498456,-1.3823408549934086,-1.397467504840744,-1.397734960468435,-1.359536057387632,-1.467560088146063,-1.397302795238573,-1.3951647874973194,-1.3884192290674582,-1.3156200525158206,-1.3823919340284936,-1.394143267833675,-1.380018587201474,-1.4045388615541945,-1.3568226005825001,-1.4063282273043158,-1.3552866758075122,-1.3818900830607512,-1.369660551346429,0.6328401117275496,-1.3487447810679547,-1.3784068513744412,-1.304101334955516,-1.3673642173443585,-1.3158924263161773,-1.371991307893332,-1.3655208775174401,-1.3926439408099711,-1.3867291906817794,-1.3948898368753655,-1.37562505789665,-1.4064805208187412,-1.4040803292749222,-1.3819404260386228,-1.2940261660579875,-1.3727397978815639,-1.3836997073417179,-1.3857912477369152,-1.4177919690880305,-1.0018291027599866,-1.4065354189698254,-1.356370062938249,-1.372145054330008,-0.4797888709312842,-1.3818493722032146,-1.151661918744159,-1.3051389216930547,-1.366001437467562,-1.3544307226882415,-1.3816092194940508,-1.295150287709578,-1.3272829948124654,-1.3649742774017601,-1.37108125725916,-1.3952914098815052,-1.3609406860231648,-1.3821563743393686,-1.36535365414913,-1.3866946576001264,-1.3656050630722625,-1.3757636932291253,-1.2946895666092193,-1.3675044062804533,-1.3064951477895221,-1.3716192377825251,-1.375202684587569,-1.355253999491499,-1.4251943779665275,-1.355042350265978,-1.3952376780376983,-0.8595365156110716,-1.3948145854686511,-1.4056121164947912,-1.353741144513793,-1.392017149269039,-1.3812787367232517,-1.3908757593319632,-1.3544162987730444,-1.3269113581931813,-1.3765905843987194,-1.3169031059807257,-1.360611806860925,-0.11066426808372769,-1.3686046690137523,-1.3762010290606315,-1.364904987016225
151,1519069710,-1.3143475330220782,-1.3644142729823103,-1.3846506749368908,-1.3628213307770582,-1.389770166480612,-1.316161896075763,-1.3150005041259099,-1.3702278493979334,-1.343922973964714,-1.3727116167278377,-1.3542077347390586,-1.4133516559836923,-1.371775636303957,-1.315027329934109,-1.3840638456710175,-1.360293908596373,-1.3305082834128148,-1.3959796188851363,-1.358383782805045,-1.35155951317089,-1.423031872956402,-1.3842347661817465,-0.08572961197044983,-1.3677288827985952,-1.392715238512316,-1.4159999617683534,-1.3931503076105096,-1.3786437393055462,-1.3137243615571734,-1.2820612299877516,-1.3662786831463583,-1.3490191944105518,-1.3920931513734593,0.5127600533964333,-1.3802900427093758,-1.373075946584617,-1.3736061785608602,-1.312912009399601,-1.3857382870947255,-1.3812498003192848,-0.5567771649665584,-1.4096680912310815,-1.3024328577056268,-1.3786689834009276,-0.042223416015498456,-1.3794436423745435,-1.395677274746061,-1.3959461886145537,-1.357643469728021,-1.4647457982811876,-1.3955105706730082,-1.3924155519203802,-1.3856491712800576,-1.3129491038742853,-1.378906676086943,-1.3919370493841794,-1.3775094872422977,-1.402330456855524,-1.354768367164755,-1.4042334105166787,-1.3521792375300044,-1.378415756407846,-1.3677481678681205,0.6259853012040802,-1.3469837775126121,-1.3753503323021654,-1.3018483966081706,-1.3654915591237267,-1.3132139629993846,-1.3702674088039792,-1.3634558626512892,-1.3904166272298228,-1.3847270877172755,-1.3926824248412453,-1.3732067438738795,-1.4043878989980978,-1.4018770944650611,-1.3792792916224914,-1.2918821011114898,-1.3710013134120642,-1.380914824945619,-1.3840172264331747,-1.4159900722032424,-1.00163493423698,-1.4044448498405568,-1.3545985124988755,-1.3704189326483496,-0.47977723379374143,-1.3791949812059552,-1.151661918744159,-1.301392017550867,-1.3637520888143535,-1.3525287009461826,-1.3793678435681047,-1.293011080159077,-1.3251057938074042,-1.3629105910047439,-1.3690432323505621,-1.3925419963741699,-1.3590696397504554,-1.3800250077927547,-1.363105853512904,-1.3847165598650544,-1.363358049906613,-1.373507887729101,-1.292546544770579,-1.3656329652544381,-1.302744251647935,-1.3698929871438819,-1.3729436389294316,-1.3527662010549673,-1.423097340993599,-1.3529912877760761,-1.3922677916670456,-0.858900158791519,-1.3920564724379318,-1.403519947908553,-1.3518390369546835,-1.3884760667555,-1.3783797376785802,-1.387925808630431,-1.3525114083235077,-1.3245989851721478,-1.3735393074789708,-1.3141262359451968,-1.358745801895883,-0.11066426808372769,-1.3661113098157063,-1.3743832981057391,-1.3626553050185486
152,1519069715,-1.3115579603099463,-1.3626720623244553,-1.382670532601646,-1.3605732755644935,-1.3874070236396348,-1.3125812034667985,-1.3122090872010037,-1.3685001668107306,-1.340479903116581,-1.3708933665899534,-1.3524383696848987,-1.4107393190749025,-1.3692405920594213,-1.312236240270611,-1.3820844490367348,-1.3583852256111097,-1.3264660891804787,-1.3935908535611163,-1.356166067498538,-1.3490189947654232,-1.4209342032165888,-1.382258271184385,-0.08572961197044983,-1.3658120273410674,-1.3907341582907762,-1.4135961569494326,-1.390672828397028,-1.3751674570609547,-1.31093619582627,-1.2795817598911776,-1.3644085292360788,-1.3472541926038792,-1.3893323302947354,0.5127600533964333,-1.3776291152818554,-1.3710413486341355,-1.3717849361925312,-1.309566076374387,-1.3832893561803699,-1.3790090884144128,-0.5567771649665584,-1.4066704933348784,-1.3001790652422376,-1.3764260221112052,-0.042223416015498456,-1.3765464297556782,-1.39269355792159,-1.3941574167606723,-1.35575088206841,-1.4619300651907405,-1.3937183461074432,-1.390216163458829,-1.382879113492657,-1.309610418072366,-1.3754214181453925,-1.3897308309346839,-1.3755022072749563,-1.4001220521568534,-1.3527141337470097,-1.4021385937290416,-1.3503147745634998,-1.3766785930813936,-1.365835784389812,0.6259853012040802,-1.3452227739572695,-1.372803233075269,-1.2995954582608256,-1.3629946814962175,-1.3098658838533936,-1.3685435097146263,-1.361390847785138,-1.3881893136496746,-1.3827249847527718,-1.3904750128071248,-1.3701838513454168,-1.4017721217222936,-1.3996738596552,-1.3771503840895865,-1.2897380361649922,-1.3692628289425646,-1.37812994254952,-1.3810605242602738,-1.4141881753184542,-1.0011009707987113,-1.402354280711288,-1.3528269620595024,-1.3686928109666914,-0.479762687371813,-1.3765405902086958,-1.151661918744159,-1.2991438750655546,-1.3603780658345408,-1.349358664709418,-1.3756322170248612,-1.2894457342415755,-1.321477125465636,-1.3608469046077274,-1.366495701214815,-1.3903424655683017,-1.357198593477746,-1.3778936412461409,-1.360858052876678,-1.3822439376962141,-1.360549283449551,-1.3712520822290768,-1.2896891823190588,-1.3637615242284231,-1.3004937139629826,-1.3681667365052386,-1.370684593271294,-1.3509003522275684,-1.4204760447774383,-1.3509402252861742,-1.3902878674199437,-0.8582638019719666,-1.3898499820133565,-1.4009047371757553,-1.349936929395574,-1.3867055254987306,-1.3766403382517776,-1.3861558382095114,-1.3493365909076134,-1.3199742391300808,-1.371505122865805,-1.3102386178954566,-1.356879796930841,-0.11066426808372769,-1.364241290417172,-1.3713537465142518,-1.3598432025214529
153,1519069721,-1.3087683875978147,-1.3603491147806483,-1.3797003190987789,-1.3577632065487877,-1.3838623093781692,-1.3090005108578338,-1.3094176702760973,-1.3661965900277937,-1.3377254464380748,-1.3684690330727742,-1.3494894279279657,-1.4076045147843548,-1.3666900112822329,-1.309445150607113,-1.37862050492674,-1.355840314964092,-1.3230975939868652,-1.3912020882370963,-1.3533939233654044,-1.347113605961323,-1.4177876986068692,-1.3792935286883423,-0.08572961197044983,-1.36389517188354,-1.3877625379584664,-1.4105914009257818,-1.38769985334085,-1.3709959183674447,-1.3081480300953667,-1.2775981838139183,-1.3619149906890395,-1.343724188990534,-1.387123673431756,0.5683167861257937,-1.3739038168833269,-1.3679894517084135,-1.3693566130347592,-1.306889329954216,-1.3803506390831433,-1.37602147254125,-0.5567771649665584,-1.4042724150179158,-1.2979252727788486,-1.373435407058242,-0.042223416015498456,-1.374228659660586,-1.389709841097119,-1.3905798730529095,-1.3525965693023918,-1.4591092808107922,-1.3913287133533567,-1.3880167749972778,-1.378724026811556,-1.3069394694308307,-1.371936160203842,-1.3869730578728146,-1.3724912873239445,-1.3979136474581828,-1.3491192252659556,-1.3989963685475861,-1.348450311596995,-1.3732042664284887,-1.3632859397520674,0.6225578959423456,-1.3405267644763559,-1.3692372941576139,-1.2973425199134803,-1.3611220232755854,-1.307187420536601,-1.3656703445657052,-1.3582933254859113,-1.3844771243494276,-1.378720778823764,-1.3877157477644746,-1.3677655373226463,-1.3986331889913286,-1.3969198161428737,-1.373957022790229,-1.2875939712184945,-1.365206365180399,-1.374648839554396,-1.3781038220873731,-1.4117856461387368,-1.0007611758834496,-1.398695784735068,-1.3498743779938802,-1.3652405676033748,-0.4797452316654989,-1.3733553210119844,-1.151661918744159,-1.296895732580242,-1.3581287171813323,-1.3474566429673591,-1.3726437157902662,-1.2873065266910746,-1.3192999244605748,-1.357751375012203,-1.3634386638519183,-1.3881429347624334,-1.3553275472050363,-1.3746965914262201,-1.358610252240452,-1.379276791093606,-1.3583022702839014,-1.3684323253540467,-1.2875461604804186,-1.3612662695270694,-1.2982431762780302,-1.3647142352279518,-1.3684255476131568,-1.3490345034001696,-1.4173304893180454,-1.3463253346838946,-1.3868229999875157,-0.8576274451524142,-1.3870918689826375,-1.397766484296398,-1.3480348218364644,-1.3825742625662685,-1.3743211390160404,-1.3837958776482855,-1.3474317004580767,-1.318124340713254,-1.3674367536394738,-1.3091278698812452,-1.354391790310785,-0.11066426808372769,-1.3611245914196144,-1.3683241949227647,-1.3575935205237761
154,1519069727,-1.3024918489955182,-1.356864693464938,-1.3762350700121007,-1.352705082320517,-1.381499166537192,-1.3039875412052835,-1.3024391279638319,-1.3627412248533886,-1.3315279189114357,-1.3654386161763001,-1.3453609094682595,-1.4034247757302911,-1.3644475717359938,-1.3024674264483678,-1.3756514099753157,-1.3507504936700567,-1.317034302638361,-1.3876189402510664,-1.3489584927523908,-1.3433028283531225,-1.4141167765621963,-1.3758346624429594,-0.08572961197044983,-1.3575056536917811,-1.3838003775153866,-1.408187596106861,-1.3837358865992795,-1.3661291232250163,-1.30257169863356,-1.2751187137173445,-1.3575512982317206,-1.338429183570516,-1.3821541954900525,-0.4872611357320539,-1.3707107039703024,-1.3644289052950709,-1.3651070475086582,-1.3015358371138737,-1.3774119219859167,-1.3707931447632156,-0.5567771649665584,-1.400675297542472,-1.2919151595431442,-1.369697138242038,-0.042223416015498456,-1.3701725619941747,-1.3867261242726479,-1.3875985866297738,-1.3488113939831698,-1.4562971557842743,-1.3877442642222269,-1.3836179980741752,-1.3731839112367548,-1.3009298349873764,-1.3670567990856712,-1.3825606209738233,-1.3689785473810971,-1.3929447368861738,-1.344497200076029,-1.3953304391692212,-1.3447213856639857,-1.3708880486598853,-1.3569113281577057,0.4066313644530621,-1.3375917585507848,-1.366180775085338,-1.292085663769675,-1.3567524874274441,-1.3018304939030154,-1.3627971794167841,-1.3551958031866846,-1.380022497189131,-1.3752170986358823,-1.3827490706877041,-1.3647426447941835,-1.3949711008052026,-1.3925133465231516,-1.3707636614908711,-1.283305841325499,-1.3617293962413999,-1.3690790747621981,-1.3745557794798922,-1.4081818523691605,-1.000421380968188,-1.3950372887588478,-1.3475123107413824,-1.3617883242400581,-0.47972777595918475,-1.370170051815273,-1.151661918744159,-1.292399447609617,-1.3536300198749156,-1.3430185922358884,-1.3681609639383738,-1.2830281115900728,-1.3149455224504527,-1.3536240022181703,-1.3598721202618722,-1.38319399044923,-1.3509617725687144,-1.3704338583329925,-1.352990750649887,-1.3753205956234615,-1.3532464906611898,-1.36222886022898,-1.2832601168031381,-1.3575233874750392,-1.2922417424514907,-1.361837150830213,-1.3622131720532789,-1.344058906527106,-1.4141849338586525,-1.3432487409490417,-1.383853113616863,-0.856195642308421,-1.3826788881334868,-1.394105189270481,-1.3429625350121723,-1.3802135408905758,-1.3702625403535005,-1.3802559368064466,-1.3436219195590033,-1.3144245438796005,-1.3643854767197252,-1.3057956258386105,-1.3506597803807008,-0.11066426808372769,-1.3573845526225454,-1.3652946433312776,-1.353094156528423
155,1519069732,-1.3010970626394522,-1.3557032196930345,-1.3752449988444782,-1.3515810547142346,-1.3803175951167035,-1.3032714026834904,-1.301043419501379,-1.36158943646192,-1.3301506905721825,-1.3648325327970052,-1.3435915444140998,-1.4023798409667751,-1.3619617265115258,-1.3010718816166187,-1.3746617116581743,-1.3501142660083023,-1.3156869045609156,-1.3864245575890564,-1.3472952062725108,-1.3420325691503892,-1.4130679416922898,-1.3743522911949382,-0.08572961197044983,-1.3555887982342534,-1.382809837404617,-1.4069856936974008,-1.382744894913887,-1.3647386103271797,-1.3011776157681083,-1.2736310316594002,-1.356304528958201,-1.3378408496349585,-1.3810498670585627,0.45720332066707287,-1.36911414751379,-1.3629029568322097,-1.3632858051403292,-1.2995282772987453,-1.3759425634373035,-1.3692993368266342,-0.5567771649665584,-1.3994762583839908,-1.2911638953886813,-1.3674541769523156,-0.042223416015498456,-1.3690136769466286,-1.3855326375428594,-1.3864060720605196,-1.3469188063235589,-1.4534958549495445,-1.3871468560337052,-1.3819684567280117,-1.3717988823430545,-1.2995943606666085,-1.364965644320741,-1.3814575117490755,-1.3679749073974266,-1.391288433362171,-1.3434700833671562,-1.3942830307754026,-1.3434784103529827,-1.3697299397755838,-1.3562738669982695,0.6396949222510189,-1.3370047573656705,-1.3651619353945796,-1.2905837048714448,-1.3561282680205669,-1.300491262244619,-1.3610732803274315,-1.3531307883205335,-1.3785376214690321,-1.3742160471536304,-1.381093511662114,-1.3635334877827983,-1.393924789894881,-1.3908609204157558,-1.3696992077244186,-1.2811617763790013,-1.3611499014182333,-1.3669904129651238,-1.373964439045312,-1.4069805877793016,-1.0003242967066845,-1.3939920041942135,-1.3445597266757605,-1.360637576452286,-0.47971904810602767,-1.3685774172169176,-1.151661918744159,-1.2916500667811794,-1.3525053455483114,-1.3411165704938297,-1.3674138386297252,-1.2816019732230721,-1.3134940551137453,-1.3520762374204078,-1.3588531078075732,-1.382094225046296,-1.3490907262960048,-1.368835333423032,-1.3518668503317741,-1.3743315467559256,-1.3515612307869527,-1.361100957478968,-1.281831435577378,-1.3562757601243625,-1.2907413839948558,-1.3612617339506652,-1.360518887809676,-1.3434369569179732,-1.4131364153721884,-1.3422232097040907,-1.3828631514933123,-0.8558774638986448,-1.3810240203150552,-1.3930591049773617,-1.3416944633060992,-1.3790331800527293,-1.3691029407356319,-1.3784859663855271,-1.3429869560758243,-1.3130371200669804,-1.3633683844131423,-1.3041295038172933,-1.3487937754156587,-0.11066426808372769,-1.3561378730235225,-1.3640828226946826,-1.3519693155295847
156,1519069738,-1.2983074899273206,-1.3539610090351795,-1.3732648565092336,-1.3493329995016698,-1.3785452379859706,-1.3011229871181118,-1.2982520025764726,-1.3598617538747173,-1.3267076197240497,-1.3611960325212364,-1.3418221793599399,-1.4002899714397432,-1.3593386419152904,-1.2982807919531205,-1.3721874658653208,-1.348205583023039,-1.3129921084060248,-1.3846329835960414,-1.345077490966004,-1.340127180346289,-1.4109702719524766,-1.3723757961975764,-0.08572961197044983,-1.3536719427767259,-1.380828757183077,-1.4051828400832103,-1.3807629115431015,-1.3619575845315062,-1.297692408604479,-1.2721433496014558,-1.3544343750479215,-1.336075847828286,-1.3788412101955834,0.5127600533964333,-1.3669854055717736,-1.360359709394108,-1.3614645627720001,-1.2968515308785742,-1.373983418705819,-1.3663117209534714,-0.5567771649665584,-1.3976776996462688,-1.288910102925292,-1.365211215662593,-0.042223416015498456,-1.3672753493753094,-1.3837424074481768,-1.3834247856373838,-1.345026218663948,-1.4506786786335255,-1.384159815091097,-1.3792192211510725,-1.3690288245556537,-1.2962556748646894,-1.3621774379675005,-1.3786997386872062,-1.3659676274300854,-1.3890800286635003,-1.3414158499494109,-1.3916645097908564,-1.3403709720754748,-1.3668346675648295,-1.3537240223605247,0.6362675169892843,-1.3346567526252138,-1.3631242560130623,-1.2890817459732147,-1.354255609799935,-1.297812798927826,-1.3587747482082944,-1.3510657734543823,-1.3763103078888839,-1.3722139441891266,-1.3788860996279937,-1.3617197522657205,-1.3918321680742376,-1.3881068769034295,-1.366505846425061,-1.2790177114325036,-1.3594114169487337,-1.3635093099700002,-1.3721904177415716,-1.4051786908945134,-1.0000815860529262,-1.3913787927826278,-1.3427881762363871,-1.3589114547706276,-0.4797074109684849,-1.36645390441911,-1.151661918744159,-1.2879031626389918,-1.350255996895103,-1.3392145487517708,-1.365172462703779,-1.278749696489071,-1.3105911204403304,-1.3500125510233916,-1.3568150828989756,-1.3798946942404278,-1.3472196800232954,-1.3667039668764183,-1.3490570995364917,-1.3723534490208533,-1.349314217621303,-1.3582812006039378,-1.2796884137387379,-1.353780505423009,-1.2884908463099034,-1.3583846495529261,-1.3582598421515386,-1.3415711080905743,-1.4110393783992599,-1.339659381591713,-1.380388246184435,-0.8552411070790924,-1.378265907284336,-1.3909669363911235,-1.3391583198939532,-1.37726263879596,-1.367363541308829,-1.3761260058243012,-1.3410820656262878,-1.3111872216501534,-1.3613341997999766,-1.302463381795976,-1.3463057687956026,-0.11066426808372769,-1.353021174025965,-1.3622650917397903,-1.349719633531908
157,1519069744,-1.2934257376810898,-1.3510573246054207,-1.3712847141739888,-1.3459609166828228,-1.3767728808552377,-1.297542294509147,-1.2940648771891132,-1.3581340712875147,-1.3218873205366637,-1.3593777823833522,-1.3394630259543936,-1.3976776345309536,-1.3571868321428602,-1.2940941574578735,-1.370208069231038,-1.345024444714267,-1.3089499141736887,-1.3816470269410164,-1.3411964891796169,-1.335681273136722,-1.4088726022126636,-1.3699051774508744,-0.08572961197044983,-1.3511161355000223,-1.3783524069061521,-1.4027790352642895,-1.37828543232962,-1.3577860458379962,-1.293510160008124,-1.2696638795048818,-1.3500706825906026,-1.3331341781504982,-1.3744238964696247,0.2349763897496313,-1.3643244781442532,-1.3583251114436266,-1.359643320403671,-1.2928364112483175,-1.3710447016085925,-1.362577201112018,-0.5567771649665584,-1.3946801017500656,-1.2851537821529768,-1.361472946846389,-0.042223416015498456,-1.3649575792802173,-1.3813554339885998,-1.3816360137835024,-1.3418719058979296,-1.4478939748928705,-1.3817701823370105,-1.3753702913433579,-1.3648737378745528,-1.2922492519023865,-1.35799512843764,-1.3753904110129629,-1.3634585274709088,-1.3846632192661592,-1.338334499822793,-1.38904598880631,-1.337263533797967,-1.365097504238377,-1.3505367165633437,0.6225578959423456,-1.3323087478847568,-1.3610865766315452,-1.2845758692785243,-1.3492618545449164,-1.2924558722942407,-1.3564762160891575,-1.349000758588231,-1.3733405564486862,-1.3702118412246227,-1.3750231285682832,-1.3586968597372577,-1.3892163907984334,-1.3842512159861726,-1.3643769388921558,-1.2754442698550075,-1.3576729324792343,-1.3593319863758515,-1.370416396437831,-1.4033767940097253,-0.9998388753991677,-1.389288223653359,-1.341016625797014,-1.3566099591950833,-0.4796899552621708,-1.3637995134218506,-1.151661918744159,-1.2841562584968043,-1.345757299588686,-1.336678519762359,-1.3614368361605353,-1.2751843505715694,-1.3062367184302084,-1.3474329430271212,-1.3547770579903777,-1.3765953980316255,-1.3434775874778766,-1.3645726003298044,-1.3456853985821526,-1.3698808268520133,-1.3459436978728287,-1.3548974923539017,-1.2739736888356972,-1.3512852507216555,-1.2854901293966337,-1.3566583989142829,-1.3548712736643325,-1.3384613600449096,-1.4084180821830992,-1.3370955534793356,-1.3784083219373333,-0.8542865718497636,-1.374956171647473,-1.3883517256583258,-1.3359881406287706,-1.3749019171202674,-1.3650443420730918,-1.374356035403382,-1.3360023577608566,-1.3079498994207066,-1.3587914690335194,-1.2991311377533417,-1.3431957605205327,-0.11066426808372769,-1.350527814827919,-1.3592355401483032,-1.3452202695365547
158,1519069749,-1.2906361649689582,-1.348734377061614,-1.3678194650873106,-1.343712861470258,-1.3732281665937722,-1.2953938789437685,-1.291273460264207,-1.3546787061131094,-1.3191328638581574,-1.356953448866173,-1.337103872548847,-1.3940203628586478,-1.3546621455867598,-1.2913030677943753,-1.367238974279614,-1.3431157617290037,-1.306255118018798,-1.3792582616169964,-1.3384243450464834,-1.3337758843326217,-1.405726097602944,-1.3664463112054914,-0.08572961197044983,-1.348560328223319,-1.3753807865738426,-1.3991733280359084,-1.375312457273442,-1.3543097635934045,-1.289327911411769,-1.2671844094083078,-1.3482005286803231,-1.3307808424082679,-1.3722152396066454,0.2905331224789917,-1.3611313652312287,-1.354764565030284,-1.3572149972458991,-1.2894904782231036,-1.368105984511366,-1.3595895852388555,-0.5567771649665584,-1.3916825038538625,-1.2828999896895876,-1.3592299855566667,-0.042223416015498456,-1.362060366661352,-1.3777749737992346,-1.3780584700757397,-1.3387175931319113,-1.4450825714791387,-1.3781857332058807,-1.3731709028818064,-1.3621036800871522,-1.2889105661004672,-1.3552069220843996,-1.3720810833387196,-1.3604476075198968,-1.3824548145674886,-1.3352531496961753,-1.385380059427945,-1.3353990708314623,-1.362202232027623,-1.3486243330850352,0.619130490680611,-1.3287867407740717,-1.3575206377138902,-1.2823229309311792,-1.3473891963242846,-1.2897774089774479,-1.3530284179104521,-1.3453869825724667,-1.371113242868538,-1.367208686777867,-1.3728157165341628,-1.3562785457144872,-1.3860774580674684,-1.3820479811763118,-1.3611835775927983,-1.2718708282775113,-1.3547754583634015,-1.355850883380728,-1.3674596942649302,-1.4009742648300079,-0.9995476226146576,-1.385629727677139,-1.3380640417313918,-1.3531577158317667,-0.479669590271471,-1.3606142442251394,-1.151661918744159,-1.2804093543546167,-1.3435079509354775,-1.3335084835255941,-1.3584483349259404,-1.2716190046540679,-1.3040595174251473,-1.3443374134315966,-1.351720020627481,-1.37384598452429,-1.341606541205167,-1.3613755505098837,-1.3428756477868702,-1.3664191558156369,-1.343134931415767,-1.3526416868538773,-1.271830666997057,-1.347542368669625,-1.2832395917116814,-1.3543567313960918,-1.3520474665916606,-1.3359735616083779,-1.404748267480474,-1.3335061941220072,-1.3749434545049053,-0.8536502150302112,-1.372198058616754,-1.3846904306324088,-1.3334519972166246,-1.3719510150256515,-1.3621453430284205,-1.3714060847018494,-1.33409746731132,-1.3056375263996731,-1.355740192113771,-1.2969096417249186,-1.3413297555554906,-0.11066426808372769,-1.3474111158303614,-1.3568118988751134,-1.3429705875388782
159,1519069755,-1.2843596263666617,-1.3452499557459037,-1.3633641448330098,-1.3386547372419872,-1.3696834523323065,-1.288948632247632,-1.283597063720715,-1.3500715525472358,-1.3129353363315184,-1.3527108652111093,-1.3323855657377544,-1.3887956890410682,-1.3523938118194327,-1.2843253436356301,-1.3627853318524779,-1.3380259404349684,-1.299518127631571,-1.3750779222999616,-1.3339889144334698,-1.3299651067244216,-1.399957505818458,-1.362493321210768,-0.08572961197044983,-1.3440876654890879,-1.3714186261307628,-1.3949666696027971,-1.3708529946891752,-1.3480524555531397,-1.2837515799499624,-1.264209045292419,-1.3438368362230044,-1.3260741709238075,-1.3677979258806867,-1.2650553939430995,-1.356341695861692,-1.3501867196417008,-1.3523583509303552,-1.2841369853827613,-1.364187695048397,-1.3536143534925302,-0.5567771649665584,-1.3868863472199373,-1.2761386122994203,-1.3532487554507402,-0.042223416015498456,-1.3580042689949408,-1.3741945136098692,-1.374480926367977,-1.3349324178126891,-1.4422791058060511,-1.374601284074751,-1.368222278843316,-1.3544860211718004,-1.2835686688173966,-1.3489334577896086,-1.3671170918273545,-1.3564330475852144,-1.3780380051701473,-1.3306311245062485,-1.381190425852671,-1.3304271695874499,-1.3581488509325672,-1.344162104968982,0.25239812767500247,-1.3252647336633865,-1.3534452789508558,-1.2763150953382587,-1.3436438798830206,-1.2844204823438623,-1.3495806197317468,-1.3412569528401643,-1.3636888642680438,-1.3627039551077333,-1.3678490394573923,-1.3514419176689467,-1.3813690589710208,-1.3770907028541244,-1.356393535643762,-1.267582698384516,-1.350718994601236,-1.349584897989505,-1.3627289707882888,-1.3943673095857847,-0.9991107434378925,-1.3809259471362845,-1.3345209408526453,-1.34970547246845,-0.47964631599638546,-1.3558363404300724,-1.151661918744159,-1.2759130693839915,-1.3384469164657584,-1.3290704327941236,-1.3524713324567508,-1.267340589553066,-1.2982536480783178,-1.3396941190383098,-1.3466249583559866,-1.3688970402110867,-1.3378644486597482,-1.3565799757800026,-1.3378180963553619,-1.3624629603454925,-1.3380791517930555,-1.347566124478823,-1.2675446233197765,-1.3431756729422564,-1.2749876202001895,-1.3497533963597095,-1.3469646138608515,-1.3316199143444472,-1.400029934291385,-1.329404069142203,-1.3704886249489263,-0.8522184121862181,-1.3677850777676033,-1.3805060934599322,-1.3283797103923325,-1.3684099325121126,-1.3586665441748147,-1.3666861635793977,-1.3296527229290678,-1.3019377295660197,-1.3516718228874396,-1.293577397682284,-1.3363537423153784,-0.11066426808372769,-1.3436710770332925,-1.351964616328734,-1.338471223543525
160,1519069760,-1.2836622331886287,-1.3452499557459037,-1.3633641448330098,-1.3386547372419872,-1.3696834523323065,-1.288948632247632,-1.283597063720715,-1.3500715525472358,-1.3129353363315184,-1.3527108652111093,-1.3323855657377544,-1.3887956890410682,-1.350583805765367,-1.2843253436356301,-1.3627853318524779,-1.3380259404349684,-1.299518127631571,-1.3750779222999616,-1.3339889144334698,-1.3299651067244216,-1.399957505818458,-1.3619991974614276,-0.08572961197044983,-1.342809761850736,-1.3714186261307628,-1.3949666696027971,-1.3708529946891752,-1.3480524555531397,-1.2837515799499624,-1.264209045292419,-1.3438368362230044,-1.3260741709238075,-1.3677979258806867,-0.2094774720852519,-1.356341695861692,-1.3501867196417008,-1.3523583509303552,-1.2841369853827613,-1.364187695048397,-1.3536143534925302,-0.5567771649665584,-1.3868863472199373,-1.2761386122994203,-1.3525011016874995,-0.042223416015498456,-1.3580042689949408,-1.3741945136098692,-1.374480926367977,-1.3349324178126891,-1.4395405852836916,-1.374601284074751,-1.368222278843316,-1.3544860211718004,-1.2835686688173966,-1.3482364062012986,-1.3671170918273545,-1.3564330475852144,-1.3774859039954797,-1.3306311245062485,-1.381190425852671,-1.3304271695874499,-1.3581488509325672,-1.344162104968982,0.619130490680611,-1.3252647336633865,-1.3534452789508558,-1.2755641158891435,-1.3436438798830206,-1.2844204823438623,-1.3490059867019624,-1.3412569528401643,-1.3636888642680438,-1.3627039551077333,-1.3678490394573923,-1.3514419176689467,-1.3813690589710208,-1.3765398941516591,-1.356393535643762,-1.267582698384516,-1.350718994601236,-1.349584897989505,-1.3627289707882888,-1.3943673095857847,-0.9991107434378925,-1.3809259471362845,-1.3345209408526453,-1.34970547246845,-0.47964631599638546,-1.3558363404300724,-1.151661918744159,-1.2759130693839915,-1.3384469164657584,-1.3290704327941236,-1.3524713324567508,-1.267340589553066,-1.2982536480783178,-1.3396941190383098,-1.3466249583559866,-1.3688970402110867,-1.336617084477942,-1.3565799757800026,-1.3378180963553619,-1.3624629603454925,-1.3380791517930555,-1.347566124478823,-1.2675446233197765,-1.3431756729422564,-1.2749876202001895,-1.3497533963597095,-1.3463998524463172,-1.3316199143444472,-1.400029934291385,-1.329404069142203,-1.3704886249489263,-0.8522184121862181,-1.3677850777676033,-1.3805060934599322,-1.3283797103923325,-1.3684099325121126,-1.3586665441748147,-1.3666861635793977,-1.3296527229290678,-1.301475254961813,-1.3516718228874396,-1.2930220236751784,-1.3357317406603644,-0.11066426808372769,-1.3436710770332925,-1.351964616328734,-1.338471223543525
161,1519069766,-1.2780830877643652,-1.3406040606582899,-1.3594038601625205,-1.334158626816858,-1.3655479523605965,-1.2846518011168746,-1.2780142298709027,-1.3466161873728304,-1.3074264229745058,-1.347256114797456,-1.3288468356294347,-1.3846159499870045,-1.3481212653398784,-1.278743164308634,-1.3588265385839122,-1.3342085744644419,-1.2941285353217895,-1.3708975829829266,-1.3295534838204561,-1.324248940312121,-1.3957621663388318,-1.3580462074667043,-0.08572961197044983,-1.3389760509356807,-1.3669611956322982,-1.390760011169686,-1.3668890279476047,-1.3424904039617929,-1.276781165622704,-1.2612336811765303,-1.3400965284024455,-1.3225441673104623,-1.363380612154728,-1.2650553939430995,-1.3515520264921552,-1.3456088742531176,-1.347501704614811,-1.2781143059373763,-1.3602694055854283,-1.3491329296827863,-0.5567771649665584,-1.3832892297444936,-1.271631027372642,-1.3480151791080546,-0.042223416015498456,-1.3545276138523024,-1.370614053420504,-1.3709033826602142,-1.3311472424934672,-1.436716192839814,-1.3704194267550995,-1.3632736548048257,-1.3489459055969992,-1.277559034373942,-1.3426599934948178,-1.3627046549283635,-1.3514148476668613,-1.3725169934234709,-1.326522657670758,-1.3764770880804875,-1.3260767559989388,-1.3529373609532098,-1.3403373380123649,0.31066401712449165,-1.321155725367587,-1.3488605003424423,-1.2710582391944532,-1.3398985634417566,-1.2790635557102767,-1.345558188523257,-1.3366106693913242,-1.3592342371077473,-1.3586997491787256,-1.3634342153891519,-1.3478144466347912,-1.3766606598745734,-1.372133424531937,-1.3510712668114992,-1.2625798801760213,-1.3472420256622368,-1.3440151331973071,-1.3591809281808078,-1.3907635158162084,-0.998722406391879,-1.3767448088777472,-1.32979680634765,-1.3462532291051335,-0.4796230417213,-1.3515893148344573,-1.151661918744159,-1.269168641928054,-1.3333858819960394,-1.3252663893100058,-1.3479885806048584,-1.2623491052685638,-1.2938992460681957,-1.335566746244277,-1.342548908538791,-1.3639480958978831,-1.3322513098416198,-1.3517844010501214,-1.33332249508291,-1.3585067648753484,-1.3335851254617563,-1.3430545134787746,-1.263258579642496,-1.3394327908902262,-1.270486544830285,-1.3463008950824227,-1.3418817611300424,-1.3266443174713838,-1.3953116011022957,-1.3247891785399237,-1.365538814331172,-0.8506275201373369,-1.3633720969184524,-1.376321756287456,-1.3245754952741133,-1.3642786695796505,-1.3546079455122748,-1.3625562325972522,-1.3252079785468156,-1.2973129835239527,-1.3470949075078167,-1.2885790316183323,-1.3319997307302802,-0.11066426808372769,-1.3399310382362235,-1.347723244100652,-1.3328470185493335
162,1519069772,-1.2759909082302663,-1.3394425868863864,-1.358413788994898,-1.3330345992105754,-1.3643663809401079,-1.2839356625950815,-1.2766185214084496,-1.3460402931770963,-1.305360580465626,-1.3460439480388664,-1.3282570472780482,-1.3835710152234888,-1.3461869670245892,-1.277347619476885,-1.3578368402667709,-1.3335723468026874,-1.292781137244344,-1.3697032003209166,-1.3284446261672027,-1.3229786811093875,-1.3947133314689253,-1.3570579599680235,-0.08572961197044983,-1.338337099116505,-1.3659706555215283,-1.3895581087602258,-1.365898036262212,-1.3410998910639562,-1.2753870827572522,-1.2602418931379007,-1.3388497591289257,-1.3213674994393472,-1.3617241195074936,-0.32059093754397266,-1.3504876555211471,-1.3445915752778768,-1.346894623825368,-1.2767759327272907,-1.3588000470368151,-1.3483860257144955,-0.5567771649665584,-1.3820901905860123,-1.270128499063716,-1.3472675253448139,-0.042223416015498456,-1.3539481713285293,-1.3694205666907155,-1.3697108680909598,-1.3305163799402635,-1.4339610752233796,-1.369224610378056,-1.36217396057405,-1.3475608767032987,-1.2762235600531744,-1.3412658903181975,-1.3616015457036157,-1.3504112076831907,-1.3714127910741356,-1.3254955409618854,-1.3754296796866692,-1.3248337806879358,-1.352358306511059,-1.339699876852929,0.6259853012040802,-1.3199817229973585,-1.3478416606516836,-1.269556280296223,-1.3380259052211247,-1.2777243240518803,-1.3444089224636886,-1.3345456545251733,-1.3577493613876483,-1.3576986976964738,-1.3623305093720917,-1.3460007111177135,-1.3756143489642516,-1.3710318071270065,-1.3500068130450467,-1.2611505035450228,-1.3460830360159037,-1.3426226919992577,-1.3579982473116476,-1.390162883521279,-0.9983340693458655,-1.375699524313113,-1.3274347390951522,-1.3451024813173613,-0.4796143138681429,-1.3499966802361016,-1.151661918744159,-1.2684192610996166,-1.3322612076694351,-1.3246323820626529,-1.3472414552962098,-1.2609229669015631,-1.2917220450631346,-1.334534903045769,-1.3415298960844921,-1.362298447793482,-1.3316276277507166,-1.3507187177768145,-1.332198594764797,-1.3575177160078122,-1.3324616188789316,-1.3419266107287626,-1.262544239029616,-1.3381851635395494,-1.2697363656019673,-1.3451500613233272,-1.3407522383009738,-1.3254004182531178,-1.3942630826158313,-1.3237636472949725,-1.364548852207621,-0.8503093417275607,-1.3622688517061647,-1.3752756719943366,-1.323941459421077,-1.3630983087418043,-1.3534483458944062,-1.3613762523166393,-1.3239380515804577,-1.2936131866902991,-1.3460778152012338,-1.2858021615828035,-1.3307557274202522,-0.11066426808372769,-1.339307698436712,-1.346511423464057,-1.331722177550495
163,1519069777,-1.2732013355181346,-1.3377003762285313,-1.3564336466596532,-1.3307865439980107,-1.362594023809375,-1.281787247029703,-1.2731292502523168,-1.3443126105898935,-1.3026061237871198,-1.3442256979009821,-1.3264876822238882,-1.380958678314699,-1.3445737570507938,-1.274556529813387,-1.3558574436324882,-1.3316636638174242,-1.2900863410894532,-1.3679116263279016,-1.3262269108606959,-1.3210732923052875,-1.392615661729112,-1.3550814649706617,-0.08572961197044983,-1.3364202436589774,-1.3639895752999884,-1.3865533527365748,-1.3634205570487303,-1.3376236088193645,-1.272598917026349,-1.2577624230413267,-1.3369796052186462,-1.3196024976326746,-1.3595154626445143,-0.8206015321082163,-1.3478267280936267,-1.3425569773273953,-1.345073381457039,-1.2740991863071196,-1.3563511161224597,-1.3461453138096235,-0.5567771649665584,-1.3790925926898092,-1.2678747066003269,-1.3450245640550913,-0.042223416015498456,-1.3510509587096642,-1.3664368498662445,-1.3679220962370784,-1.3286237922806525,-1.4312290492160928,-1.366237569435448,-1.3599745721124987,-1.3447908189158981,-1.2735526114116391,-1.338477683964957,-1.3582922180293724,-1.3484039277158493,-1.3692043863754648,-1.3234413075441402,-1.3722874545052135,-1.3229693177214312,-1.3506211431846065,-1.3377874933746203,0.6157030854188763,-1.318220719442016,-1.3458039812701665,-1.267303341948878,-1.3361532470004929,-1.2743762449058895,-1.342685023374336,-1.332480639659022,-1.3555220478075,-1.35569659473197,-1.3595712443294414,-1.3441869756006357,-1.3735217271436082,-1.3688285723171454,-1.3478779055121415,-1.2597211269140243,-1.344344551546404,-1.3398378096031587,-1.355632885573327,-1.3883609866364908,-0.9980913586921072,-1.3736089551838442,-1.325663188655779,-1.3422256118479308,-0.4796026767306002,-1.3478731674382942,-1.151661918744159,-1.2661711186143039,-1.3294495218529245,-1.3214623458258883,-1.3435058287529662,-1.2594968285345627,-1.2895448440580735,-1.3324712166487527,-1.338982364948745,-1.3600989169876139,-1.3297565814780072,-1.3485873512302007,-1.328826893810458,-1.355045093838972,-1.3296528524218696,-1.3396708052287383,-1.2596868765780955,-1.3350660951628575,-1.2667356486886976,-1.3434238106846839,-1.3384931926428363,-1.323534569425719,-1.3916417863996708,-1.3217125848050706,-1.3625689279605193,-0.8496729849080082,-1.3600623612815894,-1.372660461261539,-1.3207712801558944,-1.3613277674850346,-1.3517089464676033,-1.35960628189572,-1.3213981976477422,-1.2917632882734724,-1.344043630588068,-1.2841360395614863,-1.32888972245521,-0.11066426808372769,-1.3374376790381775,-1.3440877821908672,-1.3294724955528185
164,1519069783,-1.2704117628060028,-1.335958165570676,-1.3544535043244086,-1.3279764749823049,-1.3596400952581538,-1.2782065544207382,-1.2703378333274107,-1.342584928002691,-1.2998516671086136,-1.3418013643838027,-1.3247183171697285,-1.378868808787667,-1.34196879840932,-1.2710676677340143,-1.3533831978396347,-1.328482525508652,-1.28671784589584,-1.3649256696728767,-1.3234547667275625,-1.3191679035011872,-1.3899935745543457,-1.3531049699733,-0.08572961197044983,-1.3345033882014496,-1.3620084950784486,-1.3847504991223842,-1.361438573677945,-1.3348425830236912,-1.2698107512954455,-1.2562747409833823,-1.3338626820348471,-1.3178374958260017,-1.357306805781535,-0.5428178684614143,-1.3456979861516103,-1.3405223793769139,-1.34325213908871,-1.2714224398869485,-1.3543919713909753,-1.3439046019047516,-0.5567771649665584,-1.3772940339520872,-1.2648696499824748,-1.342781602765369,-0.042223416015498456,-1.349312631138345,-1.3646466197715619,-1.3649408098139428,-1.3254694795146342,-1.4284140377384316,-1.3644453448698832,-1.3577751836509475,-1.3413282466816474,-1.2708816627701038,-1.3356894776117167,-1.3555344449675029,-1.346396647748508,-1.3669959816767943,-1.321387074126395,-1.3701926377175764,-1.3211048547549264,-1.3477258709738522,-1.3358751098963118,0.598566059110203,-1.3146987123313307,-1.34325688204327,-1.2650504036015329,-1.3342805887798608,-1.2716977815890966,-1.3409611242849833,-1.330415624792871,-1.3525522963673025,-1.3526934402852142,-1.356811979286791,-1.342373240083558,-1.370905949867804,-1.3666253375072843,-1.3452167710960101,-1.2568623736520275,-1.340867582607405,-1.3370529272070597,-1.3526761834004262,-1.385357825161844,-0.9978971901691005,-1.3709957437722584,-1.3238916382164057,-1.3404994901662723,-0.47959103959305743,-1.3457496546404868,-1.151661918744159,-1.2639229761289914,-1.327200173199716,-1.3195603240838294,-1.34126445282702,-1.2566445518005613,-1.2873676430530123,-1.3304075302517362,-1.3364348338129977,-1.3578993861817457,-1.3278855352052976,-1.3464559846835868,-1.3260171430151755,-1.3530669961039,-1.32740583925622,-1.3374149997287141,-1.2568295141265753,-1.332570840461504,-1.2644851110037452,-1.3411221431664928,-1.336234146984699,-1.3216687205983202,-1.389544749426742,-1.3186359910702177,-1.360094022651642,-0.8488775388835677,-1.3573042482508704,-1.3705682926753007,-1.3182351367437484,-1.358376865390419,-1.3499695470408006,-1.3578363114748004,-1.3194933071982056,-1.2899133898566455,-1.3415008998216111,-1.282469917540169,-1.3270237174901682,-0.11066426808372769,-1.3343209800406202,-1.3422700512359749,-1.3272228135551418
165,1519069788,-1.2648326173817392,-1.332473744254966,-1.3509882552377301,-1.3234803645571753,-1.3572769524171766,-1.2753420003335665,-1.2654528537088248,-1.3391295628282855,-1.2950313679212275,-1.3387709474873288,-1.319410222007249,-1.3757340044971194,-1.3392007061749904,-1.2668810332387672,-1.3504141028882106,-1.3240289318763712,-1.2826756516635036,-1.3619397130178517,-1.3201281937678022,-1.3166273850957204,-1.386847069944626,-1.3501402274772576,-0.08572961197044983,-1.3306696772863944,-1.358541604690754,-1.3823466943034637,-1.357970102779071,-1.3306710443301812,-1.2656285026990906,-1.2537952708868083,-1.330745758851048,-1.3131308243415414,-1.3539938204870658,-0.43170440300269347,-1.3425048732385858,-1.3369618329635713,-1.340216735141495,-1.2674073202566918,-1.3509634681108775,-1.3394231780950077,-0.5567771649665584,-1.3748959556351248,-1.2611133292101595,-1.339043333949165,-0.042223416015498456,-1.3458359759957066,-1.362259646311985,-1.3625557806754343,-1.322315166748616,-1.4255701617493355,-1.3620557121157966,-1.3544761009586206,-1.3371731600005465,-1.2668752398078007,-1.331507168081856,-1.3522251172932596,-1.342883907805661,-1.3631312734541208,-1.3167650489364682,-1.367050412536121,-1.3186189041329202,-1.345409653205249,-1.3307754206208224,0.5403001696607138,-1.312350707590874,-1.3402003629709942,-1.2597935474577273,-1.3311594917454743,-1.2676800866139075,-1.3386625921658462,-1.3273181024936442,-1.3488401070670555,-1.3491897600973324,-1.3535008612356108,-1.3399549260607877,-1.3672438616816782,-1.3627696765900275,-1.3414911829134264,-1.2540036203900304,-1.3379701084915725,-1.3321793830138864,-1.3503108216621056,-1.3829552959821263,-0.9976059373845904,-1.3678598900783554,-1.321529570963908,-1.338197994590728,-0.4795735838867433,-1.3425643854437754,-1.151661918744159,-1.2601760719868038,-1.3238261502199034,-1.3170242950944175,-1.338275951592425,-1.2537922750665602,-1.283738974711244,-1.3257642358584494,-1.333377796450101,-1.3540502072714762,-1.3241434426598788,-1.343258934863666,-1.3226454420608365,-1.3500998495012917,-1.3240353195077457,-1.3329033887286659,-1.253972151675055,-1.329451772084812,-1.2599840356338405,-1.3388204756483015,-1.3322808170829585,-1.3179370229435226,-1.3863991939673495,-1.3155593973353645,-1.3571241362809894,-0.8479230036542389,-1.3539945126140074,-1.3674300397959434,-1.3150649574785658,-1.3560161437147262,-1.3464907481871948,-1.3542963706329616,-1.316318489782311,-1.2871385422314054,-1.3384496229018625,-1.2796930475046402,-1.323291707560084,-0.11066426808372769,-1.3312042810430627,-1.3398464099627851,-1.323848290558627
166,1519069794,-1.2620430446696076,-1.3307315335971106,-1.3490081129024856,-1.3212323093446106,-1.3555045952864437,-1.2731935847681877,-1.2626614367839186,-1.337401880241083,-1.2915882970730947,-1.3369526973494443,-1.3176408569530893,-1.3736441349700876,-1.3369064781865752,-1.264089943575269,-1.348434706253928,-1.322120248891108,-1.279980855508613,-1.359550947693832,-1.3173560496346686,-1.3147219962916201,-1.384749400204813,-1.3476696087305555,-0.08572961197044983,-1.3268359663713392,-1.356560524469214,-1.3805438406892732,-1.3559881194082857,-1.327890018534508,-1.2628403369681873,-1.2513158007902343,-1.3288756049407686,-1.3113658225348688,-1.3517851636240865,-0.15392073935589148,-1.3403761312965694,-1.3349272350130899,-1.3377884119837231,-1.2640613872314779,-1.3485145371965221,-1.336435562221845,-0.5567771649665584,-1.3730973968974027,-1.2588595367467703,-1.3353050651329608,-0.042223416015498456,-1.3440976484243876,-1.3604694162173023,-1.3607670088215529,-1.3197917165358013,-1.4227912309109676,-1.3596660793617101,-1.3522767124970692,-1.3344031022131457,-1.2635365540058816,-1.3280219101403055,-1.350018898843764,-1.3408766278383195,-1.3603707675807826,-1.314710815518723,-1.3644318915515745,-1.3167544411664156,-1.3436724898787964,-1.3288630371425139,0.619130490680611,-1.3105897040355312,-1.338162683589477,-1.2575406091103822,-1.3292868335248422,-1.2650016232971146,-1.335789427016925,-1.3242205801944176,-1.3466127934869072,-1.3466871313917026,-1.3512934492014905,-1.33814119054371,-1.364628084405874,-1.3605664417801666,-1.3393622753805212,-1.2504301788125343,-1.3356521291989063,-1.3286982800187626,-1.348536800358365,-1.3811533990973381,-0.9974117688615837,-1.3657693209490867,-1.3179864700851616,-1.3364718729090697,-0.4795590374648149,-1.340440872645968,-1.151661918744159,-1.2579279295014913,-1.321014464403393,-1.313854258857653,-1.3360345756664789,-1.2502269291490586,-1.2808360400378291,-1.3237005494614331,-1.3313397715415032,-1.351850676465608,-1.321025032205363,-1.3405947266803988,-1.3203976414246106,-1.3481217517662194,-1.3212265530506837,-1.3306475832286417,-1.2518291298364148,-1.327580331058797,-1.2577334979488883,-1.3370942250096582,-1.3288922485957524,-1.3160711741161237,-1.3843021569944207,-1.3135083348454626,-1.3551442120338877,-0.8472866468346865,-1.351788022189432,-1.365337871209705,-1.313162849919456,-1.3542456024579568,-1.344751348760392,-1.3525264002120423,-1.3137786358495955,-1.284826169210372,-1.3364154382886968,-1.2774715514762172,-1.321425702595042,-0.11066426808372769,-1.329334261644528,-1.3380286790078928,-1.3215986085609503
167,1519069800,-1.2592534719574757,-1.327827849167352,-1.3470279705672408,-1.3189842541320458,-1.3537322381557109,-1.271045169202809,-1.2598700198590123,-1.3356741976538802,-1.2888338403945885,-1.3339222804529705,-1.3152817035475428,-1.3715542654430557,-1.334583766554963,-1.2612988539117709,-1.3459604604610744,-1.3202115659058447,-1.277286059353722,-1.357759373700817,-1.3151383343281617,-1.3109112186834198,-1.382651730465,-1.3451989899838535,-0.08572961197044983,-1.3249191109138116,-1.354084174192289,-1.3787409870750826,-1.3540061360375004,-1.3251089927388346,-1.259355129804558,-1.24982811873229,-1.3263820663937291,-1.3096008207281962,-1.3495765067611072,-0.15392073935589148,-1.337715203869049,-1.3328926370626086,-1.335967169615394,-1.260715454206264,-1.3465553924650377,-1.334194850316973,-0.5567771649665584,-1.371298838159681,-1.2566057442833811,-1.3330621038432384,-0.042223416015498456,-1.3423593208530684,-1.3580824427577254,-1.357785722398417,-1.3178991288761903,-1.419999311042454,-1.357873854796145,-1.3489776298047422,-1.3316330444257451,-1.2601978682039625,-1.3252337037870652,-1.3478126803942685,-1.338367527879143,-1.358162362882112,-1.3126565821009777,-1.3623370747639374,-1.3130255152334063,-1.3407772176680424,-1.3269506536642053,0.619130490680611,-1.3088287004801886,-1.33612500420796,-1.255287670763037,-1.3274141753042104,-1.262323159980322,-1.3334908948977882,-1.3221555653282664,-1.344385479906759,-1.3446850284271987,-1.34853418415884,-1.3357228765209397,-1.3625354625852306,-1.3583632069703055,-1.3367011409643899,-1.2475714255505375,-1.3339136447294069,-1.3259133976226636,-1.3467627790546246,-1.37935150221255,-0.997217600338577,-1.3631561095375009,-1.3162149196457882,-1.3341703773335254,-0.4795474003272721,-1.3377864816487086,-1.151661918744159,-1.2549304061877413,-1.3182027785868824,-1.311952237115594,-1.3337931997405328,-1.2473746524150573,-1.2786588390327682,-1.3211209414651626,-1.3293017466329053,-1.3496511456597398,-1.3191539859326535,-1.338463360133785,-1.3175878906293281,-1.3456491295973794,-1.3189795398850344,-1.3283917777286176,-1.2496861079977746,-1.3257088900327818,-1.255482960263936,-1.3342171406119194,-1.3266332029376149,-1.314205325288725,-1.3822051200214922,-1.3114572723555606,-1.3526693067250104,-0.8466502900151339,-1.3479266639464251,-1.3627226604769072,-1.31062670650731,-1.351294700363341,-1.342432149524655,-1.3507564297911228,-1.31123878191688,-1.282976270793545,-1.3338727075222396,-1.2758054294549,-1.31955969763,-0.11066426808372769,-1.325594222847459,-1.3349991274164057,-1.3182240855644354
168,1519069805,-1.255766506067311,-1.326085638509497,-1.3440577570643737,-1.31617418511634,-1.351959881024978,-1.2688967536374303,-1.2570786029341061,-1.3327947266752092,-1.2853907695464557,-1.332104030315086,-1.313512338493383,-1.368941928534266,-1.3320150598230125,-1.258507764248273,-1.3439810638267917,-1.317666655258827,-1.2745912631988314,-1.354773417045792,-1.3123661901950283,-1.3077355706765863,-1.3800296432902337,-1.3427283712371512,-0.08572961197044983,-1.323002255456284,-1.3521030939707495,-1.3751352798467016,-1.3515286568240188,-1.321632710494243,-1.2565669640736548,-1.2478445426550309,-1.3245119124834497,-1.3078358189215236,-1.3462635214666383,0.012749458832189704,-1.3355864619270328,-1.3308580391121272,-1.334145927247065,-1.2580387077860928,-1.3441064615506821,-1.331954138412101,-0.5567771649665584,-1.3689007598427183,-1.2543519518199922,-1.330819142553516,-0.042223416015498456,-1.3400415507579762,-1.3550987259332543,-1.3559969505445357,-1.3153756786633757,-1.4171871860159362,-1.354886813853537,-1.346778241343191,-1.3288629866383446,-1.2568591824020432,-1.3224454974338247,-1.345606461944773,-1.3363602479118017,-1.3559539581834412,-1.3106023486832326,-1.359718553779391,-1.3111610522669015,-1.33904005434159,-1.3250382701858967,0.6122756801571416,-1.307067696924846,-1.3340873248264427,-1.2515327735174617,-1.3236688588629464,-1.2583054650051329,-1.3311923627786513,-1.3200905504621152,-1.3421581663266107,-1.342682925462695,-1.3463267721247199,-1.3326999839924767,-1.3599196853094264,-1.3561599721604445,-1.334572233431485,-1.2454273606040398,-1.3321751602599072,-1.3231285152265646,-1.3449887577508841,-1.3769489730328326,-0.9969748896848185,-1.3605428981259151,-1.314443369206415,-1.331868881757981,-0.47953285390534367,-1.3351320906514492,-1.151661918744159,-1.2526822637024286,-1.3153910927703718,-1.3087822008788292,-1.3300575731972892,-1.2445223756810562,-1.2750301706909997,-1.3190572550681463,-1.3272637217243075,-1.3474516148538715,-1.3172829396599441,-1.3363319935871711,-1.315340089993102,-1.3431765074285391,-1.31560902013656,-1.3261359722285933,-1.245400064320494,-1.3238374490067666,-1.2532324225789835,-1.332490889973276,-1.3243741572794776,-1.312339476461326,-1.3790595645620995,-1.3094062098656587,-1.3506893824779087,-0.8460139331955815,-1.3457201735218498,-1.3595844075975498,-1.3087245989482006,-1.3495241591065714,-1.340692750097852,-1.3489864593702032,-1.3080639645009855,-1.2811263723767183,-1.331838522909074,-1.2741393074335827,-1.3176936926649578,-0.11066426808372769,-1.3237242034489247,-1.3331813964615133,-1.3148495625679206
169,1519069811,-1.2529769333551792,-1.3243434278516417,-1.3415825791453178,-1.3139261299037752,-1.3490059524737568,-1.2653160610284657,-1.2542871860092,-1.3299152556965381,-1.2826363128679494,-1.3302857801772017,-1.3117429734392232,-1.3668520590072342,-1.3303215777638437,-1.2557166745847748,-1.3415068180339382,-1.3157579722735637,-1.271222768005218,-1.352981843052777,-1.3095940460618947,-1.305830181872486,-1.3774075561154673,-1.340257752490449,-0.08572961197044983,-1.3210853999987564,-1.3496267436938245,-1.373332426232511,-1.3495466734532335,-1.3188516846985696,-1.2530817569100254,-1.2463568605970865,-1.3226417585731702,-1.306070817114851,-1.344054864603659,-0.4872611357320539,-1.3334577199850164,-1.3283147916740252,-1.332324684878736,-1.254692774760879,-1.3421473168191977,-1.3282196185706476,-0.5567771649665584,-1.3671022011049965,-1.252098159356603,-1.3278285275005528,-0.042223416015498456,-1.3383032231866572,-1.3521150091087832,-1.3530156641214002,-1.3122213658973574,-1.4144378413017886,-1.353094589287972,-1.3445788528816396,-1.3254004144040936,-1.253520496600124,-1.3189602394922741,-1.3422971342705297,-1.3343529679444606,-1.3537455534847707,-1.3085481152654872,-1.357623736991754,-1.309296589300397,-1.3373028910151374,-1.3231258867075881,0.6054208696336724,-1.304132690999275,-1.331030805754167,-1.2492798351701166,-1.3217962006423145,-1.25562700168834,-1.3288938306595144,-1.3175092818794263,-1.3384459770263635,-1.3401802967570653,-1.3441193600905996,-1.330886248475399,-1.3578270634887832,-1.3539567373505834,-1.3324433258985797,-1.2425686073420428,-1.3292776861440745,-1.3196474122314408,-1.3426233960125633,-1.3739458115581855,-0.9967807211618118,-1.3579296867143293,-1.3120813019539173,-1.3289920122885504,-0.4795212167678009,-1.3330085778536416,-1.151661918744159,-1.248935359560241,-1.3131417441171633,-1.3062461718894176,-1.327816197271343,-1.2416700989470548,-1.2728529696859388,-1.31699356867113,-1.3247161905885603,-1.3441523186450692,-1.3154118933872345,-1.3342006270405573,-1.3130922893568762,-1.3407038852596989,-1.312800253679498,-1.3238801667285691,-1.2432570424818539,-1.3200945669547364,-1.2509818848940313,-1.329613805575537,-1.32211511162134,-1.3092297284156613,-1.3769625275891708,-1.306842381753281,-1.348709458230807,-0.8453775763760291,-1.3429620604911305,-1.356969196864752,-1.306822491389091,-1.347753617849802,-1.3377937510531808,-1.3466264988089773,-1.306159074051449,-1.2792764739598916,-1.329295792142617,-1.2724731854122655,-1.3158276876999158,-0.11066426808372769,-1.3206075044513672,-1.3313636655066212,-1.312599880570244
170,1519069816,-1.2467003947528827,-1.3208590065359314,-1.3366322233072059,-1.3088680056755044,-1.3460520239225353,-1.2595869528541224,-1.2473086436969343,-1.3253081021306643,-1.2764387853413102,-1.3266492799014327,-1.3070246666281304,-1.3616273851896545,-1.3275793797506024,-1.2473434055942805,-1.3375480247653726,-1.3113043786412828,-1.2651594766567136,-1.348801503735742,-1.3046041866222544,-1.3020194042642859,-1.372687799200888,-1.3363047624957258,-0.08572961197044983,-1.3172516890837012,-1.34516931319536,-1.36972671900413,-1.345582706711663,-1.3125943766583046,-1.2468083840154929,-1.2433814964811978,-1.3176546814790915,-1.3013641456303904,-1.3396375508777003,-0.9872717302962974,-1.3286680506154795,-1.3242455957730623,-1.327468038563192,-1.2493392819205367,-1.3382290273562292,-1.3222443868243223,-0.5567771649665584,-1.3617065248918307,-1.2438342536575095,-1.323342604921108,-0.042223416015498456,-1.3348265680440188,-1.3485345489194178,-1.3494381204136374,-1.3084361905781354,-1.4115939653126925,-1.3495101401568423,-1.3396302288431492,-1.3191677843824423,-1.2481785993170533,-1.3133838267857934,-1.3378846973715384,-1.330338408009778,-1.3493287440874295,-1.3039260900755605,-1.3534341034164799,-1.3049461757118859,-1.3338285643622325,-1.3180261974320988,0.3826395276209195,-1.3006106838885898,-1.3274648668365119,-1.244022979026311,-1.3180508842010505,-1.2502700750547544,-1.3254460324808088,-1.3133792521471241,-1.3332489120060176,-1.3361760908280575,-1.339152683013829,-1.3260496204298584,-1.3531186643923356,-1.3484486503259308,-1.3281855108327696,-1.2382804774490475,-1.3258007172050754,-1.3133814268402182,-1.3384840129705022,-1.36974138549368,-0.9963438419850467,-1.353748548455792,-1.3085382010751707,-1.3255397689252337,-0.47949794249271543,-1.3282306740585748,-1.151661918744159,-1.2436896937611785,-1.3086430468107464,-1.3024421284052998,-1.322586320110802,-1.237391683846053,-1.2677728340074628,-1.3123502742778432,-1.3206401407713648,-1.3392033743318659,-1.3116698008418157,-1.3294050523106762,-1.3080347379253676,-1.3367476897895547,-1.308306227348199,-1.3188046043535147,-1.2389709988045734,-1.3163516849027062,-1.2442302718391742,-1.3261613042982503,-1.3175970203050653,-1.3042541315425977,-1.3722441944000816,-1.3027402567734772,-1.3447496097366034,-0.8439457735320359,-1.3385490796419799,-1.3527848596922756,-1.3017502045647988,-1.344212535336263,-1.334314952199575,-1.3424965678268321,-1.3023492931523757,-1.2751142025220312,-1.325735969069577,-1.2685855673625253,-1.3102296728047897,-0.11066426808372769,-1.3168674656542982,-1.3271222932785391,-1.3081005165748907
171,1519069822,-1.244608215218784,-1.3196975327640281,-1.3356421521395836,-1.3077439780692222,-1.3448704525020467,-1.2588708143323293,-1.2459129352344813,-1.3241563137391958,-1.2750615570020571,-1.326043196522138,-1.3064348782767439,-1.3605824504261388,-1.324909685556408,-1.245250088346657,-1.3360634772896607,-1.310031923317774,-1.2638120785792684,-1.347009929742727,-1.303495328969001,-1.301384274662919,-1.3716389643309812,-1.3348223912477046,-0.08572961197044983,-1.3153348336261734,-1.3436835030292051,-1.3685248165946695,-1.3445917150262703,-1.311203863760468,-1.2454143011500414,-1.2423897084425681,-1.3170312968423317,-1.300775811694833,-1.3385332224462105,0.1794196570202709,-1.3276036796444715,-1.3232282967978217,-1.325646796194863,-1.2473317221054085,-1.337249454990487,-1.3214974828560317,-0.5567771649665584,-1.3605074857333495,-1.2423317253485833,-1.3210996436313855,-0.042223416015498456,-1.3336676829964726,-1.3473410621896296,-1.348245605844383,-1.307174465471728,-1.4087840051245324,-1.348315323779799,-1.3385305346123737,-1.317782755488742,-1.2468431249962857,-1.311292672020863,-1.3367815881467906,-1.328832948034272,-1.347120339388759,-1.3028989733666878,-1.3523866950226613,-1.3037032004008828,-1.3332495099200816,-1.3173887362726626,0.6328401117275496,-1.2994366815183613,-1.3264460271457534,-1.241770040678966,-1.3174266647941733,-1.2482612275671598,-1.3237221333914562,-1.3118304909975107,-1.3325064741459682,-1.3351750393458055,-1.338048976996769,-1.3254450419241657,-1.351549198026853,-1.3473470329210002,-1.327121057066317,-1.2361364125025498,-1.3252212223819089,-1.3119889856421687,-1.3378926725359221,-1.3685401209038213,-0.9962467577235433,-1.3527032638911576,-1.3067666506357976,-1.3243890211374616,-0.479492123923944,-1.327168917659671,-1.151661918744159,-1.242940312932741,-1.30695603532084,-1.301174113910594,-1.3210920694935044,-1.2366786146625528,-1.2663213666707553,-1.3113184310793349,-1.3196211283170658,-1.3381036089289318,-1.3091750724782032,-1.3278065274007158,-1.3069108376072547,-1.3357586409220186,-1.3071827207653741,-1.3176767016035027,-1.2368279769659332,-1.3157278712273677,-1.2427299133825394,-1.3250104705391548,-1.3159027360614624,-1.3036321819334649,-1.3711956759136175,-1.3017147255285262,-1.3437596476130527,-0.8434685059173715,-1.3374458344296922,-1.3517387753991563,-1.3011161687117623,-1.3436223549173398,-1.332575552772772,-1.3419065776865255,-1.3010793661860178,-1.273726778709411,-1.324718876762994,-1.266919445341208,-1.3096076711497757,-0.11066426808372769,-1.3162441258547868,-1.3259104726419442,-1.3069756755760524
172,1519069828,-1.2404238561505863,-1.3162131114483178,-1.3326719386367165,-1.3032478676440926,-1.341325738240581,-1.2552901217233647,-1.241725809847122,-1.3218527369562592,-1.2709298719842976,-1.3211945294877796,-1.3034859365198108,-1.3574476461355909,-1.3223461576686755,-1.2410634538514098,-1.3330943823382364,-1.3062145573472475,-1.259769884346932,-1.344621164418707,-1.3001687560092408,-1.296938367453352,-1.367443624851355,-1.331857648751662,-0.08572961197044983,-1.312140074530294,-1.3402166126415103,-1.3649191093662885,-1.3416187399700923,-1.3056418121691211,-1.2405350111209603,-1.2399102383459941,-1.3139143736585326,-1.2978341420170452,-1.3352202371517417,-0.43170440300269347,-1.3233461957604389,-1.3196677503844791,-1.323218473037091,-1.2433166024751519,-1.3338209517103892,-1.3177629630145784,-0.5567771649665584,-1.3581094074163869,-1.2385754045762682,-1.3173613748151816,-0.042223416015498456,-1.3313499129013806,-1.3449540887300526,-1.3458605767058744,-1.3046510152589135,-1.4059560046167254,-1.3447308746486692,-1.334131757689271,-1.313627668807641,-1.242168964873599,-1.3071103624910025,-1.3334722604725473,-1.3253202080914248,-1.343807732340753,-1.29981762324007,-1.3487207656442965,-1.299352786812372,-1.3297751832671767,-1.3142014304754817,0.4546150381173473,-1.2970886767779046,-1.3228800882280982,-1.2380151434333906,-1.3143055677597868,-1.2442435325919707,-1.320848968242535,-1.308732968698284,-1.328794284845721,-1.3321718848990498,-1.3347378589455885,-1.322422149395703,-1.348410265295888,-1.3440421807062086,-1.3228632420005069,-1.2325629709250536,-1.3223237482660763,-1.3078116620480202,-1.3349359703630213,-1.364936327134245,-0.9959069628082816,-1.3495674101972548,-1.3038140665701754,-1.3220875255619173,-0.4794746682176299,-1.3239836484629597,-1.151661918744159,-1.2384440279621158,-1.3035820123410273,-1.298638084921182,-1.3166093176416123,-1.2316871303780506,-1.2634184319973407,-1.3082229014838105,-1.3165640909541692,-1.3342544300186623,-1.3060566620236873,-1.324609477580795,-1.3035391366529159,-1.3327914943194104,-1.3038122010168998,-1.3142929933534664,-1.233970614514413,-1.3126088028506757,-1.2397291964692696,-1.322133386141416,-1.3125141675742562,-1.2992785346695341,-1.3675258612109924,-1.298638131793673,-1.3402947801806244,-0.8423548814831547,-1.3341360987928292,-1.348600522519799,-1.2979459894465797,-1.3389009115659547,-1.3290967539191665,-1.3383666368446867,-1.2979045487701233,-1.2704894564799643,-1.3201419613833711,-1.2635872012985734,-1.3064976628747056,-0.11066426808372769,-1.3131274268572293,-1.321669100413862,-1.3030387320801184
173,1519069833,-1.2362394970823887,-1.3127286901326074,-1.3297017251338494,-1.2993137710221043,-1.3383718096893595,-1.252425567636193,-1.2375386844597627,-1.318973265977588,-1.2661095727969116,-1.3181641125913055,-1.3011267831142643,-1.3537903744632853,-1.3196686952081547,-1.2368768193561628,-1.3301252873868123,-1.3030334190384754,-1.255727690114596,-1.3416352077636822,-1.2968421830494805,-1.2943978490478851,-1.3637727028066822,-1.328398782506279,-0.08572961197044983,-1.3095842672535907,-1.3372449923092007,-1.3613134021379074,-1.3381502690712181,-1.3000797605777745,-1.2363527625246054,-1.2364389802107907,-1.3114208351114933,-1.295480806274815,-1.330802923425783,-0.8761582648375766,-1.3201530828474142,-1.3161072039711366,-1.320183069089876,-1.2386322962398524,-1.3303924484302916,-1.314028443173125,-0.5567771649665584,-1.3539127703617024,-1.235570347958416,-1.3143707597622183,-0.042223416015498456,-1.3272938152349691,-1.3413736285406872,-1.342879290282739,-1.3014967024928952,-1.4031280041089185,-1.3423412418945826,-1.3308326749969441,-1.30947258212654,-1.237494804750912,-1.3029280529611418,-1.3296113781859302,-1.3218074681485776,-1.3399430241180794,-1.2967362731134522,-1.3455785404628409,-1.2968668361903657,-1.3268799110564224,-1.311651585837737,0.34493806974183827,-1.2941536708523336,-1.3198235691558227,-1.2350112256369303,-1.3099360319116455,-1.2395562217875835,-1.3179758030936137,-1.3051191926825194,-1.3258245334055234,-1.3291687304522941,-1.3314267408944083,-1.3187946783615474,-1.345271332564923,-1.340737328491417,-1.3196698807011493,-1.2289895293475575,-1.3200057689734102,-1.302938117854847,-1.3313879277555403,-1.3613325333646686,-0.9952759151085098,-1.3464315565033518,-1.3008614825045532,-1.3180599083047144,-0.4794543032269301,-1.3202675010667966,-1.151661918744159,-1.2346971238199282,-1.2996456521979125,-1.2948340414370645,-1.311379440481071,-1.228121784460549,-1.2590640299872184,-1.3051273718882859,-1.312997547364123,-1.330405251108393,-1.3029382515691716,-1.3214124277608743,-1.3001674356985768,-1.328835298849266,-1.299879927977013,-1.31090928510343,-1.2296845708371325,-1.3088659207986455,-1.2359783003276823,-1.3198317186232247,-1.3091255990870503,-1.2961687866238694,-1.3638560465083676,-1.2955615380588201,-1.337324893809972,-0.8412412570489379,-1.3302747405498223,-1.344939227493882,-1.2954098460344337,-1.3353598290524158,-1.326197754874495,-1.3348266960028479,-1.2940947678710502,-1.264939761229484,-1.316582138310331,-1.2591442092417273,-1.3040096562546495,-0.11066426808372769,-1.3093873880601603,-1.318639548822375,-1.2996642090836035
174,1519069839,-1.2348447107263227,-1.3121479532466558,-1.328711653966227,-1.298189743415822,-1.3365994525586269,-1.250993290592607,-1.2361429759973095,-1.3183973717818538,-1.2647323444576586,-1.3175580292120106,-1.2999472064114912,-1.3527454396997693,-1.317105167320422,-1.2354812745244137,-1.3286407399111002,-1.3017609637149665,-1.2543802920371505,-1.3410380164326772,-1.2951788965696005,-1.2931275898451517,-1.3627238679367757,-1.3274105350075982,-0.08572961197044983,-1.3083063636152388,-1.3362544521984308,-1.3601114997284471,-1.3371592773858254,-1.2986892476799379,-1.2349586796591536,-1.2359430861914757,-1.3101740658379737,-1.2943041384037,-1.3296985949942932,0.6238735188551541,-1.319088711876406,-1.315089904995896,-1.319575988300433,-1.2372939230297668,-1.3294128760645494,-1.3132815392048345,-0.5567771649665584,-1.353313250782462,-1.2340678196494899,-1.3128754522357367,-0.042223416015498456,-1.326714372711196,-1.340776885175793,-1.3410905184288575,-1.2996041148332842,-1.400330311338118,-1.3411464255175394,-1.3297329807661684,-1.3073950387859896,-1.2361593304301444,-1.3015339497845217,-1.3285082689611825,-1.320803828164907,-1.3388388217687441,-1.2957091564045795,-1.3445311320690223,-1.2956238608793627,-1.3263008566142718,-1.3103766635188647,0.6602593538214269,-1.292392667296991,-1.3182953096196848,-1.2335092667387002,-1.308687593097891,-1.2375473742999887,-1.3168265370340453,-1.304086685249444,-1.3235972198253751,-1.328167678970042,-1.330323034877348,-1.318190099855855,-1.3442250216546012,-1.3396357110864867,-1.3186054269346967,-1.227560152716559,-1.318846779327077,-1.3015456766567974,-1.33020524688638,-1.3607319010697392,-0.9951788308470063,-1.3448636296564003,-1.2996804488783045,-1.3174845344108284,-0.4794484846581587,-1.3192057446678926,-1.151661918744159,-1.233947742991491,-1.2985209778713083,-1.2935660269423586,-1.3098851898637738,-1.2266956460935485,-1.2576125626505112,-1.3040955286897777,-1.3114690286826747,-1.329305485705459,-1.3016908873873652,-1.3203467444875674,-1.299043535380464,-1.3278462499817298,-1.2987564213941882,-1.3097813823534181,-1.2275415489984922,-1.3076182934479688,-1.2352281210993648,-1.3186808848641292,-1.3079960762579814,-1.2955468370147365,-1.3628075280219032,-1.2940232411913937,-1.336334931686421,-0.8409230786391617,-1.3291714953375346,-1.343893143200763,-1.2941417743283607,-1.3347696486334926,-1.3256179550655607,-1.3342367058625415,-1.2934598043878711,-1.2640148120210706,-1.3155650460037485,-1.258033461227516,-1.3027656529446214,-0.11066426808372769,-1.3087640482606486,-1.3180336385040776,-1.2985393680847652
175,1519069844,-1.2285681721240265,-1.3069213212730901,-1.3242563337119264,-1.2925696053844102,-1.3324639525869169,-1.2459803209400568,-1.2298622879162706,-1.31379021821598,-1.2585348169310195,-1.3139215289362418,-1.2946391112490117,-1.3485657006457057,-1.314230908779631,-1.229201322781543,-1.324187097483964,-1.2960349147591768,-1.2483170006886464,-1.3362604857846372,-1.2896346083033334,-1.2893168122369514,-1.358004111022196,-1.323457545012875,-0.08572961197044983,-1.3038337008810077,-1.3317970216999662,-1.356505792500066,-1.3326998148015585,-1.2931271960885913,-1.229382348197347,-1.232967722075587,-1.3039402194703753,-1.289009132983682,-1.324176952836845,-0.7094880666494955,-1.3142990425068695,-1.3105120596073128,-1.314719341984889,-1.2319404301894246,-1.3254945866015806,-1.3073063074585092,-0.5567771649665584,-1.349716133307018,-1.2288089705682486,-1.3068942221298103,-0.042223416015498456,-1.3220788325210118,-1.3371964249864279,-1.3375129747210948,-1.294557214407655,-1.397020273489353,-1.3375619763864095,-1.3253342038430658,-1.301162408764338,-1.2308174331470738,-1.2945634339014207,-1.3240958320621914,-1.3157856282465539,-1.334422012371403,-1.2905735728602166,-1.3403414984937483,-1.291894934946353,-1.321668421077065,-1.3046395130839392,0.3346558539566343,-1.2882836590011915,-1.313710531011271,-1.2282524105948949,-1.3043180572497497,-1.2321904476664032,-1.31337873885534,-1.2999566555171416,-1.3176577169449797,-1.3226618958176566,-1.3242526517835174,-1.3145626288216994,-1.3395166225581538,-1.3346784327642993,-1.3143476118688866,-1.2232720228235636,-1.313051831095412,-1.2952796912655746,-1.3254745234097387,-1.3565274750052336,-0.9947904938009929,-1.340682491397863,-1.296137347999558,-1.3140322910475117,-0.47942521038307323,-1.3149587190722778,-1.151661918744159,-1.2294514580208658,-1.2940222805648913,-1.2897619834582408,-1.3054024380118814,-1.2224172309925465,-1.2525324269720353,-1.2989363126972369,-1.3068834726383298,-1.3243565413922553,-1.2979487948419464,-1.3150183281210328,-1.2939859839489554,-1.3238900545115857,-1.2942623950628893,-1.3041418686033577,-1.2232555053212117,-1.3038754113959385,-1.2292266872728252,-1.3140775498277468,-1.3029132235271723,-1.290571240141673,-1.358089194832814,-1.289408350589114,-1.331880102130442,-0.8394912757951687,-1.324758514488384,-1.3397088060282865,-1.2890694875040685,-1.3312285661199537,-1.3209795565940865,-1.3295167847400895,-1.2896500234887978,-1.260315015187417,-1.311496676777417,-1.2547012171848815,-1.2977896397045094,-0.11066426808372769,-1.3050240094635797,-1.3137922662759955,-1.294040004089412
176,1519069850,-1.2285681721240265,-1.3069213212730901,-1.3242563337119264,-1.2925696053844102,-1.3324639525869169,-1.2459803209400568,-1.2298622879162706,-1.31379021821598,-1.2585348169310195,-1.3139215289362418,-1.2946391112490117,-1.3485657006457057,-1.3120506153640037,-1.229201322781543,-1.324187097483964,-1.2960349147591768,-1.2483170006886464,-1.3362604857846372,-1.2896346083033334,-1.2893168122369514,-1.358004111022196,-1.3229634212635344,-0.08572961197044983,-1.302555797242656,-1.3317970216999662,-1.356505792500066,-1.3326998148015585,-1.2931271960885913,-1.229382348197347,-1.232967722075587,-1.3039402194703753,-1.289009132983682,-1.324176952836845,0.6794302515845145,-1.3142990425068695,-1.3105120596073128,-1.314719341984889,-1.2319404301894246,-1.3254945866015806,-1.3073063074585092,-0.5567771649665584,-1.349716133307018,-1.2288089705682486,-1.3068942221298103,-0.042223416015498456,-1.3220788325210118,-1.3371964249864279,-1.3375129747210948,-1.294557214407655,-1.394702453221153,-1.3375619763864095,-1.3253342038430658,-1.301162408764338,-1.2308174331470738,-1.2945634339014207,-1.3240958320621914,-1.3157856282465539,-1.3338699111967354,-1.2905735728602166,-1.3403414984937483,-1.291894934946353,-1.321668421077065,-1.3046395130839392,0.6534045432979575,-1.2882836590011915,-1.313710531011271,-1.2282524105948949,-1.3043180572497497,-1.2321904476664032,-1.3128041058255557,-1.2999566555171416,-1.3176577169449797,-1.3226618958176566,-1.3242526517835174,-1.3139580503160067,-1.3395166225581538,-1.3346784327642993,-1.3143476118688866,-1.2232720228235636,-1.313051831095412,-1.2952796912655746,-1.3254745234097387,-1.3565274750052336,-0.9947904938009929,-1.340682491397863,-1.296137347999558,-1.3140322910475117,-0.47942521038307323,-1.3144278408728258,-1.151661918744159,-1.2294514580208658,-1.2940222805648913,-1.2897619834582408,-1.3054024380118814,-1.2224172309925465,-1.2525324269720353,-1.2989363126972369,-1.3068834726383298,-1.3243565413922553,-1.29670143066014,-1.3150183281210328,-1.2939859839489554,-1.3238900545115857,-1.2942623950628893,-1.3041418686033577,-1.2232555053212117,-1.3038754113959385,-1.2292266872728252,-1.3140775498277468,-1.302348462112638,-1.290571240141673,-1.358089194832814,-1.289408350589114,-1.331880102130442,-0.8394912757951687,-1.324758514488384,-1.3397088060282865,-1.2890694875040685,-1.3312285661199537,-1.3209795565940865,-1.3295167847400895,-1.2896500234887978,-1.2598525405832104,-1.311496676777417,-1.2535904691706699,-1.2977896397045094,-0.11066426808372769,-1.3050240094635797,-1.3137922662759955,-1.294040004089412
177,1519069856,-1.2257785994118946,-1.305179110615235,-1.3222761913766816,-1.2903215501718455,-1.330691595456184,-1.243831905374678,-1.2270708709913645,-1.3120625356287774,-1.2557803602525133,-1.310891112039768,-1.292869746194852,-1.346475831118674,-1.3094767297878356,-1.2264102331180449,-1.3222077008496813,-1.2941262317739135,-1.2456222045337555,-1.3344689117916222,-1.2868624641701998,-1.287411423432851,-1.3559064412823831,-1.3209869262661729,-0.08572961197044983,-1.3006389417851283,-1.3298159414784263,-1.3547029388858756,-1.3307178314307733,-1.290346170292918,-1.2258971410337178,-1.230488251979013,-1.3020700655600959,-1.2872441311770093,-1.3219682959738657,0.6794302515845145,-1.312170300564853,-1.3079688121692108,-1.311683938037674,-1.2279253105591679,-1.3230456556872252,-1.3043186915853464,-0.5567771649665584,-1.3479175745692962,-1.2265551781048594,-1.303903607076847,-0.042223416015498456,-1.3203405049496926,-1.335406194891745,-1.3357242028672134,-1.2914029016416366,-1.3918932146457785,-1.335172343632323,-1.3231348153815146,-1.2983923509769375,-1.2274787473451547,-1.2910781759598702,-1.3218896136126956,-1.3137783482792127,-1.3316615064980646,-1.2885193394424712,-1.3377229775092019,-1.2900304719798485,-1.3187731488663108,-1.3027271296056306,0.6431223275127536,-1.2865226554458489,-1.3111634317843746,-1.2259994722475498,-1.3024453990291176,-1.2288423685204124,-1.311080206736203,-1.296859133217915,-1.3154304033648316,-1.3206597928531527,-1.3220452397493971,-1.312144314798929,-1.3374240007375104,-1.3324751979544383,-1.3116864774527552,-1.2196985812460674,-1.3113133466259124,-1.291798588270451,-1.3237005021059982,-1.3547255781204455,-0.9945963252779861,-1.338069279986277,-1.2925942471208114,-1.3123061693658535,-0.4794077546767591,-1.3123043280750184,-1.151661918744159,-1.2257045538786782,-1.2917729319116829,-1.2865919472214762,-1.3031610620859353,-1.2195649542585454,-1.2503552259669743,-1.2968726263002206,-1.304845447729732,-1.3221570105863871,-1.2948303843874305,-1.3123541199377655,-1.291176233153673,-1.3219119567765134,-1.290891875314415,-1.3018860631033335,-1.2203981428696913,-1.3020039703699233,-1.226976149587873,-1.3123512991891035,-1.3000894164545007,-1.288705391314274,-1.3559921578598855,-1.2873572880992121,-1.329405196821565,-0.8386958297707281,-1.322000401457665,-1.3376166374420482,-1.2865333440919224,-1.3294580248631842,-1.3192401571672836,-1.3277468143191702,-1.2877451330392613,-1.257540167562177,-1.3094624921642513,-1.2513689731422468,-1.2959236347394674,-0.11066426808372769,-1.3019073104660224,-1.3119745353211032,-1.2917903220917353
178,1519069861,-1.221594240343697,-1.3016946892995247,-1.3193059778738145,-1.2869494673529984,-1.3271468811947182,-1.2402512127657133,-1.2228837456040051,-1.3097589588458405,-1.2509600610651272,-1.3084667785225887,-1.289920804437919,-1.3433410268281263,-1.3076615448895523,-1.2215258262069233,-1.3187437567396865,-1.2909450934651414,-1.2415800103014194,-1.3320801464676022,-1.2835358912104395,-1.283600645824651,-1.3527599366726635,-1.31752806002079,-0.08572961197044983,-1.298083134508425,-1.3258537810353466,-1.3516981828622248,-1.3272493605318991,-1.2861746315994078,-1.221017851004637,-1.228504675901754,-1.298329757739537,-1.2843024614992216,-1.318103146463652,0.1794196570202709,-1.3084450021663245,-1.3049169152434887,-1.309255614879902,-1.2239101909289112,-1.3201069385899986,-1.3013310757121839,-0.5567771649665584,-1.3449199766730928,-1.2220475931780812,-1.3001653382606428,-0.042223416015498456,-1.3168638498070544,-1.3312289913374855,-1.3315504018748234,-1.288879451428822,-1.3891294376759138,-1.33039307812415,-1.3192858855737997,-1.2935447498489865,-1.2234723243828516,-1.2861988148416994,-1.3185802859384523,-1.3102656083363653,-1.3283488994500587,-1.2854379893158534,-1.3335333439339279,-1.2863015460468392,-1.3158778766555568,-1.3001772849678859,0.6328401117275496,-1.2835876495202778,-1.3075974928667196,-1.2222445750019744,-1.2987000825878539,-1.224824673545223,-1.3076324085574975,-1.2937616109186882,-1.3117182140645844,-1.317656638406397,-1.3181822686896867,-1.3079122652590809,-1.3342850680065454,-1.3291703457396467,-1.3084931161533975,-1.2161251396685713,-1.3089953673332462,-1.2876212646763023,-1.3207437999330975,-1.3517224166457984,-0.9943050724934761,-1.334410784010057,-1.2902321798683136,-1.309429299896423,-0.4793844804016736,-1.308588180678855,-1.151661918744159,-1.2219576497364906,-1.2872742346052661,-1.2834219109847114,-1.3001725608513404,-1.216712677524544,-1.246000823956852,-1.293777096704696,-1.3012789041396857,-1.3188577143775848,-1.292335656023818,-1.3091570701178448,-1.2878045321993339,-1.3189448101739052,-1.2875213555659406,-1.2985023548532972,-1.217540780418171,-1.2995087156685698,-1.223975432674603,-1.308898797911817,-1.2967008479672946,-1.2862175928777424,-1.3528466024004926,-1.284280694364359,-1.3259403293891368,-0.8377412945413993,-1.318690665820802,-1.3339553424161312,-1.2833631648267398,-1.325326761930722,-1.3151815585047437,-1.3247968636176377,-1.28266542517383,-1.2547653199369366,-1.3059026690912112,-1.2491474771138238,-1.2934356281194113,-0.11066426808372769,-1.2994139512679763,-1.3083390734113185,-1.2878533785958013
179,1519069867,-1.2188046676315651,-1.2999524786416696,-1.3173258355385697,-1.2847014121404337,-1.3253745240639856,-1.2381027972003347,-1.2200923286790988,-1.308031276258638,-1.248205604386621,-1.3066485283847042,-1.2881514393837592,-1.3407286899193365,-1.3049219362984197,-1.2187347365434251,-1.3167643601054038,-1.2890364104798782,-1.2388852141465287,-1.3290941898125772,-1.2813181759039327,-1.281060127419184,-1.3506622669328503,-1.3155515650234282,-0.08572961197044983,-1.2961662790508972,-1.3238727008138067,-1.348693426838574,-1.3247718813184175,-1.2826983493548163,-1.2182296852737335,-1.22602520580518,-1.2970829884660173,-1.282537459692549,-1.3147901611691828,0.4016465879377125,-1.3063162602243081,-1.3028823172930073,-1.30682729172213,-1.22123344450874,-1.317658007675643,-1.2975965558707305,-0.5567771649665584,-1.3425218983561304,-1.219793800714692,-1.2979223769709205,-0.042223416015498456,-1.3145460797119621,-1.329438761242803,-1.3291653727363149,-1.286986863769211,-1.3863014371681068,-1.328600853558585,-1.3165366499968607,-1.2907746920615857,-1.2201336385809325,-1.283410608488459,-1.315270958264209,-1.3082583283690241,-1.3261404947513882,-1.2833837558981083,-1.3314385271462907,-1.283815595424833,-1.3141407133291043,-1.2982649014895773,0.6328401117275496,-1.2818266459649352,-1.3055598134852024,-1.2199916366546293,-1.2949547661465899,-1.220806978570034,-1.3059085094681449,-1.291696596052537,-1.3094909004844362,-1.3156545354418931,-1.3159748566555665,-1.3060985297420031,-1.3316692907307413,-1.3269671109297856,-1.3063642086204925,-1.2139810747220734,-1.3072568828637467,-1.2841401616811787,-1.318969778629357,-1.3499205197610102,-0.9940623618397177,-1.3317975725984712,-1.2884606294289405,-1.3059770565331064,-0.4793728432641308,-1.3059337896815957,-1.151661918744159,-1.219709507251178,-1.2850248859520577,-1.2808858819952995,-1.2964369343080968,-1.2131473316070427,-1.2438236229517912,-1.2911974887084254,-1.299240879231088,-1.3166581835717166,-1.2904646097511085,-1.3064928619345775,-1.285556731563108,-1.315977663571297,-1.2847125891088786,-1.296246549353273,-1.2132547367408906,-1.2957658336165396,-1.2217248949896509,-1.3071725472731734,-1.294441802309157,-1.2843517440503436,-1.350225306184332,-1.282229631874457,-1.323960405142035,-0.8371049377218469,-1.3159325527900827,-1.331863173829893,-1.2814610572676304,-1.3235562206739526,-1.3134421590779408,-1.3230268931967184,-1.2807605347242934,-1.25291542152011,-1.3038684844780455,-1.2474813550925066,-1.2915696231543692,-0.11066426808372769,-1.2969205920699303,-1.3065213424564261,-1.2850412760987056
180,1519069872,-1.2153177017414005,-1.2982102679838143,-1.3148506576195138,-1.2824533569278689,-1.3230113812230084,-1.235238243113163,-1.216603057522966,-1.3051518052799669,-1.2454511477081147,-1.3048302782468197,-1.2863820743295993,-1.3386388203923045,-1.302578509289937,-1.2152458744640526,-1.3142901143125503,-1.287127727494615,-1.2355167189529153,-1.3267054244885572,-1.2785460317707993,-1.2791547386150839,-1.3475157623231309,-1.3135750700260664,-0.08572961197044983,-1.2942494235933697,-1.3218916205922668,-1.3468905732243834,-1.3227898979476322,-1.2792220671102246,-1.2147444781101044,-1.2240416297279209,-1.293966065282218,-1.2807724578858763,-1.3125815043062035,0.2905331224789917,-1.3041875182822917,-1.3008477193425259,-1.305006049353801,-1.2172183248784834,-1.3152090767612876,-1.2953558439658586,-0.5567771649665584,-1.3407233396184084,-1.21678874409684,-1.2934364543914756,-0.042223416015498456,-1.312807752140643,-1.327051787783226,-1.326184086313179,-1.2838325510031927,-1.3835102389123792,-1.32680862899302,-1.3143372615353093,-1.287312119827335,-1.2174626899393972,-1.2792282989585984,-1.3130647398147135,-1.306251048401683,-1.3239320900527176,-1.281329522480363,-1.3293437103586536,-1.2819511324583284,-1.3124035500026519,-1.296352518011269,0.6259853012040802,-1.2794786412244783,-1.303012714258306,-1.216987718858169,-1.293082107925958,-1.2181285152532413,-1.3041846103787922,-1.2896315811863859,-1.3065211490442386,-1.3131519067362634,-1.313215591612916,-1.3030756372135404,-1.329053513454937,-1.3247638761199245,-1.3042353010875873,-1.2104076331445772,-1.304359408747914,-1.2813552792850798,-1.3160130764564562,-1.346316725991434,-0.993868193316711,-1.3291843611868854,-1.286689078989567,-1.303675560957562,-0.4793582968422024,-1.3032793986843363,-1.151661918744159,-1.2159626031089905,-1.2827755372988492,-1.2789838602532408,-1.2934484330735019,-1.2110081240565416,-1.24164642194673,-1.2891338023114092,-1.2966933480953409,-1.3144586527658484,-1.288593563478399,-1.3043614953879636,-1.2827469807678256,-1.3135050414024567,-1.282465575943229,-1.2939907438532487,-1.2111117149022503,-1.2938943925905244,-1.2179739988480636,-1.3042954628754346,-1.2921827566510198,-1.2824858952229448,-1.3481282692114034,-1.2796658037620796,-1.3219804808949334,-0.8363094916974063,-1.3131744397593634,-1.3292479630970953,-1.2789249138554843,-1.32119549899826,-1.3117027596511381,-1.3212569227757989,-1.2788556442747567,-1.2506030484990764,-1.3013257537115885,-1.2452598590640835,-1.289703618189327,-0.11066426808372769,-1.2938038930723728,-1.304703611501534,-1.2827915941010288
181,1519069878,-1.21043594949517,-1.2953065835540558,-1.3113854085328356,-1.2785192603058806,-1.320057452671787,-1.2302252734606125,-1.2117180779043804,-1.3016964401055615,-1.2406308485207287,-1.3017998613503459,-1.2828433442212797,-1.334981548719999,-1.301475415471579,-1.210361467552931,-1.3103313210439849,-1.2833103615240884,-1.2301271266431337,-1.3237194678335324,-1.275219458811039,-1.2747088314055168,-1.3443692577134112,-1.310610327530024,-0.08572961197044983,-1.2910546644974903,-1.318920000259957,-1.3444867684054627,-1.3198169228914542,-1.2743552719677962,-1.2105622295137495,-1.2220580536506616,-1.290849142098419,-1.2778307882080886,-1.3092685190117344,-1.042828463025658,-1.3004622198837632,-1.2972871729291833,-1.3013635646171429,-1.2132032052482267,-1.312270359664061,-1.2908744201561146,-0.5567771649665584,-1.3371262221429647,-1.2122811591700617,-1.288950531812031,-0.042223416015498456,-1.3104899820455507,-1.3234713275938608,-1.3237990571746707,-1.281309100790378,-1.3807926451608097,-1.3244189962389337,-1.3104883317275946,-1.2817720042525338,-1.2127885298167103,-1.2743489378404276,-1.3097554121404702,-1.3027383084588358,-1.320067381830044,-1.2777346139993089,-1.326201485177198,-1.2782222065253188,-1.3100873322340485,-1.2906153675763432,0.5060261170433672,-1.2759566341137931,-1.2999561951860301,-1.2124818421634787,-1.2905852302984486,-1.2127715886196557,-1.301311445229871,-1.2865340588871592,-1.3013240840238927,-1.3101487522895077,-1.3099044735617358,-1.3006573231907699,-1.325914580723972,-1.3198065977977371,-1.3010419397882298,-1.2068341915670813,-1.302041429455248,-1.2764817350919064,-1.3124650338489752,-1.343313564516787,-0.9934798562706976,-1.3260485074929824,-1.2837364949239451,-1.3013740653820176,-0.47934084113588826,-1.3000941294876251,-1.151661918744159,-1.212215698966803,-1.2794015143190365,-1.275813824016476,-1.2889656812216095,-1.2067297089555398,-1.237292019936608,-1.2855223511166305,-1.2926172982781452,-1.3106094738555791,-1.2848514709329801,-1.3006316039313894,-1.2793752798134865,-1.3105378947998485,-1.2790950561947547,-1.2889151814781945,-1.2061113306120899,-1.2907753242138325,-1.213472923478159,-1.300842961598148,-1.2887941881638136,-1.278132247959014,-1.3449827137520105,-1.276076444404751,-1.3190105945242807,-0.8351958672631894,-1.3098647041225004,-1.3250636259246187,-1.2757547345903018,-1.3188347773225673,-1.309383560415401,-1.31771698193396,-1.2763157903420412,-1.2478282008738362,-1.29827447679184,-1.2430383630356605,-1.2841056032942009,-0.11066426808372769,-1.291310533874327,-1.3010681495917493,-1.2782922301056756
182,1519069884,-1.2069489836050051,-1.2935643728962007,-1.3089102306137796,-1.2762712050933158,-1.3176943098308098,-1.2280768578952337,-1.2082288067482476,-1.2993928633226246,-1.2378763918422224,-1.2987694444538718,-1.28107397916712,-1.332891679192967,-1.2988238472321467,-1.2075703778894329,-1.3078570752511314,-1.2814016785388251,-1.2274323304882429,-1.3219278938405175,-1.2730017435045322,-1.2728034426014165,-1.342271587973598,-1.3081397087833218,-0.08572961197044983,-1.2884988572207867,-1.3169389200384174,-1.3414820123818119,-1.3173394436779726,-1.271574246172123,-1.207774063782846,-1.2205703715927172,-1.2889789881881395,-1.276065786401416,-1.307059862148755,-0.32059093754397266,-1.2983334779417468,-1.2952525749787018,-1.298328160669928,-1.2098572722230128,-1.3103112149325766,-1.2886337082512427,-0.5567771649665584,-1.3353276634052427,-1.2100273667066725,-1.2867075705223083,-0.042223416015498456,-1.3081722119504586,-1.3216810974991782,-1.3220102853207893,-1.279416513130767,-1.3779913443260798,-1.3214319552963254,-1.3082889432660434,-1.279001946465133,-1.2094498440147912,-1.2715607314871873,-1.3069976390786007,-1.3007310284914944,-1.3173068759567057,-1.2756803805815635,-1.3235829641926518,-1.2763577435588143,-1.3071920600232945,-1.2887029840980346,0.619130490680611,-1.2741956305584505,-1.2974090959591338,-1.2094779243670184,-1.2887125720778168,-1.2100931253028628,-1.2990129131107342,-1.2839527903044703,-1.2990967704437444,-1.3076461235838779,-1.3076970615276153,-1.2988435876736921,-1.3238219589033287,-1.3176033629878763,-1.2978485784888723,-1.2039754383050842,-1.2991439553394153,-1.2736968526958075,-1.3106910125452347,-1.341511667631999,-0.9932856877476908,-1.3239579383637137,-1.2813744276714474,-1.2996479437003594,-0.47932920399834555,-1.2979706166898175,-1.151661918744159,-1.2099675564814905,-1.277152165665828,-1.2739118022744171,-1.2867243052956634,-1.2038774322215386,-1.2351148189315468,-1.2834586647196142,-1.2905792733695474,-1.308409943049711,-1.2817330604784642,-1.2979673957481221,-1.2771274791772607,-1.3085597970647764,-1.2768480430291052,-1.2866593759781702,-1.2039683087734496,-1.288280069512479,-1.2104722065648892,-1.2985412940799568,-1.2859703810911418,-1.2762663991316152,-1.34236141753585,-1.274025381914849,-1.3165356892154034,-0.8344004212387488,-1.3076582136979251,-1.3229714573383804,-1.2738526270311923,-1.3170642360657978,-1.307644160988598,-1.3159470115130405,-1.2744108998925046,-1.2455158278528027,-1.2962402921786742,-1.2402614930001319,-1.282239598329159,-0.11066426808372769,-1.2894405144757923,-1.299250418636857,-1.276042548107999
183,1519069889,-1.2041594108928735,-1.290660688466442,-1.3064350526947237,-1.274023149880751,-1.3147403812795884,-1.2244961652862691,-1.2054373898233413,-1.2970892865396877,-1.2351219351637162,-1.295739027557398,-1.27930461411296,-1.3308018096659353,-1.2961075434399936,-1.2047792882259347,-1.3058776786168487,-1.2794929955535619,-1.2233901362559068,-1.3201363198475025,-1.2707840281980254,-1.2702629241959498,-1.340173918233785,-1.3061632137859602,-0.08572961197044983,-1.2865820017632592,-1.3144625697614924,-1.3396791587676213,-1.3153574603071874,-1.2687932203764496,-1.203591815186491,-1.2190826895347728,-1.28710883427786,-1.2743007845947432,-1.3048512052857757,-0.15392073935589148,-1.2956725505142264,-1.2927093275406,-1.296506918301599,-1.2071805258028416,-1.3083520702010922,-1.2863929963463705,-0.5567771649665584,-1.3335291046675208,-1.2077735742432834,-1.284464609232586,-0.042223416015498456,-1.3064338843791394,-1.3198908674044953,-1.3202215134669077,-1.2775239254711561,-1.3751510764009132,-1.3196397307307606,-1.3055397076891042,-1.2762318886777324,-1.2067788953732559,-1.2687725251339468,-1.3047914206291051,-1.2982219285323178,-1.3150984712580351,-1.2736261471638184,-1.3214881474050146,-1.2732503052813064,-1.304875842254691,-1.2867906006197263,0.5814290328015297,-1.272434627003108,-1.2948619967322372,-1.2072249860196733,-1.2868399138571849,-1.2074146619860702,-1.2972890140213813,-1.2818877754383193,-1.2968694568635961,-1.305644020619374,-1.305489649493495,-1.2964252736509219,-1.3217293370826853,-1.3154001281780152,-1.295187444072741,-1.2018313733585866,-1.2974054708699159,-1.2709119702997085,-1.3089169912414942,-1.3397097707472108,-0.9930915192246841,-1.3218673692344451,-1.2796028772320742,-1.297921822018701,-0.4793175668608028,-1.295316225692558,-1.151661918744159,-1.2062206523393029,-1.2749028170126195,-1.2720097805323582,-1.2844829293697173,-1.2017382246710377,-1.2329376179264857,-1.2813949783225977,-1.2885412484609498,-1.3056605295423755,-1.2798620142057548,-1.2958360292015085,-1.2748796785410346,-1.3065816993297044,-1.2746010298634556,-1.284403570478146,-1.2018252869348094,-1.2864086284864638,-1.2082216688799368,-1.2968150434413135,-1.2837113354330045,-1.2737786006950835,-1.3402643805629213,-1.271974319424947,-1.3140607839065264,-0.8337640644191964,-1.304900100667206,-1.3208792887521423,-1.2719505194720826,-1.3147035143901051,-1.3047451619439268,-1.3129970608115082,-1.2725060094429679,-1.2432034548317692,-1.293697561412217,-1.237484622964603,-1.280373593364117,-0.11066426808372769,-1.2869471552777465,-1.2962208670453699,-1.2732304456109034
184,1519069895,-1.2013698381807416,-1.288918477808587,-1.3044549103594791,-1.2717750946681863,-1.3129680241488557,-1.2223477497208903,-1.2019481186672085,-1.2953616039524851,-1.2316788643155834,-1.2939207774195134,-1.2775352490588003,-1.3281894727571455,-1.293396418492058,-1.2019881985624368,-1.303898281982566,-1.2775843125682986,-1.2206953401010159,-1.3177475545234825,-1.2685663128915186,-1.2683575353918495,-1.3380762484939719,-1.3041867187885985,-0.08572961197044983,-1.2846651463057315,-1.3124814895399526,-1.3372753539487006,-1.3123844852510096,-1.2653169381318579,-1.2008036494555876,-1.2166032194381988,-1.2846152957308206,-1.2725357827880706,-1.3020903842070517,0.1794196570202709,-1.293011623086706,-1.2906747295901186,-1.294078595143827,-1.2045037793826705,-1.3059031392867368,-1.2841522844414985,-0.5567771649665584,-1.3305315067713177,-1.2055197817798942,-1.2822216479428636,-0.042223416015498456,-1.3029572292365013,-1.3169071505800243,-1.3184327416130264,-1.2756313378115451,-1.3723396729871813,-1.3178475061651955,-1.3033403192275528,-1.2734618308903318,-1.2041079467317204,-1.2659843187807065,-1.3025852021796096,-1.2962146485649766,-1.3128900665593646,-1.271571913746073,-1.3193933306173775,-1.2713858423148017,-1.3031386789282386,-1.2848782171414177,0.6122756801571416,-1.2706736234477654,-1.2928243173507201,-1.204972047672328,-1.2837188168227982,-1.2040665828400792,-1.2955651149320286,-1.2798227605721681,-1.2946421432834478,-1.3036419176548701,-1.3027303844508449,-1.293402381122459,-1.319113559806881,-1.3131968933681542,-1.2930585365398357,-1.199687308412089,-1.2956669864004162,-1.2681270879036095,-1.3059602890685933,-1.3379078738624226,-0.9925575557864156,-1.3197768001051764,-1.2778313267927008,-1.2961957003370428,-0.47930302043887435,-1.2926618346952987,-1.151661918744159,-1.2039725098539902,-1.2715287940328068,-1.2688397442955937,-1.2814944281351224,-1.1995990171205366,-1.230034683253071,-1.2793312919255815,-1.2859937173252025,-1.3034609987365073,-1.2779909679330455,-1.2931718210182412,-1.2720699277457521,-1.304603601594632,-1.2717922634063936,-1.2821477649781219,-1.1989679244832891,-1.2845371874604488,-1.205220951966667,-1.2950887928026702,-1.281452289774867,-1.2719127518676847,-1.3376430843467606,-1.2699232569350452,-1.3120808596594247,-0.8331277075996439,-1.3026936102426308,-1.3182640780193444,-1.2694143760599366,-1.3117526122954895,-1.3030057625171239,-1.3112270903905887,-1.2686962285438945,-1.2385787087897022,-1.2911548306457599,-1.2341523789219686,-1.2785075883990749,-0.11066426808372769,-1.285077135879212,-1.2937972257721801,-1.2709807636132266
185,1519069901,-1.195790692756478,-1.2854340564928766,-1.3004946256889895,-1.2667169704399157,-1.3082417384669014,-1.215186364502961,-1.1956674305861696,-1.2919062387780798,-1.225481336788944,-1.2902842771437446,-1.2728169422477074,-1.3240097337030818,-1.2908613742475223,-1.1957082468195661,-1.2994446395554298,-1.2731307189360177,-1.2132846506750663,-1.3135672152064475,-1.263576453451878,-1.2645467577836493,-1.3333564915793925,-1.3002337287938752,-0.08572961197044983,-1.2808314353906762,-1.308519329096873,-1.3336696467203195,-1.3079250226667427,-1.2597548865405113,-1.195227317993781,-1.21362785532231,-1.2802516032735018,-1.2678291113036102,-1.2971209062653482,-0.7094880666494955,-1.2887541392026733,-1.2866055336891558,-1.289829029617726,-1.1984810999372855,-1.301984849823768,-1.2781770526951732,-0.5567771649665584,-1.3269343892958738,-1.19950966854419,-1.276988071600178,-0.042223416015498456,-1.2989011315700898,-1.313326690390659,-1.3142589406206364,-1.2705844373859159,-1.3695167237688755,-1.313665648845544,-1.2989415423044504,-1.2672292008686803,-1.1987660494486498,-1.2597108544859155,-1.2976212106682448,-1.292200088630294,-1.3084732571620232,-1.2669498885561463,-1.3146799928451942,-1.2676569163817923,-1.298506243391032,-1.2797785278659282,0.3723573118357155,-1.2648036115966232,-1.2877301188969272,-1.2004661709776376,-1.279349280974657,-1.1987096562064936,-1.2921173167533233,-1.2756927308398658,-1.2887026404030524,-1.2986366602436106,-1.2977637073740742,-1.2897749100883036,-1.3144051607104335,-1.3076888063435015,-1.2888007214740256,-1.1946844902035942,-1.2904515329919175,-1.2618611025123867,-1.3012295655919521,-1.333703447797917,-0.9921206766096505,-1.3150730195643219,-1.2742882259139543,-1.2910173352920677,-0.4792797461637888,-1.2884148090996836,-1.151661918744159,-1.1994762248833652,-1.2670300967263899,-1.2650357008114759,-1.27701167628323,-1.1953206020195348,-1.2242288139062414,-1.2746879975322947,-1.2814081612808574,-1.299061937124771,-1.2742488753876264,-1.2883762462883601,-1.2664504261551872,-1.2996583572569518,-1.2672982370750947,-1.2765082512280614,-1.1946818808060087,-1.28017049173308,-1.1999696973684448,-1.2904854577662879,-1.2769341984585922,-1.268181054212887,-1.3334490104009036,-1.2642828350878146,-1.3076260301034457,-0.8316959047556508,-1.2977290067873362,-1.3140797408468678,-1.2643420892356445,-1.3076213493630273,-1.299526963663518,-1.3076871495487499,-1.2648864476448212,-1.2348789119560486,-1.2865779152661372,-1.230820134879334,-1.2735315751589626,-0.11066426808372769,-1.28009041748312,-1.2901617638623954,-1.2664813996178734
186,1519069906,-1.1923037268663135,-1.2831111089490697,-1.2980194477699336,-1.2639069014242097,-1.3064693813361685,-1.2130379489375824,-1.192178159430037,-1.2896026619951428,-1.2220382659408113,-1.28846602700586,-1.2698680004907743,-1.3208749294125341,-1.2881321233448253,-1.1922193847401934,-1.2974652429211468,-1.2699495806272456,-1.2105898545201756,-1.3117756412134325,-1.2613587381453712,-1.262641368979549,-1.3312588218395793,-1.2972689862978326,-0.08572961197044983,-1.2763587726564452,-1.3055477087645633,-1.331866793106129,-1.305447543453261,-1.2562786042959195,-1.1924391522628777,-1.2121401732643657,-1.2783814493632224,-1.2637107737547073,-1.2949122494023688,-0.43170440300269347,-1.286625397260657,-1.284062286251054,-1.288007787249397,-1.1958043535171143,-1.3000257050922837,-1.2759363407903013,-0.5567771649665584,-1.3245363109789112,-1.1965046119263378,-1.2732498027839738,-0.042223416015498456,-1.2965833614749975,-1.3109397169310821,-1.311873911482128,-1.2686918497263049,-1.3666894448738545,-1.3118734242799792,-1.296742153842899,-1.2644591430812797,-1.1954273636467305,-1.256225596544365,-1.2954149922187492,-1.2896909886711174,-1.3051606501140174,-1.2633549800750923,-1.312585176057557,-1.2657924534152878,-1.2967690800645795,-1.2765912220687474,0.39634914866785814,-1.2630426080412807,-1.28569243951541,-1.1967112737320624,-1.277476622754025,-1.196031192889701,-1.288669518574618,-1.2736277159737146,-1.286475326822904,-1.2961340315379808,-1.295556295339954,-1.2879611745712258,-1.31231253888979,-1.3049347628311752,-1.2866718139411204,-1.1925404252570966,-1.2881335536992515,-1.2590762201162877,-1.2994555442882116,-1.331901550913129,-0.9919265080866437,-1.312459808152736,-1.2725166754745811,-1.2892912136104095,-0.4792681090262461,-1.2862912963018762,-1.151661918744159,-1.1972280823980526,-1.2647807480731814,-1.2624996718220642,-1.274023175048635,-1.1924683252855337,-1.2213258792328268,-1.2721083895360243,-1.2793701363722596,-1.2963125236174358,-1.2711304649331108,-1.2862448797417463,-1.2642026255189613,-1.2976802595218795,-1.2644894706180327,-1.2736884943530313,-1.1925388589673684,-1.2782990507070648,-1.196968980455175,-1.2887592071276446,-1.2729808685568518,-1.2650713061672223,-1.331351973427975,-1.2622317725979126,-1.3056461058563438,-0.8310595479360984,-1.2955225163627608,-1.3114645301140702,-1.262439981676535,-1.3052606276873346,-1.2966279646188468,-1.305327188987524,-1.2629815571952845,-1.233029013539222,-1.28403518449968,-1.2291540128580167,-1.2710435685389065,-0.11066426808372769,-1.2782203980845854,-1.288344032907503,-1.264231717620197
187,1519069912,-1.1909089405102475,-1.2819496351771664,-1.2970293766023113,-1.2627828738179274,-1.30528780991568,-1.2123218104157893,-1.1907824509675837,-1.2884508736036744,-1.220661037601558,-1.2878599436265654,-1.2686884237880012,-1.3198299946490182,-1.2860321020145715,-1.1908238399084443,-1.2964755446040055,-1.2693133529654912,-1.2092424564427302,-1.3105812585514225,-1.2596954516654912,-1.2613711097768157,-1.3302099869696729,-1.2962807387991517,-0.08572961197044983,-1.2744419171989176,-1.3045571686537933,-1.3306648906966687,-1.3044565517678683,-1.2548880913980829,-1.191045069397426,-1.211644279245051,-1.2771346800897028,-1.2631224398191498,-1.293807920970879,0.3460898552083521,-1.2850288408041448,-1.2820276883005726,-1.2861865448810679,-1.193796793701986,-1.2990461327265415,-1.2744425328537201,-0.5567771649665584,-1.32333727182043,-1.1957533477718747,-1.272502149020733,-0.042223416015498456,-1.2954244764274516,-1.3097462302012937,-1.3106813969128737,-1.266799262066694,-1.36392205984006,-1.3112760160914576,-1.2950926124967355,-1.2630741141875794,-1.1940918893259629,-1.2548314933677447,-1.2943118829940015,-1.2886873486874468,-1.304056447764682,-1.2623278633662196,-1.3115377676637385,-1.2645494781042845,-1.2961900256224286,-1.275316299749875,0.6534045432979575,-1.2624556068561663,-1.2846735998246515,-1.1959602942829473,-1.2768524033471478,-1.1946919612313045,-1.2880948855448338,-1.2720789548241014,-1.2857328889628548,-1.2951329800557287,-1.2939007363143638,-1.2867520175598406,-1.3112662279794685,-1.3038331454262446,-1.285607360174668,-1.190396360310599,-1.287554058876085,-1.2569875583192134,-1.2988642038536315,-1.33070028632327,-0.9917808816943887,-1.3114145235881018,-1.2701546082220834,-1.2881404658226374,-0.4792622904574747,-1.2846986617035205,-1.151661918744159,-1.1964787015696152,-1.2636560737465772,-1.2612316573273583,-1.2725289244313376,-1.191042186918533,-1.220600145564473,-1.270560624738262,-1.2783511239179608,-1.2952127582145017,-1.2705067828422076,-1.284646354831786,-1.2630787252008484,-1.2966912106543436,-1.2628042107437956,-1.2719966402280132,-1.1911101777416082,-1.277051423356388,-1.1954686219985402,-1.2881837902480968,-1.2712865843132488,-1.2644493565580894,-1.3303034549415107,-1.2612062413529617,-1.304656143732793,-0.8307413695263222,-1.2938676485443292,-1.310418445820951,-1.261171909970462,-1.3040802668494884,-1.2954683650009782,-1.302967228426298,-1.2623465937121057,-1.2316415897266018,-1.2830180921930971,-1.2274878908366995,-1.2697995652288785,-0.11066426808372769,-1.2769737184855625,-1.2871322122709083,-1.2631068766213585
188,1519069918,-1.1881193677981157,-1.2802074245193111,-1.2950492342670665,-1.2605348186053627,-1.303515452784947,-1.2101733948504108,-1.1879910340426776,-1.2867231910164718,-1.2179065809230518,-1.2848295267300913,-1.2669190587338415,-1.3177401251219865,-1.2833675866645948,-1.1880327502449464,-1.294001298811152,-1.267404669980228,-1.2065476602878393,-1.3087896845584075,-1.2574777363589844,-1.2594657209727154,-1.3281123172298597,-1.29430424380179,-0.08572961197044983,-1.27252506174139,-1.3025760884322535,-1.328261085877748,-1.302474568397083,-1.2521070656024096,-1.1875598622337968,-1.209164809148477,-1.275264526179423,-1.2613574380124772,-1.2915992641078997,0.5127600533964333,-1.2829000988621284,-1.2794844408624708,-1.2843653025127388,-1.1911200472818149,-1.2965972018121859,-1.2714549169805573,-0.5567771649665584,-1.321538713082708,-1.1934995553084855,-1.2702591877310108,-0.042223416015498456,-1.2936861488561324,-1.307956000106611,-1.307700110489738,-1.264906674407083,-1.3610976673961825,-1.3082889751488493,-1.2923433769197965,-1.2603040564001788,-1.1907532035240438,-1.2520432870145044,-1.2921056645445057,-1.2866800687201057,-1.3018480430660115,-1.2602736299484742,-1.3089192466791923,-1.2620635274822785,-1.2932947534116745,-1.2727664551121303,0.6499771380362229,-1.2601076021157096,-1.2826359204431341,-1.1937073559356022,-1.2749797451265157,-1.1920134979145116,-1.2863709864554809,-1.2694976862414125,-1.2835055753827065,-1.293130877091225,-1.2916933242802435,-1.2849382820427628,-1.309173606158825,-1.3010791019139183,-1.2829462257585367,-1.188252295364101,-1.2858155744065853,-1.2535064553240898,-1.297090182549891,-1.328898389438482,-0.9915381710406304,-1.308801312176516,-1.2677925409695858,-1.285838970247093,-0.47924774403554626,-1.2825751489057131,-1.151661918744159,-1.1927317974274276,-1.2614067250933687,-1.2593296355852994,-1.2702875485053915,-1.188189910184532,-1.218422944559412,-1.2684969383412457,-1.276313099009363,-1.2930132274086334,-1.2686357365694982,-1.282514988285172,-1.260268974405566,-1.2942185884855033,-1.260557197578146,-1.2691768833529828,-1.188967155902968,-1.2751799823303729,-1.1932180843135878,-1.2853067058503578,-1.2690275386551115,-1.2625835077306906,-1.3276821587253502,-1.258642413240584,-1.3021812384239158,-0.8301050127067696,-1.2911095355136102,-1.3083262772347128,-1.2586357665583159,-1.3017195451737957,-1.2937289655741753,-1.3006072678650722,-1.260441703262569,-1.229791691309775,-1.28047536142664,-1.2258217688153823,-1.2673115586088226,-0.11066426808372769,-1.273857019488005,-1.285314481316016,-1.260857194623682
189,1519069923,-1.184632401907951,-1.2773037400895526,-1.2930690919318217,-1.2582867633927979,-1.3017430956542142,-1.208024979285032,-1.1851996171177712,-1.2849955084292692,-1.214463510074919,-1.2824051932129121,-1.264559905328295,-1.3151277882131966,-1.2806978924704004,-1.1852416605814482,-1.2920219021768693,-1.2654959869949647,-1.2038528641329487,-1.3069981105653927,-1.2552600210524776,-1.2556549433645152,-1.3260146474900467,-1.2913395013057476,-0.08572961197044983,-1.2706082062838624,-1.3000997381553288,-1.3264582322635574,-1.2999970891836015,-1.2493260398067363,-1.1847716965028934,-1.206685339051903,-1.272147602995624,-1.2584157683346895,-1.2882862788134308,0.6238735188551541,-1.280239171434608,-1.2774498429119894,-1.2825440601444098,-1.1884433008616437,-1.2936584847149593,-1.2692142050756854,-0.5567771649665584,-1.318541115186505,-1.1912457628450965,-1.2680162264412882,-0.042223416015498456,-1.290788936237267,-1.3055690266470341,-1.3059113386358567,-1.263014086747472,-1.3582703885011616,-1.305899342394763,-1.2895941413428573,-1.257533998612778,-1.1880822548825085,-1.249255080661264,-1.2893478914826364,-1.284170968760929,-1.2985354360180057,-1.2571922798218564,-1.306300725694646,-1.2595775768602722,-1.291557590085222,-1.270854071633822,0.6362675169892843,-1.2571725961901385,-1.280598241061617,-1.190703438139142,-1.271234428685252,-1.1879958029393225,-1.2829231882767755,-1.2674326713752613,-1.2812782618025582,-1.2911287741267212,-1.2889340592375933,-1.2819153895143,-1.3070809843381817,-1.298325058401592,-1.2802850913424053,-1.1861082304176034,-1.2840770899370857,-1.2507215729279908,-1.2953161612461506,-1.3270964925536939,-0.9912954603868719,-1.3067107430472473,-1.2660209905302124,-1.2841128485654347,-0.47923028832923215,-1.2799207579084537,-1.151661918744159,-1.190483654942115,-1.258032702113556,-1.2561595993485346,-1.2680461725794454,-1.1860507026340308,-1.2155200098859973,-1.2659173303449751,-1.2742750741007651,-1.2908136966027652,-1.2655173261149824,-1.2803836217385582,-1.2580211737693399,-1.2922404907504312,-1.257748431121084,-1.2669210778529587,-1.1846811122256875,-1.2733085413043579,-1.1909675466286356,-1.2835804552117145,-1.266768492996974,-1.2607176589032918,-1.3255851217524215,-1.255565819505731,-1.300201314176814,-0.8294686558872172,-1.2889030450890349,-1.305711066501915,-1.2567336589992064,-1.2999490039170263,-1.2914097663384383,-1.2988372974441527,-1.2566319223634956,-1.2274793182887416,-1.2784411768134742,-1.2236002727869593,-1.2654455536437805,-0.11066426808372769,-1.2719870000894704,-1.282284929724529,-1.257482671627167
190,1519069929,-1.1804480428397535,-1.2749807925457457,-1.2896038428451435,-1.2549146805739508,-1.2981983813927487,-1.2037281481542743,-1.1810124917304121,-1.2815401432548639,-1.2103318250571597,-1.279980859695733,-1.2622007519227485,-1.3114705165408909,-1.2781058809394708,-1.1810550260862012,-1.2885579580668745,-1.2623148486861926,-1.1991369708618898,-1.3034149625793627,-1.250824590439464,-1.2531144249590482,-1.322868142880327,-1.288374758809705,-0.08572961197044983,-1.267413447187983,-1.297128117823019,-1.3222515738304461,-1.2970241141274237,-1.244459244664308,-1.1798924064738125,-1.204205868955329,-1.269030679811825,-1.2560624325924592,-1.2849732935189617,0.6238735188551541,-1.2770460585215835,-1.274397945986267,-1.2801157369866378,-1.184428181231387,-1.2907197676177329,-1.2647327812659415,-0.5567771649665584,-1.3155435172903018,-1.1874894420727813,-1.2642779576250842,-0.042223416015498456,-1.288471166142175,-1.301988566457669,-1.302333794928094,-1.2585980488750463,-1.3554496041212134,-1.302314893263633,-1.2862950586505304,-1.252686397484827,-1.1834080947598216,-1.2450727711314034,-1.2849354545836453,-1.281160048809917,-1.2952228289699996,-1.2541109296952386,-1.302634796316281,-1.2564701385827644,-1.2892413723166187,-1.2683042269960771,0.6328401117275496,-1.2536505890794534,-1.277032302143962,-1.1869485408935667,-1.2681133316508653,-1.1839781079641334,-1.2800500231278544,-1.2643351490760346,-1.2768236346422617,-1.2881256196799653,-1.2856229411864128,-1.2794970754915296,-1.3034188961520559,-1.2950202061868006,-1.2770917300430475,-1.1825347888401072,-1.2811796158212532,-1.2458480287348175,-1.2923594590732497,-1.3246939633739763,-0.9910042076023619,-1.303052247071027,-1.2630684064645903,-1.280085231308232,-0.47921283262291803,-1.2767354887117424,-1.151661918744159,-1.18598736997149,-1.2546586791337433,-1.25298956311177,-1.263563420727553,-1.181772287533029,-1.2118913415442287,-1.2628218007494507,-1.2712180367378685,-1.287514400393963,-1.2623989156604667,-1.2771865719186375,-1.2540875226559445,-1.2882842952802869,-1.2543779113726097,-1.2635373696029224,-1.1818237497741673,-1.2683180319016507,-1.1879668297153658,-1.2801279539344277,-1.2628151630952336,-1.257607910857627,-1.3213910478065645,-1.2519764601484025,-1.2972314278061614,-0.8285141206578884,-1.285041686846028,-1.302049771475998,-1.2529294438809873,-1.2969981018224104,-1.2885107672937668,-1.2964773368829268,-1.2534571049476013,-1.2247044706635013,-1.2753898998937256,-1.2208234027514304,-1.2623355453687104,-0.11066426808372769,-1.2682469612924014,-1.279861288451339,-1.254108148630652
191,1519069934,-1.174171504237457,-1.2714963712300353,-1.285148522590843,-1.24985655634568,-1.294653667131283,-1.197999039979931,-1.17333609518692,-1.2775088838847244,-1.2041342975305205,-1.2757382760406693,-1.2574824451116557,-1.3062458427233115,-1.2743330929269188,-1.174077301927456,-1.284599164798309,-1.2572250273921572,-1.1930736795133856,-1.2992346232623277,-1.2463891598264503,-1.2493036473508479,-1.3176239685307942,-1.2839276450656414,-0.08572961197044983,-1.262940784453752,-1.2931659573799392,-1.318645866602065,-1.2925646515431568,-1.2382019366240429,-1.17361903357928,-1.2012305048394403,-1.264666987354506,-1.2513557611079988,-1.280555979793003,-0.0983640066265311,-1.2722563891520466,-1.269820100597684,-1.2752590906710939,-1.178405501786002,-1.286801478154764,-1.2587575495196162,-0.5567771649665584,-1.3107473606563766,-1.180728064682614,-1.257549073755917,-0.042223416015498456,-1.2844150684757636,-1.2984081062683035,-1.298756251220331,-1.2548128735558244,-1.3512909496362706,-1.2987304441325032,-1.28134643461204,-1.2450687385694752,-1.178066197476751,-1.2381022552483023,-1.2799714630722803,-1.2771454888752345,-1.2902539183979909,-1.249488904505312,-1.298445162741007,-1.251498237338752,-1.285187991221563,-1.2632045377205876,0.4409054170704087,-1.250128581968768,-1.2729569433809276,-1.1816916847497612,-1.2643680152096013,-1.1786211813305478,-1.2760275919193647,-1.2596888656271945,-1.2693992560417675,-1.2836208880098319,-1.2806562641096424,-1.274660447445989,-1.2987104970556083,-1.289512119162148,-1.2723016880940112,-1.1775319706316127,-1.2771231520590876,-1.2395820433435947,-1.2876287355966083,-1.3192882727196118,-0.9905673284255967,-1.2983484665301728,-1.2595253055858437,-1.2766329879449154,-0.4791866490634468,-1.2719575849166755,-1.151661918744159,-1.1807417041724273,-1.2495976446640245,-1.2485515123802993,-1.2575864182583634,-1.1774938724320272,-1.2060854721973993,-1.258178506356164,-1.266122974466374,-1.2820155733792924,-1.2580331410241445,-1.2723909971887564,-1.249029971224436,-1.2843280998101425,-1.2493221317498981,-1.2584618072278682,-1.1775377060968868,-1.263951336174282,-1.1804650374321912,-1.276675452657141,-1.2577323103644245,-1.2526323139845634,-1.3171969738607074,-1.2478743351685986,-1.2927765982501824,-0.8270823178138954,-1.2806287059968773,-1.2978654343035214,-1.2484911929097315,-1.2934570193088715,-1.2850319684401612,-1.291757415760475,-1.2490123605653491,-1.2205421992256411,-1.2713215306673944,-1.217491158708796,-1.2567375304735842,-0.11066426808372769,-1.2645069224953325,-1.2750140059049595,-1.2496087846352988
192,1519069940,-1.173474111059424,-1.2714963712300353,-1.285148522590843,-1.24985655634568,-1.294653667131283,-1.197999039979931,-1.17333609518692,-1.2775088838847244,-1.2041342975305205,-1.2757382760406693,-1.2574824451116557,-1.3062458427233115,-1.2733931327014167,-1.174077301927456,-1.284599164798309,-1.2572250273921572,-1.1930736795133856,-1.2992346232623277,-1.2463891598264503,-1.2493036473508479,-1.3176239685307942,-1.2839276450656414,-0.08572961197044983,-1.2616628808154002,-1.2931659573799392,-1.318645866602065,-1.2925646515431568,-1.2382019366240429,-1.17361903357928,-1.2012305048394403,-1.264666987354506,-1.2513557611079988,-1.280555979793003,0.4016465879377125,-1.2722563891520466,-1.269820100597684,-1.2752590906710939,-1.178405501786002,-1.286801478154764,-1.2587575495196162,-0.5567771649665584,-1.3107473606563766,-1.180728064682614,-1.257549073755917,-0.042223416015498456,-1.2844150684757636,-1.2984081062683035,-1.298756251220331,-1.2548128735558244,-1.3498491672901112,-1.2987304441325032,-1.28134643461204,-1.2450687385694752,-1.178066197476751,-1.2381022552483023,-1.2799714630722803,-1.2771454888752345,-1.2902539183979909,-1.249488904505312,-1.298445162741007,-1.251498237338752,-1.285187991221563,-1.2632045377205876,0.6294127064658149,-1.250128581968768,-1.2729569433809276,-1.180189725851531,-1.2643680152096013,-1.1786211813305478,-1.2760275919193647,-1.2591726119106568,-1.2693992560417675,-1.2836208880098319,-1.2806562641096424,-1.274660447445989,-1.2987104970556083,-1.289512119162148,-1.2723016880940112,-1.1775319706316127,-1.2771231520590876,-1.2395820433435947,-1.2876287355966083,-1.3192882727196118,-0.9905673284255967,-1.2983484665301728,-1.258344271959595,-1.2766329879449154,-0.4791866490634468,-1.2719575849166755,-1.151661918744159,-1.1807417041724273,-1.2495976446640245,-1.2485515123802993,-1.2575864182583634,-1.1774938724320272,-1.2060854721973993,-1.258178506356164,-1.266122974466374,-1.2820155733792924,-1.2580331410241445,-1.2723909971887564,-1.249029971224436,-1.2843280998101425,-1.2493221317498981,-1.2584618072278682,-1.1775377060968868,-1.263951336174282,-1.1804650374321912,-1.276675452657141,-1.2571675489498901,-1.2526323139845634,-1.3171969738607074,-1.2478743351685986,-1.2927765982501824,-0.8270823178138954,-1.2806287059968773,-1.2978654343035214,-1.2484911929097315,-1.2934570193088715,-1.2850319684401612,-1.291757415760475,-1.2490123605653491,-1.2200797246214343,-1.2713215306673944,-1.2163804106945846,-1.2567375304735842,-0.11066426808372769,-1.2645069224953325,-1.2750140059049595,-1.2496087846352988
193,1519069946,-1.1671975724571275,-1.2668504761424217,-1.2811882379203534,-1.2447984321174095,-1.290518167159573,-1.1937022088491736,-1.167055407105881,-1.274053518710319,-1.1979367700038814,-1.2702835256270162,-1.2539437150033361,-1.3020661036692478,-1.2708063000147047,-1.1684951226004596,-1.2806403715297434,-1.2527714337598763,-1.187684087203604,-1.2950542839452928,-1.2419537292134366,-1.2435874809385474,-1.3129042116162148,-1.279974655070918,-0.08572961197044983,-1.257829169900345,-1.2887085268814746,-1.314439208168954,-1.2886006848015863,-1.232639885032696,-1.1666486192520216,-1.1977592467042366,-1.260926679533947,-1.2478257574946536,-1.2761386660670444,-0.9317149975669371,-1.26746671978251,-1.2652422552091007,-1.27040244435555,-1.172382822340617,-1.282393402508924,-1.254276125709872,-0.5567771649665584,-1.3071502431809328,-1.1762204797558355,-1.253063151176472,-0.042223416015498456,-1.2809384133331254,-1.2948276460789383,-1.2951787075125683,-1.2510276982366024,-1.3470146722672316,-1.294548586812852,-1.2763978105735496,-1.239528622994674,-1.1720565630332964,-1.2325258425418215,-1.2750074715609152,-1.2721272889568815,-1.2852850078259819,-1.2453804376698214,-1.2937318249688234,-1.247147823750241,-1.2793974468000546,-1.2593797707639707,0.28667218029234903,-1.2466065748580828,-1.2683721647725141,-1.1749328697077257,-1.2606226987683375,-1.1732642546969623,-1.2725797937406593,-1.2550425821783544,-1.264944628881471,-1.2796166820808241,-1.276241440041402,-1.2698238194004483,-1.2940020979591609,-1.2851056495424258,-1.2669794192617485,-1.1718144641076187,-1.2736461831200883,-1.2340122785513967,-1.2840806929891275,-1.3144832143601768,-0.9901789913795832,-1.2941673282716355,-1.2548011710808484,-1.2731807445815988,-0.4791604655039756,-1.2671796811216085,-1.151661918744159,-1.1747466575449272,-1.2445366101943054,-1.2447474688961817,-1.253103666406471,-1.1717893189640247,-1.2010053365189235,-1.2540511335621312,-1.2620469246491786,-1.2770666290660888,-1.2530436842969193,-1.2675954224588752,-1.2445343699519842,-1.2803719043399981,-1.2448281054185992,-1.2539501962278197,-1.1732516624196063,-1.2595846404469135,-1.1744636036056517,-1.2732229513798543,-1.2526494576336153,-1.2476567171114998,-1.3124786406716182,-1.2437722101887945,-1.2873318065706527,-0.8254914257650142,-1.2762157251477266,-1.293681097131045,-1.2446869777915126,-1.2893257563764093,-1.280973369777621,-1.2876274847783298,-1.2445676161830967,-1.2159174531835741,-1.2667446152877715,-1.2119374186377385,-1.2530055205435,-0.11066426808372769,-1.2607668836982635,-1.2707726336768774,-1.2439845796411073
194,1519069951,-1.1671975724571275,-1.2656890023705183,-1.2801981667527311,-1.2442364183142682,-1.2893365957390845,-1.1937022088491736,-1.167055407105881,-1.2729017303188506,-1.1979367700038814,-1.2690713588684266,-1.2521743499491764,-1.3010211689057318,-1.2681107115994223,-1.1684951226004596,-1.279650673212602,-1.2527714337598763,-1.187684087203604,-1.2938599012832828,-1.24139930038681,-1.2435874809385474,-1.3118553767463084,-1.278986407572237,-0.08572961197044983,-1.257829169900345,-1.2877179867707047,-1.3132373057594935,-1.2876096931161936,-1.2319446285837778,-1.1666486192520216,-1.197263352684922,-1.2603032948971873,-1.2466490896235385,-1.2755865018512997,0.6794302515845145,-1.2658701633259977,-1.2642249562338599,-1.2697953635661068,-1.1717136357355742,-1.2814138301431819,-1.254276125709872,-0.5567771649665584,-1.3059512040224517,-1.1762204797558355,-1.2523154974132313,-0.042223416015498456,-1.2803589708093523,-1.2924406726193614,-1.293986192943314,-1.2510276982366024,-1.3442047120790712,-1.2933537704358085,-1.2758479634581616,-1.2388361085478239,-1.1713888258729126,-1.2318287909535113,-1.2750074715609152,-1.2711236489732107,-1.2847329066513142,-1.2443533209609487,-1.292684416575005,-1.2465263360947394,-1.2788183923579037,-1.2587423096045345,0.6396949222510189,-1.2454325724878543,-1.2673533250817555,-1.1749328697077257,-1.259374259954583,-1.1725946388677642,-1.2714305276810909,-1.2534938210287412,-1.2642021910214216,-1.278615630598572,-1.2756895870328717,-1.2692192408947558,-1.292955787048839,-1.2845548408399605,-1.265914965495296,-1.1710997757921195,-1.2724871934737554,-1.2333160579523719,-1.2828980121199671,-1.3138825820652473,-0.9900819071180799,-1.293122043707001,-1.2530296206414753,-1.2720299967938267,-0.47915464693520426,-1.2661179247227048,-1.151661918744159,-1.1747466575449272,-1.2439742730310033,-1.2447474688961817,-1.253103666406471,-1.1710762497805245,-1.2010053365189235,-1.252503368764369,-1.2610279121948795,-1.2759668636631547,-1.2524200022060161,-1.2665297391855683,-1.2445343699519842,-1.2793828554724622,-1.2448281054185992,-1.2533862448528137,-1.172537321806726,-1.2595846404469135,-1.1744636036056517,-1.2726475345003065,-1.252084696219081,-1.247034767502367,-1.3114301221851539,-1.2427466789438435,-1.2863418444471018,-0.8254914257650142,-1.2762157251477266,-1.2921119706913664,-1.2446869777915126,-1.288145395538563,-1.2798137701597525,-1.2864475044977168,-1.243297689216739,-1.2159174531835741,-1.2657275229811886,-1.2119374186377385,-1.2523835188884862,-0.11066426808372769,-1.2607668836982635,-1.2689549027219853,-1.2439845796411073
195,1519069957,-1.16301321338893,-1.263946791712663,-1.2782180244174863,-1.2414263492985624,-1.2875642386083517,-1.1908376547620019,-1.1628682817185216,-1.271174047731648,-1.193805084986122,-1.2666470253512472,-1.2504049848950165,-1.298408831996942,-1.2654021760735956,-1.1643084881052126,-1.2776712765783194,-1.2502265231128586,-1.183641892971268,-1.2920683272902678,-1.2386271562536764,-1.2410469625330807,-1.3097577070064952,-1.2770099125748755,-0.08572961197044983,-1.2552733626236414,-1.2857369065491648,-1.3102325497358427,-1.285132213902712,-1.227773089890268,-1.1624663706556666,-1.194783882588348,-1.257809756350148,-1.2448840878168659,-1.2722735165568306,0.7905437170432352,-1.2637414213839813,-1.2621903582833784,-1.267974121197778,-1.1683677027103603,-1.2789648992288265,-1.2512885098367095,-0.5567771649665584,-1.3029536061262483,-1.1732154231379834,-1.250072536123509,-0.042223416015498456,-1.277461758190487,-1.2906504425246788,-1.2921974210894327,-1.2485042480237878,-1.3413774331840502,-1.290964137681722,-1.2730987278812225,-1.235373536313573,-1.1680501400709935,-1.228343533011961,-1.2711465892742981,-1.2691163690058695,-1.281972400777976,-1.2422990875432036,-1.2900658955904587,-1.244040385472733,-1.2770812290314513,-1.256829926126226,0.6396949222510189,-1.2436715689325117,-1.2653156457002384,-1.1719289519112654,-1.2568773823270736,-1.168576943892575,-1.2697066285917382,-1.25142880616259,-1.261232439581224,-1.2766135276340684,-1.2723784689816915,-1.267405505377678,-1.2908631652281957,-1.2818007973276342,-1.2632538310791646,-1.1689557108456219,-1.2707487090042557,-1.2298349549572483,-1.2805326503816465,-1.3120806851804592,-0.9895479436798114,-1.2910314745777325,-1.251258070202102,-1.2697285012182822,-0.4791430097976615,-1.2639944119248974,-1.151661918744159,-1.1709997534027397,-1.2406002500511906,-1.240943425412064,-1.2493680398632274,-1.1689370422300234,-1.197376668177155,-1.2504396823673525,-1.2584803810591323,-1.2732174501558196,-1.2505489559333067,-1.2643983726389545,-1.2406007188385886,-1.276910233303622,-1.2408958323787125,-1.2505664879777834,-1.1689656187423259,-1.255841758394883,-1.171462886692382,-1.2703458669821155,-1.2492608891464092,-1.2445469690658353,-1.3088088259689932,-1.2406956164539416,-1.2843619202,-0.8245368905356855,-1.2729059895108636,-1.2900198021051281,-1.2408827626732934,-1.2863748542817937,-1.2780743707329498,-1.2846775340767973,-1.2407578352840236,-1.2103677579330938,-1.263693338368023,-1.2074944265808925,-1.24989551226843,-0.11066426808372769,-1.2582735245002177,-1.267137171767093,-1.2406100566445923
196,1519069962,-1.160223640676798,-1.262204581054808,-1.2762378820822415,-1.2386162802828564,-1.2852010957673745,-1.187256962153037,-1.1600768647936155,-1.2694463651444454,-1.1910506283076157,-1.264222691834068,-1.2486356198408568,-1.2963189624699103,-1.2627402501457279,-1.1608196260258399,-1.2751970307854659,-1.2470453848040866,-1.1802733977776545,-1.288485179304238,-1.235855012120543,-1.2391415737289804,-1.3071356198317288,-1.2750334175775138,-0.08572961197044983,-1.2533565071661137,-1.283755826327625,-1.3084296961216522,-1.2831502305319267,-1.2249920640945946,-1.1596782049247634,-1.1932962005304035,-1.254692833166349,-1.2431190860101933,-1.2700648596938513,0.8461004497725957,-1.261612679441965,-1.260155760332897,-1.266152878829449,-1.1656909562901892,-1.277005754497342,-1.2490477979318375,-0.5567771649665584,-1.3011550473885265,-1.1694591023656682,-1.2478295748337864,-0.042223416015498456,-1.2757234306191678,-1.2888602124299962,-1.289216134666297,-1.2453499352577695,-1.3385530407401727,-1.2885745049276354,-1.2708993394196713,-1.2319109640793222,-1.1653791914294582,-1.2255553266587205,-1.2683888162124286,-1.2671090890385284,-1.2797639960793055,-1.2402448541254583,-1.2874473746059123,-1.2421759225062285,-1.2741859568206972,-1.2549175426479173,0.6362675169892843,-1.2401495618218266,-1.2627685464733418,-1.1696760135639204,-1.2550047241064417,-1.1658984805757822,-1.2679827295023856,-1.2493637912964388,-1.2582626881410262,-1.2736103731873125,-1.269619203939041,-1.2655917698606003,-1.2877242324972307,-1.2795975625177731,-1.2605926966630332,-1.1668116458991242,-1.2672717400652567,-1.2270500725611493,-1.2775759482087456,-1.3090775237058123,-0.9893537751568047,-1.2884182631661465,-1.2494865197627287,-1.2680023795366238,-0.4791313726601188,-1.2618708991270897,-1.151661918744159,-1.1687516109174272,-1.238350901397982,-1.239041403670005,-1.247126663937281,-1.1667978346795225,-1.195199467172094,-1.2483759959703362,-1.255932849923385,-1.2710179193499511,-1.2486779096605973,-1.2622670060923407,-1.2372290178842498,-1.27493213556855,-1.238648819213063,-1.2483106824777592,-1.1668225969036856,-1.2533465036935296,-1.1692123490074295,-1.2680441994639244,-1.247001843488272,-1.2426811202384365,-1.3067117889960647,-1.2376190227190886,-1.2818870148911228,-0.8237414445112449,-1.2701478764801444,-1.2879276335188898,-1.2377125834081109,-1.2834239521871778,-1.276334971306147,-1.2829075636558778,-1.238852944834487,-1.2085178595162671,-1.261150607601566,-1.2058283045595752,-1.248029507303388,-0.11066426808372769,-1.2551568255026602,-1.2653194408122006,-1.2383603746469158
197,1519069968,-1.1546444952525345,-1.2587201597390976,-1.2722775974117522,-1.2346821836608681,-1.282247167216153,-1.1843924080658654,-1.1551918851750296,-1.2654151057743057,-1.1855417149506031,-1.2617983583168888,-1.2445071013811504,-1.2931841581793626,-1.260453790423639,-1.1566329915305928,-1.2722279358340418,-1.24322801883356,-1.1762312035453182,-1.286096413980218,-1.2325284391607827,-1.2359659257221467,-1.3039891152220093,-1.2715745513321308,-0.08572961197044983,-1.2495227962510584,-1.2802889359399303,-1.3060258913027314,-1.2796817596330525,-1.2208205254010844,-1.1554959563284082,-1.1908167304338295,-1.2515759099825496,-1.2384124145257327,-1.2667518743993824,0.1794196570202709,-1.2584195665289406,-1.2565952139195544,-1.2631174748822338,-1.1616758366599325,-1.2735772512172445,-1.2445663741220936,-0.5567771649665584,-1.298756969071564,-1.165702781593353,-1.2425959984911008,-0.042223416015498456,-1.2722467754765296,-1.2864732389704192,-1.2868311055277883,-1.2428264850449549,-1.3357481318415136,-1.286184872173549,-1.2676002567273443,-1.2277558773982213,-1.161372768467155,-1.2206759655405497,-1.2650794885381853,-1.2635963490956812,-1.2753471866819643,-1.2356228289355315,-1.2843051494244568,-1.2396899718842223,-1.2718697390520939,-1.249817853372428,0.5197357380903058,-1.2378015570813696,-1.259712027401066,-1.1644191574201148,-1.251883627072055,-1.161880785600593,-1.26453493132368,-1.2457500152806744,-1.2545504988407792,-1.269606167258305,-1.2663080858878606,-1.2625688773321375,-1.2845852997662657,-1.2757419016005165,-1.2573993353636757,-1.163238204321628,-1.2637947711262574,-1.222176528367976,-1.275210586470425,-1.3066749945260947,-0.9890625223722946,-1.2852824094722437,-1.2465339356971066,-1.2651255100671934,-0.4791139169538046,-1.2586856299303786,-1.151661918744159,-1.1657540876036772,-1.2349768784181694,-1.2365053746805932,-1.2433910373940376,-1.163232488762021,-1.1908450651619717,-1.2442486231763035,-1.2528758125604884,-1.2671687404396819,-1.2443121350242752,-1.25906995627242,-1.2338573169299107,-1.2719649889659415,-1.2352782994645886,-1.243799071477711,-1.1632508938392851,-1.2502274353168377,-1.164711273637525,-1.2657425319457332,-1.2430485135865315,-1.2389494225836388,-1.3035662335366718,-1.2345424289842355,-1.2789171285204701,-0.8227869092819162,-1.2668381408432814,-1.2847893806395325,-1.2345424041429283,-1.281063230511485,-1.2728561724525411,-1.279367622814039,-1.2356781274185924,-1.2057430118910268,-1.2580993306818173,-1.2036068085311522,-1.2442974973733039,-0.11066426808372769,-1.2520401265051027,-1.2628957995390109,-1.2349858516504009
198,1519069974,-1.151854922540403,-1.2575586859671941,-1.2712875262441299,-1.2324341284483034,-1.2816563815059088,-1.1822439925004866,-1.1524004682501234,-1.2642633173828373,-1.1827872582720969,-1.2605861915582992,-1.2427377363269907,-1.2921392234158466,-1.258677446856988,-1.1538419018670947,-1.2712382375169005,-1.2413193358482968,-1.1735364073904275,-1.284304839987203,-1.229756295027649,-1.2340605369180466,-1.3029402803521026,-1.27058630383345,-0.08572961197044983,-1.2456890853360032,-1.2792983958291604,-1.3048239888932711,-1.2786907679476598,-1.2180394996054111,-1.152707790597505,-1.1893290483758852,-1.2497057560722702,-1.2372357466546178,-1.264543217536403,0.1238629242909105,-1.2573551955579323,-1.2555779149443138,-1.2612962325139048,-1.1583299036347185,-1.2721078926686311,-1.2423256622172216,-0.5567771649665584,-1.2975579299130826,-1.1634489891299638,-1.2403530372013785,-0.042223416015498456,-1.2710878904289835,-1.2852797522406307,-1.2856385909585342,-1.2396721722789366,-1.3330175490597984,-1.284392647607984,-1.2648510211504052,-1.2249858196108208,-1.158034082665236,-1.2178877591873094,-1.2628732700886898,-1.2625927091120104,-1.2731387819832936,-1.2345957122266589,-1.282734036833729,-1.237204021262216,-1.2701325757256414,-1.2479054698941194,0.6328401117275496,-1.2366275547111414,-1.2586931877103076,-1.1621662190727697,-1.2500109688514232,-1.1592023222838002,-1.2639602982938958,-1.2436850004145232,-1.252323185260631,-1.268605115776053,-1.2641006738537404,-1.2613597203207523,-1.283015833400783,-1.2735386667906554,-1.256334881597223,-1.1596647627441319,-1.2626357814799245,-1.219391645971877,-1.2740279056012647,-1.305473729936236,-0.9889654381107912,-1.2842371249076092,-1.2435813516314844,-1.2645501361733074,-0.4791051891006476,-1.257092995332023,-1.151661918744159,-1.1635059451183645,-1.2321651926016588,-1.2333353384438286,-1.2411496614680915,-1.1596671428445195,-1.1886678641569106,-1.2427008583785413,-1.2518568001061896,-1.2649692096338137,-1.2424410887515658,-1.2574714313624595,-1.2316095162936846,-1.2709759400984055,-1.2324695330075266,-1.2415432659776868,-1.161107872000645,-1.2483559942908227,-1.1624607359525725,-1.2645916981866376,-1.2396599450993253,-1.2370835737562398,-1.3025177150502076,-1.2335168977392845,-1.2774321853351438,-0.8221505524623637,-1.2640800278125621,-1.2837432963464133,-1.2326402965838188,-1.2798828696736388,-1.272276372643607,-1.278187642533426,-1.233138273485877,-1.2034306388699934,-1.2570822383752345,-1.2008299384956234,-1.2424314924082618,-0.11066426808372769,-1.250170107106568,-1.261683978902416,-1.2327361696527244
199,1519069979,-1.149065349828271,-1.2540742646514837,-1.2683173127412626,-1.2301860732357386,-1.2787024529546873,-1.180095576935108,-1.1496090513252173,-1.2619597405999006,-1.1800328015935906,-1.2569496912825304,-1.2403785829214442,-1.2884819517435409,-1.256028468039664,-1.1510508122035967,-1.2677742934069056,-1.2394106528630335,-1.1708416112355367,-1.281916074663183,-1.2275385797211422,-1.2302497593098463,-1.299793775742383,-1.267127437588067,-0.08572961197044983,-1.2437722298784757,-1.2758315054414657,-1.3024201840743506,-1.2757177928914818,-1.2152584738097378,-1.1492225834338756,-1.1868495782793114,-1.247212217525231,-1.2348824109123875,-1.2623345606734238,0.2905331224789917,-1.2541620826449078,-1.2525260180185915,-1.2588679093561328,-1.1549839706095046,-1.2691691755714045,-1.2400849503123494,-0.5567771649665584,-1.2945603320168795,-1.1611951966665748,-1.2381100759116561,-0.042223416015498456,-1.2687701203338912,-1.2822960354161597,-1.2820610472507714,-1.2377795846193256,-1.3301967646798503,-1.2814056066653758,-1.2621017855734662,-1.22221576182342,-1.154695396863317,-1.215099552834069,-1.2606670516391942,-1.2590799691691632,-1.270930377284623,-1.231514362100041,-1.2795918116522733,-1.2340965829847081,-1.2672373035148872,-1.2459930864158109,0.6294127064658149,-1.2342795499706845,-1.2556366686380318,-1.1599132807254244,-1.248138310630791,-1.1565238589670075,-1.2605125001151904,-1.2405874781152966,-1.2500958716804826,-1.2656019613292973,-1.2613414088110901,-1.258941406297982,-1.279876900669818,-1.2713354319807944,-1.2526092934146391,-1.1575206977976342,-1.2603178021872583,-1.216606763575778,-1.271662543862944,-1.3030712007565184,-0.9886741853262812,-1.280055986649072,-1.2412192843789869,-1.2610978928099907,-0.47908773339433347,-1.2539077261353115,-1.151661918744159,-1.1597590409761769,-1.2293535067851482,-1.2307993094544167,-1.2389082855421454,-1.1568148661105182,-1.1864906631518497,-1.2396053287830167,-1.2487997627432927,-1.2627696788279454,-1.2405700424788562,-1.2542743815425388,-1.2287997654984022,-1.2675142690620291,-1.2296607665504646,-1.2392874604776625,-1.1589648501620047,-1.2464845532648074,-1.1602101982676203,-1.261139196909351,-1.2374008994411878,-1.235217724928841,-1.2993721595908148,-1.2304403040044316,-1.2744622989644914,-0.8215141956428113,-1.261321914781843,-1.2800820013204963,-1.2301041531716728,-1.276931967579023,-1.2687975737900012,-1.2758276819722,-1.2305984195531614,-1.2015807404531667,-1.2535224153021944,-1.1991638164743061,-1.2405654874432197,-0.11066426808372769,-1.2470534081090108,-1.2592603376292262,-1.2293616466562094
200,1519069985,-1.1462757771161394,-1.2523320539936287,-1.266337170406018,-1.227938018023174,-1.2769300958239547,-1.1779471613697292,-1.146817634400311,-1.2602320580126978,-1.1765897307454578,-1.255131441144646,-1.2386092178672845,-1.285869614834751,-1.2532733229158786,-1.1482597225400986,-1.265794896772623,-1.2375019698777703,-1.168146815080646,-1.278930118008158,-1.2253208644146354,-1.2270741113030128,-1.29769610600257,-1.264656818841365,-0.08572961197044983,-1.241855374420948,-1.273355155164541,-1.2994154280506995,-1.2732403136780004,-1.211782191565146,-1.1464344177029724,-1.184866002202052,-1.2453420636149515,-1.2331174091057149,-1.2590215753789546,0.5127600533964333,-1.2515011552173874,-1.25049142006811,-1.2570466669878038,-1.1523072241893337,-1.2667202446570491,-1.2378442384074775,-0.5567771649665584,-1.2915627341206763,-1.1589414042031856,-1.2358671146219335,-0.042223416015498456,-1.2658729077150261,-1.2793123185916886,-1.28027227539689,-1.2358869969597146,-1.3273673209464716,-1.2790159739112894,-1.2599023971119148,-1.2194457040360194,-1.1520244482217814,-1.2123113464808286,-1.2584608331896987,-1.257072689201822,-1.2687219725859524,-1.229460128682296,-1.276973290667727,-1.2322321200182036,-1.2655001401884347,-1.2440807029375025,0.6294127064658149,-1.2325185464153419,-1.2535989892565145,-1.1576603423780794,-1.2443929941895273,-1.1525061639918184,-1.2582139679960536,-1.2385224632491454,-1.2478685581003344,-1.2635998583647934,-1.25913399677697,-1.255918513769519,-1.2772611233940139,-1.2691321971709333,-1.2504803858817342,-1.1553766328511363,-1.2585793177177587,-1.213821881179679,-1.2698885225592036,-1.3012693038717305,-0.9884314746725228,-1.2779654175198034,-1.2394477339396135,-1.2587963972344463,-0.47907318697240503,-1.2512533351380521,-1.151661918744159,-1.1575108984908644,-1.2265418209686376,-1.2282632804650049,-1.2351726589989016,-1.1553887277435175,-1.1828619948100811,-1.2375416423860004,-1.2467617378346951,-1.2605701480220772,-1.2386989962061468,-1.252143014995925,-1.2265519648621763,-1.265041646893189,-1.2268520000934027,-1.2370316549776383,-1.1546788064847242,-1.2446131122387922,-1.1579596605826679,-1.2594129462707075,-1.2351418537830505,-1.2333518761014421,-1.296750863374654,-1.2283892415145294,-1.2724823747173895,-0.8208778388232588,-1.2585638017511238,-1.276943748441139,-1.228202045612563,-1.2751614263222535,-1.26589857474533,-1.2740577115512808,-1.2274236021372669,-1.1997308420363397,-1.2514882306890287,-1.197497694452989,-1.2386994824781776,-0.11066426808372769,-1.2445600489109647,-1.256230786037739,-1.2259871236596944
201,1519069990,-1.1427888112259745,-1.2505898433357736,-1.2628719213193396,-1.225127949007468,-1.2745669529829775,-1.1743664687607647,-1.1440262174754048,-1.2562007986425583,-1.1738352740669515,-1.2533131910067616,-1.2368398528131246,-1.2837797453077193,-1.2507149738723637,-1.1440730880448515,-1.2633206509797694,-1.2349570592307526,-1.1647783198870325,-1.276541352684138,-1.2219942914548751,-1.2251687224989125,-1.2945496013928504,-1.2626803238440032,-0.08572961197044983,-1.2399385189634204,-1.270878804887616,-1.297612574436509,-1.2712583303072151,-1.2090011657694728,-1.1429492105393433,-1.1833783201441077,-1.2422251404311522,-1.2313524072990423,-1.2568129185159753,0.5683167861257937,-1.2493724132753712,-1.2484568221176287,-1.2552254246194747,-1.1489612911641198,-1.2647610999255647,-1.2333628145977336,-0.5567771649665584,-1.2897641753829545,-1.1551850834308703,-1.2328764995689703,-0.042223416015498456,-1.264134580143707,-1.2763286017672175,-1.2772909889737543,-1.2327326841936963,-1.3245465365665234,-1.2772237493457244,-1.2577030086503636,-1.2159831318017686,-1.1486857624198623,-1.208826088539278,-1.2551515055154554,-1.2550654092344806,-1.2665135678872819,-1.2274058952645506,-1.27487847388009,-1.2303676570516988,-1.2637629768619822,-1.242168319459194,0.6259853012040802,-1.2295835404897708,-1.2510518900296181,-1.154656424581619,-1.2425203359688952,-1.1498277006750255,-1.256490068906701,-1.2364574483829942,-1.2448988066601367,-1.2610972296591636,-1.2563747317343195,-1.2541047782524413,-1.2746453461182097,-1.2669289623610722,-1.248351478348829,-1.1518031912736404,-1.2556818436019261,-1.2096445575855306,-1.268114501255463,-1.2976655101021541,-0.988237306149516,-1.2753522061082174,-1.2376761835002403,-1.2559195277650157,-0.47906154983486227,-1.2491298223402447,-1.151661918744159,-1.1537639943486768,-1.2242924723154291,-1.2257272514755932,-1.2329312830729555,-1.1518233818260162,-1.1806847938050202,-1.235477955988984,-1.2447237129260973,-1.2578207345147419,-1.2368279499334374,-1.2500116484493111,-1.2243041642259505,-1.2625690247243488,-1.2240432336363407,-1.2347758494776142,-1.152535784646084,-1.240870230186762,-1.1557091228977157,-1.2565358618729687,-1.232882808124913,-1.2308640776649105,-1.2941295671584934,-1.225825413402152,-1.2705024504702878,-0.8200823927988182,-1.2558056887204048,-1.2743285377083413,-1.2262999380534536,-1.273390885065484,-1.264159175318527,-1.2722877411303612,-1.2255187116877302,-1.197880943619513,-1.249454046075863,-1.1958315724316717,-1.2368334775131358,-0.11066426808372769,-1.2414433499134072,-1.2544130550828467,-1.223737441662018
202,1519069996,-1.136512272623678,-1.2471054220200632,-1.258416601065039,-1.2200698247791972,-1.2710222387215118,-1.168637360586421,-1.1370476751631393,-1.2521695392724188,-1.1676377465403125,-1.2496766907309929,-1.2321215460020318,-1.2790775388718978,-1.2480530479444958,-1.1370953638861063,-1.2593618577112038,-1.2305034655984717,-1.1587150285385284,-1.2729582046981083,-1.2175588608418617,-1.2213579448907121,-1.289829844478271,-1.257739086350599,-0.08572961197044983,-1.2354658562291894,-1.2669166444445363,-1.294006867208128,-1.2672943635656444,-1.2027438577292078,-1.1373728790775364,-1.179907062008904,-1.2384848326105933,-1.226645735814582,-1.2523956047900167,-0.43170440300269347,-1.2445827439058343,-1.2438789767290455,-1.2503687783039308,-1.1436077983237776,-1.2603530242797247,-1.2273875828514083,-0.5567771649665584,-1.2855675383282699,-1.148423706040703,-1.226895269463044,-0.042223416015498456,-1.2606579250010688,-1.2727481415778523,-1.2737134452659915,-1.2289475088744743,-1.3217077118669285,-1.2736393002145945,-1.2527543846118732,-1.2097505017801171,-1.1426761279764077,-1.202552624244487,-1.2507390686164643,-1.2510508492997983,-1.261544657315273,-1.2227838700746239,-1.2706888403048158,-1.226017243463188,-1.2602886502090773,-1.2370686301837044,0.3586476907887769,-1.2260615333790856,-1.2469765312665837,-1.1486485889886986,-1.2387750195276315,-1.14447077404144,-1.2513183716386427,-1.2312949112176164,-1.2389593037797413,-1.2570930237301559,-1.251959907666079,-1.2492681502069007,-1.270460102476923,-1.2614208753364196,-1.2440936632830188,-1.1475150613806449,-1.252204874662927,-1.2033785721943078,-1.2633837777788217,-1.2934610840376484,-0.987800426972751,-1.2711710678496801,-1.2323615321821204,-1.252467284401699,-0.47903827555977674,-1.2443519185451777,-1.151661918744159,-1.1492677093780517,-1.2197937750090122,-1.2219232079914755,-1.2277014059124145,-1.146831897541514,-1.1756046581265442,-1.230834661595697,-1.2401381568817522,-1.2523219075000713,-1.231838493206212,-1.24521607371943,-1.219246612794442,-1.2586128292542045,-1.2195492073050418,-1.2297002871025597,-1.1482497409688035,-1.2371273481347318,-1.1489575098428586,-1.253083360595682,-1.227799955394104,-1.225266531182714,-1.2899354932126363,-1.2217232884223481,-1.2665426019760841,-0.8188096791597133,-1.2513927078712541,-1.2701442005358647,-1.2212276512291615,-1.2698498025519451,-1.2606803764649213,-1.2681578101482158,-1.2217089307886568,-1.193256197577446,-1.2453856768495317,-1.1908332063677198,-1.2312354626180095,-0.11066426808372769,-1.2377033111163382,-1.2501716828547647,-1.2192380776666647
203,1519070002,-1.1344200930895794,-1.2459439482481598,-1.2574265298974165,-1.218945797172915,-1.2698406673010232,-1.1679212220646282,-1.1356519667006861,-1.2510177508809504,-1.1662605182010592,-1.249070607351698,-1.2315317576506453,-1.2780326041083818,-1.2471571078948438,-1.1356998190543572,-1.2583721593940624,-1.2292310102749628,-1.157367630461083,-1.2717638220360983,-1.2158955743619815,-1.2207228152893455,-1.2887810096083643,-1.2567508388519182,-0.08572961197044983,-1.2341879525908377,-1.2659261043337666,-1.2922040135939374,-1.2663033718802519,-1.2013533448313711,-1.1359787962120849,-1.1789152739702746,-1.2378614479738335,-1.2260574018790242,-1.2512912763585269,-0.43170440300269347,-1.2435183729348263,-1.2428616777538048,-1.2485475359356017,-1.1416002385086492,-1.2593734519139825,-1.2266406788831177,-0.5567771649665584,-1.2843684991697888,-1.1476724418862398,-1.226147615699803,-0.042223416015498456,-1.2600784824772957,-1.272151398212958,-1.2725209306967373,-1.2270549212148634,-1.3197355441231582,-1.2724444838375513,-1.2516546903810974,-1.2083654728864168,-1.14134065365564,-1.2011585210678668,-1.2496359593917166,-1.2495453893242923,-1.25988835379127,-1.2217567533657512,-1.2696414319109972,-1.224774268152185,-1.2597095957669264,-1.2364311690242684,0.5128809275668366,-1.2248875310088572,-1.2459576915758253,-1.1463956506413535,-1.2381508001207542,-1.1431315423830437,-1.2507437386088585,-1.2302624037845409,-1.238216865919692,-1.256091972247904,-1.250856201649019,-1.248663571701208,-1.2694137915666013,-1.260319257931489,-1.2430292095165663,-1.1453709964341472,-1.2516253798397605,-1.2019861309962583,-1.2627924373442416,-1.2922598194477897,-0.9877033427112475,-1.2701257832850459,-1.231771015368996,-1.251891910507813,-0.4790324569910054,-1.243290162146274,-1.151661918744159,-1.1485183285496143,-1.218669100682408,-1.2206551934967695,-1.226207155295117,-1.1461188283580137,-1.1741531907898368,-1.229802818397189,-1.2391191444274534,-1.2512221420971372,-1.2299674469335027,-1.2436175488094696,-1.218122712476329,-1.2576237803866683,-1.218425700722217,-1.2285723843525478,-1.1468210597430435,-1.2365035344593933,-1.1474571513862237,-1.2525079437161342,-1.2266704325650353,-1.2246445815735811,-1.28836271548294,-1.220697757177397,-1.2655526398525334,-0.8183324115450489,-1.2502894626589665,-1.2690981162427457,-1.220593615376125,-1.268669441714099,-1.2595207768470529,-1.2669778298676029,-1.221073967305478,-1.1923312483690327,-1.2443685845429489,-1.190277832360614,-1.2306134609629955,-0.11066426808372769,-1.2370799713168268,-1.24895986221817,-1.2181132366678262
204,1519070007,-1.1302357340213816,-1.2424595269324494,-1.2544563163945495,-1.2144496867477854,-1.2662959530395574,-1.1643405294556637,-1.1314648413133268,-1.2487141740980134,-1.1614402190136732,-1.2442219403173396,-1.2285828158937122,-1.2748977998178341,-1.2441378417159585,-1.1308154121432357,-1.2549082152840676,-1.2254136443044363,-1.1533254362287468,-1.2687778653810733,-1.2125690014022212,-1.2162769080797784,-1.2845856701287381,-1.2537860963558756,-0.08572961197044983,-1.2316321453141341,-1.261963943890687,-1.2885983063655564,-1.2633303968240739,-1.195096036791106,-1.1304024647502782,-1.1769316978930153,-1.2347445247900344,-1.2231157322012365,-1.247978291064058,-0.7094880666494955,-1.2392608890507935,-1.2393011313404623,-1.2461192127778298,-1.1375851188783925,-1.2564347348167562,-1.2229061590416643,-0.5567771649665584,-1.2819704208528262,-1.1431648569594617,-1.222409346883599,-0.042223416015498456,-1.2571812698584304,-1.269167681388487,-1.2701359015582288,-1.2245314710020487,-1.3161830443783422,-1.2688600347064214,-1.2478057605733828,-1.204210386205316,-1.1366664935329533,-1.1969762115380063,-1.246326631717473,-1.246032649381445,-1.256575746743264,-1.2186754032391334,-1.2659755025326325,-1.2210453422191756,-1.2562352691140215,-1.2332438632270875,0.437478011808674,-1.2225395262684002,-1.24239175265817,-1.142640753395778,-1.2350297030863675,-1.1384442315786563,-1.2478705734599373,-1.2271648814853142,-1.2345046766194447,-1.2530888178011483,-1.2475450835978386,-1.2450361006670525,-1.2657517033804755,-1.2570144057166974,-1.2387713944507561,-1.141797554856651,-1.2487279057239278,-1.1978088074021098,-1.2598357351713407,-1.2886560256782134,-0.9874120899267375,-1.2669899295911429,-1.2288184313033739,-1.2490150410383827,-0.4790120920003056,-1.2395740147501109,-1.151661918744159,-1.1432726627505516,-1.2147327405392934,-1.218119164507358,-1.220977278134576,-1.1411273440735115,-1.1697987887797148,-1.2267072888016646,-1.2360621070645568,-1.247372963186868,-1.2268490364789868,-1.2404204989895489,-1.21475101152199,-1.2546566337840601,-1.2150551809737427,-1.2251886761025115,-1.143249356678643,-1.2333844660827014,-1.144456434472954,-1.2496308593183953,-1.2232818640778291,-1.2209128839187833,-1.284692900780315,-1.217621163442544,-1.2620877724201054,-0.8172187871108321,-1.2469797270221032,-1.2659598633633882,-1.2174234361109424,-1.2639479983627135,-1.2554621781845128,-1.263437889025764,-1.2172641864064047,-1.1890939261395859,-1.239791669163326,-1.1869455883179796,-1.2275034526879254,-0.11066426808372769,-1.2339632723192693,-1.2447184899900878,-1.2141762931718922
205,1519070013,-1.1288409476653158,-1.2407173162745944,-1.2534662452269272,-1.2133256591415031,-1.265114381619069,-1.1636243909338708,-1.1300691328508738,-1.247562385706545,-1.1600629906744202,-1.24300977355875,-1.2279930275423256,-1.2733303976725603,-1.2423873923703956,-1.1294198673114866,-1.2539185169669262,-1.224777416642682,-1.1519780381513014,-1.2675834827190633,-1.2114601437489678,-1.2156417784784117,-1.2835368352588317,-1.252797848857195,-0.08572961197044983,-1.2303542416757824,-1.260973403779917,-1.2873964039560961,-1.261843909295985,-1.1937055238932694,-1.1290083818848264,-1.1749481218157563,-1.2334977555165147,-1.222527398265679,-1.2463217984168236,-0.32059093754397266,-1.2381965180797854,-1.2382838323652217,-1.244905051198944,-1.136246745668307,-1.2549653762681428,-1.2221592550733735,-0.5567771649665584,-1.2801718621151041,-1.1424135928049985,-1.2216616931203583,-0.042223416015498456,-1.2554429422871112,-1.2673774512938043,-1.2689433869889746,-1.2232697458956414,-1.313454626434985,-1.2682626265178998,-1.246706066342607,-1.2028253573116157,-1.1353310192121857,-1.195582108361386,-1.2452235224927253,-1.244527189405939,-1.2554715443939288,-1.2176482865302607,-1.264928094138814,-1.2204238545636739,-1.25507716022972,-1.2326064020676513,0.6431223275127536,-1.221365523898172,-1.2413729129674116,-1.1418897739466631,-1.2331570448657356,-1.1364353840910617,-1.2472959404301531,-1.2256161203357008,-1.2337622387593954,-1.2520877663188963,-1.2458895245722483,-1.2438269436556675,-1.264705392470154,-1.255912788311767,-1.2377069406843035,-1.1410828665411519,-1.2481484109007615,-1.1964163662040603,-1.2592443947367606,-1.2874547610883547,-0.9869266686192206,-1.2659446450265086,-1.227637397677125,-1.2484396671444964,-0.4790062734315342,-1.2385122583512072,-1.151661918744159,-1.1417739010936767,-1.213045729049387,-1.216217142765299,-1.2202301528259272,-1.1404142748900112,-1.169073055111361,-1.2256754456031562,-1.2350430946102577,-1.2457233150824667,-1.2262253543880837,-1.239354815716242,-1.213627111203877,-1.2536675849165242,-1.2133699210995055,-1.2240607733524993,-1.1411063348400028,-1.232760652407363,-1.142956076016319,-1.2484800255592998,-1.2221523412487605,-1.2190470350913845,-1.2836443822938506,-1.216595632197593,-1.2610978102965544,-0.8167415194961677,-1.2458764818098156,-1.2643907369237095,-1.2167894002579058,-1.2633578179437903,-1.2548823783755785,-1.262257908745151,-1.215359295956868,-1.1853941293059322,-1.238774576856743,-1.1841687182824507,-1.2268814510329114,-0.11066426808372769,-1.2333399325197578,-1.2435066693534929,-1.213051452173054
206,1519070019,-1.1232618022410523,-1.237232894958884,-1.2495059605564378,-1.2077055211100913,-1.260978881647359,-1.1578952827595275,-1.1244862990010613,-1.2441070205321398,-1.1545540773174077,-1.2393732732829812,-1.223274720731233,-1.2691506586184966,-1.2399352096333425,-1.123139915568616,-1.2489700253812195,-1.2190513676868922,-1.145914746802797,-1.2634031434020283,-1.2059158554827007,-1.2118310008702113,-1.2782926609092988,-1.248350735113131,-0.08572961197044983,-1.2265205307607272,-1.2570112433368372,-1.2831897455229848,-1.2573844467117181,-1.1874482158530044,-1.1234320504230197,-1.1719727576998675,-1.228510678422436,-1.2189973946523336,-1.2408001562593751,-1.4872823248605411,-1.2339390341957526,-1.2337059869766382,-1.2400484048833997,-1.130224066222922,-1.251047086805174,-1.2161840233270482,-0.5567771649665584,-1.2765747446396605,-1.1364034795692943,-1.2171757705409134,-0.042223416015498456,-1.2513868446207,-1.2637969911044389,-1.2647695859965846,-1.2182228454700121,-1.310626625927178,-1.2646781773867701,-1.2423072894195044,-1.195900212843114,-1.1293213847687311,-1.1900056956549052,-1.2402595309813604,-1.2405126294712565,-1.25050263382192,-1.2135398196947704,-1.2607384605635397,-1.2166949286306645,-1.2504447246925132,-1.228781635111034,0.30380920660102234,-1.216082513232144,-1.236788134358998,-1.1373838972519728,-1.2287875090175944,-1.130408841628278,-1.2432735092216634,-1.2214860906033984,-1.2270802980189506,-1.2470825089076367,-1.2409228474954779,-1.240199472621512,-1.2599969933737063,-1.251506318692045,-1.2334491256184934,-1.1360800483326572,-1.2423534626690962,-1.1894541602138127,-1.253330990390959,-1.2826497027289194,-0.9865383315732073,-1.261240864485654,-1.2240942967983786,-1.2432613020995216,-0.4789829991564487,-1.234265232755592,-1.151661918744159,-1.1372776161230516,-1.20854703174297,-1.2124130992811812,-1.2142531503567375,-1.135422790605509,-1.164718653101239,-1.2210321512098696,-1.2294385261116139,-1.2413242534707303,-1.2218595797517617,-1.2340263993497074,-1.2085695597723685,-1.2487223405788437,-1.2088758947682063,-1.219549162352451,-1.1361059505498423,-1.227770143004656,-1.1384550006464143,-1.2433012736433697,-1.2176342499324857,-1.2153153374365868,-1.2789260491047614,-1.211467975972838,-1.2566429807405755,-0.8153097166521747,-1.2409118783545212,-1.260206399751233,-1.2117171134336138,-1.2586363745924052,-1.251403579521973,-1.258127977763006,-1.2115495150577946,-1.1816943324722786,-1.2341976614771202,-1.1808364742398163,-1.2231494411028272,-0.11066426808372769,-1.2283532141236657,-1.2398712074437082,-1.2085520881777008
207,1519070024,-1.1183800499948215,-1.233167736757222,-1.2460407114697594,-1.203771424488103,-1.2580249530961376,-1.1550307286723556,-1.1196013193824754,-1.2406516553577345,-1.1497337781300216,-1.236948939765802,-1.2197359906229133,-1.266015854327949,-1.235486582450388,-1.1189532810733687,-1.2460009304297952,-1.2152340017163656,-1.141872552570461,-1.2604171867470033,-1.202034853696314,-1.2086553528633779,-1.2751461562995794,-1.2448918688677482,-0.08572961197044983,-1.22140891620732,-1.2535443529491426,-1.280184989499334,-1.2539159758128438,-1.1832766771594945,-1.1192498018266648,-1.1699891816226082,-1.224770370601877,-1.2142907231678732,-1.2374871709649062,-0.2094774720852519,-1.230213735797224,-1.2301454405632959,-1.2376200817256278,-1.1262089465926652,-1.2481083697079474,-1.212449503485595,-0.5567771649665584,-1.2735771467434573,-1.1333984229514422,-1.2111945404349869,-0.042223416015498456,-1.2479101894780615,-1.2614100176448622,-1.2611920422888219,-1.2144376701507902,-1.3057903770363073,-1.2616911364441619,-1.2384583596117897,-1.1917451261620131,-1.1253149618064282,-1.1837322313601144,-1.2369502033071171,-1.2364980695365742,-1.2466379255992464,-1.20943135285928,-1.2575962353820842,-1.2129660026976552,-1.2481285069239099,-1.2236819458355448,0.5505823854459178,-1.2137345084916873,-1.233222195441343,-1.1328780205572824,-1.2256664119832077,-1.1257215308238906,-1.239825711042958,-1.217872314587634,-1.224110546578753,-1.2435788287197551,-1.2370598764357674,-1.2377811585987417,-1.2568580606427413,-1.2476506577747881,-1.2302557643191359,-1.1332212950706602,-1.2394559885532634,-1.1852768366196642,-1.2503742882180582,-1.280247173549202,-0.9862470787886971,-1.257582368509434,-1.220551195919632,-1.240959806523977,-0.4789655434501346,-1.2310799635588807,-1.151661918744159,-1.1342800928093015,-1.2051730087631574,-1.2092430630444166,-1.210517523813494,-1.1325705138715076,-1.1603642510911167,-1.217420700015091,-1.2263814887487172,-1.237475074560461,-1.2181174872063427,-1.2308293495297866,-1.2051978588180297,-1.2457551939762355,-1.205505375019732,-1.2150375513524028,-1.1318199068725618,-1.2252748883033024,-1.1339539252765096,-1.2409996061251787,-1.213116158616211,-1.2115836397817892,-1.2752562344021365,-1.208391382237985,-1.2536730943699228,-0.8143551814228459,-1.2376021427176582,-1.2570681468718756,-1.2085469341684312,-1.2562756529167125,-1.247924780668367,-1.254588036921167,-1.2090096611250791,-1.1784570102428318,-1.2311463845573718,-1.1775042301971819,-1.2187954295177292,-0.11066426808372769,-1.2258598549256199,-1.236841655852221,-1.2051775651811858
208,1519070030,-1.1183800499948215,-1.233167736757222,-1.2460407114697594,-1.203771424488103,-1.2580249530961376,-1.1550307286723556,-1.1196013193824754,-1.2406516553577345,-1.1497337781300216,-1.236948939765802,-1.2197359906229133,-1.266015854327949,-1.2346553779534566,-1.1189532810733687,-1.2460009304297952,-1.2152340017163656,-1.141872552570461,-1.2604171867470033,-1.202034853696314,-1.2086553528633779,-1.2751461562995794,-1.2448918688677482,-0.08572961197044983,-1.22140891620732,-1.2535443529491426,-1.280184989499334,-1.2539159758128438,-1.1832766771594945,-1.1192498018266648,-1.1699891816226082,-1.224770370601877,-1.2142907231678732,-1.2374871709649062,0.2349763897496313,-1.230213735797224,-1.2301454405632959,-1.2364059201467419,-1.1262089465926652,-1.2481083697079474,-1.212449503485595,-0.5567771649665584,-1.2735771467434573,-1.1333984229514422,-1.2111945404349869,-0.042223416015498456,-1.2479101894780615,-1.2614100176448622,-1.2611920422888219,-1.2144376701507902,-1.3049922732951402,-1.2616911364441619,-1.2384583596117897,-1.1917451261620131,-1.1253149618064282,-1.1837322313601144,-1.2369502033071171,-1.2364980695365742,-1.2466379255992464,-1.20943135285928,-1.2575962353820842,-1.2129660026976552,-1.2481285069239099,-1.2236819458355448,0.6431223275127536,-1.2137345084916873,-1.233222195441343,-1.1328780205572824,-1.2256664119832077,-1.1257215308238906,-1.239825711042958,-1.217872314587634,-1.224110546578753,-1.2435788287197551,-1.2370598764357674,-1.2377811585987417,-1.2568580606427413,-1.2476506577747881,-1.2302557643191359,-1.1332212950706602,-1.2394559885532634,-1.1852768366196642,-1.2503742882180582,-1.280247173549202,-0.9862470787886971,-1.257582368509434,-1.220551195919632,-1.240959806523977,-0.4789655434501346,-1.2310799635588807,-1.151661918744159,-1.1342800928093015,-1.2051730087631574,-1.2092430630444166,-1.210517523813494,-1.1325705138715076,-1.1603642510911167,-1.217420700015091,-1.2263814887487172,-1.237475074560461,-1.2181174872063427,-1.2302965078931332,-1.2051978588180297,-1.2457551939762355,-1.205505375019732,-1.2150375513524028,-1.1318199068725618,-1.2252748883033024,-1.1339539252765096,-1.2409996061251787,-1.213116158616211,-1.2115836397817892,-1.2752562344021365,-1.208391382237985,-1.2536730943699228,-0.8143551814228459,-1.2376021427176582,-1.2570681468718756,-1.2085469341684312,-1.2562756529167125,-1.247924780668367,-1.254588036921167,-1.2090096611250791,-1.1784570102428318,-1.2311463845573718,-1.1775042301971819,-1.2187954295177292,-0.11066426808372769,-1.2258598549256199,-1.236841655852221,-1.2051775651811858
209,1519070035,-1.11559047728269,-1.2314255260993667,-1.2440605691345148,-1.2015233692755383,-1.2556618102551604,-1.152882313106977,-1.1168099024575693,-1.238923972770532,-1.1469793214515154,-1.233918522869328,-1.2179666255687533,-1.263925984800917,-1.2319494318497388,-1.1161621914098707,-1.2440215337955125,-1.2133253187311024,-1.1391777564155703,-1.2586256127539883,-1.1992627095631803,-1.2067499640592776,-1.2730484865597662,-1.2429153738703864,-0.08572961197044983,-1.2194920607497926,-1.2515632727276027,-1.2783821358851435,-1.2519339924420585,-1.1804956513638212,-1.1157645946630355,-1.1675097115260342,-1.2229002166915977,-1.2125257213612006,-1.234726349886182,0.45720332066707287,-1.2280849938552076,-1.2281108426128144,-1.2345846777784129,-1.1228630135674513,-1.245659438793592,-1.2102087915807231,-0.5567771649665584,-1.2717785880057353,-1.131144630488053,-1.2082039253820238,-0.042223416015498456,-1.2461718619067426,-1.2596197875501793,-1.2594032704349403,-1.2112833573847719,-1.3021700456896201,-1.258106687313032,-1.2362589711502383,-1.1889750683746123,-1.1219762760045089,-1.1802469734185639,-1.2347439848576216,-1.2344907895692327,-1.2444295209005758,-1.2073771194415346,-1.2544540102006285,-1.2111015397311506,-1.2452332347131558,-1.2217695623572362,0.6431223275127536,-1.2119735049363447,-1.2306750962144464,-1.1306250822099373,-1.2231695343556985,-1.123043067507098,-1.2381018119536054,-1.215291046004945,-1.2218832329986047,-1.2415767257552512,-1.2348524644016472,-1.2353628445759712,-1.254765438822098,-1.245447422964927,-1.2275946299030045,-1.129647853493164,-1.237717504083764,-1.1824919542235652,-1.2486002669143177,-1.2784452766644139,-0.9860529102656904,-1.2554917993801653,-1.2175986118540099,-1.2392336848423189,-0.4789480877438204,-1.2284255725616213,-1.151661918744159,-1.130533188667114,-1.202923660109949,-1.2060730268076518,-1.2082761478875477,-1.1290051679540063,-1.1581870500860558,-1.2153570136180745,-1.2243434638401194,-1.2352755437545928,-1.2162464409336333,-1.2281651413465193,-1.2023881080227472,-1.2437770962411634,-1.20269660856267,-1.2127817458523784,-1.1296768850339216,-1.222779633601949,-1.1317033875915574,-1.2392733554865352,-1.2108571129580736,-1.2097177909543904,-1.273159197429208,-1.206340319748083,-1.2511981890610457,-0.8137188246032935,-1.234844029686939,-1.2549759782856373,-1.2060107907562851,-1.254505111659943,-1.2461853812415644,-1.2528180665002475,-1.2071047706755424,-1.1761446372217983,-1.229112199944206,-1.1752827341687588,-1.2169294245526872,-0.11066426808372769,-1.2227431559280624,-1.2350239248973287,-1.2029278831835093
210,1519070041,-1.112800904570558,-1.22910257855556,-1.2415853912154589,-1.1992753140629735,-1.2527078817039392,-1.1507338975415982,-1.1140184855326631,-1.237196290183329,-1.1435362506033826,-1.2321002727314436,-1.215607472163207,-1.2613136478921272,-1.2295542163990796,-1.1133711017463725,-1.2410524388440884,-1.2114166357458391,-1.1364829602606794,-1.2568340387609733,-1.1970449942566734,-1.2042094456538108,-1.2704263993849998,-1.2399506313743438,-0.08572961197044983,-1.2175752052922648,-1.249086922450678,-1.2759783310662227,-1.2494565132285769,-1.1777146255681479,-1.1122793874994064,-1.1660220294680899,-1.2204066781445582,-1.2101723856189703,-1.2319655288074578,0.4016465879377125,-1.2254240664276874,-1.2250589456870922,-1.2327634354100838,-1.1195170805422374,-1.2437002940621076,-1.2072211757075604,-0.5567771649665584,-1.2693805096887727,-1.1288908380246638,-1.2052133103290605,-0.042223416015498456,-1.2438540918116503,-1.2566360707257083,-1.2564219840118047,-1.209390769725161,-1.2993644151781751,-1.2557170545589456,-1.2335097355732993,-1.1862050105872117,-1.1186375902025898,-1.1767617154770134,-1.232537766408126,-1.2319816896100562,-1.2422211162019052,-1.204809327669353,-1.2518354892160821,-1.2079941014536428,-1.2434960713867034,-1.2198571788789276,0.6362675169892843,-1.2096255001958878,-1.2276185771421706,-1.128372143862592,-1.2200484373213119,-1.120364604190305,-1.2352286468046842,-1.2127097774222562,-1.2196559194184564,-1.2395746227907474,-1.2320931993589967,-1.2323399520475085,-1.2526728170014545,-1.243244188155066,-1.2254657223700993,-1.1267891002311672,-1.2359790196142644,-1.1790108512284416,-1.245643564741417,-1.2760427474846963,-0.985810199611932,-1.2523559456862623,-1.2158270614146367,-1.2369321892667744,-0.4789306320375063,-1.225771181564362,-1.151661918744159,-1.127535665353364,-1.1995496371301362,-1.204171005065593,-1.2060347719616016,-1.126152891220005,-1.155284115412641,-1.2127774056218041,-1.2212864264772227,-1.2330760129487246,-1.214375394660924,-1.225500933163252,-1.200140307386521,-1.2413044740723231,-1.199887842105608,-1.2105259403523543,-1.1275338631952814,-1.2215320062512722,-1.129452849906605,-1.2363962710887964,-1.2085980672999361,-1.2078519421269915,-1.2705379012130473,-1.2037764916357054,-1.2487232837521685,-0.8130824677837409,-1.2326375392623636,-1.2523607675528396,-1.2041086831971757,-1.2509640291464041,-1.243286382196893,-1.2504581059390216,-1.203294989776469,-1.1742947388049716,-1.2260609230244575,-1.1736166121474416,-1.215063419587645,-0.11066426808372769,-1.2208731365295278,-1.2319943733058416,-1.2001157806864136
211,1519070047,-1.1086165455023604,-1.2261988941258013,-1.239110213296403,-1.1959032312441265,-1.2497539531527178,-1.1471532049326336,-1.1098313601453038,-1.2348927134003922,-1.139404565585623,-1.2296759392142642,-1.2132483187576606,-1.2581788436015795,-1.2270372981093056,-1.108486694835251,-1.238578193051235,-1.2088717250988215,-1.1324407660283433,-1.2532508907749436,-1.1937184212969132,-1.2003986680456105,-1.2678043122102334,-1.2374800126276417,-0.08572961197044983,-1.2150193980155615,-1.245620032062983,-1.2723726238378417,-1.246483538172399,-1.1728478304257195,-1.1080971389030514,-1.1630466653522011,-1.217913139597519,-1.2084073838122977,-1.2275482150814991,0.4016465879377125,-1.2222309535146627,-1.2225156982489904,-1.2297280314628687,-1.1155019609119807,-1.2402717907820098,-1.2027397518978165,-0.5567771649665584,-1.2663829117925696,-1.1251345172523486,-1.2022226952760973,-0.042223416015498456,-1.240956879192785,-1.2536523539012372,-1.253440697588669,-1.2068673195123463,-1.2965522901516573,-1.2527300136163373,-1.2296608057655845,-1.1813574094592607,-1.113963430079903,-1.1725794059471526,-1.2281253295091348,-1.2289707696590444,-1.2389085091538994,-1.2022415358971716,-1.2486932640346267,-1.204886663176135,-1.2406007991759491,-1.217307334241183,0.6259853012040802,-1.207277495455431,-1.2245620580698948,-1.1246172466170168,-1.2156789014731706,-1.1150076775567195,-1.2329301146855471,-1.2101285088395672,-1.2152012922581599,-1.2365714683439917,-1.2287820813078163,-1.2293170595190455,-1.2490107288153287,-1.2399393359402744,-1.2222723610707418,-1.123215658653671,-1.2336610403215982,-1.1741373070352683,-1.2432782030030962,-1.2736402183049789,-0.9855189468274219,-1.2492200919923593,-1.213464994162139,-1.2329045720095717,-0.4789131763311922,-1.2220550341681988,-1.151661918744159,-1.1245381420396139,-1.1961756141503235,-1.2003669615814754,-1.2015520201097092,-1.1218744761190032,-1.1516554470708726,-1.2096818760262795,-1.218229389114326,-1.2297767167399223,-1.211256984206408,-1.2223038833433313,-1.1967686064321823,-1.237842803035947,-1.1959555690657213,-1.207142232102318,-1.1225334789051207,-1.2165414968485653,-1.1264521329933352,-1.2340946035706053,-1.20520949881273,-1.2053641436904599,-1.2673923457536544,-1.201212663523328,-1.2457533973815158,-0.8119688433495241,-1.228224558413213,-1.2492225146734823,-1.2015725397850294,-1.2486033074707115,-1.2403873831522214,-1.2480981453777957,-1.2001201723605748,-1.1715198911797313,-1.2235181922580003,-1.1708397421119128,-1.212575412967589,-0.11066426808372769,-1.2165097579329474,-1.2295707320326519,-1.1961788371904793
212,1519070052,-1.1051295796121958,-1.2244566834679462,-1.236635035377347,-1.1936551760315617,-1.2468000246014963,-1.144288650845462,-1.106342088989171,-1.2320132424217212,-1.1366501089071168,-1.22785768907638,-1.2102993770007275,-1.2560889740745478,-1.2245152009753142,-1.1049978327558783,-1.2361039472583815,-1.2069630421135582,-1.1290722708347298,-1.2508621254509236,-1.1909462771637798,-1.1978581496401435,-1.264657807600514,-1.2355035176302802,-0.08572961197044983,-1.2131025425580337,-1.2436389518414435,-1.2705697702236511,-1.2445015548016138,-1.1693715481811278,-1.104611931739422,-1.161063089274942,-1.2147962164137198,-1.2066423820056251,-1.2253395582185198,0.45720332066707287,-1.2201022115726465,-1.220481100298509,-1.2279067890945397,-1.111486841281724,-1.2378228598676544,-1.2004990399929445,-0.5567771649665584,-1.2645843530548477,-1.1213781964800333,-1.1984844264598933,-0.042223416015498456,-1.239218551621466,-1.2506686370767661,-1.2504594111655334,-1.2043438692995316,-1.293737278673996,-1.2509377890507725,-1.2274614173040332,-1.1778948372250098,-1.1112924814383676,-1.169094148005602,-1.2259191110596392,-1.226963489691703,-1.2367001044552286,-1.2001873024794263,-1.2465984472469895,-1.2030222002096302,-1.2388636358494967,-1.2141200284440021,0.6294127064658149,-1.2049294907149741,-1.2220149588429985,-1.1223643082696715,-1.2138062432525387,-1.1123292142399268,-1.2312062155961945,-1.208063493973416,-1.2122315408179622,-1.234068839638362,-1.226022816265166,-1.2262941669905827,-1.2463949515395245,-1.2377361011304133,-1.2201434535378366,-1.1196422170761748,-1.2307635662057657,-1.1713524246391693,-1.2403215008301955,-1.2700364245354026,-0.9853247783044152,-1.2466068805807735,-1.2116934437227658,-1.2306030764340274,-0.4789015391936494,-1.2194006431709394,-1.151661918744159,-1.1207912378974263,-1.193926265497115,-1.1984649398394165,-1.199310644183763,-1.1197352685685023,-1.1494782460658115,-1.2071022680300092,-1.2156818579785789,-1.227577185934054,-1.2093859379336986,-1.2201725167967175,-1.1939588556368999,-1.2353701808671067,-1.193708555900072,-1.2043224752272879,-1.1203904570664804,-1.21467005582255,-1.122701236851748,-1.2312175191728663,-1.2029504531545927,-1.203498294863061,-1.265295308780726,-1.1986488354109506,-1.243773473134414,-0.8111733973250835,-1.2260180679886377,-1.2460842617941248,-1.198402360519847,-1.246832766213942,-1.2380681839164844,-1.2463281749568762,-1.198215281911038,-1.1696699927629046,-1.2209754614915431,-1.1691736200905956,-1.210709408002547,-0.11066426808372769,-1.214639738534413,-1.2277530010777595,-1.1933667346933836
213,1519070058,-1.100247827365965,-1.2221337359241393,-1.2326747507068574,-1.1897210794095734,-1.2444368817605191,-1.1392756811929114,-1.1014571093705852,-1.2279819830515817,-1.1318298097197308,-1.2248272721799058,-1.207940223595181,-1.252431702402242,-1.222259814318531,-1.1001134258447567,-1.232145153989816,-1.2025094484812773,-1.1236826785249483,-1.2478761687958986,-1.1876197042040195,-1.19468250163331,-1.2615113029907943,-1.2320446513848973,-0.08572961197044983,-1.2092688316429785,-1.2406673315091337,-1.2681659654047306,-1.2415285797454358,-1.1645047530386994,-1.100429683143067,-1.1590795131976828,-1.2116792932299207,-1.20311237839228,-1.222026572924051,-0.2094774720852519,-1.2163769131741178,-1.2169205538851664,-1.2242643043578818,-1.1074717216514673,-1.2348841427704278,-1.1960176161832003,-0.5567771649665584,-1.2609872355794038,-1.1168706115532552,-1.1939985038804484,-0.042223416015498456,-1.2369007815263737,-1.247684920252295,-1.2480743820270248,-1.2011895565335133,-1.2909316481625508,-1.2485481562966858,-1.2236124874963183,-1.1730472360970587,-1.1072860584760646,-1.1642147868874315,-1.222609783385396,-1.2239525697406912,-1.2328353962325551,-1.1965923939983723,-1.2434562220655339,-1.199293274276621,-1.2365474180808933,-1.209657800327949,0.5025987117816325,-1.201994484789403,-1.2189584397707227,-1.1171074521258662,-1.2113093656250296,-1.1069722876063413,-1.2277584174174891,-1.2044497179576517,-1.2077769136576657,-1.231065685191606,-1.2227116982139856,-1.2238758529678122,-1.2432560188085595,-1.2333296315106912,-1.216950092238479,-1.1160687754986787,-1.2284455869130995,-1.166478880445996,-1.2379561390918747,-1.2670332630607555,-0.9849364412584017,-1.2434710268868705,-1.2081503428440192,-1.228301580858483,-0.4788811742029496,-1.216215373974228,-1.151661918744159,-1.1177937145836763,-1.1905522425173023,-1.1952949036026517,-1.194080767023222,-1.1161699226510007,-1.1451238440556895,-1.2040067384344846,-1.2126248206156822,-1.2237280070237846,-1.2056438453882796,-1.2164426253401432,-1.1900252045235042,-1.2324030342644985,-1.1903380361515976,-1.1998108642272396,-1.11539007277632,-1.211550987445858,-1.1182001614818433,-1.2277650178955797,-1.1989971232528522,-1.1997665972082634,-1.262149753321333,-1.1955722416760974,-1.2408035867637615,-0.8102188620957549,-1.2227083323517747,-1.2424229667682078,-1.194598145401628,-1.243881864119326,-1.2357489846807472,-1.2427882341150374,-1.1956754279783226,-1.165970195929251,-1.2179241845717947,-1.1652860020408553,-1.205733394762435,-0.11066426808372769,-1.212146379336367,-1.2241175391679748,-1.1894297911974496
214,1519070063,-1.0967608614758004,-1.2203915252662842,-1.231684679539235,-1.1874730241970086,-1.2432553103400306,-1.1356949885839467,-1.0979678382144524,-1.2274060888558476,-1.1290753530412245,-1.2224029386627266,-1.206760646892408,-1.251386767638726,-1.219530563415834,-1.0973223361812585,-1.230660606514104,-1.200600765496014,-1.1196404842926122,-1.2472789774648936,-1.1854019888975127,-1.1927771128292097,-1.2604624681208876,-1.2310564038862164,-0.08572961197044983,-1.207351976185451,-1.2396767913983637,-1.26636311179054,-1.240042092217347,-1.161723727243026,-1.0976415174121636,-1.1580877251590533,-1.209809139319641,-1.2019357105211648,-1.2198179160610716,0.5127600533964333,-1.2153125422031097,-1.2159032549099258,-1.2224430619895528,-1.105464161836339,-1.2339045704046856,-1.1937769042783284,-0.5567771649665584,-1.2597881964209225,-1.114616819089866,-1.191755542590726,-0.042223416015498456,-1.2351624539550545,-1.2464914335225066,-1.2468818674577706,-1.1992969688739024,-1.2881209663616047,-1.246755931731121,-1.2214130990347671,-1.169584663862808,-1.1039473726741456,-1.161426580534191,-1.2198520103235266,-1.2224471097651852,-1.230074890359217,-1.1955652772894996,-1.2418851094748062,-1.1974288113101164,-1.2342312003122902,-1.2077454168496404,0.6362675169892843,-1.2008204824191746,-1.217939600079964,-1.114103534329406,-1.2094367074043975,-1.1042938242895484,-1.2266091513579207,-1.2034172105245762,-1.204807162217468,-1.2300646337093541,-1.2205042861798654,-1.2226666959564272,-1.2422097078982377,-1.230575587998365,-1.214821184705574,-1.113924710552181,-1.2272865972667666,-1.163693998049897,-1.2361821177881342,-1.2664326307658262,-0.9848393569968984,-1.2424257423222362,-1.2069693092177705,-1.2271508330707108,-0.47887535563417827,-1.2151536175753244,-1.151661918744159,-1.114796191269926,-1.189427568190698,-1.1946608963552987,-1.191839391097276,-1.1133176459169993,-1.1429466430506283,-1.2029748952359764,-1.2110963019342338,-1.2215284762179164,-1.202525434933764,-1.2148441004301829,-1.188339354046335,-1.2314139853969623,-1.1892145295687728,-1.1975550587272152,-1.1132470509376797,-1.2090557327445046,-1.1151994445685736,-1.2260387672569362,-1.1967380775947147,-1.1979007483808646,-1.2605769755916367,-1.194033944808671,-1.2393186435784351,-0.8092643268664261,-1.2205018419271993,-1.2413768824750888,-1.1933300736955548,-1.2432916837004029,-1.2345893850628786,-1.2416082538344244,-1.1944055010119647,-1.1641202975124243,-1.2169070922652119,-1.163619880019538,-1.2032453881423788,-0.11066426808372769,-1.2102763599378323,-1.22290571853138,-1.1877425296991921
215,1519070069,-1.0939712887636688,-1.2169071039505739,-1.2282194304525569,-1.1852249689844438,-1.239710596078565,-1.132830434496775,-1.0951764212895463,-1.2239507236814422,-1.1256322821930917,-1.2187664383869579,-1.2044014934868614,-1.2482519633481783,-1.2175315295478242,-1.0945312465177606,-1.2276915115626799,-1.1986920825107508,-1.1162719890989987,-1.2436958294788636,-1.1831842735910059,-1.1896014648223763,-1.2573159635111681,-1.2280916613901738,-0.08572961197044983,-1.2054351207279232,-1.236209901010669,-1.263358355766889,-1.237069117161169,-1.1589427014473528,-1.0934592688158087,-1.156104149081794,-1.2079389854093616,-1.1984057069078196,-1.2170570949823474,-0.0983640066265311,-1.2115872438045812,-1.2123427084965832,-1.2194076580423376,-1.1014490422060823,-1.230965853307459,-1.1915361923734564,-0.5567771649665584,-1.2573901181039602,-1.112363026626477,-1.1895125813010037,-0.042223416015498456,-1.2328446838599625,-1.2441044600629299,-1.244496838319262,-1.1974043812142914,-1.2853413139104508,-1.2437688907885127,-1.218663863457828,-1.1668146060754072,-1.10127642403261,-1.1586383741809505,-1.217645791874031,-1.218934369822338,-1.2278664856605463,-1.1919703688084453,-1.2387428842933506,-1.1943213730326085,-1.231335928101536,-1.2058330333713319,0.5677194117545911,-1.1978854764936038,-1.214373661162309,-1.1118505959820608,-1.206315610370011,-1.1016153609727557,-1.2243106192387836,-1.2003196882253493,-1.2025798486373198,-1.2270614792625985,-1.2182968741457452,-1.2184346464165792,-1.238547619712112,-1.228372353188504,-1.2110955965229901,-1.111065957290184,-1.2249686179741004,-1.160909115653798,-1.2338167560498137,-1.2634294692911792,-0.9845481042123883,-1.2392898886283332,-1.2046072419652727,-1.2248493374951663,-0.4788549906434784,-1.2109065919797093,-1.151661918744159,-1.1110492871277386,-1.1854912080475832,-1.1914908601185341,-1.1895980151713297,-1.1111784383664984,-1.1400437083772135,-1.1998793656404518,-1.2080392645713371,-1.2187790627105812,-1.2006543886610546,-1.2116470506102621,-1.1855296032510523,-1.2284468387943541,-1.1858440098202985,-1.195299253227191,-1.1111040290990395,-1.2071842917184894,-1.1129489068836211,-1.2237370997387451,-1.1944790319365775,-1.1947910003351998,-1.2574314201322438,-1.190957351073818,-1.235853776146007,-0.8086279700468737,-1.21774372889648,-1.2382386295957315,-1.1907939302834087,-1.239160420767941,-1.2316903860182074,-1.2380683129925856,-1.1912306835960702,-1.1618079244913908,-1.2128387230388804,-1.161398383991115,-1.2013793831773367,-0.11066426808372769,-1.2077830007397865,-1.2192702566215954,-1.1843680067026772
216,1519070075,-1.091181716051537,-1.2151648932927186,-1.226239288117312,-1.182976913771879,-1.2379382389478322,-1.1306820189313964,-1.09238500436464,-1.2222230410942396,-1.1228778255145855,-1.2169481882490734,-1.2026321284327017,-1.2456396264393885,-1.2149369285947857,-1.0917401568542624,-1.2257121149283972,-1.1967833995254875,-1.1135771929441078,-1.2419042554858486,-1.180966558284499,-1.187696076018276,-1.255218293771355,-1.2261151663928123,-0.08572961197044983,-1.2035182652703957,-1.2342288207891292,-1.2609545509479685,-1.2345916379476873,-1.155466419202761,-1.0906711030849054,-1.15362467898522,-1.2060688314990822,-1.1966407051011467,-1.214848438119368,0.3460898552083521,-1.2094585018625648,-1.2103081105461018,-1.2169793348845657,-1.0987722957859112,-1.2285169223931036,-1.1892954804685845,-0.5567771649665584,-1.2543925202077568,-1.1101092341630878,-1.1872696200112811,-0.042223416015498456,-1.2299474712410972,-1.2405239998735644,-1.2427080664653807,-1.1955117935546802,-1.2825364050117918,-1.241976666222948,-1.2164644749962767,-1.1640445482880066,-1.0986054753910748,-1.1558501678277102,-1.2154395734245353,-1.2169270898549969,-1.2256580809618758,-1.1899161353907002,-1.2366480675057134,-1.1924569100661038,-1.2295987647750835,-1.2039206498930233,0.6328401117275496,-1.196124472938261,-1.212335981780792,-1.1095976576347155,-1.204442952149379,-1.0982672818267647,-1.222586720149431,-1.1982546733591983,-1.2003525350571715,-1.2250593762980946,-1.216089462111625,-1.2166209108995014,-1.2364549978914685,-1.226169118378643,-1.208966688990085,-1.1089218923436863,-1.223230133504601,-1.158124233257699,-1.230860053876913,-1.261627572406391,-0.9840141407741199,-1.2371993194990647,-1.2028356915258995,-1.2231232158135081,-0.4788433535059357,-1.2087830791819019,-1.151661918744159,-1.108801144642426,-1.1826795222310729,-1.1883208238817693,-1.1866095139367347,-1.1090392308159975,-1.1378665073721526,-1.1978156792434356,-1.20549173343559,-1.216579531904713,-1.198783342388345,-1.2089828424269948,-1.1832818026148264,-1.226468741059282,-1.1830352433632365,-1.193043447727167,-1.1082466666475193,-1.2053128506924744,-1.110698369198669,-1.2220108491001018,-1.19221998627844,-1.192925151507801,-1.2548101239160832,-1.188906288583916,-1.2338738518989054,-0.8079916132273212,-1.2155372384719048,-1.2351003767163742,-1.1888918227242993,-1.2373898795111713,-1.2299509865914044,-1.2362983425716663,-1.188055866180176,-1.1571831784493238,-1.2108045384257147,-1.1575107659413748,-1.1995133782122946,-0.11066426808372769,-1.205912981341252,-1.217452525666703,-1.1821183247050007
217,1519070080,-1.088392143339405,-1.2134226826348635,-1.2242591457820673,-1.1801668447561733,-1.235575096106855,-1.1263851878006388,-1.0881978789772806,-1.2204953585070368,-1.1194347546664525,-1.215129938111189,-1.2008627633785418,-1.2435497569123568,-1.2122258036468503,-1.08825129477489,-1.2232378691355437,-1.1942384888784698,-1.1095349987117717,-1.2395154901618286,-1.1781944141513656,-1.185790687214176,-1.2525962065965885,-1.2241386713954505,-0.08572961197044983,-1.201601409812868,-1.2322477405675893,-1.259151697333778,-1.2316186628915096,-1.1526853934070878,-1.087882937354002,-1.1521369969272757,-1.202951908315283,-1.1948757032944741,-1.2126397812563887,0.5127600533964333,-1.2067975744350443,-1.207764863108,-1.2151580925162366,-1.0954263627606973,-1.2265577776616192,-1.1870547685637125,-0.5567771649665584,-1.252593961470035,-1.1063529133907726,-1.1850266587215588,-0.042223416015498456,-1.2270502586222318,-1.2387337697788818,-1.240323037326872,-1.1923574807886619,-1.279713455793486,-1.2395870334688615,-1.2142650865347255,-1.160581976053756,-1.0959345267495395,-1.1530619614744697,-1.212681800362666,-1.2149198098876555,-1.223449676263205,-1.187861901972955,-1.2340295465211673,-1.1905924470995992,-1.227861601448631,-1.2013708052552787,0.6294127064658149,-1.1937764681978043,-1.2097888825538954,-1.1073447192873704,-1.202570293928747,-1.095588818509972,-1.2208628210600783,-1.1961896584930471,-1.1966403457569244,-1.2225567475924648,-1.2127783440604445,-1.2148071753824237,-1.2338392206156643,-1.2239658835687819,-1.20683778145718,-1.1060631390816895,-1.2203326593887682,-1.1553393508616001,-1.2290860325731725,-1.2592250432266736,-0.9837714301203614,-1.2345861080874787,-1.2010641410865261,-1.2196709724501915,-0.47883171636839295,-1.2066595663840942,-1.151661918744159,-1.1065530021571135,-1.1804301735778644,-1.1864188021397104,-1.1843681380107887,-1.1069000232654966,-1.134237839030384,-1.1957519928464193,-1.203453708526992,-1.2143800010988448,-1.1969122961156355,-1.206851475880381,-1.180472051819544,-1.2235015944566738,-1.180788230197587,-1.1902236908521366,-1.106103644808879,-1.2028175959911207,-1.1069474730570816,-1.2191337647023628,-1.1899609406203027,-1.1910593026804022,-1.2527130869431546,-1.1863424604715385,-1.2318939276518035,-0.8071961672028806,-1.2127791254411855,-1.233008208130136,-1.1863556793121532,-1.2344389774165556,-1.2282115871646015,-1.2339383820104401,-1.1861509757306392,-1.155333280032497,-1.2082618076592575,-1.1558446439200574,-1.1976473732472526,-0.11066426808372769,-1.2027962823436944,-1.2150288843935133,-1.179868642707324
218,1519070086,-1.0821156047371088,-1.2093575244332015,-1.2198038255277668,-1.1751087205279025,-1.231439596135145,-1.1220883566698814,-1.0819171908962417,-1.2164640991368973,-1.1132372271398134,-1.2114934378354203,-1.194964879864676,-1.2388475504765353,-1.2105167850550285,-1.081971343032019,-1.219279075866978,-1.1891486675844345,-1.1041454064019902,-1.2359323421757988,-1.173758983538352,-1.1819799096059755,-1.2484008671169624,-1.2191974339020464,-0.08572961197044983,-1.1952118916211094,-1.2272950400137397,-1.2549450389006667,-1.2271592003072427,-1.1464280853668227,-1.0823066058921953,-1.149161632811387,-1.199211600494724,-1.1889923639388986,-1.2076703033146852,-1.0983851957550184,-1.2025400905510117,-1.2031870177194166,-1.2103014462006927,-1.090072869920355,-1.2226394881986504,-1.1810795368173872,-0.5567771649665584,-1.248996843994591,-1.1010940643095313,-1.1782977748523915,-0.042223416015498456,-1.2229941609558206,-1.2351533095895164,-1.2361492363344821,-1.18857230546944,-1.2769590597898373,-1.2360025843377316,-1.209866309611623,-1.1543493460321044,-1.089924892306085,-1.1460914455913687,-1.208269363463675,-1.2104034299611377,-1.2179286645165286,-1.1822127600741557,-1.229839912945893,-1.1868635211665899,-1.2232291659114243,-1.1949961936609168,0.3415106644801036,-1.1884934575317763,-1.2052041039454817,-1.10133688369445,-1.1982007580806058,-1.0902318918763865,-1.2156911237920203,-1.191543375044207,-1.1914432807365785,-1.217050964440079,-1.208363519992204,-1.2105751258425754,-1.2296539769743775,-1.2184577965441292,-1.2025799663913699,-1.101775009188694,-1.214537711157103,-1.1490733654703773,-1.2249466495311112,-1.2556212494570973,-0.9833345509435962,-1.2298823275466244,-1.1963400065815308,-1.216218729086875,-0.4788084420933074,-1.2018816625890274,-1.151661918744159,-1.1020567171864883,-1.1759314762714475,-1.1826147586555928,-1.1791382608502476,-1.1019085389809944,-1.129883437020262,-1.1905927768538784,-1.1988681524826472,-1.2094310567856412,-1.1919228393884103,-1.2015230595138464,-1.1754145003880356,-1.2195453989865295,-1.1757324505748754,-1.1840202257270702,-1.1018176011315985,-1.1990747139390905,-1.1016962184588595,-1.2156812634250762,-1.1837485650604247,-1.1860837058073386,-1.2479947537540654,-1.1812148042467834,-1.2274390980958247,-0.8059234535637757,-1.2078145219858911,-1.2288238709576593,-1.1819174283408975,-1.2303077144840935,-1.222993388884193,-1.229808451028295,-1.1823411948315659,-1.1511710085946367,-1.2036848922796348,-1.1519570258703171,-1.1926713600071404,-0.11066426808372769,-1.198432903747114,-1.2113934224837288,-1.1753692787119707
219,1519070092,-1.0807208183810428,-1.208196050661298,-1.2188137543601443,-1.1739846929216202,-1.2302580247146564,-1.1213722181480883,-1.0805214824337885,-1.215312310745429,-1.1118599988005604,-1.2108873544561254,-1.1943750915132894,-1.2372801483312612,-1.2079998667652545,-1.0805757982002702,-1.2182893775498367,-1.18851243992268,-1.1027980083245448,-1.2347379595137888,-1.1720956970584717,-1.1813447800046089,-1.247352032247056,-1.2182091864033655,-0.08572961197044983,-1.1939339879827575,-1.2263044999029697,-1.2537431364912064,-1.22616820862185,-1.145037572468986,-1.0809125230267436,-1.1486657387920722,-1.1985882158579642,-1.1884040300033412,-1.2065659748831956,0.1238629242909105,-1.2014757195800034,-1.202169718744176,-1.2090872846218068,-1.0880653101052267,-1.2216599158329082,-1.1803326328490966,-0.5567771649665584,-1.2471982852568693,-1.1003428001550681,-1.1775501210891506,-0.042223416015498456,-1.2218352759082745,-1.233959822859728,-1.234956721765228,-1.186679717809829,-1.2741642534701803,-1.23540517614921,-1.2087666153808472,-1.152964317138404,-1.0885894179853173,-1.1446973424147486,-1.2071662542389272,-1.209399789977467,-1.2168244621671933,-1.181185643365283,-1.2287925045520744,-1.1862420335110881,-1.2226501114692736,-1.1943587325014806,0.6294127064658149,-1.1879064563466621,-1.2041852642547233,-1.100585904245335,-1.1975765386737285,-1.08889266021799,-1.215116490762236,-1.1905108676111316,-1.190700842876529,-1.2160499129578273,-1.207259813975144,-1.209970547336883,-1.228607666064056,-1.2173561791391987,-1.2015155126249173,-1.0996309442421963,-1.2139582163339364,-1.1476809242723278,-1.223763968661951,-1.2544199848672386,-0.9832374666820929,-1.22883704298199,-1.1951589729552818,-1.2156433551929888,-0.47880262352453606,-1.2008199061901237,-1.151661918744159,-1.1013073363580508,-1.1748068019448432,-1.180712736913534,-1.1776440102329502,-1.100482400613994,-1.1284319696835545,-1.18956093365537,-1.1978491400283482,-1.2083312913827071,-1.1912991572975071,-1.2004573762405395,-1.1742906000699225,-1.2185563501189933,-1.1740471907006382,-1.1828923229770583,-1.1003889199058383,-1.1984509002637522,-1.1001958600022246,-1.2151058465455284,-1.1820542808168217,-1.1854617561982057,-1.246946235267601,-1.1801892730018324,-1.2264491359722738,-0.8056052751539994,-1.2067112767736035,-1.2277777866645403,-1.1806493566348246,-1.2291273536462473,-1.2218337892663245,-1.228628470747682,-1.181706231348387,-1.1502460593862234,-1.202667799973052,-1.1508462778561057,-1.1914273566971125,-0.11066426808372769,-1.1978095639476025,-1.2107875121654312,-1.1742444377131325
220,1519070097,-1.077931245668911,-1.206453840003443,-1.2168336120248997,-1.1717366377090555,-1.2284856675839237,-1.1192238025827095,-1.0777300655088824,-1.2135846281582263,-1.1091055421220541,-1.2078569375596515,-1.1920159381077429,-1.2351902788042295,-1.2055813465156158,-1.077784708536772,-1.2158151317569832,-1.1866037569374168,-1.1001032121696541,-1.2329463855207738,-1.169877981751965,-1.1794393912005086,-1.2452543625072428,-1.2162326914060038,-0.08572961197044983,-1.19201713252523,-1.2243234196814299,-1.2519402828770159,-1.2241862252510647,-1.1422565466733128,-1.0774273158631145,-1.1461862686954982,-1.196094677310925,-1.1866390281966686,-1.204357318020216,0.1238629242909105,-1.1988147921524832,-1.1991178218184537,-1.2072660422534778,-1.0853885636850555,-1.2192109849185528,-1.1765981130076433,-0.5567771649665584,-1.2453997265191474,-1.0980890076916792,-1.1753071597994282,-0.042223416015498456,-1.2200969483369553,-1.2321695927650453,-1.2319754353420922,-1.184787130150218,-1.271359344571521,-1.2324181352066017,-1.2054675326885202,-1.1501942593510035,-1.0852507321833982,-1.1419091360615081,-1.2049600357894317,-1.2073925100101257,-1.2146160574685227,-1.1791314099475376,-1.226173983567528,-1.1831345952335803,-1.2197548392585194,-1.191808887863736,0.6259853012040802,-1.1855584516062054,-1.202147584873206,-1.0983329658979897,-1.1957038804530966,-1.0862141969011971,-1.2133925916728832,-1.1879295990284426,-1.1884735292963808,-1.2140478099933234,-1.2045005489324936,-1.2081568118198052,-1.2265150442434125,-1.214051326924407,-1.198854378208786,-1.0974868792956987,-1.212219731864437,-1.1435036006781794,-1.2219899473582105,-1.2526180879824504,-0.9829947560283345,-1.2262238315704042,-1.1927969057027843,-1.2139172335113304,-0.47878516781822195,-1.198696393392316,-1.151661918744159,-1.0975604322158634,-1.1725574532916347,-1.178810715171475,-1.1761497596156527,-1.0976301238799926,-1.1262547686784934,-1.1869813256590998,-1.1958111151197504,-1.206131760576839,-1.1894281110247977,-1.1983260096939257,-1.17148084927464,-1.2165782523839213,-1.1718001775349887,-1.180072566102028,-1.098245898067198,-1.196579459237737,-1.0979453223172722,-1.2122287621477894,-1.1797952351586845,-1.1835959073708069,-1.2448491982946726,-1.177625444889455,-1.2239742306633965,-0.804968918334447,-1.2039531637428842,-1.225685618078302,-1.1781132132226784,-1.2267666319705546,-1.2200943898395218,-1.2256785200461495,-1.1798013408988504,-1.1479336863651899,-1.2001250692065948,-1.1486247818276827,-1.1883173484220424,-0.11066426808372769,-1.194692864950045,-1.2083638708922415,-1.1719947557154557
221,1519070103,-1.0744442797787463,-1.2035501555736843,-1.214853469689655,-1.1694885824964907,-1.2267133104531909,-1.117075387017331,-1.0749386485839763,-1.2118569455710235,-1.1056624712739211,-1.205432604042472,-1.1896567847021964,-1.2325779418954397,-1.2030566599595156,-1.0749936188732738,-1.2138357351227005,-1.1846950739521536,-1.0974084160147632,-1.2311548115277589,-1.167660266445458,-1.1749934839909415,-1.2431566927674298,-1.2137620726593017,-0.08572961197044983,-1.1901002770677023,-1.2218470694045052,-1.248935526853365,-1.221708746037583,-1.1394755208776395,-1.074639150132211,-1.1437067985989242,-1.1929777541271258,-1.1842856924544383,-1.2010443327257472,0.1794196570202709,-1.1961538647249628,-1.1970832238679723,-1.2054447998851487,-1.0827118172648844,-1.2162722678213262,-1.1743574011027713,-0.5567771649665584,-1.242402128622944,-1.09583521522829,-1.173064198509706,-0.042223416015498456,-1.2171997357180901,-1.2297826193054686,-1.2301866634882108,-1.182894542490607,-1.2685407250299303,-1.2294310942639937,-1.202718297111581,-1.147424201563603,-1.082579783541863,-1.1391209297082678,-1.2022022627275621,-1.2048834100509491,-1.2118555515951843,-1.1765636181753563,-1.2230317583860726,-1.1806486446115743,-1.218017675932067,-1.1898965043854275,0.6259853012040802,-1.1832104468657485,-1.2001099054916888,-1.0953290481015294,-1.1919585640118326,-1.082196501926008,-1.210519426523962,-1.1858645841622915,-1.1862462157162326,-1.2120457070288195,-1.2017412838898434,-1.2051339192913424,-1.2244224224227693,-1.211297283412081,-1.1961932437926546,-1.095342814349201,-1.2104812473949373,-1.1407187182820804,-1.22021592605447,-1.2508161910976623,-0.9827520453745762,-1.2241332624411356,-1.191025355263411,-1.2121911118296722,-0.4787706213962935,-1.1960420023950566,-1.151661918744159,-1.0953122897305507,-1.169183430311822,-1.1756406789347102,-1.173161258381058,-1.0954909163294917,-1.1233518340050788,-1.1844017176628292,-1.1937730902111527,-1.2039322297709707,-1.1869333826611852,-1.1961946431473118,-1.1686710984793576,-1.2146001546488492,-1.168991411077927,-1.1778167606020038,-1.0939598543899176,-1.1940842045363835,-1.09569478463232,-1.2105025115091461,-1.177536189500547,-1.181730058543408,-1.2422279020785119,-1.1750616167770775,-1.2219943064162948,-0.8043325615148945,-1.2017466733183089,-1.223070407345504,-1.1755770698105323,-1.2249960907137851,-1.2177751906037846,-1.2239085496252302,-1.175991559999777,-1.146083787948363,-1.198090884593429,-1.1469586598063655,-1.1864513434570003,-0.11066426808372769,-1.1928228455515106,-1.2053343193007544,-1.168620232718941
222,1519070108,-1.0716547070666145,-1.2018079449158292,-1.212378291770599,-1.167240527283926,-1.2243501676122137,-1.1134946944083661,-1.07214723165907,-1.2095533687880868,-1.1029080145954149,-1.2036143539045878,-1.1878874196480367,-1.230488072368408,-1.200332587901036,-1.0722025292097759,-1.211361489329847,-1.1827863909668903,-1.0940399208211498,-1.2287660462037389,-1.1643336934856978,-1.1730880951868414,-1.2410590230276166,-1.2112914539125996,-0.08572961197044983,-1.1881834216101748,-1.2198659891829653,-1.2471326732391745,-1.2197267626667978,-1.1359992386330477,-1.071153942968582,-1.1422191165409799,-1.1911076002168464,-1.1819323567122082,-1.1988356758627678,0.4016465879377125,-1.1940251227829464,-1.1950486259174908,-1.2036235575168197,-1.0800350708447133,-1.2143131230898419,-1.1713697852296086,-0.5567771649665584,-1.2406035698852222,-1.0935814227649008,-1.1708212372199833,-0.042223416015498456,-1.215461408146771,-1.2267989024809975,-1.2278016343497025,-1.1797402297245887,-1.265714167747695,-1.2276388696984286,-1.2005189086500299,-1.143961629329352,-1.0792410977399436,-1.1363327233550273,-1.1983413804409448,-1.202876130083608,-1.2090950457218461,-1.1739958264031747,-1.2209369415984355,-1.1787841816450695,-1.2162805126056144,-1.187984120907119,0.6225578959423456,-1.1796884397550633,-1.1975628062647925,-1.0930761097541843,-1.1900859057912008,-1.0795180386092154,-1.2082208944048252,-1.1837995692961403,-1.1825340264159854,-1.2095430783231897,-1.1995338718557231,-1.2033201837742646,-1.2218066451469651,-1.20909404860222,-1.1940643362597494,-1.0931987494027033,-1.2075837732791048,-1.1372376152869565,-1.2184419047507296,-1.2490142942128741,-0.9825578768515694,-1.2215200510295496,-1.1892538048240378,-1.2075881206785835,-0.47875898425875074,-1.1939184895972492,-1.151661918744159,-1.0923147664168007,-1.1669340816586136,-1.1737386571926516,-1.170172757146463,-1.0919255704119901,-1.1211746330000176,-1.182338031265813,-1.191735065302555,-1.2017326989651025,-1.1844386542975724,-1.194063276600698,-1.1664232978431317,-1.2111384836124728,-1.1667443979122774,-1.1755609551019797,-1.0918168325512774,-1.1890936951336764,-1.0934442469473675,-1.208200843990955,-1.1752771438424097,-1.1798642097160092,-1.2396066058623512,-1.1719850230422244,-1.2200143821691931,-0.803696204695342,-1.1989885602875896,-1.2204551966127064,-1.1736749622514229,-1.2232255494570157,-1.2160357911769817,-1.2221385792043107,-1.1740866695502403,-1.1442338895315363,-1.1960566999802633,-1.1452925377850482,-1.1845853384919582,-0.11066426808372769,-1.1903294863534646,-1.203516588345862,-1.1663705507212643
223,1519070114,-1.0639833821082523,-1.1971620498282154,-1.206932900348676,-1.1610583754493728,-1.2196238819302594,-1.10704944771223,-1.0630751266531249,-1.204370321026479,-1.0953332587295226,-1.1987656868702294,-1.1819895361341706,-1.2236959964055545,-1.1957674367231848,-1.0638292602192816,-1.2064129977441402,-1.1764241143493461,-1.0866292313952002,-1.2233913242246939,-1.1587894052194307,-1.1686421879772744,-1.234241596373224,-1.205856092669855,-0.08572961197044983,-1.18115495159924,-1.2149132886291159,-1.242325063601333,-1.2142763083971384,-1.128351417694946,-1.0634864872085976,-1.1382519643864615,-1.1854971384860078,-1.1766373512921902,-1.1933140337053194,0.3460898552083521,-1.1881710824424014,-1.189453481553667,-1.1969456688329467,-1.0726740181892427,-1.2094152612611309,-1.1646476495149927,-0.5567771649665584,-1.234608374092816,-1.0853175170658074,-1.1625970458243344,-0.042223416015498456,-1.2108258679565866,-1.222621698926738,-1.2230315760726853,-1.1746933292989594,-1.260134657687383,-1.2228596041902555,-1.1944705903807638,-1.1356514559671502,-1.0725637261361054,-1.127968104295306,-1.1922742797048322,-1.1973561101734196,-1.203021932800502,-1.1683466845043753,-1.2156998996293429,-1.1725693050900539,-1.211069022626257,-1.1822469704721934,0.5505823854459178,-1.1755794314592638,-1.1924686078109994,-1.0863172947121487,-1.1850921505361822,-1.0728218803172334,-1.203049197136767,-1.177604524697687,-1.1751096478154912,-1.2045378209119302,-1.1934634887618925,-1.1978789772230314,-1.2160519351401957,-1.2024843441726367,-1.1882098405442605,-1.0867665545632101,-1.203527309516939,-1.1295791886976843,-1.212528500404928,-1.2418067066737215,-0.9820239134133009,-1.2157709859240609,-1.1833486366927934,-1.2035605034213808,-0.4787269821305082,-1.1880788294032785,-1.151661918744159,-1.085570338960863,-1.1607483728622903,-1.168032591966475,-1.1634486293686246,-1.086934086127488,-1.1139172963164807,-1.176146972074764,-1.1856209905767614,-1.1951341065474979,-1.178825515479444,-1.1876691769608565,-1.1602418460935102,-1.2061932392747925,-1.160565111706741,-1.169357489976913,-1.086816448261117,-1.1841031857309694,-1.0851922754358756,-1.2035975089545727,-1.167935245453463,-1.1736447136246797,-1.2343640134300298,-1.1668573668174695,-1.2140746094278878,-0.8017871342366846,-1.1934723342261513,-1.2152247751471108,-1.1679686395740942,-1.2185041061056303,-1.2119771925144418,-1.2168286679415523,-1.1683719982016303,-1.138684194281056,-1.1909712384473492,-1.1397387977139906,-1.177743320286804,-0.11066426808372769,-1.1853427679573727,-1.1980633954811852,-1.1607463457270728
224,1519070120,-1.0632859889302193,-1.1971620498282154,-1.206932900348676,-1.1610583754493728,-1.2196238819302594,-1.10704944771223,-1.0630751266531249,-1.204370321026479,-1.0953332587295226,-1.1987656868702294,-1.1819895361341706,-1.2236959964055545,-1.1957415425020965,-1.0638292602192816,-1.2064129977441402,-1.1764241143493461,-1.0866292313952002,-1.2233913242246939,-1.1587894052194307,-1.1686421879772744,-1.234241596373224,-1.205856092669855,-0.08572961197044983,-1.18115495159924,-1.2149132886291159,-1.242325063601333,-1.2142763083971384,-1.128351417694946,-1.0634864872085976,-1.1382519643864615,-1.1854971384860078,-1.1766373512921902,-1.1933140337053194,0.1238629242909105,-1.1881710824424014,-1.189453481553667,-1.1969456688329467,-1.0726740181892427,-1.2094152612611309,-1.1646476495149927,-0.5567771649665584,-1.234608374092816,-1.0853175170658074,-1.1625970458243344,-0.042223416015498456,-1.2108258679565866,-1.222621698926738,-1.2230315760726853,-1.1746933292989594,-1.2601122876910213,-1.2228596041902555,-1.1944705903807638,-1.1356514559671502,-1.0725637261361054,-1.127968104295306,-1.1922742797048322,-1.1973561101734196,-1.203021932800502,-1.1683466845043753,-1.2156998996293429,-1.1725693050900539,-1.211069022626257,-1.1822469704721934,0.6259853012040802,-1.1755794314592638,-1.1924686078109994,-1.0848153358139185,-1.1850921505361822,-1.0728218803172334,-1.203049197136767,-1.177604524697687,-1.1751096478154912,-1.2045378209119302,-1.1934634887618925,-1.1978789772230314,-1.2160519351401957,-1.2024843441726367,-1.1882098405442605,-1.0867665545632101,-1.203527309516939,-1.1295791886976843,-1.212528500404928,-1.2418067066737215,-0.9820239134133009,-1.2157709859240609,-1.1833486366927934,-1.2035605034213808,-0.4787269821305082,-1.1880788294032785,-1.151661918744159,-1.085570338960863,-1.1607483728622903,-1.168032591966475,-1.1634486293686246,-1.086934086127488,-1.1139172963164807,-1.176146972074764,-1.1856209905767614,-1.1951341065474979,-1.178825515479444,-1.1876691769608565,-1.1602418460935102,-1.2061932392747925,-1.160565111706741,-1.169357489976913,-1.086816448261117,-1.1841031857309694,-1.0851922754358756,-1.2035975089545727,-1.167935245453463,-1.1736447136246797,-1.2343640134300298,-1.1668573668174695,-1.2140746094278878,-0.8017871342366846,-1.1934723342261513,-1.2152247751471108,-1.1679686395740942,-1.2185041061056303,-1.2119771925144418,-1.2168286679415523,-1.1683719982016303,-1.138684194281056,-1.1909712384473492,-1.1397387977139906,-1.177743320286804,-0.11066426808372769,-1.1853427679573727,-1.1980633954811852,-1.1607463457270728
225,1519070125,-1.0604964162180874,-1.1954198391703603,-1.2029726156781866,-1.1565622650242435,-1.2178515247995265,-1.104901032146851,-1.0602837097282187,-1.2009149558520735,-1.0925788020510163,-1.1951291865944604,-1.178450806025851,-1.2195162573514908,-1.1933540953177637,-1.0610381705557834,-1.2044336011098575,-1.1726067483788196,-1.0839344352403095,-1.219808176238664,-1.154353974606417,-1.1635611511663406,-1.230046256893598,-1.2038795976724932,-0.08572961197044983,-1.1773212406841849,-1.212932208407576,-1.238118405168222,-1.212294325026353,-1.1255703918992728,-1.0600012800449685,-1.1367642823285171,-1.1836269845757283,-1.173107347678845,-1.19110537684234,-1.3206121266724598,-1.186042340500385,-1.1874188836031856,-1.1951244264646177,-1.0693280851640288,-1.2074561165296465,-1.1624069376101207,-0.5567771649665584,-1.231011256617372,-1.0830637246024182,-1.160354084534612,-0.042223416015498456,-1.2090875403852674,-1.217847752007584,-1.2194540323649226,-1.1709081539797375,-1.2573109868562915,-1.218677746870604,-1.1895219663422734,-1.1328813981797494,-1.069225040334186,-1.1251798979420657,-1.1900680612553367,-1.1953488302060782,-1.198053022228493,-1.1642382176688848,-1.2109865618571594,-1.168218891501543,-1.2081737504155028,-1.1784222035155762,0.6225578959423456,-1.1720574243485786,-1.1904309284294823,-1.0825623974665735,-1.1832194923155501,-1.0701434170004407,-1.2013252980474143,-1.1729582412488468,-1.172882334235343,-1.2025357179474263,-1.191256076727772,-1.1930423491774906,-1.2118666914989091,-1.1980778745529146,-1.185016479244903,-1.083193112985714,-1.2017888250474396,-1.1267943063015853,-1.2107544791011875,-1.2382029129041452,-0.981392865713529,-1.2115898476655236,-1.1792150190009225,-1.2018343817397223,-0.4787153449929654,-1.1833009256082117,-1.151661918744159,-1.0818234348186755,-1.1562496755558733,-1.1642285484823574,-1.1612072534426783,-1.0833687402099865,-1.1117400953114196,-1.1720195992807312,-1.1835829656681638,-1.1896352795328273,-1.173836058752219,-1.1855378104142427,-1.1557462448210583,-1.2042151415397202,-1.156071085375442,-1.1648458789768648,-1.0846734264224767,-1.1822317447049542,-1.0829417377509234,-1.2018712583159294,-1.1634171541371883,-1.1680471671424832,-1.2296456802409406,-1.1627552418376654,-1.2115997041190105,-0.800991688212244,-1.1890593533770006,-1.2105173958280746,-1.164164424455875,-1.2167335648488609,-1.210237793087639,-1.215058697520633,-1.164562217302557,-1.1368342958642292,-1.1889370538341835,-1.1380726756926733,-1.17401131035672,-0.11066426808372769,-1.1816027291603037,-1.1962456645262929,-1.1556845612323003
226,1519070131,-1.0570094503279228,-1.1930968916265534,-1.2029726156781866,-1.1565622650242435,-1.2119436676970838,-1.1027526165814723,-1.0574922928033124,-1.2009149558520735,-1.0891357312028835,-1.1933109364565762,-1.178450806025851,-1.218993789969733,-1.1907983356963576,-1.0582470808922855,-1.2024542044755746,-1.1726067483788196,-1.0812396390854186,-1.2192109849076591,-1.154353974606417,-1.1635611511663406,-1.230046256893598,-1.2019031026751317,-0.08572961197044983,-1.1773212406841849,-1.210455858130651,-1.238118405168222,-1.2098168458128715,-1.1144462887165794,-1.0565160728813394,-1.134284812231943,-1.181133446028689,-1.173107347678845,-1.188344555763616,0.2349763897496313,-1.1828492275873606,-1.180806440264121,-1.1933031840962887,-1.0666513387438576,-1.2045173994324199,-1.152697186022342,-0.5567771649665584,-1.2298122174588908,-1.0808099321390292,-1.1506345856124816,2.4036850483071173,-1.2067697702901752,-1.217847752007584,-1.2194540323649226,-1.1709081539797375,-1.2544945321530585,-1.218677746870604,-1.1895219663422734,-1.1218011670301469,-1.0665540916926508,-1.114027072529104,-1.1878618428058412,-1.1928397302469016,-1.198053022228493,-1.1642382176688848,-1.2109865618571594,-1.168218891501543,-1.2058575326468994,-1.1784222035155762,0.6157030854188763,-1.1720574243485786,-1.1838084704395515,-1.0795584796701132,-1.1800983952811637,-1.0674649536836478,-1.1996013989580616,-1.1729582412488468,-1.1632306420547005,-1.2005336149829224,-1.1884968116851218,-1.1930423491774906,-1.2113435360437483,-1.1980778745529146,-1.1828875717119978,-1.0810490480392163,-1.20005034057794,-1.1156547767171894,-1.2060237556245461,-1.2382029129041452,-0.981392865713529,-1.2115898476655236,-1.1792150190009225,-1.2001082600580641,-0.478700798571037,-1.1833009256082117,-1.1186797158366626,-1.079575292333363,-1.155125001229269,-1.1642285484823574,-1.151494624430245,-1.0812295326594856,-1.108837160638005,-1.1720195992807312,-1.1774688909423703,-1.1896352795328273,-1.173836058752219,-1.1834064438676288,-1.1557462448210583,-1.2022370438046481,-1.156071085375442,-1.1648458789768648,-1.0825304045838364,-1.1803603036789392,-1.080691200065971,-1.2001450076772862,-1.1634171541371883,-1.1680471671424832,-1.2296456802409406,-1.1627552418376654,-1.2091247988101335,-0.8003553313926915,-1.1890593533770006,-1.2105173958280746,-1.164164424455875,-1.2108317606596293,-1.2073387940429676,-1.2091587961175683,-1.1626573268530205,-1.1322095498221623,-1.1823259538413948,-1.134185057642933,-1.17401131035672,-0.11066426808372769,-1.1816027291603037,-1.1932161129348058,-1.1556845612323003
227,1519070136,-1.054219877615791,-1.1826436276794225,-1.199012331007697,-1.1537521960085375,-1.2119436676970838,-1.0984557854507149,-1.0547008758784062,-1.1905488603288576,-1.0856926603547508,-1.1824014356292696,-1.1672448273495055,-1.2148140509156693,-1.1883021327834542,-1.0554559912287873,-1.1984954112070092,-1.1681531547465387,-1.0778711438918052,-1.2084615409495691,-1.1515818304732837,-1.1572098551526735,-1.2258509174139718,-1.1979501126804082,-0.08572961197044983,-1.172209626130778,-1.2064936976875715,-1.2260993810736183,-1.2058528790713008,-1.1137510322676611,-1.053727907150436,-1.125358719884277,-1.1748995996610907,-1.162517336838809,-1.185031570469147,0.2905331224789917,-1.178591743703328,-1.180806440264121,-1.1829828106757576,-1.0633054057186437,-1.200599109969451,-1.152697186022342,-0.5567771649665584,-1.2190208650325594,-1.077053611366714,-1.1506345856124816,2.4036850483071173,-1.1963398048622604,-1.2071063714394883,-1.208721401241634,-1.1664921161073118,-1.2515359197310099,-1.207326991288693,-1.1862228836499464,-1.1218011670301469,-1.0632154058907317,-1.114027072529104,-1.1840009605192239,-1.1888251703122192,-1.1947404151804872,-1.159616192478958,-1.206273224084976,-1.1632469902575306,-1.1960136071303353,-1.1739599753995231,0.6396949222510189,-1.1609044018314087,-1.1838084704395515,-1.075803582424538,-1.1744804206192678,-1.0634472587084587,-1.1892580044219454,-1.1683119578000067,-1.1632306420547005,-1.196529409053915,-1.1851856936339413,-1.1827645145807169,-1.2071582924024615,-1.194773022338123,-1.1786297566461876,-1.0774756064617201,-1.1896194337609425,-1.1156547767171894,-1.2048410747553857,-1.2273915315954163,-0.9797909753987236,-1.2074087094069863,-1.1685857163646831,-1.1886007821803422,-0.4786775242959515,-1.1790539000125966,-1.1186797158366626,-1.0750790073627379,-1.1528756525760606,-1.157888476008828,-1.1500003738129476,-1.0769511175584836,-1.1044827586278827,-1.1673763048874444,-1.1769593847152209,-1.186335983324025,-1.1688466020249937,-1.1791437107744012,-1.1529364940257758,-1.1977863239007358,-1.15326231891838,-1.1620261221018346,-1.0768156796807957,-1.173498353250217,-1.0769403039243837,-1.189787503845426,-1.1605933470645164,-1.1636935198785525,-1.2249273470518514,-1.158140351235386,-1.2051649503159299,-0.799559885368251,-1.185197995133994,-1.2063330586555983,-1.15782406592551,-1.2108317606596293,-1.1969023974821504,-1.2091587961175683,-1.1575776189875893,-1.120185210112788,-1.1823259538413948,-1.1236329515079237,-1.1690352971166078,-0.08689855459740743,-1.1747459913656773,-1.182309727205452,-1.1523100382357854
228,1519070142,-1.0528250912597252,-1.1809014170215673,-1.196537153088641,-1.1515041407959727,-1.2113528819868395,-1.096307369885336,-1.0526073131847267,-1.1882452835459207,-1.0843154320154975,-1.1793710187327957,-1.1648856739439593,-1.2127241813886374,-1.1859897788402771,-1.053362673981164,-1.1960211654141557,-1.165608244099521,-1.0758500467756371,-1.2054755842945442,-1.1499185439934034,-1.15593959594994,-1.2232288302392054,-1.1959736176830464,-0.08572961197044983,-1.1715706743116021,-1.2045126174660317,-1.2242965274594277,-1.2038708957005155,-1.1137510322676611,-1.0523338242849842,-1.1238710378263326,-1.1724060611140514,-1.1607523350321363,-1.1833750778219125,0.1794196570202709,-1.1764630017613116,-1.180806440264121,-1.1811615683074286,-1.0619670325085582,-1.1986399652379667,-1.1512033780857607,-0.5567771649665584,-1.2172223062948375,-1.0747998189033248,-1.1506345856124816,2.4036850483071173,-1.1946014772909412,-1.2053161413448057,-1.2057401148184985,-1.1645995284477009,-1.2485924611774646,-1.2049373585346066,-1.184573342303783,-1.1211086525832967,-1.061879931569964,-1.114027072529104,-1.1817947420697283,-1.1868178903448778,-1.1930841116564843,-1.1575619590612127,-1.2036547031004297,-1.1620040149465274,-1.1931183349195813,-1.1726850530806507,0.6294127064658149,-1.1573823947207234,-1.1832990505941723,-1.0750526029754228,-1.1732319818055132,-1.0621080270500622,-1.1875341053325927,-1.1662469429338556,-1.1624882041946512,-1.193526254607159,-1.182978281599821,-1.180950779063639,-1.2045425151266573,-1.1931205962307272,-1.17543639534683,-1.0760462298307216,-1.1861424648219434,-1.1149585561181645,-1.2042497343208056,-1.2249890024156989,-0.9795968068757168,-1.2047954979954005,-1.1668141659253097,-1.1868746604986837,-0.47866588715840874,-1.1769303872147892,-1.1186797158366626,-1.0743296265343003,-1.1517509782494564,-1.157254468761475,-1.1500003738129476,-1.0762380483749834,-1.1030312912911755,-1.1647966968911738,-1.1764498784880715,-1.184686335219624,-1.1675992378431874,-1.1770123442277873,-1.15068869338955,-1.1958082261656635,-1.1521388123355552,-1.1608982193518225,-1.0761013390679157,-1.1710030985488633,-1.0746897662394315,-1.187485836327235,-1.1594638242354478,-1.1618276710511537,-1.2228303100789228,-1.155063757500533,-1.2026900450070528,-0.7990826177535866,-1.1835431273155623,-1.20424089006936,-1.1552879225133639,-1.210241580240706,-1.1951629980553475,-1.2091587961175683,-1.1563076920212314,-1.1192602609043747,-1.1818174076881034,-1.1230775775008182,-1.1677912938065798,-0.08689855459740743,-1.1734993117666541,-1.1804919962505596,-1.1511851972369471
229,1519070148,-1.0500355185475934,-1.1779977325918087,-1.1940619751695851,-1.1498180993865492,-1.2113528819868395,-1.0955912313635432,-1.050513750491047,-1.1853658125672497,-1.082249589506618,-1.1775527685949112,-1.1619367321870262,-1.2106343118616056,-1.183664477786556,-1.0519671291494148,-1.194041768779873,-1.1636995611142578,-1.0745026486981917,-1.2036840103015292,-1.14880968634015,-1.1553044663485732,-1.2211311604993924,-1.1935029989363444,-0.08572961197044983,-1.1683759152157227,-1.2020362671891067,-1.2224936738452372,-1.201393416487034,-1.1137510322676611,-1.0509397414195327,-1.1218874617490733,-1.1711592918405318,-1.156045663547676,-1.181718585174678,-0.37614767027333307,-1.1743342598192952,-1.1802977907765004,-1.1781261643602137,-1.0606286592984726,-1.1961910343236113,-1.1512033780857607,-0.5567771649665584,-1.2154237475571155,-1.0732972905943987,-1.1498869318492408,2.4036850483071173,-1.1917042646720761,-1.2035259112501229,-1.2039513429646171,-1.1633378033412936,-1.245623024563628,-1.2031451339690415,-1.1829238009576195,-1.1211086525832967,-1.0605444572491964,-1.113330020940794,-1.1801400782326066,-1.1843087903857012,-1.190323605783146,-1.1539670505801587,-1.2015598863127925,-1.1601395519800228,-1.1913811715931288,-1.1694977472834698,0.5368727643989791,-1.1556213911653808,-1.1832990505941723,-1.0720486851789626,-1.1713593235848812,-1.060768795391666,-1.1846609401836716,-1.163149420634629,-1.1624882041946512,-1.1910236259015292,-1.1813227225742309,-1.1791370435465613,-1.2019267378508531,-1.1909173614208661,-1.173307487813925,-1.074616853199723,-1.1838244855292772,-1.1149585561181645,-1.2042497343208056,-1.2231871055309107,-0.9794026383527101,-1.2027049288661318,-1.1632710650465632,-1.1851485388170255,-0.478654250020866,-1.1748068744169815,-1.1186797158366626,-1.0728308648774254,-1.15006396675955,-1.155986454266769,-1.1500003738129476,-1.0748119100079827,-1.101579823954468,-1.1622170888949035,-1.1764498784880715,-1.1824868044137558,-1.1644808273886715,-1.17434813604452,-1.1495647930714368,-1.1938301284305914,-1.1510153057527304,-1.1586424138517983,-1.0746726578421555,-1.1697554711981866,-1.0716890493261617,-1.1857595856885914,-1.1572047785773105,-1.159339872614622,-1.2207332731059943,-1.153012695010631,-1.200710120759951,-0.7987644393438104,-1.1818882594971307,-1.2021487214831217,-1.1546538866603275,-1.210241580240706,-1.1928437988196106,-1.2085688059772617,-1.1550377650548738,-1.1178728370917546,-1.1818174076881034,-1.1208560814723951,-1.1653032871865237,-0.11066426808372769,-1.1716292923681197,-1.1786742652956672,-1.1500603562381089
230,1519070153,-1.0486407321915274,-1.1762555219339537,-1.1920818328343405,-1.148694071780267,-1.2113528819868395,-1.0941589543199572,-1.049118042028594,-1.183638129980047,-1.0801837469977382,-1.175128435077732,-1.1601673671328663,-1.2085444423345737,-1.1808523653763765,-1.0505715843176657,-1.1920623721455903,-1.162427105790749,-1.0731552506207465,-1.2018924363085144,-1.14714639986027,-1.1533990775444731,-1.2190334907595792,-1.1915265039389829,-0.08572961197044983,-1.1670980115773708,-1.199559916912182,-1.2206908202310467,-1.1994114331162486,-1.1137510322676611,-1.049545658554081,-1.1199038856718142,-1.1699125225670122,-1.154868995676561,-1.1800620925274434,0.45720332066707287,-1.172205517877279,-1.1802977907765004,-1.1763049219918846,-1.0586210994833445,-1.1937421034092557,-1.1512033780857607,-0.5567771649665584,-1.2136251888193936,-1.0725460264399356,-1.1498869318492408,2.4036850483071173,-1.189965937100757,-1.2011389377905461,-1.2021625711107358,-1.1614452156816826,-1.2426571960137207,-1.2007555012149551,-1.181274259611456,-1.1211086525832967,-1.0585412457680448,-1.113330020940794,-1.178485414395485,-1.18230151041836,-1.188667302259143,-1.1519128171624133,-1.1989413653282464,-1.1588965766690196,-1.1884858993823746,-1.1688602861240336,0.7013882169622427,-1.1538603876100382,-1.1832990505941723,-1.0705467262807324,-1.1701108847711266,-1.0594295637332696,-1.1829370410943187,-1.16056815205194,-1.1624882041946512,-1.1885209971958994,-1.1796671635486409,-1.1773233080294836,-1.1998341160302097,-1.1892649353134706,-1.1706463533977935,-1.0724727882532255,-1.1815065062366112,-1.1149585561181645,-1.2042497343208056,-1.2213852086461225,-0.9792084698297034,-1.2006143597368633,-1.160318480980941,-1.183422417135367,-0.47863970359893754,-1.172683361619174,-1.1186797158366626,-1.0713321032205503,-1.1489392924329458,-1.1540844325247102,-1.1500003738129476,-1.0726727024574818,-1.099402622949407,-1.1601534024978872,-1.1764498784880715,-1.1808371563093545,-1.1632334632068653,-1.1722167694979062,-1.1484408927533238,-1.1918520306955194,-1.1493300458784932,-1.1575145111017862,-1.0732439766163955,-1.1685078438475098,-1.0709388700978442,-1.1840333350499481,-1.1560752557482417,-1.158095973396356,-1.2186362361330658,-1.150961632520729,-1.1982352154510738,-0.7984462609340341,-1.1796817690725554,-1.1995335107503238,-1.1533858149542544,-1.210241580240706,-1.189944799774939,-1.2085688059772617,-1.153767838088516,-1.1169478878833412,-1.1818174076881034,-1.1203007074652893,-1.1634372822214816,-0.11066426808372769,-1.1697592729695852,-1.1768565343407749,-1.1483730947398514
231,1519070159,-1.0472459458354617,-1.1739325743901468,-1.1901016904990958,-1.1475700441739844,-1.2113528819868395,-1.0927266772763715,-1.0477223335661408,-1.1819104473928443,-1.0781179044888585,-1.1733101849398477,-1.15780821372732,-1.206454572807542,-1.1783354470866028,-1.0491760394859166,-1.1895881263527368,-1.16115465046724,-1.071807852543301,-1.1989064796534894,-1.1460375422070166,-1.1514936887403728,-1.216935821019766,-1.189550008941621,-0.08572961197044983,-1.166459059758195,-1.1970835666352573,-1.2188879666168562,-1.1974294497454634,-1.1123605193698245,-1.0474545342559034,-1.1184162036138698,-1.1674189840199727,-1.1525156599343307,-1.178405599880209,0.45720332066707287,-1.1695445904497586,-1.1802977907765004,-1.1744836796235556,-1.0566135396682161,-1.1917829586777713,-1.15045647411747,-0.5567771649665584,-1.2118266300816718,-1.0710434981310095,-1.1483916243227592,2.297341202032221,-1.1882276095294377,-1.1993487076958633,-1.1997775419722272,-1.1601834905752753,-1.2397036348811732,-1.1989632766493903,-1.1785250240345169,-1.1148760225616454,-1.0565380342868933,-1.1119359177641737,-1.1768307505583633,-1.1797924104591835,-1.18701099873514,-1.1498585837446682,-1.1968465485406092,-1.1557891383915118,-1.1867487360559221,-1.1675853638051614,0.7048156222239774,-1.1520993840546956,-1.1832990505941723,-1.0690447673825023,-1.168862445957372,-1.057420716245675,-1.181213142004966,-1.1585031371857888,-1.1572911391743053,-1.1865188942313958,-1.1774597515145204,-1.173695836995328,-1.1972183387544055,-1.1876125092060748,-1.1685174458648884,-1.071043411622227,-1.1797680217671116,-1.113566114920115,-1.201884372582485,-1.2195833117613344,-0.978965759175945,-1.1980011483252775,-1.1585469305415679,-1.181696295453709,-0.4786251571770091,-1.1694980924224627,-1.0949325297432653,-1.0690839607352378,-1.1472522809430397,-1.1528164180300042,-1.1492532485042988,-1.070533494906981,-1.0972254219443458,-1.1575737945016167,-1.1739023473523242,-1.1791875082049534,-1.161986099025059,-1.1700854029512924,-1.1467550422761543,-1.1893794085266791,-1.1482065392956684,-1.1563866083517742,-1.0718152953906352,-1.167260216496833,-1.0694385116412093,-1.1811562506522093,-1.154945732919173,-1.1568520741780903,-1.2165391991601373,-1.1489105700308269,-1.1962552912039721,-0.7981280825242578,-1.1769236560418364,-1.1974413421640857,-1.151483707395145,-1.2090612194028598,-1.187625600539202,-1.2085688059772617,-1.1518629476389792,-1.115560464070721,-1.181308861534812,-1.119189959451078,-1.1621932789114537,-0.11066426808372769,-1.1666425739720276,-1.1738269827492878,-1.146685833241594
232,1519070165,-1.0451537663013628,-1.1704481530744364,-1.188121548163851,-1.145884002764561,-1.2095805248561067,-1.0898621231891998,-1.045628770872461,-1.1790309764141733,-1.0760520619799787,-1.1702797680433736,-1.154859271970387,-1.2033197685169943,-1.176771436132875,-1.047082722238293,-1.187608729718454,-1.1573372844967136,-1.069786755427133,-1.1953233316674594,-1.1443742557271364,-1.1483180407335394,-1.2143137338449999,-1.1865852664455785,-0.08572961197044983,-1.161347445204788,-1.1946072163583323,-1.214681308183745,-1.1944564746892856,-1.1109700064719876,-1.045363409957726,-1.1149449454786662,-1.1649254454729334,-1.149573990256543,-1.1756447788014848,-0.2094774720852519,-1.1674158485077422,-1.178263192826019,-1.1714482756763407,-1.0552751664581306,-1.1888442415805447,-1.145975050307726,-0.5567771649665584,-1.2076299930269874,-1.0680384415131574,-1.1483916243227592,2.297341202032221,-1.1841715118630265,-1.1957682475064981,-1.1961999982644644,-1.1563983152560533,-1.236931920170664,-1.1947814193297388,-1.1763256355729657,-1.1141835081147953,-1.0545348228057418,-1.1112388661758636,-1.1751760867212417,-1.177283310500007,-1.1848025940364695,-1.1472907919724866,-1.1942280275560628,-1.1520602124585024,-1.183853463845168,-1.1637605968485443,0.6773963801301002,-1.1491643781291245,-1.1817707910580344,-1.066040849586042,-1.1644929101092307,-1.0547422529288821,-1.1771907107964765,-1.1559218686030999,-1.156548701314256,-1.1840162655257658,-1.1758041924889304,-1.1706729444668653,-1.1946025614786013,-1.1854092743962137,-1.1663885383319834,-1.0681846583602301,-1.176870547651279,-1.1093887913259666,-1.2007016917133246,-1.215979517991758,-0.9772667845996362,-1.1953879369136915,-1.1555943464759457,-1.1776686781965062,-0.47861061075508066,-1.1673745796246553,-1.0949325297432653,-1.0660864374214878,-1.1455652694531333,-1.1490123745458867,-1.1477589978870013,-1.0676812181729798,-1.0943224872709312,-1.1549941865053464,-1.1728833348980254,-1.1769879773990852,-1.15824400647964,-1.1679540364046785,-1.1456311419580414,-1.1869067863578389,-1.1459595261300188,-1.154694754226756,-1.0668149111004748,-1.1647649617954796,-1.0664377947279395,-1.1782791662544703,-1.1526866872610355,-1.1531203765232927,-1.2133936437007444,-1.1463467419184494,-1.1937803858950948,-0.7976508149095936,-1.1752687882234047,-1.1948261314312878,-1.1489475639829987,-1.2072906781460904,-1.1841468016855963,-1.2062088454160358,-1.148688130223085,-1.1012237513403136,-1.1797832230749377,-1.107527105301857,-1.1584612689813696,-0.08689855459740743,-1.1641492147739818,-1.171403341476098,-1.1449985717433364
233,1519070170,-1.0437589799452969,-1.1687059424165813,-1.1851513346609839,-1.1441979613551374,-1.2066265963048852,-1.087713707623821,-1.044233062410008,-1.176151505435502,-1.0746748336407257,-1.1684615179054891,-1.153089906916227,-1.2012298989899624,-1.1740836159839187,-1.044291632574795,-1.1851344839256006,-1.1560648291732047,-1.0677656583109647,-1.1923373750124344,-1.1421565404206298,-1.146412651929439,-1.2111672292352802,-1.184608771448217,-0.08572961197044983,-1.1607084933856122,-1.1921308660814076,-1.2122775033648243,-1.1924744913185004,-1.1047126984317228,-1.0432722856595484,-1.1134572634207218,-1.1624319069258942,-1.1478089884498703,-1.1739882861542503,0.012749458832189704,-1.1652871065657258,-1.1736853474374358,-1.1696270333080117,-1.0532676066430022,-1.1868850968490605,-1.1385060106248195,-0.5567771649665584,-1.2058314342892653,-1.0650333848953053,-1.1446533555065552,2.297341202032221,-1.1824331842917073,-1.192784530682027,-1.1932187118413287,-1.1538748650432387,-1.2338614577668061,-1.1929891947641738,-1.1746760942268022,-1.112798479221095,-1.0525316113245904,-1.1084506598226231,-1.1724183136593722,-1.1752760305326657,-1.1831462905124666,-1.1452365585547415,-1.192133210768426,-1.1508172371474994,-1.1821163005187156,-1.1624856745296719,0.7013882169622427,-1.1462293722035535,-1.179733111676517,-1.0645388906878122,-1.1626202518885989,-1.0534030212704857,-1.1754668117071239,-1.153856853736949,-1.155063825594157,-1.181513636820136,-1.17359678045481,-1.1688592089497876,-1.1919867842027971,-1.1837568482888179,-1.1642596307990782,-1.0660405934137325,-1.1739730735354463,-1.1017303647366943,-1.2001103512787445,-1.2129763565171112,-0.9768784475536227,-1.1927747255021057,-1.1538227960365726,-1.1753671826209617,-0.4785989736175379,-1.1652510668268476,-1.0949325297432653,-1.063838294936175,-1.144440595126529,-1.1483783672985337,-1.1417819954178117,-1.0655420106224787,-1.0928710199342238,-1.1529305001083299,-1.1718643224437264,-1.175338329294684,-1.1563729602069306,-1.1658226698580647,-1.1445072416399285,-1.1844341641889988,-1.1448360195471943,-1.1535668514767439,-1.0661005704875948,-1.1610220797434494,-1.0649374362713047,-1.1759774987362792,-1.1515571644319669,-1.1512545276958939,-1.2107723474845837,-1.143782913806072,-1.1918004616479931,-0.7971735472949292,-1.1730622977988294,-1.1916878785519305,-1.1476794922769258,-1.2013888739568588,-1.1824074022587934,-1.2020789144338904,-1.147418203256727,-1.0979864291108667,-1.174189215388732,-1.1041948612592225,-1.1572172656713415,-0.08689855459740743,-1.1616558555759358,-1.1695856105212057,-1.1433113102450791
234,1519070176,-1.0395746208770993,-1.1646407842149191,-1.180200978822872,-1.1413878923394314,-1.1564098109341217,-1.0834168764930634,-1.0400459370226487,-1.1709684576738941,-1.0698545344533397,-1.1648250176297203,-1.1483716001051343,-1.196005225172383,-1.1712870401063922,-1.0401049980795478,-1.181175690657035,-1.1528836908644327,-1.063049765039906,-1.1887542270264044,-1.139938825114123,-1.144507263125339,-1.2064474723207006,-1.1796675339548126,-0.08572961197044983,-1.1575137342897328,-1.1881687056383279,-1.2086717961364433,-1.1885105245769296,-1.0984553903914578,-1.0397870784959193,-1.110481899304833,-1.159938368378855,-1.14310231696541,-1.1706753008597814,-0.7650447993788558,-1.1604974371961891,-1.1670729040983712,-1.1641633062030246,-1.050590860222831,-1.1829668073860917,-1.092944868559089,-0.5567771649665584,-1.2010352776553403,-1.060525799968527,-1.0945605533694212,-0.042223416015498456,-1.178956529149069,-1.1892040704926616,-1.189641168133566,-1.1519822773836277,-1.2308703727693937,-1.189404745633044,-1.1708271644190873,-1.1086433925399939,-1.0491929255226713,-1.0993889891745918,-1.169108985985129,-1.1707596506061477,-1.179281582289793,-1.1406145333648146,-1.1879435771931517,-1.14708831121449,-1.1786419738658107,-1.1592983687324911,0.4306232012852047,-1.1427073650928683,-1.172601233841207,-1.0600330139931218,-1.1601233742610895,-1.050724557953693,-1.1708697474688499,-1.148694316571571,-1.128336062632378,-1.1775094308911285,-1.1702856624036297,-1.1646271594099393,-1.1878015405615105,-1.1793503786690958,-1.160001815733268,-1.0638965284672348,-1.1704961045964473,-1.0975530411425458,-1.180004776503019,-1.208171298157676,-0.9752765572388173,-1.1885935872435685,-1.1485081447184526,-1.1719149392576451,-0.4785756993424524,-1.1604731630317808,-1.0457890474110956,-1.0600913907939875,-1.1421912464733206,-1.1458423383091219,-1.0939659756642937,-1.0626897338884775,-1.0885166179241017,-1.148287205715043,-1.1682977788536804,-1.1709392676829475,-1.1526308676615118,-1.1604942534915301,-1.141697490844646,-1.1804779687188545,-1.1425890063815447,-1.1507470946017138,-1.0639575486489545,-1.1585268250420957,-1.0604363609014,-1.1725249974589924,-1.1487333573592953,-1.1469008804319631,-1.2065782735387267,-1.1396807888262679,-1.1878406131537895,-0.7960599228607124,-1.1697525621619664,-1.187503541379454,-1.1451433488647798,-1.154174440443006,-1.1789286034051878,-1.1525197426481464,-1.1455133128071904,-1.0850371401930792,-1.1691037538558178,-1.094198129131319,-1.1522412524312293,-0.06313284111108719,-1.1591624963778897,-1.1647383279748262,-1.1410616282474024
235,1519070182,-1.0374824413430004,-1.162898573557064,-1.1782208364876274,-1.1402638647331491,-1.1564098109341217,-1.0819845994494777,-1.0386502285601955,-1.1692407750866916,-1.0684773061140864,-1.163006767491836,-1.1466022350509746,-1.193915355645351,-1.1686095776458714,-1.0380116808319244,-1.1791962940227523,-1.1516112355409238,-1.0617023669624606,-1.1869626530333894,-1.1382755386342427,-1.1432370039226056,-1.2043498025808876,-1.177691038957451,-0.08572961197044983,-1.1562358306513811,-1.1856923553614032,-1.2068689425222527,-1.1865285412061444,-1.0984553903914578,-1.0383929956304676,-1.1089942172468887,-1.1580682144685754,-1.1413373151587372,-1.1690188082125468,0.5127600533964333,-1.1583686952541727,-1.1670729040983712,-1.1623420638346955,-1.0485833004077028,-1.1810076626546073,-1.092944868559089,-0.5567771649665584,-1.1992367189176183,-1.0582720075051377,-1.0945605533694212,-0.042223416015498456,-1.17721820157775,-1.187413840397979,-1.1878523962796845,-1.1500896897240167,-1.2280669070963062,-1.1870151128789574,-1.1691776230729238,-1.1065658491994435,-1.0478574512019034,-1.0993889891745918,-1.1674543221480072,-1.1687523706388065,-1.1770731775911225,-1.1385602999470694,-1.1853250562086053,-1.1458453359034868,-1.176904810539358,-1.158660907573055,0.7048156222239774,-1.1409463615375257,-1.172601233841207,-1.0577800756457765,-1.1582507160404576,-1.0493853262952966,-1.1691458483794972,-1.1466293017054199,-1.1261087490522297,-1.1755073279266246,-1.1686301033780395,-1.1628134238928618,-1.1857089187408671,-1.1776979525617,-1.1578729082003631,-1.0610377752052378,-1.1687576201269476,-1.0975530411425458,-1.1776394147646982,-1.2063694012728878,-0.9750338465850589,-1.1865030181142997,-1.1467365942790795,-1.170188817575987,-0.47856406220490966,-1.1583496502339732,-1.0405118949458962,-1.0593420099655502,-1.1410665721467164,-1.145208331061769,-1.0939659756642937,-1.0612635955214769,-1.0870651505873943,-1.1462235193180268,-1.166769260172232,-1.1692896195785465,-1.150136139297899,-1.1583628869449163,-1.140573590526533,-1.1784998709837822,-1.14146549979872,-1.1496191918517016,-1.0625288674231943,-1.1566553840160807,-1.0589360024447652,-1.1707987468203491,-1.1476038345302264,-1.1456569812136972,-1.2044812365657982,-1.137629726336366,-1.1858606889066878,-0.795741744450936,-1.168097694343535,-1.1854113727932156,-1.1438752771587066,-1.154174440443006,-1.1766094041694506,-1.1525197426481464,-1.1442433858408327,-1.083649716380459,-1.1691037538558178,-1.0925320071100018,-1.1509972491212013,-0.06313284111108719,-1.1572924769793553,-1.1629205970199339,-1.1399367872485642
236,1519070187,-1.0360876549869344,-1.1605756260132571,-1.1762406941523826,-1.1380158095205843,-1.1522743109624116,-1.0805523224058917,-1.0372545200977425,-1.167513092499489,-1.0664114636052069,-1.1593702672160673,-1.1448328699968147,-1.1918254861183193,-1.165872558476848,-1.0366161360001753,-1.1767220482298988,-1.1497025525556606,-1.0603549688850151,-1.1845738877093697,-1.1366122521543627,-1.1413316151185053,-1.201203297971168,-1.1757145439600893,-0.08572961197044983,-1.1549579270130292,-1.1832160050844784,-1.203864186498602,-1.1845465578353591,-1.0935885952490294,-1.03630187133229,-1.1070106411696297,-1.1568214451950556,-1.1395723133520645,-1.1668101513495674,-0.2094774720852519,-1.1557077678266523,-1.162495058709788,-1.1605208214663665,-1.0472449271976172,-1.1785587317402517,-1.0899572526859265,-0.5567771649665584,-1.1974381601798965,-1.0567694791962117,-1.0915699383164579,-0.042223416015498456,-1.1754798740064307,-1.184430123573508,-1.1860636244258032,-1.1481971020644057,-1.2252288040094972,-1.1852228883133926,-1.1669782346113726,-1.1031032769651927,-1.045854239720752,-1.0952066796447313,-1.1657996583108856,-1.16624327067963,-1.1754168740671194,-1.1365060665293243,-1.1832302394209684,-1.1433593852814807,-1.174009538328604,-1.1573859852541826,0.4820342802112246,-1.1391853579821831,-1.1680164552327934,-1.0562781167475463,-1.1563780578198257,-1.047376478807702,-1.1674219492901445,-1.1445642868392687,-1.089729293909808,-1.1735052249621207,-1.1669745443524493,-1.1597905313643988,-1.183093141465063,-1.1760455264543042,-1.1546795469010054,-1.0603230868897386,-1.1670191356574482,-1.0933757175483974,-1.1498464143394307,-1.2039668720931704,-0.974548425277542,-1.1844124489850312,-1.144965043839706,-1.1684626958943287,-0.4785495157829812,-1.1556952592367138,-1.0220418613176983,-1.0563444866518001,-1.138817223493508,-1.14330630931971,-1.0902303491210499,-1.059124387970976,-1.0848879495823331,-1.1441598329210103,-1.1626932103550365,-1.1665402060712111,-1.1488887751160928,-1.1562315203983025,-1.1394496902084201,-1.17652177324871,-1.1397802399244827,-1.1484912891016894,-1.060385845584554,-1.155407756665404,-1.0574356439881303,-1.168497079302158,-1.1464743117011578,-1.1425472331680326,-1.2013356811064053,-1.135578663846464,-1.1833857835978105,-0.7952644768362718,-1.1664428265251034,-1.182796162060418,-1.1426072054526337,-1.1494529970916207,-1.1737104051247793,-1.1477998215256946,-1.141703531908117,-1.0799499195468054,-1.1640182923229037,-1.089199763067367,-1.1491312441561592,-0.08689855459740743,-1.1560457973803324,-1.1598910454284468,-1.1382495257503067
237,1519070193,-1.0332980822748028,-1.1541875202677883,-1.1732704806495156,-1.1357677543080196,-1.151092739541923,-1.0769716297969272,-1.0344631031728362,-1.162330044737881,-1.0636570069267006,-1.153309433423119,-1.1395247748343353,-1.1892131492095295,-1.1633893026744886,-1.0338250463366772,-1.1737529532784747,-1.145885186585134,-1.0576601727301245,-1.1803935483923347,-1.1349489656744824,-1.1381559671116719,-1.1991056282313548,-1.1722556777147064,-0.08572961197044983,-1.1517631679171498,-1.1802443847521686,-1.1978546744513001,-1.181078086936485,-1.090807569453356,-1.0335137056013868,-1.101555806957167,-1.1537045220112565,-1.1342773079320467,-1.1646014944865881,0.7349869843138749,-1.1519824694281238,-1.1614777597345471,-1.1550570943613796,-1.044568180777446,-1.1751302284601541,-1.088463444749345,-0.5567771649665584,-1.1914429643874902,-1.0530131584238964,-1.0900746307899762,-0.042223416015498456,-1.1696854487687003,-1.1796561766543543,-1.181293566148786,-1.145673651851591,-1.222429668013125,-1.1804436228052195,-1.1647788461498212,-1.101025733624642,-1.0425155539188329,-1.093812576468111,-1.16359343986139,-1.1622287107449474,-1.1732084693684488,-1.1334247164027063,-1.1811354226333313,-1.140251947003973,-1.1687980483492466,-1.1541986794570016,0.697960811700508,-1.1339023473161551,-1.1669976155420347,-1.0525232195019711,-1.1526327413785618,-1.044028399661711,-1.161675618992302,-1.1409505108235043,-1.0882444181897093,-1.170502070515365,-1.164767132318329,-1.1543493248131655,-1.1810005196444195,-1.173842291644443,-1.1514861856016478,-1.0567496453122425,-1.1618036822489495,-1.0919832763503479,-1.1486637334702705,-1.1991618137337354,-0.97304361922424,-1.1823218798557624,-1.139059875708462,-1.1627089569554676,-0.4785320600766671,-1.1525099900400027,-1.0220418613176983,-1.0525975825096126,-1.1371302120036015,-1.1395022658355924,-1.0872418478864552,-1.0548459728699742,-1.0812592812405648,-1.141064303325486,-1.1616741979007374,-1.163790792563876,-1.1457703646615771,-1.1530344705783817,-1.1377638397312506,-1.1735546266461019,-1.1375332267588332,-1.1467994349766715,-1.0560998019072736,-1.152288688288712,-1.053684747846543,-1.163318327386228,-1.1442152660430205,-1.138815535513235,-1.1987143848902446,-1.1325020701116109,-1.1804158972271581,-0.7944690308118312,-1.1642363361005281,-1.1807039934741796,-1.1400710620404875,-1.1476824558348513,-1.1684922068443706,-1.147209831385388,-1.1385287144922227,-1.0674631052332246,-1.1624926538630294,-1.078647656932358,-1.1460212358810893,-0.06313284111108719,-1.152929098382775,-1.1538319422454724,-1.1365622642520492
238,1519070198,-1.0319032959187369,-1.1524453096099332,-1.1712903383142708,-1.134081712898596,-1.1475480252804573,-1.0748232142315484,-1.0330673947103832,-1.1606023621506782,-1.0622797785874474,-1.1514911832852348,-1.1377554097801754,-1.1871232796824975,-1.1608439007415177,-1.032429501504928,-1.1712787074856212,-1.1446127312616252,-1.0556390756139564,-1.1786019743993197,-1.1332856791946024,-1.137520837510305,-1.1964835410565886,-1.1702791827173447,-0.08572961197044983,-1.1504852642787982,-1.1782633045306288,-1.1960518208371096,-1.1790961035656997,-1.0873312872087644,-1.032119622735935,-1.1000681248992223,-1.151834368100977,-1.1325123061253741,-1.1623928376236088,0.6794302515845145,-1.1498537274861074,-1.1579172133212046,-1.1526287712036076,-1.0425606209623177,-1.1731710837286697,-1.0847289249078917,-0.5567771649665584,-1.1896444056497681,-1.0522618942694335,-1.087831669500254,-0.042223416015498456,-1.167947121197381,-1.1778659465596715,-1.1783122797256504,-1.1431502016387765,-1.2196052755692475,-1.1786513982396547,-1.1631293048036577,-1.0968706469435412,-1.0411800795980652,-1.0903273185265605,-1.1613872214118945,-1.1602214307776062,-1.1710000646697782,-1.1313704829849611,-1.1790406058456941,-1.1383874840374681,-1.1670608850227941,-1.1535612182975654,0.6842511906535694,-1.130967341390584,-1.1634316766243797,-1.051772240052856,-1.1507600831579299,-1.0426891680033148,-1.1599517199029494,-1.1388854959573531,-1.0837897910294128,-1.1679994418097353,-1.1631115732927388,-1.1525355892960878,-1.1789078978237761,-1.1721898655370473,-1.1493572780687427,-1.0546055803657446,-1.1589062081331167,-1.0878059527561994,-1.1462983717319497,-1.1967592845540178,-0.9728494507012333,-1.1791860261618594,-1.1372883252690886,-1.159832087486037,-0.47852042293912433,-1.150386477242195,-1.0220418613176983,-1.051848201681175,-1.1360055376769973,-1.1382342513408865,-1.0842533466518602,-1.0534198345029735,-1.0798078139038574,-1.1390006169284694,-1.1591266667649902,-1.1621411444594747,-1.1438993183888675,-1.1503702623951144,-1.1366399394131375,-1.1705874800434937,-1.1364097201760084,-1.1456715322266593,-1.0546711206815134,-1.1497934335873585,-1.0529345686182254,-1.1604412429884892,-1.1430857432139516,-1.137571636294969,-1.196617347917316,-1.1299382419992334,-1.1784359729800562,-0.7941508524020549,-1.1620298456759528,-1.1786118248879414,-1.1388029903344146,-1.1441413733213124,-1.166752807417568,-1.1442598806838558,-1.1378937510090437,-1.0665381560248113,-1.1589328307899893,-1.0780922829252522,-1.1447772325710612,-0.06313284111108719,-1.1504357391847289,-1.15201421129058,-1.135437423253211
239,1519070204,-1.0284163300285722,-1.1477994145223194,-1.1668350180599703,-1.130709630079749,-1.1398678110472817,-1.0726747986661698,-1.0295781235542505,-1.1565711027805388,-1.0588367077393146,-1.147854683009466,-1.132447314617696,-1.1829435406284339,-1.1564781350660458,-1.0289406394255556,-1.166825065058485,-1.1401591376293443,-1.0529442794590655,-1.1738244437512797,-1.1305135350614688,-1.135615448706205,-1.191763784142009,-1.1658320689732808,-0.08572961197044983,-1.146651553363743,-1.1738058740321642,-1.1918451624039985,-1.1741411451387365,-1.0817692356174178,-1.0293314570050316,-1.0970927607833336,-1.1468472910068983,-1.127217300705356,-1.1579755238976501,0.2349763897496313,-1.1450640581165705,-1.152830718445001,-1.1471650440986205,-1.0392146879371038,-1.169252794265701,-1.0638156137957533,-0.5567771649665584,-1.1860472881743245,-1.0485055734971183,-1.0654020566030298,-0.042223416015498456,-1.1627321384834237,-1.1742854863703063,-1.1747347360178877,-1.1406267514259618,-1.2140567948587275,-1.1750669491085248,-1.159280374995943,-1.0899455024750395,-1.037841393796146,-1.0833568026434595,-1.1580778937376512,-1.1557050508510884,-1.1671353564471048,-1.126234899440598,-1.1748509722704201,-1.1352800457599603,-1.1630075039277383,-1.1490989901815123,0.6739689748683655,-1.1268583330947848,-1.1583374781705869,-1.0480173428072808,-1.147014766716666,-1.0393410888573238,-1.1553546556646757,-1.134239212508513,-1.077107850288968,-1.1629941843984757,-1.1581448962159684,-1.1489081182619323,-1.1741994987273288,-1.1683342046197907,-1.1450994630029325,-1.0510321387882486,-1.1542702495477846,-1.0815399673649766,-1.1409763078207285,-1.1919542261945828,-0.9720727766092063,-1.1750048879033221,-1.1331547075772177,-1.1563798441227204,-0.47849714866403886,-1.1461394516465802,-1.0118173784163744,-1.048850678367425,-1.1337561890237888,-1.1363322295988276,-1.0640809633183448,-1.0505675577689724,-1.0769048792304425,-1.1338414009359286,-1.1550506169477948,-1.1582919655492054,-1.1395335437525456,-1.1450418460285798,-1.133830188617855,-1.1666312845733493,-1.1341627070103588,-1.142287823976623,-1.0518137582299931,-1.1466743652106666,-1.0491836724766384,-1.1564133248316546,-1.1396971747267457,-1.1338399386401714,-1.191899014728227,-1.1253233513969538,-1.1739811434240772,-0.7933554063776143,-1.1587201100390898,-1.1744274877154648,-1.135632811069232,-1.1370592082942343,-1.1621144089460935,-1.136000018719565,-1.135988860559507,-1.0605259861701242,-1.1543559154103664,-1.0725385428541947,-1.141045222640977,-0.08689855459740743,-1.1473190401871713,-1.147772839062498,-1.1331877412555342
240,1519070210,-1.0284163300285722,-1.1477994145223194,-1.1668350180599703,-1.130709630079749,-1.1398678110472817,-1.0726747986661698,-1.0295781235542505,-1.1565711027805388,-1.0588367077393146,-1.147854683009466,-1.132447314617696,-1.1829435406284339,-1.1562994649405371,-1.0289406394255556,-1.166825065058485,-1.1401591376293443,-1.0529442794590655,-1.1738244437512797,-1.1305135350614688,-1.135615448706205,-1.191763784142009,-1.1658320689732808,-0.08572961197044983,-1.146651553363743,-1.1738058740321642,-1.1918451624039985,-1.1741411451387365,-1.0817692356174178,-1.0293314570050316,-1.0970927607833336,-1.1468472910068983,-1.127217300705356,-1.1579755238976501,0.2349763897496313,-1.1450640581165705,-1.152830718445001,-1.1471650440986205,-1.0392146879371038,-1.169252794265701,-1.0638156137957533,-0.5567771649665584,-1.1860472881743245,-1.0485055734971183,-1.0654020566030298,-0.042223416015498456,-1.1627321384834237,-1.1742854863703063,-1.1747347360178877,-1.1406267514259618,-1.2140055603509312,-1.1750669491085248,-1.159280374995943,-1.0899455024750395,-1.037841393796146,-1.0833568026434595,-1.1580778937376512,-1.1557050508510884,-1.1671353564471048,-1.126234899440598,-1.1748509722704201,-1.1352800457599603,-1.1630075039277383,-1.1490989901815123,0.6499771380362229,-1.1268583330947848,-1.1583374781705869,-1.0480173428072808,-1.147014766716666,-1.0393410888573238,-1.1553546556646757,-1.134239212508513,-1.077107850288968,-1.1629941843984757,-1.1581448962159684,-1.1489081182619323,-1.1741994987273288,-1.1683342046197907,-1.1450994630029325,-1.0510321387882486,-1.1542702495477846,-1.0815399673649766,-1.1409763078207285,-1.1919542261945828,-0.9720727766092063,-1.1750048879033221,-1.1331547075772177,-1.1563798441227204,-0.47849714866403886,-1.1461394516465802,-1.0118173784163744,-1.048850678367425,-1.1337561890237888,-1.1363322295988276,-1.0640809633183448,-1.0505675577689724,-1.0769048792304425,-1.1338414009359286,-1.1550506169477948,-1.1582919655492054,-1.1395335437525456,-1.1450418460285798,-1.133830188617855,-1.1666312845733493,-1.1341627070103588,-1.142287823976623,-1.0518137582299931,-1.1466743652106666,-1.0491836724766384,-1.1564133248316546,-1.1396971747267457,-1.1338399386401714,-1.191899014728227,-1.1253233513969538,-1.1739811434240772,-0.7933554063776143,-1.1587201100390898,-1.1744274877154648,-1.135632811069232,-1.1370592082942343,-1.1621144089460935,-1.136000018719565,-1.135988860559507,-1.0605259861701242,-1.1543559154103664,-1.0725385428541947,-1.141045222640977,-0.08689855459740743,-1.1473190401871713,-1.147772839062498,-1.1331877412555342
241,1519070215,-1.0270215436725063,-1.1460572038644643,-1.1648548757247255,-1.1295856024734665,-1.1375046682063046,-1.0712425216225838,-1.0281824150917973,-1.1548434201933362,-1.0574594794000614,-1.1454303494922866,-1.1306779495635362,-1.1808536711014022,-1.1535935188368192,-1.0275450945938065,-1.1648456684242023,-1.1395229099675899,-1.05159688138162,-1.1720328697582647,-1.1288502485815888,-1.1343451895034715,-1.189666114402196,-1.1638555739759193,-0.08572961197044983,-1.1453736497253912,-1.1718247938106243,-1.190042308789808,-1.1721591617679512,-1.0796834662706627,-1.0272403327068542,-1.0946132906867596,-1.1456005217333787,-1.1254522988986835,-1.1563190312504157,0.45720332066707287,-1.1429353161745543,-1.1507961204945196,-1.1453438017302915,-1.0372071281219755,-1.1668038633513456,-1.061574901890881,-0.5567771649665584,-1.1842487294366024,-1.0470030451881922,-1.0631590953133072,-0.042223416015498456,-1.1609938109121045,-1.1724952562756237,-1.172945964164006,-1.1387341637663508,-1.2111818895198394,-1.1720799081659166,-1.1570809865343918,-1.087175444687639,-1.0358381823149945,-1.0805685962902192,-1.1564232299005295,-1.153697770883747,-1.1654790529231018,-1.1241806660228528,-1.1722324512858737,-1.1327940951379543,-1.160112231716984,-1.14782406786264,0.6431223275127536,-1.125097329539442,-1.1557903789436905,-1.0465153839090506,-1.1451421084960338,-1.0373322413697292,-1.153630756575323,-1.131657943925824,-1.0748805367088197,-1.1609920814339718,-1.1564893371903782,-1.1470943827448545,-1.1721068769066854,-1.1666817785123949,-1.1424383285868012,-1.0488880738417508,-1.1525317650782851,-1.0794513055679025,-1.139793626951568,-1.1901523293097946,-0.9718786080861996,-1.1729143187740536,-1.1302021235115955,-1.1546537224410622,-0.47847969295772474,-1.1440159388487725,-1.0098384462419245,-1.0466025358821123,-1.1326315146971846,-1.1337962006094158,-1.0625867127010473,-1.0484283502184715,-1.0761791455620888,-1.1317777145389123,-1.1535220982663463,-1.1566423174448042,-1.1382861795707393,-1.142910479481966,-1.1321443381406857,-1.1646531868382772,-1.1324774471361216,-1.141159921226611,-1.0496707363913529,-1.1454267378599898,-1.0476833140200035,-1.1546870741930113,-1.1385676518976768,-1.1325960394219055,-1.1898019777552984,-1.1232722889070519,-1.1715062381152002,-0.793037227967838,-1.1565136196145145,-1.1723353191292267,-1.1337307035101225,-1.135288667037465,-1.1603750095192908,-1.1342300482986456,-1.1347189335931493,-1.0591385623575043,-1.1523217307972007,-1.0708724208328775,-1.139801219330949,-0.08689855459740743,-1.145449020788637,-1.1459551081076056,-1.132062900256696
242,1519070221,-1.0256267573164404,-1.142572782548754,-1.1623796978056695,-1.1284615748671842,-1.1357323110755717,-1.069810244578998,-1.0267867066293441,-1.1525398434103993,-1.0553936368911818,-1.1423999325958127,-1.1277290078066031,-1.1771963994290964,-1.1511931245419422,-1.0261495497620574,-1.1613817243142075,-1.138250454644081,-1.050249483304175,-1.1690469131032397,-1.1277413909283354,-1.1324398006993712,-1.1865196097924764,-1.1603967077305364,-0.17069114333744284,-1.1447346979062154,-1.1683579034229297,-1.1876385039708872,-1.1691861867117732,-1.0775976969239076,-1.0251492084086766,-1.0916379265708709,-1.1431069831863394,-1.1225106292208957,-1.1541103743874364,0.3460898552083521,-1.1392100177760256,-1.1482528730564179,-1.1429154785725195,-1.03586875491189,-1.1633753600712478,-1.0593341899860091,-0.5567771649665584,-1.1806516119611588,-1.0455005168792662,-1.0609161340235849,-0.042223416015498456,-1.1575171557694661,-1.1689147960862583,-1.1687721631716164,-1.1374724386599435,-1.2083683212677498,-1.167898050846265,-1.1554314451882284,-1.0844053869002384,-1.0345027079942268,-1.0777803899369787,-1.1547685660634077,-1.1501850309408999,-1.1638227493990987,-1.121099315896235,-1.1680428177105995,-1.131551119826951,-1.15721695950623,-1.1471866067032037,0.6362675169892843,-1.1221623236138711,-1.153243279716794,-1.0450134250108205,-1.1426452308685247,-1.0359930097113328,-1.1501829583966174,-1.1285604216265974,-1.0607742173678807,-1.157988926987216,-1.154281925156258,-1.143466911710699,-1.1689679441757204,-1.165029352404999,-1.1392449672874436,-1.0481733855262516,-1.1496342909624524,-1.0766664231718033,-1.135654243909507,-1.1871491678351478,-0.9713931867786828,-1.1692558227978334,-1.1272495394459736,-1.1523522268655177,-0.4784593279670249,-1.1402997914526094,-1.0045612937767252,-1.0451037742252374,-1.1303821660439761,-1.1331621933620628,-1.0603453367751012,-1.0470022118514708,-1.0732762108886742,-1.1286821849433877,-1.1514840733577485,-1.1549926693404031,-1.1370388153889328,-1.1397134296620453,-1.1310204378225726,-1.162180564669437,-1.1313539405532969,-1.1400320184765989,-1.0482420551655927,-1.144179110509313,-1.046933134791686,-1.1512345729157245,-1.1374381290686082,-1.1307301905945066,-1.1866564222959055,-1.120195695172199,-1.1680413706827721,-0.7927190495580618,-1.1548587517960829,-1.1686740241033098,-1.1324626318040494,-1.1323377649428492,-1.156896210665685,-1.1318700877374197,-1.1315441161772548,-1.0572886639406773,-1.1497790000307437,-1.06920629881156,-1.138557216020921,-0.08689855459740743,-1.1435790013901024,-1.1423196461978211,-1.1303756387584385
243,1519070227,-1.0228371846043087,-1.1396690981189952,-1.1589144487189913,-1.1262135196546195,-1.1327783825243503,-1.0662295519700333,-1.023995289704438,-1.1496603724317283,-1.0519505660430488,-1.1393695156993386,-1.1247800660496703,-1.1740615951385487,-1.1492847204477412,-1.0233584600985595,-1.1584126293627834,-1.1363417716588178,-1.0468809881105614,-1.16546376511721,-1.1249692467952017,-1.1286290230911709,-1.1833731051827567,-1.1574319652344938,-0.08572961197044983,-1.1421788906295118,-1.1653862830906199,-1.1840327967425062,-1.165717715812899,-1.0748166711282343,-1.0223610426777734,-1.0896543504936118,-1.1406134446393001,-1.119568959543108,-1.1496930606614777,-0.04280727389717069,-1.136016904863001,-1.1462182751059364,-1.1392729938358614,-1.0331920084917188,-1.1604366429740212,-1.0563465741128466,-0.5567771649665584,-1.1776540140649554,-1.0424954602614138,-1.0579255189706216,-0.042223416015498456,-1.154619943150601,-1.1665278226266813,-1.1651946194638534,-1.1343181258939252,-1.2055951633316688,-1.164911009903657,-1.1515825153805135,-1.0795577857722873,-1.0311640221923077,-1.0749921835837384,-1.1503561291644167,-1.1466722909980527,-1.1599580411764252,-1.1175044074151808,-1.164900592529144,-1.1278221938939417,-1.1543216872954758,-1.144636762065459,0.6259853012040802,-1.1180533153180716,-1.1506961804898974,-1.0420095072143603,-1.1382756950203834,-1.0319753147361437,-1.1473097932476963,-1.124946645610833,-1.0570620280676337,-1.1544852467993343,-1.1509708071050775,-1.1398394406765437,-1.1653058559895944,-1.1611736914877422,-1.136051605988086,-1.0453146322642546,-1.1467368168466199,-1.0738815407757043,-1.132697541736606,-1.1847466386554302,-0.9708106812096626,-1.165074684539296,-1.1248874721934758,-1.147749235714429,-0.4784389629763251,-1.1365836440564463,-1.0045612937767252,-1.0413568700830498,-1.1281328173907677,-1.1287241426305923,-1.058103960849155,-1.0434368659339692,-1.0696475425469056,-1.1250707337486092,-1.1484270359948519,-1.1511434904301336,-1.133296722843514,-1.135983538205471,-1.1287726371863467,-1.1577298447655247,-1.1279834208048225,-1.1377762129765747,-1.0439560114883122,-1.139188601106606,-1.0431822386500986,-1.1489329053975335,-1.135179083410471,-1.126998492939709,-1.1829866075932804,-1.1160935701923949,-1.1650714843121195,-0.7919236035336212,-1.1509973935530762,-1.1655357712239522,-1.1299264883919033,-1.1305672236860798,-1.154577011429948,-1.1301001173165002,-1.1290042622445393,-1.051738968690197,-1.147744815417578,-1.0642079327476084,-1.1348252060908368,-0.08689855459740743,-1.1398389625930334,-1.1392900946063338,-1.1275635362613428
244,1519070232,-1.0207450050702098,-1.1379268874611401,-1.1564392707999354,-1.1250894920483372,-1.1310060253936176,-1.0640811364046545,-1.0219017270107584,-1.146780901453057,-1.0505733377037958,-1.138157348940749,-1.1218311242927372,-1.171971725611517,-1.1466901194947028,-1.0205673704350613,-1.1554435344113594,-1.135069316335309,-1.0448598909943934,-1.16307499979319,-1.1238603891419483,-1.1267236342870708,-1.180226600573037,-1.155455470237132,-0.08572961197044983,-1.141539938810336,-1.1629099328136951,-1.1822299431283156,-1.1637357324421138,-1.072035645332561,-1.0202699183795958,-1.0876707744163525,-1.1381199060922609,-1.1178039577364354,-1.1480365680142433,0.1238629242909105,-1.133888162920985,-1.144183677155455,-1.1374517514675324,-1.0311844486765904,-1.1579877120596658,-1.0541058622079746,-0.5567771649665584,-1.1758554553272336,-1.0394904036435617,-1.0549349039176583,-0.042223416015498456,-1.1528816155792818,-1.1629473624373161,-1.163405847609972,-1.1336872633407216,-1.202772214113363,-1.163118785338092,-1.1493831269189623,-1.0760952135380364,-1.02982854787154,-1.0722039772304979,-1.1487014653272951,-1.1446650110307115,-1.1583017376524223,-1.1154501739974356,-1.162805775741507,-1.1253362432719354,-1.1525845239690233,-1.1439993009060228,0.6225578959423456,-1.116292311762729,-1.1486585011083803,-1.0397565688670152,-1.1370272562066288,-1.0299664672485491,-1.1455858941583437,-1.1228816307446818,-1.0533498387673865,-1.1519826180937045,-1.1487633950709573,-1.1368165481480808,-1.1626900787137902,-1.1595212653803464,-1.133922698455181,-1.043170567317757,-1.1438393427307871,-1.0710966583796053,-1.129149499129125,-1.1811428448858539,-0.9706165126866559,-1.1629841154100276,-1.1231159217541027,-1.1460231140327708,-0.47842441655439666,-1.133398374859735,-1.0045612937767252,-1.0391087275977373,-1.1270081430641634,-1.1280901353832393,-1.05511545961456,-1.0420107275669686,-1.0681960752101982,-1.1219752041530846,-1.1453699986319552,-1.1494938423257326,-1.1320493586617077,-1.1338521716588572,-1.1270867867091772,-1.1557517470304526,-1.1268599142219977,-1.1366483102265625,-1.041812989649672,-1.1379409737559292,-1.0409317009651464,-1.1454804041202467,-1.134049560581402,-1.125754593721443,-1.180889570620352,-1.114042507702493,-1.1630915600650178,-0.7912872467140688,-1.1487909031285006,-1.162397518344595,-1.1280243808327939,-1.1287966824293103,-1.1522578121942109,-1.1283301468955809,-1.1277343352781815,-1.0508140194817837,-1.1452020846511208,-1.0630971847333968,-1.1329592011257947,-0.08689855459740743,-1.137968943194499,-1.1374723636514417,-1.1258762747630853
245,1519070238,-1.018652825536111,-1.136184676803285,-1.1534690572970683,-1.1234034506389134,-1.1268705254219076,-1.059784305273897,-1.0198081643170787,-1.1433255362786519,-1.048507495194916,-1.1357330154235699,-1.1200617592385773,-1.1693593887027272,-1.144261241556629,-1.0184740531874377,-1.1534641377770765,-1.1331606333500457,-1.0414913958007799,-1.161283425800175,-1.1227515314886949,-1.126088504685704,-1.1781289308332241,-1.15298485149043,-0.08572961197044983,-1.1389841315336324,-1.1609288525921553,-1.1804270895141251,-1.1617537490713286,-1.0671688501901326,-1.018875835514144,-1.0861830923584082,-1.1362497521819812,-1.115450621994205,-1.1463800753670086,-0.32059093754397266,-1.1312272354934645,-1.1396058317668718,-1.1338092667308746,-1.0285077022564193,-1.1560285673281814,-1.0503713423665213,-0.5567771649665584,-1.173457377010271,-1.0372366111801725,-1.0504489813382136,-0.042223416015498456,-1.1511432880079626,-1.1611571323426335,-1.1616170757560906,-1.1324255382343142,-1.1999528729589863,-1.1613265607725272,-1.1471837384574108,-1.0712476124100854,-1.0284930735507725,-1.067324616112327,-1.1470468014901734,-1.14265773106337,-1.1560933329537517,-1.112882382225254,-1.1607109589538698,-1.1234717803054308,-1.1508473606425709,-1.1414494562682782,0.5025987117816325,-1.1145313082073864,-1.1440737224999666,-1.0375036305196699,-1.1357788173928742,-1.0286272355901527,-1.1432873620392068,-1.120300362161993,-1.04889521160709,-1.1499805151292006,-1.147107836045367,-1.135002812631003,-1.160597456893147,-1.15676722186802,-1.131793790922276,-1.0403118140557601,-1.1421008582612877,-1.0669193347854569,-1.1267841373908045,-1.1793409480010657,-0.9703252599021459,-1.1608935462807588,-1.1201633376884805,-1.1437216184572263,-0.4784098701324682,-1.1312748620619275,-1.0045612937767252,-1.0376099659408622,-1.1258834687375592,-1.1268221208885334,-1.0506327077626678,-1.0412976583834683,-1.0660188742051373,-1.1199115177560683,-1.1423129612690586,-1.1472943115198644,-1.129554630298095,-1.1306551218389365,-1.1259628863910642,-1.1532791248616123,-1.125736407639173,-1.1343925047265384,-1.041098649036792,-1.1366933464052524,-1.038681163280194,-1.1437541534816034,-1.132355276337799,-1.1232667952849114,-1.1787925336474234,-1.111991445212591,-1.1611116358179159,-0.7909690683042926,-1.1471360353100692,-1.1603053497583566,-1.1267563091267208,-1.1252555999157712,-1.150518412767408,-1.1242002159134354,-1.1270993717950026,-1.048964121064957,-1.1411337154247894,-1.0608756887049737,-1.1298491928507248,-0.08689855459740743,-1.136722263595476,-1.135048722378252,-1.124751433764247
246,1519070243,-1.0165606460020122,-1.1338617292594781,-1.1514889149618235,-1.1222794230326312,-1.1250981682911747,-1.0590681667521042,-1.017714601623399,-1.141597853691449,-1.0471302668556628,-1.1314904317685062,-1.1182923941844176,-1.1672695191756952,-1.1417935222869224,-1.0170785083556888,-1.150989891984223,-1.1318881780265369,-1.0401439977233344,-1.15949185180716,-1.1216426738354415,-1.124183115881604,-1.176031261093411,-1.1510083564930684,-0.08572961197044983,-1.1383451797144566,-1.1589477723706154,-1.1774223334904743,-1.159276269857847,-1.0650830808433778,-1.0174817526486923,-1.0846954103004638,-1.1350029829084616,-1.1136856201875325,-1.1447235827197741,0.2349763897496313,-1.129098493551448,-1.1375712338163904,-1.1319880243625455,-1.0271693290463337,-1.154069422596697,-1.04887753442994,-0.5567771649665584,-1.1716588182725491,-1.0357340828712465,-1.048953673811732,-0.042223416015498456,-1.1488255179128706,-1.1587701588830566,-1.1598283039022093,-1.131163813127907,-1.1971559018009719,-1.1589369280184407,-1.1455341971112474,-1.0684775546226848,-1.0264898620696208,-1.0652334613473968,-1.1448405830406778,-1.1401486311041935,-1.1538849282550812,-1.1108281488075087,-1.1580924379693236,-1.121607317338926,-1.1485311428739675,-1.1401745339494058,0.6328401117275496,-1.1127703046520436,-1.1420360431184495,-1.0352506921723248,-1.1345303785791196,-1.0266183881025581,-1.141563462949854,-1.1182353472958417,-1.0466678980269417,-1.1474778864235708,-1.1454522770197768,-1.1325844986082327,-1.1585048350725036,-1.154563987058159,-1.128068202739692,-1.0388824374247616,-1.1397828789686215,-1.0648306729883827,-1.125010116087064,-1.1775390511162775,-0.9701310913791391,-1.15880297715149,-1.1183917872491071,-1.141995496775568,-0.47839823299492545,-1.1286204710646681,-1.0045612937767252,-1.0368605851124246,-1.124758794410955,-1.1255541063938275,-1.0491384571453704,-1.038445381649467,-1.0645674068684299,-1.1178478313590519,-1.1402749363604607,-1.1456446634154631,-1.1270599019344825,-1.1285237552923226,-1.1248389860729513,-1.15130102712654,-1.1246129010563481,-1.1332646019765262,-1.0389556271981517,-1.134198091703899,-1.0364306255952418,-1.1414524859634123,-1.1312257535087304,-1.1220228960666454,-1.1761712374312627,-1.1094276171002133,-1.1586367305090388,-0.79033271148474,-1.144929544885494,-1.157690139025559,-1.1261222732736842,-1.1234850586590017,-1.148779013340605,-1.122430245492516,-1.125829444828645,-1.0480391718565434,-1.1390995308116236,-1.0597649406907623,-1.1279831878856827,-0.11066426808372769,-1.1348522441969415,-1.1332309914233596,-1.1230641722659895
247,1519070249,-1.0151658596459463,-1.1309580448297196,-1.1490137370427675,-1.121155395426349,-1.1221442397399533,-1.0569197511867254,-1.016318893160946,-1.1398701711042465,-1.0450644243467833,-1.1296721816306219,-1.1165230291302577,-1.1646571822669056,-1.1391238280927283,-1.0156829635239397,-1.1485156461913697,-1.130615722703028,-1.0381229006071664,-1.157700277814145,-1.120533816182188,-1.1222777270775037,-1.1739335913535978,-1.1490318614957067,-0.08572961197044983,-1.137067276076105,-1.1564714220936905,-1.1756194798762838,-1.1567987906443653,-1.0629973114966227,-1.014693586917789,-1.0832077282425194,-1.133756213634942,-1.1119206183808599,-1.1425149258567948,0.1238629242909105,-1.1264375661239276,-1.1350279863782884,-1.1295597012047736,-1.0258309558362482,-1.1521102778652126,-1.0473837264933585,-0.5567771649665584,-1.168661220376346,-1.0342315545623204,-1.0474583662852504,-0.042223416015498456,-1.1465077478177783,-1.1563831854234796,-1.1580395320483279,-1.1305329505747033,-1.194316355488591,-1.1571447034528757,-1.1433348086496962,-1.0650149823884338,-1.0251543877488531,-1.0631423065824666,-1.1431859192035563,-1.137639531145017,-1.152228624731078,-1.1087739153897636,-1.1559976211816865,-1.1197428543724215,-1.1462149251053642,-1.1382621504710972,0.5745742222780604,-1.111009301096701,-1.139488943891553,-1.0337487332740947,-1.1320335009516103,-1.0252791564441617,-1.1398395638605012,-1.1161703324296905,-1.043698146586744,-1.145475783459067,-1.1437967179941866,-1.1295616060797697,-1.1564122132518602,-1.1529115609507632,-1.1259392952067868,-1.0381677491092625,-1.1380443944991219,-1.0627420111913084,-1.1226447543487434,-1.1757371542314894,-0.9699369228561324,-1.1567124080222215,-1.116620236809734,-1.1402693750939097,-0.478383686572997,-1.1259660800674087,-1.0045612937767252,-1.033113680970237,-1.1230717829210486,-1.1249200991464745,-1.0476442065280729,-1.0377323124659668,-1.0623902058633687,-1.1157841449620356,-1.1377274052247135,-1.143445132609595,-1.1258125377526762,-1.1258595471090553,-1.1237150857548381,-1.149322929391468,-1.1234893944735234,-1.131572747851508,-1.0382412865852717,-1.1329504643532222,-1.0349302671386067,-1.139150818445221,-1.1300962306796616,-1.1195350976301137,-1.1740742004583342,-1.1073765546103114,-1.1561618252001615,-0.7900145330749638,-1.1432746770670623,-1.155074928292761,-1.1248542015676113,-1.1199439761454628,-1.1458800142959338,-1.1194802947909837,-1.1239245543791083,-1.0466517480439235,-1.1360482538918752,-1.058098818669445,-1.1261171829206407,-0.11066426808372769,-1.132982224798407,-1.1302014398318723,-1.121376910767732
248,1519070255,-1.0137710732898804,-1.1292158341718643,-1.1470335947075228,-1.1200313678200664,-1.1209626683194647,-1.0554874741431395,-1.0149231846984927,-1.138142488517044,-1.04368719600753,-1.1278539314927374,-1.114753664076098,-1.1625673127398737,-1.136467081009078,-1.0142874186921906,-1.1465362495570868,-1.1299794950412736,-1.0361018034909983,-1.155311512490125,-1.1194249585289346,-1.1210074678747703,-1.1718359216137848,-1.147055366498345,-0.08572961197044983,-1.135789372437753,-1.1544903418721508,-1.173215675057363,-1.15481680727358,-1.0602162857009494,-1.0132995040523374,-1.0807282581459454,-1.1325094443614223,-1.1101556165741873,-1.1408584332095604,0.5127600533964333,-1.1243088241819112,-1.1335020379154275,-1.1277384588364445,-1.0244925826261626,-1.1496613469508572,-1.0451430145884866,-0.5567771649665584,-1.166862661638624,-1.0334802904078575,-1.045215404995528,-0.042223416015498456,-1.1447694202464591,-1.154592955328797,-1.1562507601944465,-1.129271225468296,-1.191504230462073,-1.1553524788873109,-1.1416852673035327,-1.0622449246010333,-1.0238189134280855,-1.0610511518175363,-1.1409797007540607,-1.1356322511776757,-1.150572321207075,-1.1067196819720184,-1.1539028043940494,-1.1178783914059167,-1.1444777617789117,-1.137624689311661,0.6259853012040802,-1.1092482975413585,-1.137960684355415,-1.0329977538249795,-1.1307850621378557,-1.0232703089565671,-1.1381156647711486,-1.1141053175635394,-1.0422132708666452,-1.143473680494563,-1.1421411589685964,-1.127747870562692,-1.153796435976056,-1.1512591348433674,-1.1238103876738819,-1.036738372478264,-1.1363059100296224,-1.060653349394234,-1.1202793926104226,-1.1739352573467012,-0.9694029594178639,-1.1546218388929528,-1.1148486863703606,-1.1373925056244791,-0.4783720494354543,-1.123842567269601,-1.0045612937767252,-1.0323643001417997,-1.1213847714311422,-1.1223840701570629,-1.044655705293478,-1.036306174098966,-1.0609387385266615,-1.1137204585650191,-1.1356893803161157,-1.1417954845051939,-1.1239414914799666,-1.1237281805624415,-1.1220292352776688,-1.1468503072226277,-1.1218041345992862,-1.1304448451014961,-1.0353839241337512,-1.1304552096518687,-1.0341800879102894,-1.1374245678065777,-1.128966707850593,-1.1182911984118478,-1.1714529042421735,-1.1053254921204094,-1.1541819009530598,-0.7896963546651876,-1.141619809248631,-1.1529827597065228,-1.1229520940085016,-1.1181734348886934,-1.1441406148691309,-1.1183003145103707,-1.1220196639295716,-1.0429519512102698,-1.134522615432001,-1.0553219486339163,-1.1248731796106126,-0.11066426808372769,-1.131735545199384,-1.1283837088769801,-1.1202520697688938
249,1519070260,-1.0102841073997157,-1.125731412856154,-1.1430733100370334,-1.1172212988043606,-1.1168271683477549,-1.051190643012382,-1.010038205079907,-1.1346871233426385,-1.0402441251593972,-1.1242174312169686,-1.110035357265005,-1.15838757368581,-1.1338232810359719,-1.0101007841969436,-1.1420826071299506,-1.1267983567325015,-1.032059609258662,-1.1505339818420852,-1.1166528143958012,-1.11910207907067,-1.1671161646992054,-1.1431023765036217,-0.08572961197044983,-1.1338725169802255,-1.150032911373686,-1.169609967828982,-1.1498618488466168,-1.0560447470074394,-1.0105113383214341,-1.0777528940300567,-1.1281457519041036,-1.1060372790252844,-1.1375454479150913,-0.4872611357320539,-1.1195191548123746,-1.1294328420144646,-1.1240959740997865,-1.0211466496009487,-1.1457430574878884,-1.0406615907787427,-0.5567771649665584,-1.1632655441631803,-1.028972705481079,-1.0414771361793238,-0.042223416015498456,-1.1401338800562748,-1.1498190084096434,-1.1514807019174294,-1.1261169127022777,-1.1886603544729772,-1.1511706215676594,-1.1383861846112058,-1.0560122945793817,-1.0211479647865502,-1.0561717906993655,-1.1376703730798172,-1.1316176912429932,-1.1472597141590692,-1.1020976567820915,-1.149189466621866,-1.1153924407839104,-1.1398453262417052,-1.133799922355044,0.3655025013122462,-1.1033782856902163,-1.1338853255923809,-1.0292428565794043,-1.127663965103469,-1.0205918456397742,-1.1346678665924432,-1.1099752878312372,-1.03627376798625,-1.1379678973421776,-1.137726334900356,-1.1241203995285365,-1.1490880368796084,-1.1474034739261108,-1.1195525726080717,-1.033879619216267,-1.1305109617979572,-1.055779805201061,-1.1167313500029417,-1.1691301989872662,-0.9689660802410988,-1.1499180583520985,-1.1113055854916143,-1.1333648883672764,-0.4783487751603688,-1.119595541673986,-1.0045612937767252,-1.0293667768280494,-1.1191354227779338,-1.120482048415004,-1.0416672040588832,-1.0341669665484652,-1.0580358038532467,-1.1090771641717323,-1.1321228367260696,-1.1384961882963913,-1.121446763116354,-1.1194654474692138,-1.1186575343233298,-1.1423995873187154,-1.1195571214336368,-1.1270611368514598,-1.033240902295111,-1.127959954950515,-1.0289288333120672,-1.1333966496497434,-1.1267076621924557,-1.115181450366183,-1.1672588302963165,-1.1001978358956543,-1.1497270713970809,-0.788900908640747,-1.137758451005624,-1.1482753803874868,-1.1191478788902827,-1.1146323523751545,-1.1406618160155253,-1.113580393387919,-1.120114773480035,-1.0411020527934431,-1.130962792358961,-1.053655826612599,-1.1211411696805285,-0.11066426808372769,-1.127995506402315,-1.124142336648898,-1.118002387771217
250,1519070266,-1.0088893210436498,-1.1234084653123473,-1.1405981321179774,-1.1155352573949369,-1.115054811217022,-1.0497583659687961,-1.0086424966174539,-1.1318076523639675,-1.0381782826505175,-1.1223991810790843,-1.1076762038594588,-1.1557752367770202,-1.1315989674444948,-1.0087052393651945,-1.1401032104956679,-1.1248896737472383,-1.0307122111812168,-1.1487424078490702,-1.1155439567425478,-1.1178318198679367,-1.1650184949593922,-1.140137634007579,-0.17069114333744284,-1.1300388060651703,-1.1475565610967613,-1.1666052118053312,-1.1473843696331352,-1.053263721211766,-1.0091172554559824,-1.0762652119721123,-1.1262755979938242,-1.1019189414763815,-1.135336791052112,-0.5983746011907747,-1.1173904128703582,-1.1279068935516035,-1.1210605701525715,-1.0191390897858204,-1.143783912756404,-1.0391677828421613,-0.5567771649665584,-1.1608674658462177,-1.027470177172153,-1.0384865211263608,-0.042223416015498456,-1.1372366674374095,-1.1480287783149608,-1.149095672778921,-1.125486050149074,-1.1858727642811788,-1.1493783970020945,-1.1367366432650423,-1.052549722345131,-1.0191447533053988,-1.0533835843461252,-1.1360157092426957,-1.1291085912838166,-1.144499208285731,-1.0985027483010374,-1.147094649834229,-1.1135279778174059,-1.1381081629152527,-1.1312500777172994,0.37578471709745015,-1.1016172821348738,-1.132357066056243,-1.0277408976811742,-1.1257913068828371,-1.019252613981378,-1.1312200684137377,-1.1073940192485483,-1.0333040165460523,-1.1359657943776738,-1.1360707758747657,-1.1223066640114587,-1.146995415058965,-1.1452002391162497,-1.1174236650751666,-1.0317355542697693,-1.1287724773284575,-1.0536911434039866,-1.1149573286992012,-1.167328302102478,-0.9687233695873404,-1.1473048469405125,-1.1083530014259921,-1.1316387666856182,-0.478337138022826,-1.1174720288761786,-1.0045612937767252,-1.028617395999612,-1.1180107484513295,-1.118580026672945,-1.0386787028242883,-1.0320277589979643,-1.0558586028481856,-1.106497556175462,-1.1305943180446214,-1.136296657490523,-1.1183283526618384,-1.116268397649293,-1.1175336340052169,-1.1404214895836433,-1.1178718615593997,-1.1248053313514357,-1.031812221069351,-1.1267123275998383,-1.0274284748554323,-1.1316703990111,-1.1238838551197838,-1.1133156015387842,-1.1646375340801558,-1.0981467734057524,-1.1477471471499792,-0.7885827302309708,-1.1361035831871926,-1.1461832118012485,-1.118513843037246,-1.112861811118385,-1.1377628169708538,-1.112400413107306,-1.118844846513677,-1.039714628980823,-1.1289286077457952,-1.051434330584176,-1.1192751647154864,-0.11066426808372769,-1.1267488268032921,-1.1223246056940057,-1.1168775467723788
251,1519070272,-1.0074945346875839,-1.121666254654492,-1.1386179897827327,-1.1144112297886546,-1.115054811217022,-1.0483260889252104,-1.0072467881550007,-1.1300799697767647,-1.0368010543112645,-1.1205809309411998,-1.1059068388052988,-1.1536853672499885,-1.1290846385768296,-1.0073096945334454,-1.1381238138613852,-1.1236172184237294,-1.0286911140650488,-1.1469508338560552,-1.1138806702626676,-1.11719669026657,-1.162920825219579,-1.1381611390102173,-0.08572961197044983,-1.1293998542459944,-1.1455754808752214,-1.1648023581911406,-1.14540238626235,-1.053263721211766,-1.0077231725905307,-1.074777529914168,-1.1250288287203043,-1.1001539396697089,-1.1336802984048775,0.6238735188551541,-1.1152616709283418,-1.1273982440639831,-1.1192393277842425,-1.0178007165757348,-1.1418247680249196,-1.0384208788738707,-0.5567771649665584,-1.1590689071084959,-1.02671891301769,-1.0384865211263608,-0.042223416015498456,-1.1354983398660905,-1.146238548220278,-1.1473069009250396,-1.1229625999362594,-1.1830757931231641,-1.1463913560594863,-1.1350871019188788,-1.0511646934514307,-1.017141541824247,-1.0533835843461252,-1.1338094907932001,-1.1271013113164754,-1.1428429047617281,-1.096448514883292,-1.1444761288496825,-1.1122850025064028,-1.1357919451466494,-1.1293376942389908,0.6636867590831615,-1.099269277394417,-1.132357066056243,-1.026238938782944,-1.1245428680690825,-1.0179133823229816,-1.129496169324385,-1.1053290043823971,-1.0318191408259534,-1.1339636914131699,-1.1344152168491757,-1.1198883499886885,-1.1449027932383218,-1.1429970043063886,-1.1152947575422614,-1.0303061776387707,-1.1270339928589581,-1.052994922804962,-1.114365988264621,-1.16552640521769,-0.968480658933582,-1.145214277811244,-1.1065814509866188,-1.12991264500396,-0.47832550088528325,-1.1148176378789192,-1.0045612937767252,-1.027118634342737,-1.1168860741247253,-1.1166780049308862,-1.0386787028242883,-1.0298885514474634,-1.0551328691798318,-1.1044338697784457,-1.1295753055903224,-1.134647009386122,-1.117080988480032,-1.1141370311026793,-1.116409733687104,-1.1384433918485712,-1.1161866016851625,-1.1231134772264175,-1.0310978804564708,-1.1242170728984848,-1.026678295627115,-1.1299441483724566,-1.1227543322907152,-1.1114497527113854,-1.1625404971072273,-1.095582945293375,-1.1452722418411019,-0.7881054626163064,-1.1338970927626173,-1.1440910432150102,-1.117245771331173,-1.112861811118385,-1.136023417544051,-1.1118104229669994,-1.1182098830304983,-1.0383272051682029,-1.1289286077457952,-1.0503235825699646,-1.1174091597504443,-0.11066426808372769,-1.1248788074047575,-1.1205068747391134,-1.1157527057735406
252,1519070277,-1.0060997483315182,-1.1187625702247335,-1.136637847447488,-1.1132872021823723,-1.1132824540862891,-1.0468938118816244,-1.0058510796925477,-1.1283522871895622,-1.0354238259720112,-1.1181565974240206,-1.1035476853997526,-1.1510730303411987,-1.126795589432632,-1.0059141497016963,-1.1356495680685317,-1.1223447631002206,-1.0273437159876033,-1.1451592598630402,-1.1127718126094142,-1.11529130146247,-1.1608231554797661,-1.1361846440128558,-0.08572961197044983,-1.1274829987884667,-1.1430991305982967,-1.1629995045769501,-1.1434204028915647,-1.051177951865011,-1.0056320482923533,-1.072793953836909,-1.1231586748100248,-1.0978006039274786,-1.132023805757643,0.4016465879377125,-1.1126007435008214,-1.1248549966258812,-1.1174180854159135,-1.0164623433656492,-1.139375837110564,-1.0361801669689987,-0.5567771649665584,-1.1566708287915333,-1.0252163847087639,-1.0369912135998791,-0.042223416015498456,-1.1337600122947713,-1.1444483181255953,-1.1443256145019038,-1.1223317373830557,-1.1802817084162929,-1.1445991314939215,-1.1323378663419397,-1.0490871501108803,-1.0158060675034795,-1.0512924295811947,-1.1321548269560784,-1.1245922113572988,-1.1406345000630573,-1.0938807231111107,-1.1423813120620456,-1.1097990518843965,-1.134054781820197,-1.1280627719201184,0.6465497327744882,-1.096334271468846,-1.1303193866747259,-1.025487959333829,-1.1226702098484505,-1.0165741506645851,-1.1277722702350323,-1.1027477357997082,-1.0303342651058545,-1.131961588448666,-1.1322078048150552,-1.1180746144716107,-1.1428101714176784,-1.1407937694965276,-1.11263362312613,-1.0288768010077722,-1.1252955083894585,-1.050210040408863,-1.1125919669608806,-1.1637245083329018,-0.9682864904105752,-1.1426010663996582,-1.1042193837341212,-1.1281865233223016,-0.4783109544633548,-1.1126941250811118,-1.0045612937767252,-1.0248704918574245,-1.115761399798121,-1.1160439976835332,-1.0371844522069908,-1.0284624130804627,-1.0536814018431246,-1.1018542617821752,-1.1280467869088742,-1.1329973612817208,-1.1152099422073225,-1.1120056645560654,-1.1147238832099344,-1.136465294113499,-1.1150630951023377,-1.1219855744764053,-1.0296691992307108,-1.122969445547808,-1.02517793717048,-1.1270670639747178,-1.121060048047112,-1.1102058534931196,-1.1604434601342988,-1.0925063515585218,-1.1432923175940002,-0.7877872842065302,-1.1316906023380418,-1.1419988746287721,-1.1153436637720635,-1.109910909023769,-1.1331244184993796,-1.1094504624057735,-1.1169399560641404,-1.0374022559597895,-1.126385876979338,-1.049212834555753,-1.1149211531303884,-0.11066426808372769,-1.1223854482067115,-1.1180832334659236,-1.114065444275283
253,1519070283,-1.0047049619754522,-1.1170203595668782,-1.1346577051122433,-1.1121631745760898,-1.110919311245312,-1.0461776733598316,-1.0044553712300945,-1.1266246046023596,-1.0333579834631315,-1.1157322639068414,-1.101188531994206,-1.1484606934324089,-1.1253403342074748,-1.0045186048699473,-1.133670171434249,-1.1217085354384662,-1.0259963179101579,-1.1433676858700252,-1.1116629549561607,-1.112750783057003,-1.158725485739953,-1.1332199015168132,-0.08572961197044983,-1.1268440469692909,-1.1411180503767568,-1.1605956997580293,-1.140942923678083,-1.0470064131715011,-1.0042379654269016,-1.0703144837403349,-1.1206651362629856,-1.096035602120806,-1.1292629846789188,-0.32059093754397266,-1.1099398160733012,-1.1223117491877794,-1.1155968430475844,-1.0151239701555637,-1.1369269061962086,-1.033192551095836,-0.5567771649665584,-1.1542727504745707,-1.0237138563998378,-1.0340005985469158,-0.042223416015498456,-1.131442242199679,-1.1420613446660184,-1.1425368426480225,-1.1210700122766484,-1.1775547336985073,-1.1416120905513132,-1.1301384778803885,-1.0463170923234797,-1.0144705931827118,-1.0478071716396442,-1.1299486085065829,-1.1225849313899576,-1.1389781965390544,-1.0918264896933654,-1.13923908688059,-1.1073131012623902,-1.1323176184937445,-1.1274253107606822,0.6294127064658149,-1.0945732679135034,-1.1277722874478293,-1.023986000435599,-1.119549112814064,-1.0138956873477925,-1.1248991050861112,-1.100682720933557,-1.0281069515257062,-1.1299594854841624,-1.130000392780935,-1.1156563004488405,-1.140717549597035,-1.1391413433891318,-1.1099724887099987,-1.028162112692273,-1.1235570239199588,-1.0467289374137392,-1.11081794565714,-1.1619226114481136,-0.9680437797568169,-1.1405104972703894,-1.1024478332947478,-1.1264604016406434,-0.4782934987570407,-1.1100397340838524,-1.0045612937767252,-1.0233717302005494,-1.1129497139816107,-1.1135079686941216,-1.0334488256637473,-1.0277493438969625,-1.0515042008380635,-1.0992746537859046,-1.1260087620002763,-1.1313477131773197,-1.1139625780255162,-1.1098742980094516,-1.113038032732765,-1.1344871963784269,-1.1133778352281005,-1.1208576717263934,-1.0260974961663103,-1.1210980045217929,-1.023677578713845,-1.1253408133360743,-1.1199305252180434,-1.1089619542748537,-1.157822163918138,-1.0904552890686199,-1.1413123933468985,-0.7873100165918658,-1.1300357345196104,-1.1393836638959742,-1.113441556212954,-1.1075501873480764,-1.1313850190725767,-1.1070905018445476,-1.113130175165067,-1.0360148321471694,-1.123843146212881,-1.0481020865415416,-1.1136771498203604,-0.11066426808372769,-1.1211387686076886,-1.115659592192734,-1.1123781827770256
254,1519070288,-1.0026127824413533,-1.115278148909023,-1.1321825271931873,-1.1110391469698075,-1.1079653826940907,-1.04331311927266,-1.0030596627676414,-1.1237451336236883,-1.0319807551238784,-1.113914013768957,-1.0994191669400464,-1.1463708239053771,-1.1228415418724627,-1.0031230600381984,-1.1311959256413955,-1.1204360801149573,-1.0239752207939898,-1.1409789205460052,-1.109445239649654,-1.1121156534556362,-1.15662781600014,-1.1312434065194514,-0.17069114333744284,-1.1255661433309392,-1.139136970155217,-1.1581918949391088,-1.1389609403072978,-1.0442253873758276,-1.0014497996959981,-1.0683309076630756,-1.1181715977159463,-1.093682266378576,-1.1276064920316844,-0.15392073935589148,-1.1078110741312848,-1.120277151237298,-1.1137756006792554,-1.013785596945478,-1.1344779752818532,-1.0302049352226734,-0.5567771649665584,-1.1524741917368488,-1.022962592245375,-1.0317576372571933,-0.042223416015498456,-1.1297039146283598,-1.1390776278415473,-1.140151813509514,-1.1185465620638337,-1.1747375573824883,-1.1398198659857484,-1.128488936534225,-1.0428545200892287,-1.0124673817015604,-1.045018965286404,-1.1271908354447135,-1.1205776514226162,-1.1367697918403838,-1.0892586979211838,-1.1371442700929528,-1.1060701259513872,-1.130001400725141,-1.1261503884418098,0.6294127064658149,-1.0916382619879323,-1.125225188220933,-1.0224840415373688,-1.1183006740003094,-1.012556455689396,-1.1231752059967586,-1.098617706067406,-1.0243947622254592,-1.1274568567785326,-1.1277929807468148,-1.1138425649317627,-1.1381017723212308,-1.1369381085792707,-1.1078435811770937,-1.0267327360612746,-1.1212390446272928,-1.0432478344186153,-1.1096352647879797,-1.1601207145633254,-0.9678496112338102,-1.1378972858588037,-1.1006762828553747,-1.1230081582773268,-0.478281861619498,-1.1079162212860447,-1.0045612937767252,-1.0203742068867994,-1.1118250396550065,-1.1128739614467686,-1.031207449737801,-1.0256101363464616,-1.050052733501356,-1.0972109673888883,-1.124480243318828,-1.1296980650729185,-1.1114678496619037,-1.1077429314628378,-1.111914132414652,-1.1315200497758187,-1.1122543286452757,-1.1197297689763812,-1.0253831555534303,-1.1173551224697627,-1.0229273994855277,-1.1224637289383355,-1.1188010023889747,-1.1077180550565877,-1.1552008677019774,-1.087378695333767,-1.1388374880380212,-0.7869918381820896,-1.127829244095035,-1.1367684531631765,-1.112173484506881,-1.105779646091307,-1.1296456196457738,-1.105320531423628,-1.1118602481987094,-1.035089882938756,-1.1218089615997153,-1.04699133852733,-1.1118111448553183,-0.11066426808372769,-1.1186454094096425,-1.1138418612378416,-1.1112533417781874
255,1519070294,-1.0005206029072546,-1.113535938251168,-1.1302023848579426,-1.109915119363525,-1.1067838112736021,-1.042596980750867,-1.0002682458427352,-1.1220174510364858,-1.0306035267846252,-1.1114896802517777,-1.0964702251831133,-1.1432360196148295,-1.1201355957687447,-1.0010297427905748,-1.1292165290071128,-1.1191636247914485,-1.0226278227165444,-1.1379929638909803,-1.1083363819964005,-1.1108453942529029,-1.1534813113904203,-1.12926691152209,-0.08572961197044983,-1.1236492878734115,-1.137155889933677,-1.1563890413249183,-1.1369789569365125,-1.0421396180290727,-1.0000557168305464,-1.0668432256051312,-1.1169248284424267,-1.091917264571903,-1.12594999938445,0.1238629242909105,-1.1056823321892684,-1.1182425532868165,-1.1119543583109264,-1.0117780371303497,-1.1325188305503688,-1.0272173193495107,-0.5567771649665584,-1.1494765938406457,-1.0199575356275226,-1.0287670222042302,-0.042223416015498456,-1.1279655870570409,-1.1372873977468647,-1.1383630416556325,-1.1172848369574264,-1.1719153297769684,-1.1380276414201833,-1.1268393951880615,-1.0400844623018282,-1.0111319073807927,-1.0422307589331634,-1.1249846169952178,-1.118570371455275,-1.135113488316381,-1.0872044645034387,-1.1350494533053157,-1.104827150640384,-1.1282642373986886,-1.1242380049635015,0.6259853012040802,-1.0898772584325898,-1.123696928684795,-1.0194801237409086,-1.1164280157796773,-1.0112172240309996,-1.121451306907406,-1.0960364374847171,-1.022167448645311,-1.1254547538140287,-1.1261374217212246,-1.1108196724032997,-1.1354859950454266,-1.1347348737694096,-1.1051824467609623,-1.024588671114777,-1.1195005601577932,-1.0404629520225164,-1.107269903049659,-1.1565169207937491,-0.9676554427108034,-1.135806716729535,-1.098314215602877,-1.1212820365956684,-0.4782702244819552,-1.1052618302887853,-1.0045612937767252,-1.0188754452299242,-1.1107003653284022,-1.1116059469520627,-1.0297131991205035,-1.024183997979461,-1.0493269998330024,-1.094631359392618,-1.12244221841023,-1.1274985342670503,-1.1102204854800972,-1.105611564916224,-1.1102282819374825,-1.1295419520407464,-1.111130822062451,-1.118037914851363,-1.02395447432767,-1.1154836814437474,-1.0191765033439404,-1.1207374782996922,-1.1165419567308372,-1.105230256620056,-1.1531038307290487,-1.0853276328438648,-1.1368575637909195,-0.7865145705674252,-1.1261743762766034,-1.1346762845769383,-1.1102713769477714,-1.1045992852534607,-1.1279062202189711,-1.1029605708624022,-1.1112252847155304,-1.0341649337303427,-1.120283323139841,-1.0458805905131185,-1.1093231382352622,-0.11066426808372769,-1.1167753900111081,-1.1120241302829492,-1.110128500779349
256,1519070300,-0.9984284233731557,-1.1112129907073611,-1.1277272069388866,-1.1082290779541015,-1.1056022398531136,-1.0397324266636954,-0.9981746831490556,-1.1197138742535488,-1.0285376842757454,-1.1096714301138935,-1.0941110717775668,-1.1406236827060396,-1.1181728138102585,-0.9989364255429511,-1.12723713237283,-1.1172549418061852,-1.0206067256003764,-1.1362013898979653,-1.107227524343147,-1.1095751350501692,-1.150859224215654,-1.1267962927753878,-0.08572961197044983,-1.121093480596708,-1.1351748097121372,-1.1545861877107277,-1.134501477723031,-1.0393585922333994,-0.9986616339650948,-1.0653555435471869,-1.115678059168907,-1.0889755948941153,-1.1242935067372153,-0.2094774720852519,-1.103021404761748,-1.1167166048239554,-1.1077047927848254,-1.0097704773152214,-1.1305596858188844,-1.0249766074446387,-0.5567771649665584,-1.1464789959444424,-1.0177037431641336,-1.0265240609145077,-0.042223416015498456,-1.1256478169619486,-1.1354971676521821,-1.135978012517124,-1.1166539744042228,-1.1691472231303883,-1.1362354168546185,-1.12464000672651,-1.0373144045144276,-1.009796433060025,-1.0394425525799231,-1.1233299531580963,-1.1160612714960985,-1.1329050836177104,-1.084636672731257,-1.1329546365176788,-1.1023412000183779,-1.1265270740722362,-1.122963082644629,0.6122756801571416,-1.0881162548772472,-1.1221686691486572,-1.0172271853935633,-1.1151795769659227,-1.0098779923726033,-1.1185781417584846,-1.0934551689020282,-1.0191976972051133,-1.1234526508495248,-1.1244818626956345,-1.109005936886222,-1.1333933732247832,-1.1325316389595486,-1.1030535392280572,-1.0224446061682793,-1.1177620756882936,-1.0383742902254423,-1.1054958817459186,-1.1541143916140317,-0.967412732057045,-1.1331935053179492,-1.0953616315372547,-1.1189805410201241,-0.4782556780600268,-1.103138317490978,-1.0045612937767252,-1.018126064401487,-1.109575691001798,-1.1097039252100038,-1.0267246978859088,-1.0227578596124602,-1.0464240651595877,-1.0920517513963475,-1.1204041935016325,-1.125299003461182,-1.1077257571164847,-1.1024145150963034,-1.1091043816193695,-1.1270693298719063,-1.1094455621882138,-1.116910012101351,-1.02252579310191,-1.1142360540930707,-1.0169259656589882,-1.1190112276610487,-1.1148476724872343,-1.1033644077926572,-1.1510067937561201,-1.0832765703539629,-1.1348776395438178,-0.7858782137478727,-1.124519508458172,-1.1325841159907,-1.1096373410947349,-1.1028287439966913,-1.1261668207921682,-1.1011906004414829,-1.1099553577491728,-1.0323150353135158,-1.1187576846799667,-1.0436590944846955,-1.106835131615206,-0.11066426808372769,-1.115528710412085,-1.1089945786914621,-1.1090036597805106
257,1519070305,-0.994941457482991,-1.1071478325056991,-1.1237669222683973,-1.1059810227415368,-1.1014667398814035,-1.0375840110983165,-0.9953832662241494,-1.1162585090791435,-1.0250946134276127,-1.1042166797002402,-1.0905723416692472,-1.1359214762702181,-1.1155393715255877,-0.9961453358794531,-1.1232783391042644,-1.115346258820922,-1.0179119294454855,-1.1326182419119355,-1.1050098090366405,-1.105764357441969,-1.1466638847360278,-1.1228433027806644,-0.08572961197044983,-1.1191766251391804,-1.1307173792136727,-1.1497785780728862,-1.130042015138764,-1.0351870535398893,-0.9944793853687398,-1.0613883913926685,-1.111937751348348,-1.0854455912807701,-1.1204283572270015,-1.4317255921311807,-1.097699549906707,-1.113156058410613,-1.1040623080481675,-1.0070937308950503,-1.1256618239901734,-1.0219889915714762,-0.5567771649665584,-1.142282358889758,-1.0154499507007444,-1.0227857920983037,-0.042223416015498456,-1.1210122767717643,-1.1313199640979226,-1.1324004688093612,-1.1141305241914081,-1.1663069552052217,-1.1314561513464454,-1.1207910769187954,-1.0331593178333265,-1.0064577472581058,-1.0352602430500624,-1.120020625483853,-1.1115448915695807,-1.1290403753950369,-1.0805282058957666,-1.1282412987454953,-1.0986122740853685,-1.120736529650728,-1.1210506991663205,0.25239812767500247,-1.0845942477665618,-1.118602730231002,-1.014223267597103,-1.1114342605246588,-1.0065299132266123,-1.1151303435797792,-1.088808885453188,-1.0162279457649155,-1.119448444920517,-1.120618891635924,-1.1041693088406814,-1.1292081295834966,-1.129226786744757,-1.0977312703957944,-1.0195858529062822,-1.1142851067492945,-1.0341969666312936,-1.102539179573018,-1.1505105978444554,-0.9670243950110315,-1.1290123670594119,-1.0912280138453838,-1.1155282976568075,-0.4782294945005556,-1.0983604136959109,-1.0045612937767252,-1.0136297794308617,-1.1067640051852874,-1.107801903467945,-1.022989071342665,-1.0191925136949587,-1.0427953968178192,-1.0879243786023147,-1.1173471561387358,-1.1208999418494456,-1.103983664571066,-1.0981517820030757,-1.1068565809831434,-1.123113134401762,-1.1071985490225642,-1.114654206601327,-1.0189540900375096,-1.1111169857163787,-1.0146754279740358,-1.115558726383762,-1.112588626829097,-1.0990107605287265,-1.146288460567031,-1.079174445374159,-1.1294328478642879,-0.784923678518544,-1.121209772821309,-1.1278767366716638,-1.1071011976825889,-1.0992876614831524,-1.1221082221296284,-1.097650659599644,-1.1067805403332782,-1.0300026622924823,-1.1151978616069267,-1.0408822244491667,-1.10434712499515,-0.11066426808372769,-1.1130353512140392,-1.1041472961450827,-1.1056291367839959
258,1519070311,-0.994941457482991,-1.1071478325056991,-1.1237669222683973,-1.1059810227415368,-1.1014667398814035,-1.0375840110983165,-0.9953832662241494,-1.1162585090791435,-1.0250946134276127,-1.1042166797002402,-1.0905723416692472,-1.1359214762702181,-1.113786332757916,-0.9961453358794531,-1.1232783391042644,-1.115346258820922,-1.0179119294454855,-1.1320210505809305,-1.1050098090366405,-1.105764357441969,-1.1466638847360278,-1.1228433027806644,-0.08572961197044983,-1.1191766251391804,-1.1307173792136727,-1.1497785780728862,-1.130042015138764,-1.0351870535398893,-0.9944793853687398,-1.0613883913926685,-1.111937751348348,-1.0854455912807701,-1.1204283572270015,-0.43170440300269347,-1.097699549906707,-1.113156058410613,-1.1040623080481675,-1.0070937308950503,-1.1256618239901734,-1.0219889915714762,-0.5567771649665584,-1.142282358889758,-1.0154499507007444,-1.0227857920983037,-0.042223416015498456,-1.1210122767717643,-1.1313199640979226,-1.1324004688093612,-1.1141305241914081,-1.1635763724235066,-1.1314561513464454,-1.1207910769187954,-1.0331593178333265,-1.0064577472581058,-1.0352602430500624,-1.120020625483853,-1.1115448915695807,-1.1290403753950369,-1.0805282058957666,-1.1282412987454953,-1.0986122740853685,-1.120736529650728,-1.1210506991663205,0.6122756801571416,-1.0845942477665618,-1.118602730231002,-1.014223267597103,-1.1114342605246588,-1.0065299132266123,-1.1151303435797792,-1.088808885453188,-1.0162279457649155,-1.119448444920517,-1.120618891635924,-1.1041693088406814,-1.1286849741283358,-1.129226786744757,-1.0977312703957944,-1.0195858529062822,-1.1142851067492945,-1.0341969666312936,-1.102539179573018,-1.1505105978444554,-0.9669758528802799,-1.1290123670594119,-1.0912280138453838,-1.1155282976568075,-0.4782294945005556,-1.0983604136959109,-1.0045612937767252,-1.0136297794308617,-1.1062016680219853,-1.107167896220592,-1.022989071342665,-1.0191925136949587,-1.0427953968178192,-1.0879243786023147,-1.1173471561387358,-1.1208999418494456,-1.103983664571066,-1.0981517820030757,-1.1068565809831434,-1.123113134401762,-1.1066367957311518,-1.114654206601327,-1.0189540900375096,-1.1111169857163787,-1.0146754279740358,-1.115558726383762,-1.112588626829097,-1.0990107605287265,-1.146288460567031,-1.079174445374159,-1.1294328478642879,-0.784923678518544,-1.121209772821309,-1.1278767366716638,-1.1071011976825889,-1.0992876614831524,-1.1221082221296284,-1.097650659599644,-1.1061455768500994,-1.0300026622924823,-1.1151978616069267,-1.0408822244491667,-1.10434712499515,-0.11066426808372769,-1.1130353512140392,-1.1041472961450827,-1.1056291367839959
259,1519070316,-0.9921518847708592,-1.1036634111899888,-1.1193116020140965,-1.103732967528972,-1.0991035970404264,-1.0354355955329377,-0.9925918492992432,-1.112227249709004,-1.0223401567491064,-1.1005801794244714,-1.0870336115609276,-1.1317417372161545,-1.1123440246433027,-0.993354246215955,-1.1188246966771282,-1.1128013481739043,-1.0152171332905948,-1.1284379025949005,-1.1022376649035068,-1.1038589686378688,-1.1424685452564016,-1.118890312785941,-0.08572961197044983,-1.1172597696816529,-1.1267552187705931,-1.1455719196397751,-1.1260780483971935,-1.032406027744216,-0.9916912196378365,-1.0584130272767798,-1.1094442128013087,-1.081915587667425,-1.1171153719325326,-0.9872717302962974,-1.0934420660226745,-1.111630109947752,-1.1004198233115094,-1.0044169844748791,-1.1217435345272047,-1.0204951836348948,-0.5567771649665584,-1.1386852414143143,-1.0124448940828923,-1.021290484571822,-0.042223416015498456,-1.117535621629126,-1.1277395039085572,-1.1276304105323443,-1.1109762114253898,-1.1608414599650765,-1.1278717022153155,-1.1174919942264685,-1.0296967455990758,-1.0037867986165705,-1.033169088285132,-1.1161597431972357,-1.1075303316348981,-1.1257277683470308,-1.076419739060276,-1.1240516651702213,-1.0955048358078607,-1.117262202997823,-1.119138315688012,0.6054208696336724,-1.0798982382856481,-1.1165650508494849,-1.011970329249758,-1.1089373828971496,-1.0038514499098194,-1.111682545401074,-1.0846788557208857,-1.0132581943247179,-1.1154442389915094,-1.1173077735847436,-1.100541837806526,-1.124499730487049,-1.1259219345299656,-1.0934734553299843,-1.0174417879597846,-1.1108081378102954,-1.0321083048342194,-1.099582477400117,-1.146906804074879,-0.9662962630497564,-1.1243085865185574,-1.0876849129666373,-1.1115006803996048,-0.4782062202254701,-1.0941133881002958,-1.0045612937767252,-1.0113816369455493,-1.1039523193687768,-1.1046318672311803,-1.0200005701080703,-1.0170533061444578,-1.040618195812758,-1.083797005808282,-1.1147996250029886,-1.1176006456406433,-1.1014889362074531,-1.093889048909848,-1.1046087803469176,-1.1186624144978496,-1.1043897825655022,-1.1123984011013026,-1.0168110681988693,-1.1073741036643485,-1.0124248902890833,-1.1115308082269275,-1.1103295811709595,-1.095901012483062,-1.1415701273779417,-1.0745595547718794,-1.1254729993700845,-0.7841282324941035,-1.1173484145783021,-1.1236923994991874,-1.1051990901234792,-1.097517120226383,-1.1186294232760225,-1.0958806891787245,-1.1042406864005627,-1.0253779162504153,-1.1136722231470524,-1.0375499804065322,-1.10123711672008,-0.11066426808372769,-1.1092953124169702,-1.100511834235298,-1.1033794547863192
260,1519070322,-0.9907570984147933,-1.1013404636461819,-1.117331459678852,-1.1020469261195485,-1.0979220256199378,-1.033287179967559,-0.9911961408367901,-1.1104995671218014,-1.0209629284098534,-1.0981558459072922,-1.0846744581553813,-1.1296518676891225,-1.109695045825979,-0.9912609289683314,-1.1168453000428455,-1.110892665188641,-1.0131960361744268,-1.1260491372708805,-1.1011288072502534,-1.1025887094351354,-1.1398464580816352,-1.1169138177885793,-0.08572961197044983,-1.115981866043301,-1.1247741385490533,-1.1437690660255846,-1.1240960650264082,-1.0303202583974609,-0.9902971367723847,-1.0569253452188354,-1.1069506742542694,-1.0801505858607523,-1.115458879285298,-0.5983746011907747,-1.091313324080658,-1.1101041614848908,-1.0985985809431804,-1.0030786112647936,-1.1197843897957203,-1.017507567761732,-0.5567771649665584,-1.1368866826765922,-1.010191101619503,-1.0190475232820997,-0.042223416015498456,-1.1157972940578067,-1.1259492738138746,-1.1258416386784627,-1.1103453488721862,-1.1580221188106998,-1.1248846612727075,-1.115842452880305,-1.026234173364825,-1.0024513242958029,-1.0310779335202018,-1.1139535247477401,-1.105523051667557,-1.1240714648230279,-1.074365505642531,-1.1209094399887656,-1.0942618604968575,-1.1143669307870687,-1.1178633933691395,0.6088482748954069,-1.0775502335451914,-1.115036791313347,-1.0104683703515278,-1.1070647246765175,-1.0025122182514232,-1.109958646311721,-1.0826138408547346,-1.009546005024471,-1.1124410845447537,-1.1151003615506234,-1.0987281022894482,-1.1218839532112448,-1.1242695084225698,-1.090812320913853,-1.016012411328786,-1.1067516740481298,-1.0293234224381205,-1.0966257752272162,-1.1439036426002323,-0.9661020945267497,-1.1222180173892888,-1.0859133625272641,-1.1097745587179464,-0.47819458308792734,-1.0919898753024884,-1.0045612937767252,-1.0098828752886742,-1.1028276450421726,-1.1039978599838274,-1.0185063194907729,-1.015627167777457,-1.0391667284760508,-1.0812173978120116,-1.1122520938672413,-1.1159509975362423,-1.0996178899347437,-1.0917576823632342,-1.1017990295516351,-1.1166843167627774,-1.1032662759826775,-1.1112704983512907,-1.0153823869731091,-1.1055026626383335,-1.0109245318324485,-1.1098045575882842,-1.1092000583418908,-1.094657113264796,-1.1394730904050132,-1.071995726659502,-1.1229980940612072,-0.7834918756745509,-1.1151419241537268,-1.1216002309129491,-1.1020289108582968,-1.0951563985506902,-1.1168900238492196,-1.0947007088981116,-1.1029707594342049,-1.024452967042002,-1.1116380385338867,-1.0364392323923208,-1.099993113410052,-0.11066426808372769,-1.1068019532189242,-1.0986941032804056,-1.102254613787481
261,1519070328,-0.9879675257026616,-1.099017516102375,-1.114856281759796,-1.100360884710125,-1.0949680970687166,-1.0318549029239732,-0.9884047239118838,-1.1076200961431304,-1.0195857000706001,-1.0963375957694077,-1.0817255163984483,-1.1275619981620908,-1.1074318909028695,-0.9898653841365824,-1.1148659034085628,-1.1089839822033778,-1.0118486380969813,-1.1242575632778655,-1.100019949597,-1.1019535798337687,-1.137748788341822,-1.1144431990418773,-0.08572961197044983,-1.1127871069474218,-1.1218025182167435,-1.141966212411394,-1.1216185858129266,-1.026148719703951,-0.9889030539069331,-1.0549417691415763,-1.1057039049807498,-1.0760322483118494,-1.1138023866380635,-1.042828463025658,-1.0891845821386419,-1.1065436150715482,-1.0961702577854084,-1.0010710514496652,-1.1173354588813649,-1.013773047920279,-0.5567771649665584,-1.1350881239388704,-1.00943983746504,-1.0145616007026548,-0.042223416015498456,-1.1134795239627147,-1.124159043719192,-1.1240528668245813,-1.1090836237657788,-1.1552092721713962,-1.1230924367071424,-1.1141929115341416,-1.022771601130574,-1.0011158499750352,-1.026198572402031,-1.1122988609106186,-1.1030139517083803,-1.1213109589496897,-1.0707705971614767,-1.1188146232011285,-1.0930188851858544,-1.1126297674606163,-1.1146760875719588,0.47517946968775526,-1.0757892299898488,-1.1119802722410712,-1.0074644525550676,-1.105816285862763,-1.0011729865930268,-1.1070854811628,-1.0800325722720456,-1.0073186914443226,-1.1104389815802498,-1.1134448025250332,-1.0969143667723704,-1.1197913313906014,-1.1220662736127087,-1.088683413380948,-1.0138683463822884,-1.1050131895786302,-1.025146098843972,-1.0948517539234757,-1.142101745715444,-0.965907926003743,-1.12012744826002,-1.0835512952747663,-1.1080484370362882,-0.4781829459503846,-1.089866362504681,-1.0045612937767252,-1.0083841136317993,-1.1017029707155683,-1.1027298454891215,-1.015517818256178,-1.0149140985939569,-1.0384409948076971,-1.078637789815741,-1.1102140689586435,-1.113751466730374,-1.0971231615711312,-1.089093474179967,-1.100675129233522,-1.1147062190277053,-1.1021427693998527,-1.1090146928512665,-1.0146680463602291,-1.1042550352876566,-1.0079238149191787,-1.108078306949641,-1.1069410126837533,-1.0921693148282643,-1.1373760534320847,-1.0699446641695998,-1.1210181698141055,-0.7830146080598867,-1.1134870563352952,-1.1195080623267109,-1.1007608391522237,-1.0927956768749976,-1.113411224995614,-1.0911607680562727,-1.102335795951026,-1.0230655432293818,-1.1085867616141383,-1.0347731103710034,-1.097505106789996,-0.11066426808372769,-1.1055552736199012,-1.0968763723255133,-1.1011297727886427
262,1519070333,-0.9865727393465957,-1.09727530544452,-1.1128761394245512,-1.0986748433007014,-1.093786525648228,-1.0304226258803872,-0.9870090154494308,-1.1058924135559276,-1.0175198575617204,-1.0933071788729336,-1.0799561513442884,-1.1254721286350589,-1.1047155871107164,-0.9884698393048333,-1.1128865067742801,-1.1070752992181145,-1.010501240019536,-1.1212716066228405,-1.09835666311712,-1.1006833206310354,-1.135651118602009,-1.1124667040445155,-0.08572961197044983,-1.1121481551282457,-1.1198214379952036,-1.1401633587972035,-1.1196366024421414,-1.024062950357196,-0.9875089710414814,-1.0524622990450023,-1.1044571357072301,-1.0742672465051768,-1.112145893990829,-0.2094774720852519,-1.0870558401966255,-1.1050176666086873,-1.0943490154170794,-0.9997326782395797,-1.1148865279670093,-1.0122792399836975,-0.5567771649665584,-1.1332895652011485,-1.007937309156114,-1.0130662931761731,-0.042223416015498456,-1.1117411963913955,-1.1223688136245094,-1.1222640949707,-1.1071910361061679,-1.1523949823065207,-1.120702803953056,-1.112543370187978,-1.0206940577900236,-0.9991126384938838,-1.0241074176371008,-1.1106441970734968,-1.101006671741039,-1.1196546554256868,-1.0687163637437316,-1.1161961022165823,-1.0917759098748514,-1.110313549692013,-1.1134011652530864,0.6225578959423456,-1.074028226434506,-1.1104520127049333,-1.0059624936568374,-1.1045678470490083,-0.9998337549346303,-1.1053615820734473,-1.0774513036893567,-1.0058338157242237,-1.10793635287462,-1.111789243499443,-1.0951006312552927,-1.1166523986596364,-1.120413847505313,-1.0860222789648166,-1.0124389697512899,-1.1032747051091305,-1.0230574370468977,-1.0936690730543155,-1.140299848830656,-0.9657137574807362,-1.1180368791307513,-1.0805987112091444,-1.1063223153546298,-0.47816839952845613,-1.0872119715074215,-1.0045612937767252,-1.0076347328033617,-1.100015959225662,-1.1008278237470626,-1.0132764423302318,-1.0120618218599557,-1.036263793802636,-1.0765741034187248,-1.108685550277195,-1.1121018186259728,-1.0958757973893247,-1.086962107633353,-1.099551228915409,-1.1127281212926332,-1.1004575095256155,-1.1078867901012543,-1.0132393651344689,-1.1030074079369798,-1.0064234564625438,-1.1063520563109976,-1.1058114898546847,-1.0909254156099983,-1.1352790164591562,-1.0678936016796978,-1.1185432645052282,-0.7825373404452223,-1.1112805659107199,-1.1174158937404726,-1.100126803299187,-1.0910251356182281,-1.1116718255688112,-1.0893907976353532,-1.1004309055014894,-1.0221405940209685,-1.107061123154264,-1.033662362356792,-1.0962611034799679,-0.11066426808372769,-1.1036852542213667,-1.0950586413706211,-1.1000049317898044
263,1519070339,-0.9851779529905298,-1.0943716210147612,-1.1108959970893064,-1.0975508156944191,-1.092014168517495,-1.0297064873585944,-0.9856133069869777,-1.104164730968725,-1.014765400883214,-1.0908828453557544,-1.077596997938742,-1.122859791726269,-1.10205107176074,-0.9863765220572098,-1.1104122609814266,-1.1058028438946057,-1.0091538419420907,-1.1194800326298255,-1.0972478054638666,-1.0981428022255684,-1.133553448862196,-1.1099960852978135,-0.08572961197044983,-1.110870251489894,-1.117345087718279,-1.138360505183013,-1.117654619071356,-1.021977181010441,-0.9854178467433039,-1.050974616987058,-1.1019635971601907,-1.072502244698504,-1.1099372371278498,0.0683061915615501,-1.084394912769105,-1.1034917181458261,-1.0925277730487504,-0.9983943050294941,-1.1129273832355249,-1.0107854320471161,-0.5567771649665584,-1.130891486884186,-1.0056835166927247,-1.0115709856496915,-0.042223416015498456,-1.1100028688200763,-1.118788353435144,-1.1192828085475643,-1.1059293109997606,-1.1495785276032877,-1.1189105793874912,-1.109794134611039,-1.0186165144494732,-0.9971094270127322,-1.0220162628721705,-1.108989533236375,-1.0984975717818624,-1.1179983519016838,-1.0666621303259862,-1.1141012854289452,-1.0886684715973436,-1.1085763863655604,-1.1127637040936502,0.619130490680611,-1.0722672228791634,-1.1089237531687954,-1.0052115142077225,-1.1020709694214992,-0.998494523276234,-1.1036376829840946,-1.0748700351066678,-1.0036065021440754,-1.1054337241689902,-1.1095818314653227,-1.09207773872683,-1.114559776838993,-1.1187614213979171,-1.0833611445486853,-1.0117242814357907,-1.1009567258164645,-1.0209687752498235,-1.091895051750575,-1.1384979519458678,-0.9655195889577295,-1.1149010254368485,-1.0782366439566466,-1.1045961936729716,-0.4781538531065277,-1.0845575805101622,-1.0045612937767252,-1.0046372094896117,-1.0983289477357556,-1.0989258020050037,-1.0117821917129344,-1.010635683492955,-1.0333608591292212,-1.0739944954224543,-1.1071570315957469,-1.1104521705215717,-1.0940047511166153,-1.0848307410867393,-1.0978653784382395,-1.110750023557561,-1.0987722496513783,-1.1067588873512422,-1.0118106839087089,-1.1011359669109648,-1.004923098005909,-1.1034749719132586,-1.104681967025616,-1.0890595667825995,-1.1331819794862277,-1.0658425391897959,-1.1165633402581265,-0.7820600728305579,-1.1090740754861446,-1.1142776408611152,-1.097590659887041,-1.0886644139425354,-1.1087728265241399,-1.0882108173547402,-1.0985260150519527,-1.0212156448125551,-1.1050269385410982,-1.0325516143425804,-1.0950171001699398,-0.11066426808372769,-1.1011918950233208,-1.0920290897791338,-1.0977552497921277
264,1519070345,-0.983085773456431,-1.093210147242858,-1.1084208191702505,-1.0964267880881367,-1.0908325970970065,-1.0282742103150084,-0.9842175985245245,-1.1018611541857881,-1.013388172543961,-1.0890645952178701,-1.0758276328845822,-1.1202474548174794,-1.0994072717876338,-0.9849809772254607,-1.108432864347144,-1.1051666162328513,-1.0078064438646452,-1.1164940759748005,-1.0961389478106132,-1.0956022838201014,-1.131455779122383,-1.1075254665511114,-0.08572961197044983,-1.1095923478515424,-1.115364007496739,-1.135355749159362,-1.1151771398578745,-1.0191961552147677,-0.9840237638778523,-1.0489910409097987,-1.1000934432499112,-1.0707372428918314,-1.1077285802648704,0.2349763897496313,-1.0822661708270886,-1.101965769682965,-1.0907065306804213,-0.9963867452143658,-1.1104784523211695,-1.0077978161739536,-0.5567771649665584,-1.1278938889879828,-1.0041809883837987,-1.01007567812321,-0.042223416015498456,-1.1071056562012112,-1.116401379975567,-1.117494036693683,-1.1046675858933532,-1.1467577432233396,-1.115923538444883,-1.1081445932648755,-1.0165389711089228,-0.9957739526919646,-1.0199251081072402,-1.1067833147868795,-1.0969921118063566,-1.1163420483776807,-1.064607896908241,-1.1114827644443988,-1.0874254962863403,-1.106839223039108,-1.1114887817747778,0.619130490680611,-1.0705062193238208,-1.1073954936326575,-1.0029585758603772,-1.0995740917939898,-0.9958160599594412,-1.1007645178351735,-1.0728050202405168,-1.0021216264239765,-1.1034316212044863,-1.1079262724397325,-1.0902640032097521,-1.1119439995631888,-1.1171089952905213,-1.08123223701578,-1.009580216489293,-1.0992182413469649,-1.0181838928537243,-1.0907123708814146,-1.1366960550610796,-0.9652768783039711,-1.1128104563075798,-1.0764650935172733,-1.0999932025218828,-0.47814221596898493,-1.0824340677123545,-1.0045612937767252,-1.003887828661174,-1.0966419362458493,-1.0970237802629448,-1.0087936904783394,-1.0092095451259544,-1.031909391792514,-1.071930809025438,-1.1056285129142984,-1.1088025224171705,-1.092757386934809,-1.0826993745401254,-1.0967414781201266,-1.1072883525211847,-1.0970869897771411,-1.1056309846012302,-1.0082389808443084,-1.0992645258849496,-1.0041729187775914,-1.1017487212746153,-1.1035524441965472,-1.0878156675643336,-1.130560683270067,-1.063791476699894,-1.1145834160110248,-0.7815828052158935,-1.1074192076677132,-1.1116624301283176,-1.0969566240340045,-1.0874840531046892,-1.107033427097337,-1.086440846933821,-1.096621124602416,-1.0202906956041418,-1.103501300081224,-1.0319962403354748,-1.0931510952048977,-0.11066426808372769,-1.0999452154242977,-1.0902113588242415,-1.0955055677944512
265,1519070350,-0.9816909871003651,-1.0920486734709545,-1.1059456412511945,-1.0947407466787131,-1.0884694542560294,-1.0261257947496298,-0.9828218900620714,-1.0995575774028512,-1.0120109442047078,-1.0872463450799856,-1.0740582678304225,-1.1181575852904475,-1.0974548475175827,-0.9821898875619627,-1.1059586185542905,-1.103257933247588,-1.0057853467484772,-1.1135081193197758,-1.0939212325041063,-1.094332024617368,-1.1283092745126633,-1.1055489715537496,-0.08572961197044983,-1.1089533960323665,-1.112887657219814,-1.1329519443404414,-1.1131951564870892,-1.0171103858680126,-0.9819326395796747,-1.0475033588518543,-1.0982232893396318,-1.0689722410851588,-1.106072087617636,-0.15392073935589148,-1.0801374288850725,-1.1004398212201039,-1.0888852883120923,-0.9943791853992374,-1.108519307589685,-1.0055571042690814,-0.5567771649665584,-1.1260953302502608,-1.0011759317659465,-1.0070850630702468,-0.042223416015498456,-1.105367328629892,-1.1140144065159903,-1.1145127502705472,-1.1021441356805386,-1.1440026256069051,-1.114131313879318,-1.106495051918712,-1.0137689133215222,-0.9937707412108131,-1.0171369017539997,-1.104577096337384,-1.0954866518308506,-1.1146857448536778,-1.062553663490496,-1.1093879476567619,-1.0855610333198358,-1.1051020597126555,-1.1102138594559054,0.6019934643719377,-1.0675712133982498,-1.1053578142511404,-1.001456616962147,-1.0983256529802352,-0.9944768283010448,-1.0990406187458206,-1.0707400053743656,-0.9991518749837789,-1.1009289924988566,-1.1057188604056123,-1.0884502676926744,-1.1093282222873846,-1.1154565691831255,-1.0791033294828751,-1.0074361515427954,-1.0963207672311324,-1.0153990104576254,-1.088347009143094,-1.1336928935864328,-0.9650827097809643,-1.110197244895994,-1.0746935430779,-1.0982670808402244,-0.4781305788314422,-1.080310554914547,-1.0045612937767252,-1.0016396861758614,-1.095517261919245,-1.095755765768239,-1.007299439861042,-1.0070703375754535,-1.0311836581241602,-1.0698671226284218,-1.1035904880057006,-1.1071528743127694,-1.0915100227530028,-1.0805680079935116,-1.095055627642957,-1.1053102547861124,-1.0959634831943164,-1.104503081851218,-1.0075246402314284,-1.0967692711835961,-1.0026725603209565,-1.099447053756424,-1.1024229213674785,-1.0865717683460676,-1.1279393870539063,-1.0612276485875163,-1.112603491763923,-0.7809464483963411,-1.1052127172431379,-1.1090472193955196,-1.0944204806218585,-1.0857135118479198,-1.105294027670534,-1.085260866653208,-1.0953511976360584,-1.0189032717915216,-1.1019756616213496,-1.0303301183141576,-1.0919070918948697,-0.11066426808372769,-1.0974518562262516,-1.0883936278693493,-1.0943807267956127
266,1519070356,-0.9782040212102004,-1.0891449890411957,-1.100995285413083,-1.091930677663007,-1.085515525704808,-1.022545102140665,-0.9786347646747121,-1.0943745296412433,-1.008567873356575,-1.0836098448042168,-1.069929749370716,-1.113455378854626,-1.0957691337247404,-0.9787010254825901,-1.1019998252857248,-1.100076794938816,-1.0024168515548637,-1.1099249713337458,-1.0917035171975995,-1.092426635813268,-1.1235895175980837,-1.1006077340603455,-0.08572961197044983,-1.1044807332981352,-1.1089254967767346,-1.1293462371120604,-1.1092311897455187,-1.011548334276666,-0.9784474324160455,-1.0440321007166509,-1.0951063661558327,-1.0648539035362559,-1.1027591023231669,-1.5983957903192618,-1.0748155740300316,-1.0968792748067615,-1.0834215612071054,-0.9910332523740235,-1.104111231943845,-1.000328776491047,-0.5567771649665584,-1.1212991736163358,-0.9974196109936313,-1.002599140490802,-0.042223416015498456,-1.1018906734872536,-1.1104339463266248,-1.1109352065627844,-1.1002515480209276,-1.1412511160543999,-1.1105468647481882,-1.102646122110997,-1.008921312193571,-0.9904320554088939,-1.012257540635829,-1.1012677686631407,-1.0919739118880034,-1.1108210366310043,-1.057931638300569,-1.1051983140814876,-1.0818321073868264,-1.1016277330597506,-1.1070265536587247,0.32094623290969565,-1.0640492062875646,-1.1023012951788647,-0.9977017197165718,-1.0952045559458485,-0.991798364984252,-1.0944435545075468,-1.0655774682089878,-0.9946972478234825,-1.096924786569849,-1.1024077423544318,-1.0836136396471336,-1.105142978646098,-1.1110500995634034,-1.074845514417065,-1.0038627099652992,-1.092843798292133,-1.0105254662644523,-1.0853903069701931,-1.1288878352269975,-0.9645972884734475,-1.1060161066374568,-1.0699694085729048,-1.0948148374769078,-0.4781073045563567,-1.07553265111948,-1.0045612937767252,-0.9978927820336739,-1.0932679132660366,-1.0938537440261802,-1.002069562700501,-1.0042180608414522,-1.0275549897823917,-1.065223828235135,-1.100533450642804,-1.102753812701033,-1.0877679302075838,-1.075239591626977,-1.0928078270067312,-1.1013540593159683,-1.093716470028667,-1.101683324976188,-1.0053816183927882,-1.0936502028069042,-0.9974213057227345,-1.0959945524791375,-1.0990343528802724,-1.082218121082137,-1.123745313108049,-1.0571255236077124,-1.1086436432697195,-0.7799919131670123,-1.1019029816062749,-1.104862882223043,-1.092518373062749,-1.083352790172227,-1.1018152288169285,-1.0817209258113691,-1.0934463071865217,-1.0165908987704881,-1.098924384701601,-1.0275532482786287,-1.0869310786547577,-0.11066426808372769,-1.0943351572286943,-1.0829404350046723,-1.0921310447979362
267,1519070362,-0.9761118416761015,-1.0868220414973888,-1.099015143077838,-1.0908066500567248,-1.085515525704808,-1.0203966865752865,-0.977239056212259,-1.0926468470540407,-1.0065020308476953,-1.0817915946663323,-1.0681603843165564,-1.111365509327594,-1.0931072077968724,-0.977305480650841,-1.1000204286514421,-1.0994405672770615,-1.0003957544386957,-1.1081333973407308,-1.090594659544346,-1.0911563766105343,-1.1214918478582707,-1.0986312390629838,-0.08572961197044983,-1.1038417814789594,-1.1069444165551947,-1.1275433834978699,-1.1072492063747335,-1.011548334276666,-0.9770533495505939,-1.0425444186587065,-1.093859596882313,-1.0630889017295833,-1.1011026096759324,-0.2094774720852519,-1.0726868320880152,-1.0968792748067615,-1.0816003188387764,-0.989694879163938,-1.102152087212361,-1.000328776491047,-0.5567771649665584,-1.1195006148786137,-0.9966683468391683,-1.002599140490802,-0.042223416015498456,-1.1001523459159346,-1.1086437162319422,-1.109146434708903,-1.0989898229145203,-1.1384411558662397,-1.1081572319941018,-1.1009965807648336,-1.0075362832998707,-0.9884288439277424,-1.012257540635829,-1.0996131048260191,-1.089966631920662,-1.1086126319323337,-1.0558774048828239,-1.1025797930969412,-1.0805891320758232,-1.0987324608489963,-1.1063890924992885,0.6157030854188763,-1.062288202732222,-1.1023012951788647,-0.9954487813692267,-1.093956117132094,-0.9904591333258557,-1.0927196554181942,-1.0635124533428366,-0.9932123721033835,-1.0949226836053452,-1.1007521833288416,-1.081799904130056,-1.1030503568254546,-1.1093976734560076,-1.0727166068841598,-1.0024333333343007,-1.0911053138226336,-1.0105254662644523,-1.084207626101033,-1.1270859383422094,-0.9644031199504408,-1.103925537508188,-1.0681978581335314,-1.0930887157952496,-0.47809566741881393,-1.0734091383216726,-1.0045612937767252,-0.9963940203767989,-1.0921432389394323,-1.0925857295314743,-1.002069562700501,-1.0020788532909513,-1.0253777887773308,-1.0631601418381185,-1.0995144381885051,-1.1011041645966317,-1.0852732018439712,-1.0731082250803632,-1.0916839266886182,-1.099375961580896,-1.0925929634458422,-1.1005554222261758,-1.003952937167028,-1.0924025754562274,-0.996671126494417,-1.0942683018404942,-1.0979048300512038,-1.0809742218638712,-1.1216482761351205,-1.0550744611178104,-1.1061687379608423,-0.7793555563474599,-1.1002481137878433,-1.102770713636805,-1.091250301356676,-1.083352790172227,-1.1000758293901256,-1.0817209258113691,-1.0921763802201638,-1.0156659495620748,-1.098924384701601,-1.0264425002644173,-1.0856870753447296,-0.11066426808372769,-1.0930884776296712,-1.08112270404978,-1.091006203799098
268,1519070367,-0.9747170553200357,-1.0850798308395337,-1.0970350007425933,-1.0891206086473013,-1.081380025733098,-1.0189644095317005,-0.975843347749806,-1.0909191644668381,-1.003747574169189,-1.0781550943905636,-1.0663910192623964,-1.1087531724188044,-1.0905799318186633,-0.9752121634032175,-1.0975461828585886,-1.0975318842917983,-0.9983746573225275,-1.1063418233477158,-1.0889313730644659,-1.0892509878064343,-1.1188697606835043,-1.0966547440656222,-0.08572961197044983,-1.1025638778406077,-1.103972796222885,-1.1245386274742188,-1.1047717271612518,-1.0059862826853192,-0.9749622252524164,-1.0400649485621325,-1.0926128276087932,-1.0613238999229107,-1.098893952812953,-0.8761582648375766,-1.0700259046604947,-1.093318728393419,-1.0797790764704474,-0.9883565059538525,-1.0997031562980053,-0.9973411606178842,-0.5567771649665584,-1.1171025365616514,-0.9944145543757792,-0.9988608716745979,-0.042223416015498456,-1.0978345758208423,-1.1056599994074712,-1.1067614055703945,-1.097728097808113,-1.135618206647934,-1.1063650074285367,-1.0987971923032824,-1.0033811966187698,-0.9870933696069747,-1.0080752311059684,-1.0979584409888974,-1.0879593519533208,-1.1069563284083308,-1.0538231714650785,-1.1004849763093043,-1.0781031814538171,-1.0969952975225439,-1.1051141701804161,0.39977655392959277,-1.0605271991768794,-1.0982259364158304,-0.9939468224709965,-1.0914592395045848,-0.9877806700090629,-1.0909957563288415,-1.0614474384766854,-0.9902426206631859,-1.0929205806408413,-1.0990966243032516,-1.0793815901072856,-1.1004345795496504,-1.1077452473486118,-1.0695232455848023,-1.0017186450188016,-1.089366829353134,-1.0063481426703038,-1.0824336047972924,-1.124683409162492,-0.9642089514274341,-1.1013123260966022,-1.0664263076941582,-1.0913625941135912,-0.4780811209968855,-1.0707547473244132,-1.0045612937767252,-0.9941458778914863,-1.0898938902862239,-1.0906837077894154,-0.9968396855399599,-1.0006527149239508,-1.022474854103916,-1.0610964554411022,-1.0974764132799073,-1.0983547510892966,-1.084025837662165,-1.0709768585337494,-1.090560026370505,-1.097397863845824,-1.090907703571605,-1.0994275194761638,-1.0010955747155077,-1.0911549481055507,-0.9951707680377821,-1.091966634322303,-1.0967753072221351,-1.0778644738182066,-1.1185027206757279,-1.0530233986279083,-1.1041888137137406,-0.7787191995279075,-1.0985932459694117,-1.100155502904007,-1.0906162655036393,-1.0780411664019185,-1.0965970305365198,-1.0775909948292237,-1.0896365262874483,-1.0142785257494547,-1.093838923168687,-1.0247763782430999,-1.0844430720347016,-0.11066426808372769,-1.0918417980306483,-1.0786990627765902,-1.0893189423008405
269,1519070373,-0.9733222689639698,-1.0827568832957268,-1.0950548584073485,-1.0874345672378778,-1.0801984543126095,-1.0175321324881148,-0.9744476392873528,-1.0891914818796353,-1.0016817316603093,-1.0763368442526793,-1.0646216542082367,-1.1066633028917725,-1.0878610386044014,-0.9738166185714684,-1.095566786224306,-1.0962594289682894,-0.9970272592450821,-1.1045502493547008,-1.0878225154112124,-1.0879807286037009,-1.1162476735087379,-1.09418412531892,-0.08572961197044983,-1.101285974202256,-1.101991716001345,-1.121533871450568,-1.1027897437904666,-1.0039005133385643,-0.9735681423869647,-1.0385772665041881,-1.090119289061754,-1.059558898116238,-1.0966852959499738,0.2349763897496313,-1.0678971627184783,-1.0923014294181783,-1.0773507533126754,-0.9870181327437669,-1.097744011566521,-0.9958473526813029,-0.5567771649665584,-1.1153039778239293,-0.9936632902213162,-0.9973655641481163,-0.042223416015498456,-1.0960962482495231,-1.1038697693127886,-1.104972633716513,-1.0964663727017057,-1.132806081621416,-1.104572782862972,-1.097147650957119,-1.0013036532782194,-0.9850901581258232,-1.0066811279293482,-1.0963037771517758,-1.0859520719859797,-1.1053000248843279,-1.0517689380473334,-1.0983901595216672,-1.0768602061428139,-1.0952581341960914,-1.10447670902098,0.6362675169892843,-1.0587661956215368,-1.0972070967250718,-0.9931958430218815,-1.0895865812839527,-0.9864414383506666,-1.0886972242097044,-1.0588661698939965,-0.9887577449430871,-1.0909184776763374,-1.0968892122691314,-1.0775678545902079,-1.098341957729007,-1.106092821241216,-1.067394338051897,-1.000289268387803,-1.0876283448836344,-1.004955701472254,-1.081250923928132,-1.1228815122777038,-0.9636749879891656,-1.0992217569673335,-1.0640642404416605,-1.089636472431933,-0.4780694838593428,-1.0686312345266056,-1.0045612937767252,-0.9926471162346113,-1.0887692159596196,-1.0887816860473565,-0.9945983096140137,-0.9985135073734498,-1.0210233867672085,-1.059032769044086,-1.0959478945984589,-1.0961552202834284,-1.0821547913894554,-1.068312650350482,-1.0894361260523922,-1.0954197661107519,-1.0892224436973679,-1.0982996167261516,-0.9996668934897475,-1.0892835070795355,-0.9944205888094647,-1.0902403836836596,-1.0956457843930665,-1.0759986249908076,-1.1158814244595672,-1.0509723361380063,-1.1022088894666389,-0.7780828427083549,-1.0969383781509803,-1.0980633343177688,-1.0893481937975664,-1.0768608055640723,-1.0948576311097171,-1.0770010046889174,-1.0883665993210905,-1.010578728915801,-1.092821830862104,-1.0219995082075712,-1.0831990687246735,-0.11066426808372769,-1.0899717786321137,-1.0768813318216979,-1.088194101302002
270,1519070378,-0.9698353030738052,-1.0798531988659683,-1.0910945737368591,-1.0840624844190305,-1.0760629543408995,-1.01395143987915,-0.97095836813122,-1.0857361167052302,-0.9982386608121765,-1.0727003439769103,-1.059903347397144,-1.1024835638377088,-1.0834486633309706,-0.9703277564920958,-1.0911131437971697,-1.092442062997763,-0.9936587640514687,-1.0997727187066608,-1.0844959424514522,-1.0860753397996006,-1.1110034991592053,-1.0902311353241967,-0.08572961197044983,-1.0993691187447283,-1.0980295555582653,-1.117928164222187,-1.0983302812061997,-0.999033718196136,-0.9707799766560613,-1.0356019023882994,-1.086378981241195,-1.0560288945028926,-1.0933723106555047,-0.04280727389717069,-1.0636396788344458,-1.087723584029595,-1.0737082685760173,-0.983672199718553,-1.0938257221035521,-0.9906190249032683,-0.5567771649665584,-1.1117068603484856,-0.9899069694490009,-0.9936272953319123,-0.042223416015498456,-1.0914607080593388,-1.1002893091234232,-1.1007988327241232,-1.0926811973824837,-1.1272352309145344,-1.100988333731842,-1.093848568264792,-0.9943785088097177,-0.9824192094842878,-1.0018017668111776,-1.0924428948651586,-1.0824393320431323,-1.1019874178363218,-1.047660471211843,-1.094200525946393,-1.073752767865306,-1.0912047531010356,-1.1000144809049266,0.2661077487219411,-1.0534831849555089,-1.092622318116658,-0.9894409457763061,-1.0870897036564435,-0.9837629750338738,-1.085249426030999,-1.0547361401616944,-0.9820758042026423,-1.085412694523952,-1.093026241209421,-1.0739403835560524,-1.0936335586325594,-1.1027879690264246,-1.063136522986087,-0.9974305151258062,-1.0818333966519693,-0.9986897160810315,-1.0759288600169106,-1.1174758216233394,-0.9632866509431521,-1.0945179764264792,-1.060521139562914,-1.0850334812808442,-0.47804620958425725,-1.0643842089309907,-1.0045612937767252,-0.9903989737492989,-1.0865198673064111,-1.0868796643052978,-0.9908626830707702,-0.9963742998229489,-1.0181204520937939,-1.0543894746507991,-1.091362338554114,-1.092855924074626,-1.0796600630258428,-1.0640499172572544,-1.0866263752571097,-1.0904745217730714,-1.0869754305317183,-1.0949159084761153,-0.9975238716511072,-1.0855406250275053,-0.9906696926678775,-1.0856370486472773,-1.093386738734929,-1.072888876945143,-1.11168735051371,-1.0458446799132513,-1.0977540599106599,-0.7769692182741381,-1.0930770199079733,-1.0938789971452922,-1.0861780145323838,-1.0727295426316101,-1.0913788322561113,-1.0722810835664653,-1.0864617088715538,-1.0087288304989743,-1.0882449154824811,-1.0197780121791482,-1.0800890604496034,-0.11066426808372769,-1.0862317398350447,-1.0732458699119134,-1.0859444193043255
271,1519070384,-0.9684405167177392,-1.0775302513221614,-1.0886193958178032,-1.082376443009607,-1.0742905972101666,-1.0132353013573572,-0.969562659668767,-1.0834325399222933,-0.9968614324729234,-1.070882093839026,-1.056954405640211,-1.1003936943106771,-1.0805174375037854,-0.9689322116603468,-1.0886388980043162,-1.0905333800124997,-0.9923113659740233,-1.097981144713646,-1.0828326559715722,-1.0848050805968672,-1.108905829419392,-1.0877605165774946,-0.08572961197044983,-1.096174359648849,-1.0955532052813406,-1.1155243594032664,-1.095852801992718,-0.996947948849381,-0.9693858937906097,-1.034114220330355,-1.0845088273309156,-1.0524988908895474,-1.0911636537925253,0.0683061915615501,-1.0609787514069253,-1.086197635566734,-1.0700657838393592,-0.9809954532983819,-1.0918665773720677,-0.9883783129983963,-0.5567771649665584,-1.1099083016107636,-0.9884044411400749,-0.9913843340421898,-0.042223416015498456,-1.0891429379642465,-1.0984990790287406,-1.0990100608702418,-1.0914194722760764,-1.1244130033090143,-1.0991961091662772,-1.0921990269186286,-0.9923009654691672,-0.9810837351635202,-0.9990135604579371,-1.0907882310280368,-1.080432052075791,-1.0992269119629836,-1.044579121085225,-1.092105709158756,-1.072509792554303,-1.0894675897745831,-1.0987395585860544,0.619130490680611,-1.0517221814001663,-1.0910940585805202,-0.987938986878076,-1.0845928260289341,-0.9817541275462791,-1.082376260882078,-1.0521548715790054,-0.9805909284825435,-1.083410591559448,-1.0908188291753005,-1.071522069533282,-1.0915409368119162,-1.1005847342165636,-1.0610076154531818,-0.9945717618638091,-1.0800949121824697,-0.9966010542839572,-1.0747461791477502,-1.1156739247385512,-0.9630924824201454,-1.0924274072972104,-1.0575685554972918,-1.0833073595991858,-0.4780316631623288,-1.0617298179337313,-1.0045612937767252,-0.9889002120924237,-1.085395192979807,-1.0856116498105919,-0.9893684324534727,-0.9949481614559482,-1.0166689847570864,-1.0518098666545286,-1.0898338198726656,-1.0906563932687579,-1.076541652571327,-1.0608528674373336,-1.0849405247799402,-1.0884964240379993,-1.0852901706574811,-1.0937880057261034,-0.995380849812467,-1.0842929976768285,-0.9891693342112426,-1.0833353811290862,-1.0911276930767917,-1.070401078508611,-1.1090660542975492,-1.0437936174233493,-1.0957741356635582,-0.7764919506594737,-1.091422152089542,-1.0917868285590542,-1.0849099428263107,-1.0709590013748407,-1.0890596330203743,-1.070511113145546,-1.0851917819051962,-1.0068789320821476,-1.0867192770226068,-1.0175565161507252,-1.0776010538295473,-0.11066426808372769,-1.0849850602360218,-1.0708222286387237,-1.0848195783054873
272,1519070390,-0.9684405167177392,-1.0775302513221614,-1.0886193958178032,-1.082376443009607,-1.0736998114999223,-1.0132353013573572,-0.969562659668767,-1.0834325399222933,-0.9968614324729234,-1.070882093839026,-1.056954405640211,-1.1003936943106771,-1.0804967221269148,-0.9689322116603468,-1.0886388980043162,-1.0905333800124997,-0.9923113659740233,-1.097981144713646,-1.0828326559715722,-1.0848050805968672,-1.108905829419392,-1.0877605165774946,-0.08572961197044983,-1.096174359648849,-1.0955532052813406,-1.1155243594032664,-1.095852801992718,-0.996947948849381,-0.9693858937906097,-1.034114220330355,-1.0845088273309156,-1.0524988908895474,-1.0911636537925253,0.2905331224789917,-1.0609787514069253,-1.086197635566734,-1.0700657838393592,-0.9809954532983819,-1.0918665773720677,-0.9883783129983963,-0.5567771649665584,-1.1099083016107636,-0.9884044411400749,-0.990636680278949,-0.042223416015498456,-1.0891429379642465,-1.0984990790287406,-1.0990100608702418,-1.0914194722760764,-1.1243906333126525,-1.0991961091662772,-1.0921990269186286,-0.9923009654691672,-0.9810837351635202,-0.998316508869627,-1.0907882310280368,-1.080432052075791,-1.0992269119629836,-1.044579121085225,-1.092105709158756,-1.072509792554303,-1.0894675897745831,-1.0987395585860544,0.6259853012040802,-1.0517221814001663,-1.090584638735141,-0.987938986878076,-1.0845928260289341,-0.9817541275462791,-1.082376260882078,-1.0521548715790054,-0.9805909284825435,-1.083410591559448,-1.0908188291753005,-1.071522069533282,-1.0915409368119162,-1.1005847342165636,-1.0610076154531818,-0.9945717618638091,-1.0800949121824697,-0.9966010542839572,-1.0747461791477502,-1.1156739247385512,-0.9630924824201454,-1.0924274072972104,-1.0575685554972918,-1.0833073595991858,-0.4780316631623288,-1.0617298179337313,-1.0045612937767252,-0.9889002120924237,-1.085395192979807,-1.0856116498105919,-0.9893684324534727,-0.9949481614559482,-1.0166689847570864,-1.0518098666545286,-1.0898338198726656,-1.0906563932687579,-1.076541652571327,-1.0608528674373336,-1.0849405247799402,-1.0884964240379993,-1.0852901706574811,-1.0937880057261034,-0.995380849812467,-1.0842929976768285,-0.9891693342112426,-1.0833353811290862,-1.0911276930767917,-1.070401078508611,-1.1090660542975492,-1.0437936174233493,-1.0957741356635582,-0.7764919506594737,-1.091422152089542,-1.0917868285590542,-1.0849099428263107,-1.0709590013748407,-1.0890596330203743,-1.070511113145546,-1.0851917819051962,-1.0068789320821476,-1.0867192770226068,-1.0175565161507252,-1.0776010538295473,-0.11066426808372769,-1.0849850602360218,-1.0708222286387237,-1.0848195783054873
273,1519070395,-0.9670457303616733,-1.076368777550258,-1.0866392534825584,-1.0812524154033247,-1.0713366686589454,-1.0118030243137712,-0.9681669512063139,-1.0817048573350905,-0.9954842041336702,-1.0684577603218468,-1.055185040586051,-1.0983038247836452,-1.0787825246908755,-0.9675366668285977,-1.0866595013700335,-1.0892609246889908,-0.9909639678965779,-1.096189570720631,-1.081169369491692,-1.0835348213941338,-1.1068081596795791,-1.0857840215801329,-0.08572961197044983,-1.095535407829673,-1.0935721250598007,-1.113721505789076,-1.0938708186219328,-0.994862179502626,-0.9672947694924321,-1.031634750233781,-1.083262058057396,-1.0507338890828748,-1.089507161145291,-0.2094774720852519,-1.058850009464909,-1.0841630376162525,-1.0682445414710302,-0.9796570800882963,-1.0894176464577123,-0.9861376010935243,-0.5567771649665584,-1.1081097428730418,-0.9869019128311487,-0.9876460652259857,-0.042223416015498456,-1.0874046103929276,-1.096708848934058,-1.0972212890163604,-1.0888960220632617,-1.1216557208542224,-1.0956116600351473,-1.0894497913416894,-0.9895309076817665,-0.9784127865219849,-0.9948312509280764,-1.0891335671909153,-1.078926592100285,-1.0975706084389807,-1.04252488766748,-1.0889634839773004,-1.0694023542767952,-1.086572317563829,-1.0981020974266182,0.6157030854188763,-1.0499611778448237,-1.0880375395082444,-0.9864370279798459,-1.0833443872151796,-0.9804148958878828,-1.0806523617927253,-1.0495736029963165,-0.9783636149023952,-1.0814084885949442,-1.0891632701497105,-1.0697083340162044,-1.0894483149912728,-1.0989323081091678,-1.0583464810370506,-0.9931423852328107,-1.07835642771297,-0.9938161718878582,-1.0723808174094296,-1.113872027853763,-0.9628983138971388,-1.0903368381679417,-1.0552064882447942,-1.0815812379175276,-0.47801711674040037,-1.0596063051359237,-1.0045612937767252,-0.9866520696071113,-1.0837081814899006,-1.08307562082118,-0.9878741818361753,-0.992095884721947,-1.0159432510887327,-1.0497461802575123,-1.0877957949640678,-1.0890067451643566,-1.0746706062986175,-1.0587215008907198,-1.083254674302771,-1.086518326302927,-1.083604910783244,-1.0926601029760912,-0.994666509199587,-1.0830453703261518,-0.9876689757546077,-1.081609130490443,-1.0899981702477228,-1.0691571792903454,-1.1069690173246207,-1.0417425549334474,-1.093299230354681,-0.7760146830448094,-1.0892156616649666,-1.089694659972816,-1.0830078352672012,-1.068598279699148,-1.0873202335935714,-1.0687411427246265,-1.0839218549388383,-1.005953982873734,-1.084685092409441,-1.0170011421436194,-1.0763570505195192,-0.11066426808372769,-1.0824917010379758,-1.0690044976838313,-1.0836947373066488
274,1519070401,-0.9656509440056075,-1.074045830006451,-1.0846591111473138,-1.0801283877970422,-1.0701550972384568,-1.0103707472701855,-0.9667712427438607,-1.079977174747888,-0.992729747455164,-1.0666395101839623,-1.0534156755318913,-1.0956914878748554,-1.076143903561987,-0.9661411219968487,-1.08418525557718,-1.087988469365482,-0.9896165698191325,-1.094397996727616,-1.0800605118384385,-1.0816294325900335,-1.104710489939766,-1.0833134028334308,-0.08572961197044983,-1.0942575041913214,-1.091095774782876,-1.1119186521748854,-1.0913933394084512,-0.9927764101558709,-0.9659006866269805,-1.0296511741565217,-1.0807685195103565,-1.0489688872762022,-1.0867463400665667,0.012749458832189704,-1.0561890820373885,-1.0826370891533914,-1.0664232991027014,-0.9783187068782108,-1.0869687155433567,-0.984643793156943,-0.5567771649665584,-1.1051121449768386,-0.9861506486766857,-0.9854031039362634,-0.042223416015498456,-1.0845073977740622,-1.094321875474481,-1.0942400025932248,-1.088265159510058,-1.1188363796998457,-1.092624619092539,-1.087800249995526,-0.9874533643412161,-0.9770773122012172,-0.9927400961631462,-1.0874789033537935,-1.076919312132944,-1.0959143049149778,-1.0404706542497346,-1.086344962992754,-1.0681593789657922,-1.0848351542373764,-1.0968271751077459,0.6157030854188763,-1.048200174289481,-1.0865092799721066,-0.9856860485307308,-1.080223290180793,-0.9784060484002882,-1.0783538296735882,-1.0475085881301653,-0.9768787391822964,-1.0794063856304403,-1.08695585811559,-1.0666854414877414,-1.0873556931706294,-1.097279882001772,-1.0562175735041455,-0.9917130086018122,-1.0766179432434706,-0.991727510090784,-1.0711981365402692,-1.112070130968975,-0.9626556032433803,-1.087723626756356,-1.0534349378054209,-1.0798551162358692,-0.47799966103408625,-1.0569519141386643,-1.0045612937767252,-0.9859026887786737,-1.081458832836692,-1.0811735990791211,-0.9856328059102292,-0.9906697463549464,-1.0130403164153179,-1.0476824938604958,-1.0862672762826195,-1.0873570970599555,-1.0734232421168113,-1.056590134344106,-1.0821307739846577,-1.084540228567855,-1.0819196509090068,-1.091532200226079,-0.9918091467480666,-1.081797742975475,-0.9869187965262902,-1.0793074629722517,-1.0888686474186542,-1.0679132800720794,-1.1048719803516922,-1.0396914924435454,-1.0913193061075792,-0.7755374154301451,-1.087560793846535,-1.087079449240018,-1.081739763561128,-1.0674179188613018,-1.0844212345489,-1.0675611624440136,-1.080747037522944,-1.0050290336653207,-1.083159453949567,-1.015890394129408,-1.0751130472094912,-0.11066426808372769,-1.0812450214389528,-1.0659749460923442,-1.0820074758083915
275,1519070406,-0.9628613712934757,-1.0711421455766925,-1.0806988264768242,-1.0778803325844777,-1.0672011686872354,-1.006790054661221,-0.9639798258189546,-1.0765218095734825,-0.9885980624374046,-1.0630030099081935,-1.0498769454235717,-1.091511748820792,-1.0739843255232304,-0.9633500323333506,-1.0797316131500438,-1.0860797863802187,-0.986248074625519,-1.089620466079576,-1.0772883677053051,-1.0784537845832,-1.1005151504601398,-1.0793604128387075,-0.08572961197044983,-1.0923406487337937,-1.0871336143397963,-1.107711993741774,-1.0874293726668807,-0.9899953843601976,-0.9624154794633513,-1.026675810040633,-1.0776515963265574,-1.0454388836628568,-1.082329026340608,-0.15392073935589148,-1.051931598153356,-1.0811111406905303,-1.0627808143660433,-0.9756419604580396,-1.0830504260803882,-0.9816561772837803,-0.5567771649665584,-1.1015150275013947,-0.9831455920588336,-0.9839077964097818,-0.042223416015498456,-1.0810307426314238,-1.0907414152851158,-1.0894699443162077,-1.0851108467440398,-1.1160495111208333,-1.0890401699614094,-1.084501167303199,-0.9839907921069653,-0.9737386263992981,-0.9906489413982159,-1.0830664664548024,-1.073908392181932,-1.092601697866972,-1.0363621874142441,-1.08215532941748,-1.0650519406882843,-1.0807817731423208,-1.0949147916294373,0.6054208696336724,-1.0435041648085674,-1.0839621807452102,-0.9826821307342706,-1.0758537543326518,-0.974388353425099,-1.0749060314948828,-1.043378558397863,-0.9731665498820492,-1.0749016539603067,-1.0836447400644098,-1.0630579704535859,-1.0826472940741818,-1.0939750297869804,-1.0519597584383353,-0.9895689436553146,-1.0719819846581384,-0.988942627694685,-1.0688327748019486,-1.1084663371993986,-0.9622672661973669,-1.0824972039331844,-1.0498918369266743,-1.0746767511908943,-0.4779763867590007,-1.0527048885430492,-1.0045612937767252,-0.9821557846364861,-1.0792094841834838,-1.0786375700897095,-0.9826443046756342,-0.9871044004374449,-1.0094116480735496,-1.043555121066463,-1.0837197451468723,-1.0840578008511532,-1.0709285137531988,-1.0517945596142249,-1.0798829733484319,-1.0795949842301746,-1.0791108844519448,-1.0892763947260549,-0.9875231030707862,-1.0768072335727679,-0.9839180796130205,-1.0747041279358696,-1.086609601760517,-1.0648035320264146,-1.100153647162603,-1.0350766018412658,-1.0868644765516002,-0.7745828802008163,-1.0836994356035283,-1.0828951120675416,-1.0798376560020186,-1.0656473776045323,-1.0809424356952944,-1.0657911920230942,-1.0788421470734073,-1.003179135248494,-1.0816338154896927,-1.0142242721080907,-1.0720030389344213,-0.11066426808372769,-1.0775049826418839,-1.0623394841825595,-1.0791953733112956
276,1519070412,-0.9614665849374098,-1.069980671804789,-1.0782236485577683,-1.0767563049781952,-1.0654288115565025,-1.0060739161394279,-0.9618862631252749,-1.0736423385948115,-0.9865322199285248,-1.0611847597703092,-1.0469280036666386,-1.08942187929376,-1.0724073674589585,-0.9605589426698525,-1.0772573673571906,-1.08480733105671,-0.9849006765480737,-1.087231700755556,-1.0761795100520517,-1.0765483957790998,-1.0973686458504202,-1.0773839178413458,-0.08572961197044983,-1.091062745095442,-1.0846572640628716,-1.1059091401275836,-1.0854473892960954,-0.9872143585645243,-0.9603243551651738,-1.0251881279826887,-1.0751580577795181,-1.0436738818561841,-1.0806725336933736,-0.7094880666494955,-1.0498028562113395,-1.0795851922276691,-1.0597454104188282,-0.9729652140378685,-1.0810912813489038,-0.9786685614106176,-0.5567771649665584,-1.099716468763673,-0.9801405354409813,-0.9809171813568185,-0.042223416015498456,-1.0792924150601049,-1.0871609550957504,-1.0876811724623263,-1.0838491216376325,-1.1133117122112595,-1.0872479453958444,-1.0823017788416478,-0.9812207343195647,-0.9724031520785303,-0.9878607350449755,-1.0814118026176809,-1.0724029322064261,-1.0909453943429688,-1.034307953996499,-1.0800605126298428,-1.0631874777217796,-1.0790446098158681,-1.093639869310565,0.5951386538484683,-1.0417431612532249,-1.0824339212090723,-0.9819311512851555,-1.074605315518897,-0.9723795059375044,-1.072607499375746,-1.041313543531712,-0.970939236301901,-1.0728995509958028,-1.0814373280302896,-1.060035077925123,-1.0800315167983776,-1.0923226036795846,-1.0498308509054302,-0.9867101903933176,-1.0702435001886388,-0.986157745298586,-1.065876072629048,-1.1048625434298223,-0.9620730976743601,-1.0804066348039156,-1.0481202864873012,-1.07237525561535,-0.477964749621458,-1.049519619346338,-1.0045612937767252,-0.9799076421511737,-1.0780848098568796,-1.0773695555950036,-0.980402928749688,-0.9863913312539445,-1.0072344470684884,-1.0404595914709387,-1.081172214011125,-1.082408152746752,-1.0690574674804891,-1.0491303514309576,-1.0781971228712623,-1.0771223620613344,-1.07798737786912,-1.088148491976043,-0.986094421845026,-1.0755596062220911,-0.9816675419280682,-1.0724024604176783,-1.085480078931448,-1.063559632808149,-1.0980566101896745,-1.0330255393513639,-1.0848845523044985,-0.7739465233812639,-1.0814929451789528,-1.079756859188184,-1.0779355484429092,-1.0638768363477629,-1.0786232364595572,-1.0646112117424813,-1.0775722201070494,-1.0022541860400807,-1.079599630876527,-1.0131135240938791,-1.0707590356243932,-0.11066426808372769,-1.0756349632433495,-1.0605217532276672,-1.076945691313619
277,1519070418,-0.958677012225278,-1.0688191980328856,-1.0732732927196567,-1.0739462359624894,-1.0630656687155253,-1.0017770850086705,-0.9597927004315953,-1.0690351850289377,-0.9837777632500185,-1.0593665096324247,-1.043389273558319,-1.0847196728579385,-1.0697765145963964,-0.958465625422229,-1.0752779707229077,-1.0816261927479378,-0.9815321813544602,-1.083648552769526,-1.0739617947455449,-1.0746430069749997,-1.093173306370794,-1.0749132990946437,-0.08572961197044983,-1.0878679859995626,-1.0826761838413317,-1.1011015304897422,-1.08346540592531,-0.982347563422096,-0.958930272299722,-1.0232045519054296,-1.0726645192324789,-1.0389672103717238,-1.0790160410461391,-1.765065988507343,-1.0450131868418029,-1.0760246458143268,-1.0561029256821703,-0.9709576542227402,-1.0786423504345481,-0.975680945537455,-0.5567771649665584,-1.0955198317089885,-0.9778867429775923,-0.9756836050141329,-0.042223416015498456,-1.0775540874887857,-1.0829837515414908,-1.0841036287545636,-1.0819565339780215,-1.1105955616852619,-1.083066088076193,-1.078452849033933,-0.9770656476384637,-0.9710676777577627,-0.9822843223384946,-1.0797571387805591,-1.0708974722309201,-1.0865285849456277,-1.029685928806572,-1.0753471748576595,-1.0594585517887702,-1.0773074464894157,-1.0891776411945118,0.4546150381173473,-1.0382211541425395,-1.0793774021367966,-0.9789272334886954,-1.0733568767051425,-0.9710402742791081,-1.070308967256609,-1.036667260082872,-0.9672270470016539,-1.0708974480312992,-1.0781262099791091,-1.0564076068909676,-1.075846273157091,-1.0879161340598624,-1.0477019433725252,-0.98456612544682,-1.0685050157191391,-0.9819804217044374,-1.0641020513253074,-1.101258749660246,-0.9615876763668434,-1.0762254965453784,-1.0433961519823058,-1.0706491339336917,-0.4779502031995296,-1.045272593750723,-1.0045612937767252,-0.9784088804942986,-1.0758354612036711,-1.0754675338529447,-0.9759201768977958,-0.984965192886944,-1.0043315123950738,-1.036332218676906,-1.0791341891025272,-1.0785589738364827,-1.0646916928441672,-1.0459333016110368,-1.0759493222350365,-1.075144264326262,-1.0757403647034705,-1.0842008323510004,-0.9846657406192658,-1.073688165196076,-0.9794170042431158,-1.070676209779035,-1.0826562718587764,-1.059827935153351,-1.0933382770005853,-1.0289234143715598,-1.0829046280573966,-0.7734692557665995,-1.0781832095420898,-1.0750494798691481,-1.0753994050307631,-1.060925934253147,-1.0768838370327545,-1.0604812807603359,-1.0756673296575128,-1.0004042876232537,-1.0765483539567784,-1.010892028065456,-1.065783022384281,-0.11066426808372769,-1.072518264245792,-1.056280380999585,-1.0746960093159423
278,1519070423,-0.9565848326911792,-1.0670769873750305,-1.0732732927196567,-1.0739462359624894,-1.0612933115847925,-1.0003448079650845,-0.9576991377379156,-1.0690351850289377,-0.9817119207411389,-1.055123925977361,-1.043389273558319,-1.0847196728579385,-1.0697195473100025,-0.9570700805904799,-1.0728037249300544,-1.0816261927479378,-0.9795110842382921,-1.083648552769526,-1.0739617947455449,-1.0746430069749997,-1.093173306370794,-1.072936804097282,-0.08572961197044983,-1.0878679859995626,-1.0806951036197918,-1.1011015304897422,-1.0809879267118285,-0.980261794075341,-0.9568391480015446,-1.0217168698474852,-1.0726645192324789,-1.0389672103717238,-1.0773595483989045,-1.8206227212367034,-1.0450131868418029,-1.0744986973514656,-1.0542816833138413,-0.9696192810126546,-1.0766832057030638,-0.9741871376008737,-0.5567771649665584,-1.0955198317089885,-0.9763842146686661,-0.9741882974876512,-0.042223416015498456,-1.0752363173936934,-1.0829837515414908,-1.0841036287545636,-1.0819565339780215,-1.1078729166441912,-1.083066088076193,-1.078452849033933,-0.9749881042979132,-0.9690644662766112,-0.9801931675735643,-1.0781024749434374,-1.0693920122554141,-1.0865285849456277,-1.029685928806572,-1.0753471748576595,-1.0594585517887702,-1.0749912287208125,-1.0891776411945118,0.5471549801841831,-1.0382211541425395,-1.0778491426006587,-0.9759233156922351,-1.0714842184845106,-0.9690314267915134,-1.0685850681672562,-1.036667260082872,-0.965742171281555,-1.0688953450667953,-1.0781262099791091,-1.0564076068909676,-1.075846273157091,-1.0873653253573972,-1.0445085820731674,-0.9831367488158215,-1.0667665312496397,-0.9798917599073632,-1.062328030021567,-1.101258749660246,-0.9615876763668434,-1.0762254965453784,-1.0433961519823058,-1.0689230122520335,-0.4779385660619868,-1.045272593750723,-1.0045612937767252,-0.9761607380089861,-1.0758354612036711,-1.0754675338529447,-0.9744259262804983,-0.982825985336443,-1.0028800450583664,-1.036332218676906,-1.0776056704210788,-1.0785589738364827,-1.0646916928441672,-1.043801935064423,-1.0759493222350365,-1.07316616659119,-1.0757403647034705,-1.0842008323510004,-0.9832370593935057,-1.0724405378453992,-0.9771664665581634,-1.068374542260844,-1.0826562718587764,-1.059827935153351,-1.0933382770005853,-1.0284106487490843,-1.0804297227485196,-0.7728328989470471,-1.0781832095420898,-1.0750494798691481,-1.0753994050307631,-1.0597455734153007,-1.0751444376059516,-1.059301300479723,-1.0756673296575128,-0.9994793384148404,-1.075022715496904,-1.0097812800512447,-1.065161020729267,-0.11066426808372769,-1.072518264245792,-1.056280380999585,-1.0746960093159423
279,1519070429,-0.9551900463351134,-1.0647540398312236,-1.0707981148006007,-1.072822208356207,-1.0595209544540598,-0.9989125309214988,-0.9563034292754625,-1.066731608246001,-0.9789574640626326,-1.0526995924601819,-1.0416199085041593,-1.0826298033309065,-1.0673528155025402,-0.9556745357587308,-1.0708243282957715,-1.0809899650861834,-0.9781636861608467,-1.081856978776511,-1.0728529370922915,-1.0721024885695327,-1.0910756366309808,-1.0709603090999202,-0.08572961197044983,-1.086590082361211,-1.078218753342867,-1.0992986768755517,-1.079005943341043,-0.978176024728586,-0.955445065136093,-1.0192373997509112,-1.071417749958959,-1.0372022085650512,-1.0751508915359251,-1.4317255921311807,-1.0423522594142824,-1.0724640994009842,-1.0524604409455123,-0.968280907802569,-1.0742342747887084,-0.9719464256960016,-0.5567771649665584,-1.0937212729712664,-0.9756329505142031,-0.9719453361979289,-0.042223416015498456,-1.0734979898223744,-1.0794032913521256,-1.0823148569006822,-1.0806948088716142,-1.1050802751628919,-1.081273863510628,-1.0762534605723817,-0.9722180465105126,-0.9677289919558436,-0.9781020128086341,-1.0758962564939418,-1.0668829122962376,-1.0848722814216247,-1.027631695388827,-1.0732523580700224,-1.056972601166764,-1.0732540653943599,-1.0879027188756394,0.5882838433249991,-1.0364601505871969,-1.0758114632191416,-0.97517233624312,-1.0696115602638787,-0.9676921951331171,-1.0668611690779035,-1.0346022452167207,-0.9627724198413574,-1.0668932421022914,-1.076470650953519,-1.052780135856812,-1.0737536513364476,-1.085162090547536,-1.041847447657036,-0.981707372184823,-1.06502804678014,-0.977803098110289,-1.0605540087178265,-1.0994568527754578,-0.9613935078438366,-1.0741349274161098,-1.0416246015429325,-1.067196890570375,-0.4779240196400584,-1.0420873245540117,-1.0045612937767252,-0.9754113571805485,-1.0741484497137648,-1.0741995193582388,-0.9729316756632008,-0.9813998469694424,-0.9999771103849515,-1.0342685322798897,-1.0755676455124812,-1.0763594430306145,-1.063444328662361,-1.0416705685178091,-1.074263471757867,-1.071188068856118,-1.0746168581206457,-1.0830729296009884,-0.9818083781677456,-1.0705690968193842,-0.976416287329846,-1.0666482916222007,-1.0815267490297078,-1.0573401367168194,-1.0912412400276568,-1.0263595862591823,-1.0784497985014179,-0.7720374529226065,-1.0759767191175145,-1.0719112269897908,-1.0734972974716535,-1.057384851739608,-1.0728252383702144,-1.056941339918497,-1.073762439207976,-0.9980919146022204,-1.0729885308837384,-1.0081151580299275,-1.063295015764225,-0.11066426808372769,-1.0706482448472574,-1.053250829408098,-1.0724463273182658
280,1519070435,-0.9537952599790475,-1.0630118291733686,-1.068817972465356,-1.0716981807499246,-1.0571578116130826,-0.9974802538779128,-0.9549077208130095,-1.0650039256587982,-0.9768916215537529,-1.0508813423222976,-1.0398505434499994,-1.0800174664221167,-1.0651181442226276,-0.9542789909269819,-1.0688449316614888,-1.0797175097626746,-0.9761425890446787,-1.0794682134524913,-1.071744079439038,-1.0708322293667993,-1.0889779668911679,-1.0689838141025587,-0.08572961197044983,-1.085951130542035,-1.0762376731213272,-1.096894872056631,-1.0765284641275616,-0.9753949989329126,-0.9533539408379154,-1.0177497176929668,-1.0689242114119197,-1.0354372067583786,-1.0734943988886907,-1.2650553939430995,-1.039691331986762,-1.070938150938123,-1.0506391985771832,-0.9669425345924835,-1.072275130057224,-0.9704526177594204,-0.5567771649665584,-1.0907236750750633,-0.974130422205277,-0.9704500286714473,-0.042223416015498456,-1.0711802197272822,-1.0776130612574428,-1.0805260850468008,-1.0800639463184105,-1.1022919633583075,-1.0794816389450632,-1.0746039192262182,-0.9694479887231119,-0.9663935176350759,-0.9760108580437037,-1.0736900380444463,-1.0653774523207316,-1.0832159778976218,-1.0255774619710818,-1.0711575412823853,-1.055729625855761,-1.0709378476257567,-1.0872652577162032,0.598566059110203,-1.0346991470318543,-1.0737737838376245,-0.9736703773448899,-1.0677389020432466,-0.9656833476455225,-1.0651372699885508,-1.0325372303505695,-0.9605451062612091,-1.0648911391377875,-1.0742632389193987,-1.0509664003397343,-1.0711378740606434,-1.0835096644401403,-1.0397185401241311,-0.9809926838693238,-1.0632895623106404,-0.9757144363132148,-1.0581886469795057,-1.0976549558906696,-0.9608595444055682,-1.072044358286841,-1.0398530511035593,-1.0643200211009445,-0.4779123825025156,-1.0399638117562042,-1.0045612937767252,-0.973163214695236,-1.0724614382238584,-1.0722974976161799,-0.969943174428606,-0.9799737086024418,-0.9985256430482442,-1.0322048458828732,-1.0735296206038833,-1.0747097949262132,-1.0615732823896513,-1.0395392019711953,-1.073139571439754,-1.0687154466872777,-1.0729315982464085,-1.0819450268509763,-0.9796653563291053,-1.0680738421180305,-0.9749159288732111,-1.0649220409835571,-1.080397226200639,-1.0560962374985534,-1.088619943811496,-1.0243085237692804,-1.0759748931925406,-0.7715601853079421,-1.074321851299083,-1.0698190584035525,-1.072863261618617,-1.0550241300639154,-1.0710858389434115,-1.055761359637884,-1.0718575487584394,-0.9943921177685667,-1.0709543462705726,-1.0053382879943986,-1.0620510124541969,-0.11066426808372769,-1.0694015652482345,-1.0508271881349083,-1.0713214863194276
281,1519070440,-0.9524004736229815,-1.061850355401465,-1.0668378301301111,-1.070012139340501,-1.0547946687721055,-0.9946156997907412,-0.9521163038881032,-1.0632762430715956,-0.9748257790448732,-1.049063092184413,-1.0380811783958397,-1.077927596895085,-1.0624070192746922,-0.9521856736793582,-1.0658758367100647,-1.0778088267774113,-0.9734477928897879,-1.0764822567974663,-1.0700807929591578,-1.069561970164066,-1.0863558797164015,-1.067007319105197,-0.08572961197044983,-1.0846732269036832,-1.0742565928997874,-1.0950920184424404,-1.0735554890713837,-0.9733092295861576,-0.9519598579724637,-1.0162620356350225,-1.0670540575016403,-1.0336722049517058,-1.0718379062414563,-0.7650447993788558,-1.0375625900447456,-1.069412202475262,-1.0488179562088542,-0.9649349747773551,-1.0703159853257396,-0.9689588098228391,-0.5567771649665584,-1.0889251163373415,-0.9718766297418879,-0.9689547211449656,-0.042223416015498456,-1.0682830071084168,-1.0758228311627602,-1.077544798623665,-1.0775404961055959,-1.0994646844632865,-1.0776894143794982,-1.0729543778800548,-0.9666779309357113,-0.9650580433143082,-0.9739197032787734,-1.0720353742073248,-1.0633701723533904,-1.0815596743736189,-1.0235232285533364,-1.0690627244947482,-1.0544866505447579,-1.0692006842993043,-1.0853528742378946,0.6054208696336724,-1.0317641411062832,-1.0717361044561071,-0.9721684184466598,-1.066490463229492,-0.9643441159871261,-1.0634133708991982,-1.0304722154844184,-0.9575753548210114,-1.0618879846910318,-1.0720558268852785,-1.0491526648226566,-1.0685220967848392,-1.0818572383327447,-1.037589632591226,-0.978848618922826,-1.060392088194808,-0.9736257745161405,-1.055823285241185,-1.0946517944160228,-0.9606168337518097,-1.0694311468752553,-1.038081500664186,-1.0625938994192863,-0.47790074536497285,-1.0378402989583966,-1.0045612937767252,-0.9716644530383609,-1.0713367638972542,-1.071029483121474,-0.9684489238113085,-0.9792606394189415,-0.9963484420431831,-1.030141159485857,-1.0714915956952855,-1.0730601468218122,-1.060325918207845,-1.0374078354245815,-1.0714537209625845,-1.0662428245184374,-1.0718080916635837,-1.080253172725958,-0.9782366751033451,-1.0668262147673537,-0.9726653911882588,-1.0620449565858183,-1.0792677033715703,-1.0542303886711546,-1.0865229068385676,-1.0217446956569027,-1.0739949689454389,-0.7709238284883896,-1.0721153608745078,-1.0677268898173142,-1.0703271182064709,-1.0526634083882227,-1.0693464395166088,-1.0539913892169646,-1.0705876217920818,-0.9934671685601534,-1.068920161657407,-1.0042275399801872,-1.0601850074891548,-0.11066426808372769,-1.0669082060501884,-1.049009457180016,-1.0701966453205891
282,1519070446,-0.9489135077328169,-1.057785197199803,-1.0623825098758106,-1.067202070324795,-1.0512499545106397,-0.9917511457035695,-0.9486270327319705,-1.0586690895057218,-0.9713827081967403,-1.0454265919086443,-1.0327730832333601,-1.0737478578410213,-1.059734735658389,-0.9486968115999856,-1.061917043441499,-1.0746276884686392,-0.9700792976961744,-1.0728991088114364,-1.067863077652651,-1.0676565813599657,-1.0821605402367753,-1.0625602053611332,-0.08572961197044983,-1.080839515988628,-1.0693038923459377,-1.0914863112140594,-1.0690960264871168,-0.9691376908926476,-0.9491716922415604,-1.0132866715191335,-1.0639371343178412,-1.0272005316605728,-1.0679727567312425,-1.4317255921311807,-1.033305106160713,-1.0658516560619196,-1.0439613098933103,-0.9615890417521412,-1.0663976958627708,-0.9644773860130951,-0.5567771649665584,-1.0853279988618976,-0.9688715731240357,-0.96372114480228,-0.042223416015498456,-1.0636474669182325,-1.072242370973395,-1.073370997631275,-1.075647908445985,-1.0966316326659786,-1.073507557059847,-1.0696552951877278,-0.9625228442546103,-0.962387094672773,-0.9683432905722926,-1.0687260465330815,-1.0598574324105432,-1.0771428649762775,-1.0173605283001008,-1.0643493867225648,-1.05137921226725,-1.0645682487620975,-1.0808906461218415,0.32780104343316496,-1.0270681316253696,-1.0681701655384521,-0.9691645006501995,-1.0633693661951054,-0.9616656526703333,-1.0588163066609242,-1.0258259320355785,-0.9546056033808138,-1.0568827272797723,-1.068744708834098,-1.0449206152828086,-1.0643368531435524,-1.0780015774154879,-1.0333318175254158,-0.9752751773453299,-1.0551766347863092,-0.9687522303229672,-1.0528665830682842,-1.0910480006464465,-0.9601799545750446,-1.0647273663344008,-1.0333573661591906,-1.0591416560559697,-0.4778774710898874,-1.0330623951633298,-1.0045612937767252,-0.9694163105530484,-1.0690874152440457,-1.0684934541320623,-0.964713297268065,-0.9771214318684406,-0.9934455073697683,-1.024981943493316,-1.0684345583323889,-1.0692109679115427,-1.055960143571523,-1.032079419058047,-1.068643970167302,-1.0622866290482933,-1.068999325206522,-1.0763055131009158,-0.976093653264705,-1.063707146390662,-0.9689144950466716,-1.0585924553085315,-1.0758791348843642,-1.050498691016357,-1.0823288328927103,-1.0171298050546234,-1.06954013938946,-0.7699692932590609,-1.0682540026315008,-1.0635425526448377,-1.0677909747943248,-1.0503026867125302,-1.0641282412362,-1.0504514483751257,-1.068682731342545,-0.9911547955391199,-1.0658688847376585,-1.0014506699446584,-1.0564529975590708,-0.11066426808372769,-1.063791507052631,-1.0453739952702312,-1.0679469633229126
283,1519070451,-0.947518721376751,-1.0566237234278995,-1.0604023675405658,-1.0660780427185128,-1.0512499545106397,-0.9896027301381908,-0.9472313242695173,-1.0569414069185192,-0.9693168656878607,-1.0442144251500547,-1.0310037181792004,-1.0711355209322315,-1.0573990769162327,-0.9473012667682367,-1.0599376468072164,-1.0733552331451304,-0.9680582005800064,-1.0711075348184214,-1.066199791172771,-1.067021451758599,-1.0800628704969621,-1.060089586614431,-0.08572961197044983,-1.0789226605311004,-1.067322812124398,-1.0884815551904086,-1.0671140431163315,-0.9691376908926476,-0.9477776093761087,-1.0117989894611892,-1.0626903650443216,-1.0254355298539002,-1.0663162640840078,-0.26503420481461226,-1.0317085497042007,-1.0658516560619196,-1.0421400675249812,-0.9602506685420557,-1.0644385511312864,-0.9644773860130951,-0.5567771649665584,-1.082929920544935,-0.9673690448151097,-0.96372114480228,-0.042223416015498456,-1.0619091393469133,-1.0704521408787122,-1.0715822257773937,-1.073755320786374,-1.0938519802148245,-1.0705205161172386,-1.0680057538415644,-0.9618303298077602,-0.9597161460312376,-0.9683432905722926,-1.0670713826959597,-1.0583519724350372,-1.0754865614522746,-1.015819853236792,-1.0617308657380184,-1.0501362369562468,-1.0622520309934942,-1.079615723802969,0.6259853012040802,-1.025307128070027,-1.0681701655384521,-0.9676625417519694,-1.0614967079744735,-0.960326421011937,-1.0565177745417873,-1.024277170885965,-0.9538631655207643,-1.0548806243152684,-1.0670891498085078,-1.0437114582714233,-1.0622442313229092,-1.0757983426056268,-1.031735136875737,-0.9738458007143315,-1.0534381503168095,-0.9687522303229672,-1.052275242633704,-1.0892461037616583,-0.9599857860520379,-1.062636797205132,-1.0321763325329418,-1.0574155343743115,-0.4778658339523446,-1.031469760564974,-1.0045612937767252,-0.9679175488961734,-1.0679627409174415,-1.0665914323900034,-0.964713297268065,-0.973556085950939,-0.991994040033061,-1.0234341786955539,-1.0679250521052395,-1.0675613198071416,-1.0547127793897166,-1.0304808941480865,-1.067520069849189,-1.060308531313221,-1.0673140653322848,-1.0751776103509039,-0.9746649720389448,-1.0624595190399853,-0.9674141365900366,-1.0568662046698882,-1.0741848506407612,-1.0492547917980912,-1.0797075366765496,-1.0150787425647214,-1.0670652340805826,-0.7694920256443966,-1.0665991348130694,-1.0614503840585996,-1.0671569389412883,-1.0503026867125302,-1.0623888418093974,-1.0504514483751257,-1.0674128043761872,-0.9897673717264998,-1.0658688847376585,-1.0003399219304467,-1.0545869925940288,-0.11066426808372769,-1.0619214876540966,-1.0441621746336365,-1.0668221223240744
284,1519070457,-0.9461239350206851,-1.0543007758840928,-1.058422225205321,-1.0649540151122303,-1.0494775973799069,-0.9888865916163978,-0.9458356158070642,-1.0552137243313167,-0.9672510231789809,-1.0411840082535806,-1.0292343531250405,-1.0685231840234417,-1.0547682240536707,-0.9459057219364876,-1.0574634010143629,-1.072719005483376,-0.9667108025025609,-1.0693159608254064,-1.0650909335195176,-1.0644809333531322,-1.0779652007571492,-1.0581130916170693,-0.08572961197044983,-1.0776447568927487,-1.0648464618474731,-1.086678701576218,-1.0651320597455463,-0.9663566650969743,-0.9456864850779312,-1.00981541338393,-1.060820211134042,-1.0236705280472276,-1.0646597714367734,-0.04280727389717069,-1.0279832513056721,-1.0633084086238176,-1.0403188251566522,-0.9589122953319701,-1.061989620216931,-0.9614897701399324,-0.5567771649665584,-1.0805318422279724,-0.9658665165061835,-0.9622258372757984,-0.042223416015498456,-1.0601708117755941,-1.0686619107840296,-1.0686009393542582,-1.0724935956799666,-1.0910297526093047,-1.0687282915516738,-1.065806365380013,-0.9597527864672097,-0.9583806717104699,-0.9662521358073622,-1.0648651642464642,-1.056344692467696,-1.0738302579282717,-1.0132520614646103,-1.0596360489503815,-1.0476502863342407,-1.0605148676670417,-1.0783408014840967,0.6259853012040802,-1.022372122144456,-1.066132486156935,-0.9661605828537393,-1.060248269160719,-0.9589871893535405,-1.0547938754524346,-1.0211796485867384,-0.9516358519406161,-1.0528785213507645,-1.0648817377743875,-1.041293144248653,-1.0601516095022658,-1.074145916498231,-1.0285417755763795,-0.9731311123988322,-1.0516996658473101,-0.9652711273278435,-1.0505012213299636,-1.0874442068768702,-0.9597430753982795,-1.0600235857935463,-1.0292237484673197,-1.055689412692653,-0.4778483782460305,-1.0288153695677147,-1.0045612937767252,-0.9656694064108609,-1.0668380665908372,-1.0653234178952975,-0.9624719213421188,-0.9728430167674387,-0.9898168390279999,-1.0208545706992833,-1.0658870271966416,-1.0659116717027404,-1.0534654152079104,-1.0278166859648192,-1.0658342193720196,-1.058330433578149,-1.06619055874946,-1.0734857562258857,-0.9732362908131846,-1.06058807801397,-0.9659137781334017,-1.0539891202721494,-1.0724905663971582,-1.0480108925798253,-1.077610499703621,-1.0120021488298683,-1.065085309833481,-0.7690147580297322,-1.064392644388494,-1.0593582154723613,-1.0646207955291422,-1.0467616041989911,-1.0600696425736602,-1.0480914878138998,-1.0667778408930084,-0.9888424225180864,-1.06281760781791,-0.9992291739162353,-1.0533429892840007,-0.11066426808372769,-1.0594281284560505,-1.0405267127238518,-1.0651348608258169
285,1519070463,-0.9447291486646192,-1.0531393021121893,-1.0564420828700762,-1.063829987505948,-1.0482960259594183,-0.987454314572812,-0.9444399073446111,-1.0534860417441139,-0.9644965665004747,-1.0393657581156963,-1.0262854113681075,-1.0659108471146521,-1.0521011192815852,-0.9445101771047385,-1.0554840043800802,-1.0714465501598671,-0.9653634044251156,-1.0675243868323914,-1.0639820758662641,-1.062575544549032,-1.075867531017336,-1.0556424728703673,-0.08572961197044983,-1.0763668532543968,-1.0628653816259332,-1.0842748967572973,-1.0626545805320646,-0.963575639301301,-0.9442924022124795,-1.007335943287356,-1.0583266725870026,-1.0213171923049973,-1.0618989503580492,0.1794196570202709,-1.0258545093636557,-1.0612738106733361,-1.0384975827883232,-0.9575739221218845,-1.0595406893025754,-0.9592490582350605,-0.5567771649665584,-1.07813376391101,-0.9651152523517205,-0.9599828759860759,-0.042223416015498456,-1.057853041680502,-1.0662749373244527,-1.0668121675003768,-1.0712318705735593,-1.0882118546805,-1.0657412506090655,-1.063057129803074,-0.9576752431266592,-0.9570451973897023,-0.964160981042432,-1.0632105004093424,-1.05483923249219,-1.0716218532296011,-1.0106842696924287,-1.0564938237689259,-1.0451643357122344,-1.0587777043405893,-1.0770658791652243,0.6225578959423456,-1.0200241174039992,-1.0646042266207971,-0.9654096034046242,-1.0571271721263322,-0.9563087260367478,-1.0524953433332978,-1.0191146337205872,-0.9501509762205173,-1.0508764183862607,-1.0626743257402673,-1.0388748302258828,-1.0580589876816224,-1.07194268168837,-1.0264128680434743,-0.9717017357678338,-1.0499611813778105,-0.9631824655307692,-1.0493185404608034,-1.085642309992082,-0.959500364744521,-1.0579330166642777,-1.0274521980279465,-1.0528125432232225,-0.47783383182410205,-1.0261609785704553,-1.0045612937767252,-0.9649200255824233,-1.0640263807743267,-1.0634213961532386,-0.959483420107524,-0.9714168784004381,-0.9869139043545851,-1.0177590411037587,-1.0643585085151932,-1.0642620235983393,-1.0509706868442978,-1.0256853194182054,-1.06414836889485,-1.0558578114093087,-1.0645052988752228,-1.0723578534758735,-0.9696645877487843,-1.0587166369879548,-0.9651635989050843,-1.052262869633506,-1.0713610435680894,-1.0467669933615593,-1.0749892034874604,-1.0094383207174908,-1.0631053855863792,-0.7685374904150678,-1.0627377765700625,-1.0567430047395634,-1.0633527238230693,-1.0455812433611449,-1.0583302431468573,-1.045731527252674,-1.062968059993935,-0.9874549987054663,-1.0612919693580356,-0.9981184259020238,-1.0514769843189586,-0.11066426808372769,-1.0581814488570276,-1.0387089817689594,-1.0634475993275594
286,1519070468,-0.9426369691305204,-1.0519778283402859,-1.0539669049510205,-1.0627059598996655,-1.0441605259877085,-0.9853058990074333,-0.9430441988821581,-1.051182464961177,-0.9617421098219684,-1.0369414245985171,-1.0245160463139478,-1.0638209775876202,-1.0494366039316085,-0.942416859857115,-1.0530097585872267,-1.0701740948363583,-0.9633423073089475,-1.0639412388463614,-1.0623187893863841,-1.0613052853462985,-1.0732454438425698,-1.0536659778730055,-0.08572961197044983,-1.0750889496160452,-1.0608843014043936,-1.0824720431431067,-1.0606725971612794,-0.9594041006077909,-0.9428983193470278,-1.005352367210097,-1.0558331340399634,-1.0189638565627672,-1.0602424577108147,0.3460898552083521,-1.0237257674216393,-1.058221913747614,-1.0366763404199941,-0.956235548911799,-1.05709175838822,-0.9547676344253164,-0.5567771649665584,-1.076335205173288,-0.9621101957338684,-0.9569922609331127,-0.042223416015498456,-1.056114714109183,-1.0632912204999816,-1.0644271383618682,-1.0693392829139483,-1.085393956751695,-1.0639490260435007,-1.0614075884569105,-0.9535201564455583,-0.9550419859085507,-0.9599786715125713,-1.059901172735099,-1.053333772516684,-1.0694134485309306,-1.0081164779202472,-1.0543990069812887,-1.0439213604012312,-1.0570405410141368,-1.075790956846352,0.619130490680611,-1.0170891114784282,-1.0605288678577627,-0.963156665057279,-1.0552545139057004,-0.9549694943783514,-1.050771444243945,-1.017049618854436,-0.9464387869202702,-1.0483737896806309,-1.060466913706147,-1.037061094708805,-1.0549200549506574,-1.0697394468785089,-1.023751733627343,-0.9709870474523346,-1.0476432020851443,-0.958308921337596,-1.047544519157063,-1.0832397808123646,-0.9593061962215144,-1.0553198052526918,-1.0256806475885731,-1.049360299859906,-0.4778221946865593,-1.0240374657726479,-1.0045612937767252,-0.9634212639255483,-1.0629017064477224,-1.0621533816585327,-0.956494918872929,-0.9692776708499371,-0.9847367033495241,-1.0156953547067424,-1.0623204836065956,-1.062612375493938,-1.0490996405715882,-1.0235539528715916,-1.0630244685767372,-1.0528906648067005,-1.063381792292398,-1.0712299507258616,-0.9689502471359042,-1.0549737549359246,-0.9636632404484494,-1.049385785235767,-1.0702315207390207,-1.0449011445341605,-1.072892166514532,-1.0063617269826377,-1.0611254613392775,-0.7679011335955154,-1.0605312861454872,-1.0541277940067657,-1.0620846521169962,-1.042630341266529,-1.0565908437200546,-1.0427815765511415,-1.0616981330275772,-0.9865300494970529,-1.058240692438287,-0.9970076778878123,-1.0496109793539166,-0.11066426808372769,-1.0556880896589815,-1.0368912508140673,-1.0623227583287211
287,1519070474,-0.9405447895964216,-1.0502356176824306,-1.0514917270319646,-1.0615819322933833,-1.04297895456722,-0.9838736219638474,-0.9402527819572518,-1.048302993982506,-0.9596762673130886,-1.0351231744606326,-1.0215671045570147,-1.0612086406788304,-1.0467876251142847,-0.9410213150253659,-1.051030361952944,-1.0695378671746039,-0.9619949092315021,-1.0621496648533466,-1.060655502906504,-1.0606701557449318,-1.0706233566678034,-1.051689482875644,-0.08572961197044983,-1.0738110459776935,-1.0589032211828537,-1.080068238324186,-1.0586906137904941,-0.9573183312610359,-0.9401101536161245,-1.0038646851521527,-1.0545863647664437,-1.0171988547560944,-1.0585859650635803,0.45720332066707287,-1.0215970254796232,-1.0561873157971327,-1.0348550980516653,-0.9542279890966706,-1.0551326136567356,-0.9517800185521538,-0.5567771649665584,-1.0739371268563256,-0.9613589315794053,-0.9540016458801495,-0.042223416015498456,-1.0543763865378637,-1.061500990405299,-1.0626383665079868,-1.068077557807541,-1.0825803884996055,-1.0621568014779357,-1.0597580471107468,-0.9507500986581576,-0.9537065115877831,-0.9571904651593309,-1.0582465088979776,-1.0513264925493429,-1.0677571450069274,-1.006062244502502,-1.0523041901936516,-1.0426783850902281,-1.0547243232455334,-1.0738785733680434,0.619130490680611,-1.0153281079230854,-1.0590006083216248,-0.960903726709934,-1.0540060750919458,-0.9536302627199551,-1.0490475451545924,-1.014468350271747,-0.9434690354800724,-1.046371686716127,-1.0588113546805569,-1.034038202180342,-1.052827433130014,-1.0675362120686478,-1.021622826094438,-0.9681282941903376,-1.0459047176156449,-0.955524038941497,-1.0451791574187421,-1.0802366193377178,-0.9591120276985077,-1.0532292361234232,-1.0233185803360756,-1.0476341781782477,-0.4778105575490166,-1.0213830747753885,-1.0045612937767252,-0.9604237406117982,-1.0617770321211182,-1.06151937441118,-0.9542535429469828,-0.9678515324829365,-0.982559502344463,-1.0131157467104719,-1.0602824586979978,-1.0604128446880698,-1.047852276389782,-1.0214225863249777,-1.0613386180995676,-1.0509125670716284,-1.0622582857095733,-1.0695380966008434,-0.967521565910144,-1.0537261275852479,-0.9599123443068622,-1.0476595345971238,-1.0685372364954178,-1.0430352957067617,-1.0702708702983712,-1.0043106644927358,-1.0586505560304003,-0.7672647767759629,-1.0588764183270556,-1.0520356254205274,-1.0601825445578867,-1.0414499804286828,-1.0548514442932517,-1.0404216159899156,-1.0604282060612196,-0.9856051002886395,-1.0567150539784127,-0.9958969298736008,-1.0471229727338605,-0.11066426808372769,-1.0544414100599586,-1.035073519859175,-1.0611979173298827
288,1519070479,-0.9384526100623227,-1.0484934070245755,-1.0495115846967198,-1.0598958908839597,-1.041206597436487,-0.9817252063984686,-0.9388570734947987,-1.0465753113953034,-0.9569218106345824,-1.0326988409434534,-1.019797739502855,-1.0580738363882827,-1.0445089336585225,-0.9389279977777424,-1.0490509653186613,-1.0669929565275862,-0.9599738121153341,-1.0603580908603316,-1.0595466452532505,-1.0593998965421985,-1.0685256869279902,-1.0492188641289417,-0.08572961197044983,-1.07125523870099,-1.0569221409613139,-1.0782653847099954,-1.0567086304197089,-0.9545373054653626,-0.9387160707506728,-1.002377003094208,-1.053339595492924,-1.0142571850783069,-1.0569294724163458,0.2905331224789917,-1.0189360980521027,-1.0546613673342715,-1.0312126133150072,-0.9522204292815423,-1.0531734689252512,-0.9502862106155725,-0.5567771649665584,-1.0703400093808817,-0.9591051391160161,-0.9510110308271863,-0.042223416015498456,-1.0526380589665447,-1.0597107603106164,-1.0602533373694782,-1.0668158327011337,-1.0797956847589505,-1.0603645769123708,-1.0575586586491956,-0.947980040870757,-0.9523710372670154,-0.9544022588060905,-1.056040290448482,-1.0498210325738369,-1.0655487403082569,-1.0034944527303205,-1.0502093734060147,-1.0401924344682218,-1.052987159919081,-1.0726036510491712,0.6088482748954069,-1.0135671043677428,-1.0569629289401077,-0.9586507883625888,-1.052757636278191,-0.9522910310615587,-1.046174380005671,-1.0118870816890582,-0.9412417218999242,-1.0448701094927493,-1.0571557956549666,-1.0322244666632643,-1.0507348113093706,-1.0653329772587867,-1.0189616916783066,-0.9659842292438399,-1.0441662331461452,-0.9534353771444227,-1.0428137956804215,-1.0784347224529296,-0.9588693170447492,-1.0506160247118375,-1.0203659962704534,-1.0459080564965895,-0.47779601112708814,-1.0192595619775808,-1.0045612937767252,-0.9589249789549232,-1.060652357794514,-1.059617352669121,-0.9520121670210367,-0.9671384632994362,-0.9796565676710483,-1.0110520603134556,-1.0582444337894,-1.0582133138822016,-1.0453575480261694,-1.018225536505057,-1.0602147177814547,-1.048934469336556,-1.060573025835336,-1.0684101938508312,-0.9668072252972639,-1.0518546865592326,-0.9591621650785448,-1.0459332839584803,-1.0662781908372803,-1.04054749727023,-1.0681738333254427,-1.0022596020028338,-1.0566706317832986,-0.7667875091612986,-1.0572215505086242,-1.0499434568342891,-1.0589144728518136,-1.03908925875299,-1.0531120448664488,-1.0392416357093026,-1.0597932425780405,-0.9837552018718128,-1.0546808693652472,-0.9936754338451778,-1.0446349661138044,-0.11066426808372769,-1.0531947304609355,-1.0320439682676876,-1.0600730763310444
289,1519070485,-0.934965644172158,-1.0450089857088651,-1.0455513000262302,-1.057647835671395,-1.0364803117545327,-0.9788606523112969,-0.935367802338666,-1.043119946220898,-0.9521015114471965,-1.0272440905298001,-1.0162590093945354,-1.0533716299524611,-1.0413679646405227,-0.9361369081142443,-1.0450921720500956,-1.065084273542323,-0.9566053169217206,-1.0561777515432966,-1.0573289299467437,-1.055589118933998,-1.0638059300134108,-1.0447717503848781,-0.08572961197044983,-1.0686994314242864,-1.0524647104628493,-1.0734577750721541,-1.0517536719927456,-0.9503657667718526,-0.9345338221543178,-0.9984098509396898,-1.049599287672365,-1.0107271814649614,-1.0530643229061318,-0.7650447993788558,-1.0136142431970618,-1.051100820920929,-1.0275701285783492,-0.9495436828613711,-1.0482756070965402,-0.9472985947424098,-0.5567771649665584,-1.0661433723261973,-0.956100082498164,-0.948020415774223,-0.042223416015498456,-1.0474230762525871,-1.0555335567563568,-1.0566757936617155,-1.0649232450415227,-1.0769619113488567,-1.0555853114041978,-1.053709728841481,-0.9438249541896561,-0.9490323514650962,-0.9502199492762299,-1.0527309627742387,-1.0458064726391543,-1.0616840320855834,-0.99938598589483,-1.0454960356338312,-1.0364635085352125,-1.0477756699397236,-1.0706912675708626,0.23526110136632916,-1.0100450972570576,-1.052378150331694,-0.9548958911170135,-1.0490123198369272,-0.9489429519155677,-1.0421519487971815,-1.0072407982402183,-0.9382719704597265,-1.0408659035637415,-1.0532928245952562,-1.0273878386177238,-1.0460264122129233,-1.0620281250439951,-1.013639422846044,-0.9638401642973422,-1.0406892642071461,-0.9492580535502743,-1.040448433942101,-1.0742302963884238,-0.9584324378679842,-1.0464348864533002,-1.0162323785785825,-1.0424558131332728,-0.47776982756761693,-1.014481658182514,-1.0045612937767252,-0.9544286939842982,-1.0572783348147012,-1.0564473164323562,-0.9482765404777931,-0.9635731173819347,-0.9753021656609261,-1.0069246875194229,-1.0551873964265033,-1.0538142522704652,-1.0416154554807504,-1.0139628034118293,-1.0579669171452286,-1.0449782738664117,-1.0577642593782741,-1.0661543883508071,-0.9632355222328636,-1.0487356181825407,-0.9554112689369575,-1.0424807826811937,-1.064019145179143,-1.0361938500062993,-1.0634555001363535,-0.9981574770230298,-1.0517208211655442,-0.7656738847270818,-1.0533601922656173,-1.0452360775152532,-1.0570123652927041,-1.0355481762394512,-1.0484736463949746,-1.0357016948674638,-1.0559834616789672,-0.9814428288507793,-1.0511210462922072,-0.990898563809649,-1.0415249578387344,-0.11066426808372769,-1.0494546916638665,-1.0271966857213082,-1.0566985533345294
290,1519070491,-0.9335708578160922,-1.0438475119369617,-1.044561228858608,-1.0565238080651125,-1.0364803117545327,-0.9774283752677111,-0.9339720938762128,-1.0419681578294295,-0.9507242831079433,-1.0260319237712106,-1.0156692210431488,-1.0523266951889452,-1.0392938375313572,-0.9347413632824952,-1.0450921720500956,-1.063811818218814,-0.9552579188442751,-1.0555805602122916,-1.0562200722934902,-1.0543188597312647,-1.0627570951435044,-1.0447717503848781,-0.08572961197044983,-1.0680604796051105,-1.0514741703520794,-1.0716549214579636,-1.0507626803073529,-0.9503657667718526,-0.9331397392888661,-0.9974180629010603,-1.0489759030356052,-1.010138847529404,-1.0525121586903872,0.3460898552083521,-1.0125498722260537,-1.051100820920929,-1.0263559669994633,-0.9495436828613711,-1.047296034730798,-0.9472985947424098,-0.5567771649665584,-1.064944333167716,-0.9553488183437009,-0.948020415774223,-0.042223416015498456,-1.046843633728814,-1.0543400700265684,-1.055483279092461,-1.0636615199351154,-1.0741577240629834,-1.0543904950271545,-1.053159881726093,-0.9438249541896561,-0.9490323514650962,-0.9502199492762299,-1.0521794081618647,-1.0448028326554837,-1.0611319309109157,-0.9983588691859574,-1.0444486272400126,-1.035842020879711,-1.0471966154975727,-1.0700538064114264,0.5882838433249991,-1.0088710948868291,-1.052378150331694,-0.9541449116678984,-1.04838810043005,-0.9489429519155677,-1.0421519487971815,-1.0062082908071426,-0.9382719704597265,-1.0398648520814895,-1.0527409715867262,-1.0267832601120312,-1.0449801013026014,-1.06147731634153,-1.0125749690795913,-0.9638401642973422,-1.0401097693839796,-0.9492580535502743,-1.040448433942101,-1.0730290317985651,-0.9583353536064807,-1.0453896018886657,-1.0156418617654581,-1.0424558131332728,-0.4777640089988455,-1.0134199017836103,-1.0045612937767252,-0.9536793131558606,-1.056153660488097,-1.0558133091850033,-0.9482765404777931,-0.9635731173819347,-0.9738506983242188,-1.0058928443209147,-1.0551873964265033,-1.0532643695689983,-1.0409917733898473,-1.0128971201385224,-1.0568430168271157,-1.0449782738664117,-1.0566407527954493,-1.065026485600795,-0.9632355222328636,-1.0481118045072024,-0.95466108970864,-1.0424807826811937,-1.0628896223500741,-1.0355719003971664,-1.0618827224066572,-0.9971319457780788,-1.0507308590419933,-0.7653557063173054,-1.0528085696594736,-1.044189993222134,-1.055744293586631,-1.0355481762394512,-1.047314046777106,-1.0357016948674638,-1.0547135347126095,-0.9805178796423658,-1.0511210462922072,-0.9903431898025433,-1.0415249578387344,-0.11066426808372769,-1.048831351864355,-1.0259848650847134,-1.0555737123356912
291,1519070496,-0.9321760714600262,-1.0421053012791066,-1.0415910153557408,-1.0553997804588302,-1.0341171689135558,-0.9752799597023323,-0.9325763854137598,-1.0396645810464926,-0.9479698264294371,-1.0236075902540314,-1.0121304909348292,-1.0491918908983975,-1.0372818565528032,-0.9333458184507463,-1.0406385296229594,-1.0631755905570597,-0.9532368217281071,-1.0525946035572666,-1.0545567858136102,-1.0536837301298978,-1.0596105905337847,-1.0408187603901546,-0.08572961197044983,-1.0667825759667589,-1.0485025500197696,-1.069251116639043,-1.047789705251175,-0.9475847409761793,-0.9317456564234144,-0.9954344868238011,-1.0471057491253257,-1.0071971778516162,-1.049751337611663,0.1794196570202709,-1.0093567593130293,-1.049574872458068,-1.023927643841691,-0.9468669364412,-1.0443573176335714,-0.9450578828375379,-0.5567771649665584,-1.0625462548507534,-0.9538462900347748,-0.9457774544845006,-0.042223416015498456,-1.043946421109949,-1.0519530965669917,-1.0519057353846983,-1.0617689322755044,-1.0713975551570478,-1.0520008622730679,-1.050410646149154,-0.9403623819554052,-0.9463614028235608,-0.9481287945112996,-1.0488700804876214,-1.0427955526881425,-1.0583714250375775,-0.9952775190593396,-1.0413064020585572,-1.0333560702577047,-1.0443013432868187,-1.068778884092554,0.6122756801571416,-1.005936088961258,-1.0498310511047977,-0.9526429527696683,-1.0458912228025405,-0.9462644885987749,-1.0387041506184762,-1.003110768507916,-0.9345597811594795,-1.0363611718936079,-1.049981706544076,-1.0237603675835683,-1.0418411685716364,-1.0587232728292038,-1.0093816077802338,-0.9609814110353453,-1.0366328004449805,-0.9471693917532,-1.0374917317692,-1.0706265026188475,-0.9577528480374606,-1.0417311059124457,-1.012689277699836,-1.0384281958760702,-0.4777465532925314,-1.010234632586899,-1.0045612937767252,-0.9521805514989856,-1.0550289861614928,-1.0545452946902973,-0.9452880392431983,-0.9607208406479335,-0.9716734973191576,-1.002281393126136,-1.052639865290756,-1.050514956061663,-1.0391207271171379,-1.0097000703186017,-1.0557191165090027,-1.0405275539624994,-1.0555172462126245,-1.063898582850783,-0.9603781597813432,-1.0449927361305105,-0.9531607312520052,-1.0384528645243591,-1.0617600995210055,-1.0337060515697676,-1.0587371669472643,-0.9940553520432258,-1.0477609726713406,-0.764719349497753,-1.0494988340226103,-1.0410517403427766,-1.0551102577335947,-1.034367815401605,-1.0449948475413688,-1.0339317244465445,-1.0540785712294307,-0.9768180828087123,-1.0495954078323328,-0.9870109457599088,-1.0390369512186783,-0.11066426808372769,-1.0457146528667975,-1.0235612238115237,-1.054448871336853
292,1519070502,-0.9293864987478945,-1.0409438275072032,-1.039610873020496,-1.0531517252462654,-1.03057245465209,-0.9731315441369536,-0.9304828227200801,-1.03793689845929,-0.9459039839205573,-1.0211832567368522,-1.0097713375292827,-1.0471020213713655,-1.0348400315041852,-0.9312525012031226,-1.0386591329886767,-1.0599944522482876,-0.951215724611939,-1.0502058382332466,-1.0534479281603568,-1.0524134709271644,-1.0569885033590183,-1.038842265392793,-0.08572961197044983,-1.065504672328407,-1.0465214697982297,-1.0674482630248525,-1.0458077218803898,-0.9434132022826692,-0.9303515735579627,-0.9934509107465419,-1.0446122105782865,-1.0054321760449436,-1.0480948449644285,-0.2094774720852519,-1.0072280173710129,-1.0460143260447254,-1.0221064014733623,-0.9455285632311144,-1.041908386719216,-0.9405764590277939,-0.5567771649665584,-1.0607476961130315,-0.9515924975713858,-0.9427868394315374,-0.042223416015498456,-1.0422080935386298,-1.0501628664723088,-1.050116963530817,-1.060507207169097,-1.0685731627131703,-1.0490138213304598,-1.0487611048029906,-0.9368998097211545,-0.9450259285027932,-0.943946484981439,-1.046663862038126,-1.0412900927126365,-1.0567151215135746,-0.9932232856415943,-1.0381641768771015,-1.0321130949467017,-1.0408270166339135,-1.065591578295373,0.4820342802112246,-1.003001083035687,-1.0457556923417632,-0.949639034973208,-1.044642783988786,-0.9449252569403785,-1.0369802515291233,-1.0010457536417647,-0.9315900297192817,-1.034359068929104,-1.0477742945099557,-1.0219466320664905,-1.0392253912958322,-1.057070846721808,-1.0067204733641024,-0.960266722719846,-1.0343148211523143,-0.9422958475600268,-1.033943689161719,-1.0676233411442007,-0.9575586795144538,-1.039640536783177,-1.0109177272604626,-1.0367020741944117,-0.4777349161549887,-1.0081111197890915,-1.0045612937767252,-0.9506817898421106,-1.0539043118348885,-1.0532772801955916,-0.9422995380086033,-0.9600077714644332,-0.9702220299824503,-0.9997017851298657,-1.0495828279278594,-1.0488653079572618,-1.0372496808444285,-1.0075687037719878,-1.0529093657137203,-1.0385494562274273,-1.0543937396297998,-1.0616427773507588,-0.9596638191684631,-1.0431212951044952,-0.9509101935670529,-1.0367266138857159,-1.0606305766919368,-1.0324621523515016,-1.0566401299743358,-0.9909787583083728,-1.044791086300688,-0.7640829926782006,-1.047843966204179,-1.0389595717565383,-1.051940078468412,-1.0302365524691428,-1.0432554481145662,-1.0303917836047056,-1.0528086442630729,-0.975893133600299,-1.0460355847592928,-0.9864555717528031,-1.0377929479086503,-0.11066426808372769,-1.0444679732677746,-1.0217434928566314,-1.0533240303380147
293,1519070508,-0.9279917123918286,-1.0386208799633962,-1.036640659517629,-1.051465683836842,-1.0282093118111129,-0.9716992670933677,-0.9283892600264004,-1.0344815332848847,-0.943149527242051,-1.0193650065989677,-1.0068223957723497,-1.0450121518443338,-1.0321599796215557,-0.9291591839554991,-1.036679736354394,-1.0580857692630243,-0.949194627495771,-1.0484142642402317,-1.0523390705071034,-1.051143211724431,-1.054890833619205,-1.0363716466460908,-0.08572961197044983,-1.0629488650517036,-1.044045119521305,-1.065645409410662,-1.0433302426669082,-0.9413274329359143,-0.9289574906925111,-0.9919632286885975,-1.0433654413047668,-1.0013138384960407,-1.0464383523171938,-0.15392073935589148,-1.0050992754289965,-1.0444883775818643,-1.0190709975261472,-0.9435210034159861,-1.0399492419877316,-0.9383357471229219,-0.5567771649665584,-1.0589491373753095,-0.9493387051079966,-0.9397962243785741,-0.042223416015498456,-1.0398903234435375,-1.0483726363776262,-1.0483281916769356,-1.0592454820626898,-1.0657494918820787,-1.0466241885763732,-1.047111563456827,-0.934822266380604,-0.9436904541820256,-0.9411582786281986,-1.0450091982010041,-1.0392828127452953,-1.0539546156402362,-0.9896283771605402,-1.035545655892555,-1.0308701196356986,-1.039089853307461,-1.064316655976501,0.49574390125816326,-1.0012400794803444,-1.0437180129602461,-0.9481370760749779,-1.0433943451750314,-0.9435860252819822,-1.0346817194099864,-0.9984644850590758,-0.9301051539991829,-1.0323569659646001,-1.0461187354843655,-1.0201328965494127,-1.0371327694751888,-1.054867611911947,-1.0045915658311972,-0.9581226577733484,-1.0325763366828147,-0.9395109651639277,-1.032761008292559,-1.0658214442594125,-0.9573645109914471,-1.0375499676539084,-1.008555660007965,-1.0349759525127535,-0.47772327901744593,-1.0054567287918321,-1.0045612937767252,-0.949932409013673,-1.0527796375082843,-1.0526432729482387,-0.9400581620826571,-0.9585816330974325,-0.9673190953090356,-0.9971221771335953,-1.048054309246411,-1.0466657771513936,-1.0347549524808157,-1.0049044955887205,-1.0517854653956071,-1.0365713584923553,-1.053270233046975,-1.0605148746007467,-0.958235137942703,-1.0418736677538185,-0.9486596558821005,-1.0350003632470726,-1.0583715310337993,-1.02997435391497,-1.0545430930014073,-0.9889276958184707,-1.0428111620535863,-0.7636057250635362,-1.0456374757796036,-1.0368674031703,-1.050672006762339,-1.0290561916312964,-1.0403564490698947,-1.028621813183786,-1.051538717296715,-0.9745057097876788,-1.0445099462994185,-0.98423407572438,-1.0353049412885942,-0.11066426808372769,-1.04259795386924,-1.019925761901739,-1.0521991893391762
294,1519070513,-0.9265969260357627,-1.0374594061914928,-1.0346605171823844,-1.0503416562305596,-1.0270277403906243,-0.9702669900497819,-0.9269935515639474,-1.032753850697682,-0.9403950705635448,-1.0169406730817885,-1.00505303071819,-1.042922282317302,-1.0295835046232789,-0.92776363912375,-1.0347003397201113,-1.0568133139395155,-0.9471735303796028,-1.0460254989162117,-1.0506757840272232,-1.0505080821230643,-1.0527931638793921,-1.0343951516487293,-0.08572961197044983,-1.0616709614133517,-1.042064039299765,-1.0638425557964715,-1.041348259296123,-0.938546407140241,-0.9268663663943336,-0.9894837585920235,-1.0414952873944874,-0.999548836689368,-1.0447818596699594,0.5127600533964333,-1.00297053348698,-1.0424537796313829,-1.0172497551578181,-0.9421826302059005,-1.037500311073376,-0.9368419391863405,-0.5567771649665584,-1.0571505786375877,-0.9478361767990705,-0.9375532630888518,-0.042223416015498456,-1.0381519958722185,-1.0465824062829436,-1.0465394198230542,-1.0573528944030786,-1.0629453045962054,-1.0448319640108084,-1.0454620221106634,-0.9327447230400535,-0.9416872427008741,-0.9383700722749582,-1.0433545343638826,-1.0377773527697893,-1.0522983121162333,-0.987574143742795,-1.0334508391049182,-1.0290056566691939,-1.0367736355388577,-1.0636791948170647,0.6431223275127536,-0.9994790759250018,-1.041680333578729,-0.9473860966258628,-1.0421459063612766,-0.9422467936235858,-1.0329578203206338,-0.9953669627598491,-0.9286202782790841,-1.0303548630000963,-1.0444631764587753,-1.018319161032335,-1.0345169921993846,-1.053215185804551,-1.0019304314150659,-0.9566932811423499,-1.0308378522133153,-0.9374223033668535,-1.0309869869888184,-1.0640195473746243,-0.9571703424684405,-1.0354593985246396,-1.0050125591292185,-1.0332498308310951,-0.4777087325955175,-1.0033332159940245,-1.0045612937767252,-0.946934885699923,-1.051092626018378,-1.0501072439588268,-0.937816786156711,-0.9564424255469316,-0.9651418943039745,-0.9950584907365789,-1.0460162843378131,-1.0450161290469924,-1.0328839062081063,-1.0027731290421067,-1.0506615650774942,-1.034593260757283,-1.0515849731727378,-1.0593869718507345,-0.9568064567169429,-1.0400022267278035,-0.9471592974254657,-1.0332741126084293,-1.0572420082047307,-1.028730454696704,-1.0524460560284785,-0.9868766333285688,-1.040336256744709,-0.7631284574488718,-1.043982607961172,-1.034775234584062,-1.049403935056266,-1.027285650374527,-1.0386170496430918,-1.0268518427628668,-1.0502687903303574,-0.9731182859750587,-1.042475761686253,-0.9831233277101685,-1.0340609379785661,-0.11066426808372769,-1.0407279344707057,-1.0181080309468467,-1.051074348340338
295,1519070519,-0.9252021396796969,-1.0351364586476859,-1.0326803748471396,-1.0492176286242771,-1.0252553832598914,-0.9681185744844031,-0.9255978431014943,-1.0310261681104795,-0.9376406138850385,-1.0151224229439042,-1.0026938773126435,-1.0403099454085123,-1.0275948284437044,-0.9263680942920011,-1.0322260939272578,-1.056177086277761,-0.9451524332634348,-1.0442339249231969,-1.0495669263739698,-1.0479675637175974,-1.050695494139579,-1.0324186566513676,-0.08572961197044983,-1.060393057775,-1.0395876890228402,-1.062039702182281,-1.0388707800826413,-0.9364606377934859,-0.9254722835288819,-0.9875001825147643,-1.039001748847448,-0.9977838348826954,-1.04257320280698,0.1794196570202709,-0.9997774205739557,-1.040927831168522,-1.015428512789489,-0.9408442569958151,-1.0350513801590207,-0.9346012272814685,-0.5567771649665584,-1.0541529807413845,-0.9470849126446075,-0.9360579555623701,-0.042223416015498456,-1.0352547832533532,-1.0430019460935782,-1.0435581333999184,-1.056722031849875,-1.0601714250473384,-1.0430397394452435,-1.0427127865337245,-0.9306671796995031,-0.9403517683801064,-0.9362789175100279,-1.0416998705267608,-1.0357700728024481,-1.0506420085922303,-0.9855199103250497,-1.031356022317281,-1.0265197060471876,-1.0350364722124052,-1.0624042724981924,0.6328401117275496,-0.9977180723696593,-1.0401520740425911,-0.9458841377276327,-1.0396490287337674,-0.9409075619651894,-1.031233921231281,-0.9933019478936981,-0.9263929646989358,-1.0288532857767185,-1.042255764424655,-1.0152962685038722,-1.0324243703787412,-1.0515627596971553,-0.9998015238821608,-0.9552639045113515,-1.0290993677438156,-0.9353336415697793,-1.029212965685078,-1.0622176504898362,-0.9569761739454337,-1.0323235448307366,-1.0032410086898451,-1.031523709149437,-0.47769418617358905,-1.000678824996765,-1.0045612937767252,-0.9461855048714854,-1.0488432773651695,-1.048839229464121,-0.9363225355394136,-0.955016287179931,-0.9622389596305597,-0.9924788827403085,-1.044487765656365,-1.0433664809425913,-1.0316365420263,-1.0006417624954929,-1.0489757146003247,-1.032615163022211,-1.0498997132985006,-1.0582590691007225,-0.9560921161040628,-1.0387545993771268,-0.9464091181971481,-1.0303970282106902,-1.056112485375662,-1.0268646058693052,-1.05034901905555,-0.9848255708386667,-1.0383563324976073,-0.7626511898342074,-1.0417761175365967,-1.0316369817047044,-1.0475018274971564,-1.0249249286988342,-1.0362978504073548,-1.0256718624822536,-1.0470939729144628,-0.9717308621624386,-1.0404415770730873,-0.9814572056888513,-1.032194933013524,-0.11066426808372769,-1.038857915072171,-1.014472569037062,-1.0488246663426615
296,1519070525,-0.923807353323631,-1.0339749848757827,-1.0302051969280837,-1.0480936010179949,-1.0240738118394028,-0.9666862974408172,-0.9242021346390411,-1.0287225913275426,-0.9355747713761587,-1.0133041728060197,-1.0009245122584836,-1.0382200758814804,-1.0249121871389661,-0.924972549460252,-1.0302466972929751,-1.0549046309542522,-0.9431313361472667,-1.040650776937167,-1.0479036398940897,-1.044791915710764,-1.048597824399766,-1.029453914155325,-0.08572961197044983,-1.0597541059558242,-1.0371113387459154,-1.05903494615863,-1.036888796711856,-0.9336796119978126,-0.9240782006634302,-0.9855166064375052,-1.0377549795739283,-0.9960188330760228,-1.0403645459440007,0.3460898552083521,-0.9976486786319393,-1.0394018827056608,-1.01360727042116,-0.9395058837857295,-1.0326024492446653,-0.9331074193448873,-0.5567771649665584,-1.0523544220036627,-0.9455823843356814,-0.9345626480358885,-0.042223416015498456,-1.033516455682034,-1.0406149726340015,-1.041769361546037,-1.0541985816370603,-1.0573484758290326,-1.0400526985026353,-1.041063245187561,-0.9285896363589525,-0.9383485568989549,-0.9341877627450976,-1.0394936520772653,-1.0342646128269422,-1.0489857050682274,-0.9834656769073045,-1.0287375013327347,-1.024655243080683,-1.0332993088859528,-1.06112935017932,0.6328401117275496,-0.9959570688143167,-1.0386238145064532,-0.9443821788294026,-1.0371521511062582,-0.9382290986483967,-1.0277861230525756,-0.9912369330275469,-0.924908088978837,-1.0273517085533406,-1.0406002053990648,-1.0134825329867945,-1.0292854376477762,-1.0499103335897595,-0.9976726163492557,-0.9545492161958522,-1.0279403780974825,-0.933244979772705,-1.0280302848159175,-1.060415753605048,-0.9567334632916753,-1.030232975701468,-1.001469458250472,-1.0274960918922342,-0.4776825490360463,-0.9985553121989575,-1.0045612937767252,-0.9446867432146104,-1.0477186030385652,-1.046937207722062,-0.9333340343048188,-0.9535901488129304,-0.9607874922938523,-0.9904151963432921,-1.0429592469749165,-1.04171683283819,-1.0303891778444938,-0.998510395948879,-1.0478518142822117,-1.0296480164196027,-1.0482144534242634,-1.0571311663507104,-0.9525204130396624,-1.036259344675773,-0.9449087597405132,-1.028670777572047,-1.0549829625465934,-1.0256207066510392,-1.0477277228393893,-0.9827745083487648,-1.0363764082505056,-0.7621739222195432,-1.0401212497181653,-1.0290217709719067,-1.0462337557910835,-1.023744567860988,-1.0339786511716176,-1.0244918822016407,-1.0458240459481052,-0.9703434383498185,-1.038915938613213,-0.9803464576746398,-1.030950929703496,-0.11066426808372769,-1.0369878956736367,-1.0126548380821698,-1.0465749843449847
297,1519070530,-0.9217151737895322,-1.0322327742179274,-1.0277300190090277,-1.0469695734117124,-1.0217106689984259,-0.9638217433536456,-0.922806426176588,-1.0264190145446057,-0.9335089288672791,-1.0102737559095456,-0.9991551472043239,-1.0361302063544486,-1.022656800482183,-0.9228792322126285,-1.0277724515001216,-1.0536321756307434,-0.940436539992376,-1.037664820282142,-1.0467947822408363,-1.044156786109397,-1.0459757372249996,-1.0274774191579634,-0.08572961197044983,-1.0584762023174725,-1.0351302585243756,-1.0572320925444394,-1.0349068133410708,-0.9315938426510576,-0.9219870763652527,-0.9840289243795608,-1.035261441026889,-0.9942538312693501,-1.0387080532967663,0.1794196570202709,-0.995519936689923,-1.0378759342427997,-1.0117860280528312,-0.9368291373655584,-1.0306433045131809,-0.9301198034717246,-0.5567771649665584,-1.0505558632659406,-0.9433285918722922,-0.9315720329829253,-0.042223416015498456,-1.031778128110715,-1.0382279991744245,-1.0387880751229015,-1.0535677190838566,-1.0545572775733048,-1.0382604739370704,-1.0394137038413975,-0.925819578571552,-0.9363453454178035,-0.9313995563918571,-1.0372874336277698,-1.0327591528514362,-1.0473294015442245,-0.9814114434895592,-1.0266426845450976,-1.0234122677696798,-1.0315621455595003,-1.0604918890198838,0.6225578959423456,-0.9930220628887456,-1.036586135124936,-0.9421292404820575,-1.0359037122925034,-0.9368898669900002,-1.0260622239632229,-0.9891719181613957,-0.9219383375386393,-1.0253496055888367,-1.0383927933649446,-1.0116687974697167,-1.026669660371972,-1.0482579074823637,-0.9950114819331244,-0.950975774618356,-1.0256223988048165,-0.9304600973766061,-1.025664923077597,-1.0580132244253304,-0.9565392947686686,-1.0276197642898823,-0.9996979078110987,-1.0257699702105758,-0.4776709118985035,-0.9964317994011501,-1.0045612937767252,-0.942438600729298,-1.046593928711961,-1.045669193227356,-0.9318397836875213,-0.9507378720789291,-0.9586102912887913,-0.9883515099462757,-1.0409212220663187,-1.040067184733789,-1.0291418136626875,-0.9963790294022652,-1.0461659638050422,-1.0271753942507624,-1.0470909468414387,-1.0560032636006984,-0.9510917318139023,-1.034387903649758,-0.9434084012838784,-1.026369110053856,-1.0538534397175245,-1.0243768074327735,-1.0456306858664608,-0.9802106802363872,-1.0343964840034037,-0.7615375653999906,-1.03791475929359,-1.0264065602391088,-1.0443316482319738,-1.0219740266042185,-1.0322392517448147,-1.0227219117807214,-1.0451890824649261,-0.9689560145371985,-1.0373903001533387,-0.9786803356533225,-1.029706926393468,-0.11066426808372769,-1.0344945364755906,-1.0108371071272775,-1.0454501433461465
298,1519070536,-0.9182282078993674,-1.0299098266741205,-1.0227796631709158,-1.0435974905928653,-1.0187567404472044,-0.9588087737010951,-0.9186193007892287,-1.0212359667829978,-0.9286886296798931,-1.0066372556337768,-0.9950266287446177,-1.030905532536869,-1.020634461815194,-0.9186925977173813,-1.023813658231556,-1.0504510373219713,-0.9357206467213172,-1.034081672296112,-1.0440226381077027,-1.0416162677039302,-1.0407315628754668,-1.022536181664559,-0.08572961197044983,-1.0546424914024173,-1.030672828025911,-1.0530254341113283,-1.0309428465995,-0.9267270475086292,-0.9191989106343493,-0.9810535602636721,-1.03214451784309,-0.9901354937204473,-1.0353950680022972,-1.209498661213739,-0.9907302673203863,-1.034315387829457,-1.0063223009478441,-0.9334832043403445,-1.026725015050212,-0.9256383796619806,-0.5567771649665584,-1.045160187052775,-0.938821006945514,-0.9270861104034804,-0.042223416015498456,-1.0283014729680766,-1.0346475389850591,-1.0352105314151387,-1.0504134063178383,-1.0517732954454357,-1.034078616617419,-1.0355647740336826,-0.9209719774436008,-0.9330066596158842,-0.9265201952736865,-1.0339781059535265,-1.0297482329004242,-1.0434646933215508,-0.9767894182996325,-1.0219293467729142,-1.0196833418366704,-1.0280878189065954,-1.0573045832227028,0.32780104343316496,-0.9895000557780604,-1.0335296160526601,-0.9391253226855972,-1.032782615258117,-0.9342114036732074,-1.0214651597249491,-0.9845256347125557,-0.9174837103783428,-1.022346451142081,-1.0345298223052342,-1.006832169424176,-1.0224844167306855,-1.0438514378626416,-0.9907536668673143,-0.9481170213563591,-1.0233044195121503,-0.9255865531834327,-1.022708220904696,-1.0526075337709662,-0.9561024155919035,-1.0234386260313448,-0.9955642901192278,-1.0223177268472592,-0.47764763762341805,-0.9916538956060832,-1.0045612937767252,-0.9401904582439854,-1.0443445800587527,-1.0437671714852974,-0.9273570318356289,-0.9478855953449279,-0.9542558892786691,-0.9837082155529889,-1.037864184703422,-1.0362180058235195,-1.0247760390263654,-0.9910506130357306,-1.0439181631688164,-1.023219198780618,-1.0448439336757893,-1.053183506725668,-0.948948709975262,-1.0312688352730661,-0.9389073259139737,-1.022916608776569,-1.0504648712303186,-1.0206451097779758,-1.0409123526773716,-0.9761085552565832,-1.0304366355092003,-0.760583030170662,-1.034605023656727,-1.0222222230666325,-1.0424295406728643,-1.0190231245096026,-1.0281806530822748,-1.0191819709388825,-1.0426492285322106,-0.966643641516165,-1.03433902323359,-0.9764588396248994,-1.024730913153356,-0.11066426808372769,-1.0320011772775448,-1.005989824580898,-1.04320046134847
299,1519070541,-0.9161360283652686,-1.0281676160162654,-1.020799520835671,-1.042473462986583,-1.0187567404472044,-0.9573764966575092,-0.9172235923267756,-1.0195082841957952,-0.9266227871710134,-1.0042129221165976,-0.9932572636904579,-1.0288156630098373,-1.0180372714400467,-0.9172970528856322,-1.0218342615972733,-1.0491785819984625,-0.933699549605149,-1.032290098303097,-1.0429137804544493,-1.0409811381025635,-1.0386338931356538,-1.0205596866671975,-0.08572961197044983,-1.0533645877640654,-1.0286917478043711,-1.0512225804971378,-1.0289608632287148,-0.9260317910597109,-0.9178048277688977,-0.9795658782057277,-1.0302743639328105,-0.9883704919137746,-1.0337385753550627,0.1238629242909105,-0.989133710863874,-1.034315387829457,-1.004501058579515,-0.9321448311302589,-1.0247658703187277,-0.9256383796619806,-0.5567771649665584,-1.043361628315053,-0.9373184786365879,-0.9270861104034804,-0.042223416015498456,-1.0265631453967574,-1.0328573088903765,-1.0334217595612574,-1.0497825437646346,-1.0489640568700613,-1.032286392051854,-1.0339152326875192,-0.9202794629967507,-0.9310034481347328,-0.9265201952736865,-1.0323234421164047,-1.0282427729249184,-1.0412562886228802,-0.9752487432363236,-1.0198345299852771,-1.0184403665256674,-1.0251925466958414,-1.0560296609038307,0.6294127064658149,-0.988326053407832,-1.0335296160526601,-0.936121404889137,-1.0315341764443624,-0.9328721720148111,-1.0197412606355964,-0.9829768735629424,-0.9167412725182934,-1.020844873918703,-1.032874263279644,-1.005623012412791,-1.020391794910042,-1.0416482030527805,-0.9886247593344092,-0.9466876447253606,-1.021565935042651,-0.9255865531834327,-1.022116880470116,-1.050805636886178,-0.9559082470688968,-1.0213480569020763,-0.9937927396798545,-1.020591605165601,-0.4776360004858753,-0.9900612610077275,-1.0045612937767252,-0.9386916965871104,-1.0432199057321485,-1.0424991569905915,-0.9266099065269803,-0.945746387794427,-0.9528044219419618,-0.9821604507552267,-1.0373546784762726,-1.0345683577191185,-1.022904992753656,-0.9894520881257702,-1.0427942628507034,-1.021241101045546,-1.0437204270929645,-1.052055603975656,-0.9475200287495018,-1.0300212079223894,-0.9374069674573389,-1.0211903581379258,-1.0493353484012498,-1.018779260950577,-1.038815315704443,-0.9745702583891568,-1.027961730200323,-0.7601057625559976,-1.0329501558382954,-1.0201300544803942,-1.0411614689667912,-1.0190231245096026,-1.026441253655472,-1.0191819709388825,-1.0420142650490318,-0.9652562177035449,-1.03433902323359,-0.9747927176035822,-1.0228649081883139,-0.11066426808372769,-1.0307544976785217,-1.004778003944303,-1.0420756203496315
300,1519070547,-0.9147412420092027,-1.0258446684724585,-1.0188193785004265,-1.0402254077740183,-1.0152120261857387,-0.9559442196139234,-0.9158278838643226,-1.0177806016085924,-0.9238683304925072,-1.0011825052201238,-0.991487898636298,-1.0262033261010475,-1.0154064185774847,-0.9152037356380087,-1.0193600158044198,-1.0472698990131992,-0.931678452488981,-1.030498524310082,-1.0406960651479424,-1.0390757492984632,-1.0354873885259341,-1.0185831916698358,-0.08572961197044983,-1.0527256359448895,-1.0257201274720613,-1.0482178244734868,-1.0264833840152332,-0.9204697394683642,-0.9150166620379944,-0.9770864081091537,-1.0290275946592906,-0.986605490107102,-1.0315299184920834,-0.7650447993788558,-0.9859405979508494,-1.0302461919284942,-1.002679816211186,-0.9308064579201734,-1.022316939404372,-0.9219038598205274,-0.5567771649665584,-1.0409635499980905,-0.9358159503276618,-0.9233478415872765,-0.042223416015498456,-1.0242453753016654,-1.0298735920659055,-1.0310367304227488,-1.04725909355182,-1.0461302834599675,-1.030494167486289,-1.031715844225968,-0.9168168907624998,-0.929667973813965,-0.9223378857438258,-1.0306687782792832,-1.0257336729657418,-1.0395999850988773,-0.972680951464142,-1.0177397131976402,-1.015954415903661,-1.0234553833693887,-1.0547547385849583,0.3620750960505115,-0.9859780486673752,-1.0299636771350051,-0.9353704254400219,-1.029037298816853,-0.9301937086980183,-1.0180173615462438,-0.9798793512637156,-0.9145139589381451,-1.0193432966953253,-1.0312187042540537,-1.002600119884328,-1.0177760176342379,-1.039995776945385,-0.9854313980350515,-0.9452582680943622,-1.0204069453963178,-0.9207130089902595,-1.0197515187317951,-1.0484031077064604,-0.9556169942843866,-1.0187348454904905,-0.9914306724273567,-1.0188654834839428,-0.47762145406394685,-0.9868759918110163,-1.0045612937767252,-0.9349447924449228,-1.04097055707894,-1.0405971352485326,-0.9221271546750879,-0.9443202494274263,-0.9499014872685471,-0.9795808427589563,-1.0348071473405254,-1.031818944211783,-1.0210339464809464,-0.9867878799425029,-1.0416703625325903,-1.019263003310474,-1.0420351672187274,-1.050927701225644,-0.9446626662979816,-1.0281497668963742,-0.9359066090007039,-1.0188886906197345,-1.0482058255721811,-1.0162914625140451,-1.0356697602450502,-0.9720064302767792,-1.0259818059532213,-0.759310316531557,-1.0312952880198638,-1.0175148437475963,-1.0405274331137548,-1.0143016811582175,-1.0229624548018663,-1.0144620498164307,-1.039474411116316,-0.963406319286718,-1.0297621078539672,-0.9725712215751592,-1.0216209048782858,-0.11066426808372769,-1.0288844782799873,-1.001748452352816,-1.040388358851374
301,1519070553,-0.9133464556531369,-1.024683194700555,-1.0168392361651817,-1.0391013801677358,-1.0152120261857387,-0.9537958040485447,-0.9144321754018694,-1.0160529190213898,-0.9218024879836274,-0.9993642550822393,-0.9897185335821382,-1.0241134565740155,-1.012739313805399,-0.9138081908062596,-1.0173806191701371,-1.0459974436896904,-0.9296573553728129,-1.028706950317067,-1.039587207494689,-1.0378054900957299,-1.033389718786121,-1.016606696672474,-0.08572961197044983,-1.0514477323065379,-1.0237390472505217,-1.045213068449836,-1.024501400644448,-0.9197744830194459,-0.9136225791725426,-0.9755987260512093,-1.027780825385771,-0.9848404883004294,-1.029321261629104,0.5127600533964333,-0.9838118560088331,-1.0302461919284942,-1.000251493053414,-0.9294680847100878,-1.0203577946728877,-0.9219038598205274,-0.5567771649665584,-1.0391649912603687,-0.9343134220187357,-0.9233478415872765,-0.042223416015498456,-1.0225070477303462,-1.0280833619712229,-1.0292479585688674,-1.0459973684454127,-1.0433196016590214,-1.0287019429207243,-1.0300663028798045,-0.9161243763156497,-0.9283324994931974,-0.9223378857438258,-1.0290141144421614,-1.0242282129902358,-1.0379436815748744,-0.9706267180463968,-1.015644896410003,-1.014711440592658,-1.0217182200429362,-1.054117277425522,0.6465497327744882,-0.9842170451120326,-1.0299636771350051,-0.9338684665417918,-1.0271646405962211,-0.9288544770396219,-1.016293462456891,-0.9778143363975645,-0.9137715210780957,-1.0178417194719473,-1.0295631452284635,-1.0007863843672502,-1.0156833958135945,-1.0383433508379891,-0.9833024905021465,-0.9445435797788629,-1.0192479557499847,-0.9207130089902595,-1.019160178297215,-1.0460005785267428,-0.9551315729768698,-1.0166442763612218,-0.9896591219879834,-1.0171393618022844,-0.4776098169264041,-0.9847524790132087,-1.0045612937767252,-0.9341954116164852,-1.0398458827523358,-1.0393291207538267,-0.9206329040577904,-0.9436071802439261,-0.9477242862634859,-0.9775171563619399,-1.0337881348862266,-1.030169296107382,-1.01978658229914,-0.9841236717592357,-1.0405464622144773,-1.0172849055754016,-1.0409116606359026,-1.0497997984756318,-0.9432339850722213,-1.0269021395456974,-0.9351564297723864,-1.0171624399810912,-1.0470763027431125,-1.0144256136866463,-1.0330484640288895,-0.9699553677868773,-1.0240018817061196,-0.7588330489168926,-1.0296404202014324,-1.015422675161358,-1.0392593614076817,-1.0143016811582175,-1.0212230553750634,-1.0144620498164307,-1.0382044841499585,-0.9592440478488579,-1.0297621078539672,-0.9692389775325247,-1.0203769015682578,-0.11066426808372769,-1.0276377986809642,-0.9999307213979236,-1.0392635178525358
302,1519070558,-0.9119516692970709,-1.0223602471567481,-1.0148590938299369,-1.0379773525614535,-1.0110765262140289,-0.950931249961373,-0.9130364669394163,-1.0143252364341873,-0.9197366454747476,-0.9975460049443549,-0.9879491685279784,-1.0220235870469838,-1.010069619611205,-0.9117148735586361,-1.0149063733772836,-1.0447249883661816,-0.9269625592179221,-1.0257209936620422,-1.037923921014809,-1.0365352308929965,-1.0307676316113548,-1.014136077925772,-0.08572961197044983,-1.0501698286681862,-1.0217579670289818,-1.0434102148356454,-1.0225194172736627,-0.9156029443259359,-0.912228496307091,-0.974111043993265,-1.0252872868387317,-0.9830754864937566,-1.0276647689818696,0.6238735188551541,-0.9816831140668169,-1.0271942950027722,-0.9984302506850852,-0.9267913382899167,-1.0183986499414035,-0.918169339979074,-0.5567771649665584,-1.0373664325226466,-0.9320596295553466,-0.9203572265343132,-0.042223416015498456,-1.020768720159027,-1.0262931318765403,-1.0268629294303588,-1.0441047807858017,-1.0404923227640004,-1.0269097183551592,-1.028416761533641,-0.9105842607408484,-0.926329288012046,-0.9181555762139653,-1.0268078959926659,-1.0222209330228946,-1.0357352768762038,-0.9685724846286515,-1.013550079622366,-1.0128469776261533,-1.0199810567164838,-1.0528423551066497,0.6465497327744882,-0.9818690403715757,-1.0263977382173501,-0.9323665076435617,-1.0259162017824663,-0.9275152453812255,-1.013994930337754,-0.9752330678148756,-0.9085744560577498,-1.0158396165074435,-1.0273557331943433,-0.9989726488501725,-1.0130676185377903,-1.0366909247305933,-0.9811735829692414,-0.941684826516866,-1.0169299764573188,-0.9165356853961111,-1.015612135689734,-1.0435980493470254,-0.9549374044538631,-1.014031064949636,-0.9872970547354858,-1.0136871184389677,-0.4775981797888614,-0.9826289662154012,-1.0045612937767252,-0.9326966499596102,-1.0387212084257316,-1.0380611062591207,-0.9168972775145469,-0.9414679726934251,-0.9462728189267786,-0.9754534699649235,-1.03073109752333,-1.0279697653015138,-1.0179155360264307,-0.9819923052126218,-1.0394225618963644,-1.0143177589727934,-1.0397881540530778,-1.0486718957256198,-0.9425196444593413,-1.024406884844344,-0.9336560713157516,-1.0142853555833524,-1.0459467799140438,-1.0125597648592475,-1.030951427055961,-0.9673915396744998,-1.022021957459018,-0.758037602892452,-1.027433929776857,-1.01333050657512,-1.0379912897016086,-1.0107605986446786,-1.0194836559482605,-1.0121020892552048,-1.0369345571836006,-0.9578566240362377,-1.0262022847809273,-0.9681282295183132,-1.0185108966032157,-0.11066426808372769,-1.0251444394829183,-0.9981129904430313,-1.0381386768536975
303,1519070564,-0.9098594897629722,-1.0211987733848447,-1.012383915910881,-1.0357292973488887,-1.0098949547935403,-0.9494989729177872,-0.9109429042457367,-1.0120216596512503,-0.9169821887962414,-0.9957277548064705,-0.9850002267710454,-1.0199337175199519,-1.0080964799642833,-0.910319328726887,-1.0124321275844304,-1.0421800777191639,-0.924941462101754,-1.0239294196690272,-1.0362606345349288,-1.0359001012916298,-1.0281455444365883,-1.0121595829284102,-0.08572961197044983,-1.0495308768490101,-1.019776886807442,-1.0410064100167247,-1.0205374339028774,-0.913517174979181,-0.9108344134416393,-0.9726233619353206,-1.0234171329284523,-0.981310484687084,-1.0254561121188903,0.2349763897496313,-0.9790221866392964,-1.0251596970522907,-0.9960019275273131,-0.9254529650798311,-1.016439505209919,-0.9151817241059114,-0.5567771649665584,-1.0355678737849248,-0.9305571012464205,-0.9181142652445907,-0.042223416015498456,-1.0190303925877078,-1.0245029017818574,-1.0250741575764775,-1.0428430556793944,-1.0377191648279191,-1.0251174937895944,-1.0267672201874776,-0.908506717400298,-0.9249938136912782,-0.9160644214490349,-1.0251532321555443,-1.0207154730473886,-1.034078973352201,-0.9665182512109063,-1.0114552628347289,-1.0116040023151502,-1.0176648389478804,-1.0496550493094687,0.6328401117275496,-0.9789340344460047,-1.0248694786812123,-0.9301135692962165,-1.0234193241549572,-0.925506397893631,-1.0122710312484013,-0.9731680529487244,-0.907089580337651,-1.0133369878018137,-1.025148321160223,-0.9971589133330947,-1.0109749967171469,-1.0350384986231975,-0.9790446754363362,-0.9402554498858675,-1.014032502341486,-0.9137508030000121,-1.0132467739514135,-1.0411955201673078,-0.9547432359308564,-1.0119404958203673,-0.9855255042961125,-1.0119609967573095,-0.4775865426513186,-0.9805054534175937,-1.0045612937767252,-0.9311978883027352,-1.0375965340991273,-1.0361590845170618,-0.9154030268972494,-0.9400418343264245,-0.9433698842533638,-0.9728738619686531,-1.028693072614732,-1.0257702344956456,-1.0160444897537213,-0.9793280970293545,-1.0377367114191949,-1.0123396612377213,-1.0381028941788406,-1.0464160902255955,-0.9403766226207011,-1.0231592574936672,-0.9314055336307993,-1.0119836880651611,-1.044817257084975,-1.0100719664227158,-1.0283301308398003,-0.9648277115621222,-1.0195470521501406,-0.7575603352777877,-1.0257790619584255,-1.0112383379888816,-1.0360891821424991,-1.0089900573879091,-1.0177442565214578,-1.0097421286939787,-1.0362995937004218,-0.9564692002236177,-1.024676646321053,-0.9664621074969959,-1.0172668932931876,-0.11066426808372769,-1.0238977598838952,-0.9956893491698415,-1.0370138358548593
304,1519070569,-0.9084647034069063,-1.018875825841038,-1.0104037735756364,-1.0340432559394652,-1.0081225976628074,-0.9473505573524084,-0.9095471957832836,-1.0102939770640476,-0.9149163462873617,-0.9939095046685861,-0.9820512850141124,-1.0178438479929202,-1.0055458991870947,-0.908923783895138,-1.0104527309501474,-1.0402713947339006,-0.9229203649855859,-1.0221378456760122,-1.0351517768816754,-1.0346298420888962,-1.0260478746967752,-1.0096889641817082,-0.08572961197044983,-1.046336117753131,-1.017300536530517,-1.0392035564025341,-1.0175644588466997,-0.9114314056324259,-0.9094403305761877,-0.9711356798773763,-1.0221703636549326,-0.9777804810737387,-1.0237996194716557,0.2905331224789917,-0.97689344469728,-1.0236337485894296,-0.9929665235800981,-0.9234454052647028,-1.0144803604784347,-0.91368791616933,-0.5567771649665584,-1.033769315047203,-0.9290545729374944,-0.9151236501916276,-0.042223416015498456,-1.0155537374450696,-1.0227126716871748,-1.023285385722596,-1.041581330572987,-1.0348926075456841,-1.0221304528469861,-1.025117678841314,-0.9064291740597474,-0.9236583393705106,-0.9132762150957945,-1.0234985683184226,-1.0187081930800472,-1.03187056865353,-0.9634369010842885,-1.0088367418501827,-1.0103610270041472,-1.015927675621428,-1.0490175881500325,0.6294127064658149,-0.9771730308906621,-1.0233412191450744,-0.9286116103979863,-1.0221708853412026,-0.9241671662352345,-1.0093978660994802,-0.9705867843660355,-0.905604704617552,-1.011835410578436,-1.0234927621346328,-0.995345177816017,-1.0088823748965037,-1.0328352638133365,-0.9769157679034312,-0.9381113849393699,-1.012873512695153,-0.9116621412029378,-1.012064093082253,-1.0393936232825196,-0.9545490674078496,-1.0098499266910987,-0.9825729202304905,-1.0102348750756511,-0.47757199622939017,-0.9783819406197861,-1.0045612937767252,-0.9304485074742977,-1.036471859772523,-1.035525077269709,-0.9139087762799519,-0.9393287651429242,-0.9419184169166565,-0.9702942539723827,-1.0271645539332837,-1.0235707036897774,-1.0141734434810117,-0.9766638888460872,-1.036612811101082,-1.010361563502649,-1.0369793875960158,-1.0452881874755835,-0.939662282007821,-1.0219116301429905,-0.9299051751741644,-1.0102574374265179,-1.0425582114268377,-1.008206117595317,-1.0262330938668718,-0.9627766490722203,-1.017567127903039,-0.7570830676631233,-1.0241241941399941,-1.0091461694026433,-1.0348211104364262,-1.0078096965500627,-1.0154250572857206,-1.0079721582730594,-1.035029666734064,-0.9541568272025842,-1.0231510078611787,-0.9636852374614672,-1.0147788866731315,-0.11066426808372769,-1.0226510802848723,-0.9938716182149492,-1.0358889948560208
305,1519070575,-0.9070699170508404,-1.0171336151831827,-1.0084236312403916,-1.0329192283331827,-1.0057594548218303,-0.9459182803088225,-0.9081514873208305,-1.008566294476845,-0.912850503778482,-0.9914851711514068,-0.9802819199599526,-1.0157539784658884,-1.0029901395656886,-0.907528239063389,-1.0084733343158647,-1.0389989394103918,-0.9208992678694179,-1.0203462716829972,-1.0334884904017954,-1.0333595828861628,-1.0239502049569622,-1.0077124691843466,-0.08572961197044983,-1.045058214114779,-1.0153194563089774,-1.0374007027883436,-1.0155824754759142,-0.9093456362856709,-0.9073492062780101,-0.9691521038001171,-1.0203002097446532,-0.9760154792670661,-1.0221431268244212,0.4016465879377125,-0.9747647027552637,-1.0215991506389481,-0.9911452812117691,-0.9221070320546172,-1.012031429564079,-0.911447204264458,-0.5567771649665584,-1.0319707563094809,-0.9283033087830314,-0.9128806889019051,-0.042223416015498456,-1.0138154098737504,-1.0209224415924922,-1.0214966138687147,-1.039688742913376,-1.032070379940164,-1.0203382282814213,-1.0229182903797627,-0.904351630719197,-0.9216551278893591,-0.909790957154244,-1.021843904481301,-1.016700913112706,-1.0302142651295272,-0.9613826676665432,-1.0067419250625456,-1.007875076382141,-1.013032403410674,-1.0477426658311604,0.6294127064658149,-0.9754120273353194,-1.020794119918178,-0.9278606309488713,-1.020922446527448,-0.9228279345768382,-1.0076739670101276,-0.9680055157833466,-0.9033773910374039,-1.010333833355058,-1.0218372031090426,-0.9929268637932467,-1.0067897530758603,-1.0311828377059407,-0.9742546334872998,-0.9366820083083713,-1.01171452304882,-0.9088772588068388,-1.0102900717785126,-1.0375917263977315,-0.9543548988848429,-1.00775935756183,-0.9802108529779927,-1.008508753393993,-0.4775603590918474,-0.9757275496225267,-1.0045612937767252,-0.9282003649889852,-1.0353471854459189,-1.0336230555276502,-0.9124145256626546,-0.936476488408923,-0.940466949579949,-0.9682305675753663,-1.0256360352518354,-1.0219210555853762,-1.0123023972083023,-0.9745325222994734,-1.0349269606239124,-1.008383465767577,-1.0352941277217786,-1.0441602847255713,-0.9382336007820609,-1.0206640027923137,-0.9291549959458469,-1.0085311867878746,-1.041428688597769,-1.006962218377051,-1.0241360568939433,-0.9607255865823182,-1.0150922225941617,-0.756605800048459,-1.0219177037154188,-1.007054000816405,-1.0329190028773165,-1.00544897487437,-1.0136856578589177,-1.0062021878521399,-1.0337597397677063,-0.9527694033899641,-1.021116823248013,-0.9625744894472557,-1.0135348833631035,-0.11066426808372769,-1.0201577210868262,-0.9920538872600569,-1.0347641538571826
306,1519070581,-0.9056751306947745,-1.0148106676393758,-1.0064434889051468,-1.0317952007269005,-1.003396311980853,-0.9444860032652367,-0.9067557788583773,-1.0068386118896424,-0.9100960470999757,-0.9896669210135224,-0.9785125549057928,-1.0131416415570986,-1.0012474584864521,-0.9061326942316399,-1.0059990885230112,-1.0383627117486374,-0.9188781707532498,-1.0185546976899822,-1.032379632748542,-1.0314541940820627,-1.021852535217149,-1.0052418504376444,-0.08572961197044983,-1.0437803104764274,-1.0128431060320524,-1.034996897969423,-1.0131049962624328,-0.9072598669389159,-0.9059551234125585,-0.9666726337035431,-1.0178066711976137,-0.9742504774603935,-1.019382305745697,-0.15392073935589148,-0.9721037753277433,-1.020073202176087,-0.9893240388434401,-0.9207686588445316,-1.0095824986497237,-0.9099533963278768,-0.5567771649665584,-1.0289731584132777,-0.9268007804741053,-0.9098900738489419,-0.042223416015498456,-1.0109181972548853,-1.0185354681329153,-1.018515327445579,-1.0384270178069688,-1.0293484565118796,-1.017351187338813,-1.0212687490335992,-0.9022740873786466,-0.9203196535685915,-0.9070027508010036,-1.0201892406441793,-1.0146936331453649,-1.0285579616055243,-0.959328434248798,-1.0041234040779992,-1.0066321010711377,-1.0112952400842214,-1.046467743512288,0.6088482748954069,-0.9736510237799768,-1.0182470206912815,-0.9263586720506412,-1.0178013494930613,-0.9201494712600454,-1.0053754348909905,-0.9659405009171955,-0.901892515317305,-1.00883225613168,-1.0196297910749224,-0.9899039712647838,-1.0046971312552169,-1.0295304115985449,-0.9721257259543947,-0.9359673199928722,-1.010555533402487,-0.9067885970097646,-1.0091073909093524,-1.0357898295129433,-0.9541121882310846,-1.0051461461502442,-0.9784393025386195,-1.0067826317123345,-0.4775429033855333,-0.9730731586252673,-1.0045612937767252,-0.9267016033321102,-1.0330978367927104,-1.0310870265382384,-0.9101731497367084,-0.9357634192254226,-0.9375640149065343,-0.9661668811783499,-1.024107516570387,-1.0202714074809751,-1.011055033026496,-0.9718683141162061,-1.0338030603057995,-1.006405368032505,-1.0336088678475415,-1.0430323819755594,-0.9353762383305405,-1.0187925617662985,-0.9276546374892121,-1.0062295192696835,-1.0402991657687002,-1.0050963695496522,-1.0215147606777826,-0.9586745240924163,-1.01311229834706,-0.7561285324337946,-1.0202628358969872,-1.0044387900836074,-1.0316509311712436,-1.0042686140365238,-1.0107866588142465,-1.005022207571527,-1.0305849223518118,-0.951381979577344,-1.0195911847881387,-0.9614637414330441,-1.0122908800530754,-0.11066426808372769,-1.0189110414878033,-0.9890243356685697,-1.033076892358925
307,1519070586,-0.9028855579826427,-1.0119069832096173,-1.0024832042346574,-1.0295471455143357,-1.001033169139876,-0.9394730336126862,-0.9039643619334712,-1.003383246715237,-0.9059643620822163,-0.9860304207377536,-0.9755636131488598,-1.008961902503035,-0.9987020565534812,-0.9026438321522673,-1.001545446095875,-1.0358178011016197,-0.9141622774821909,-1.0137771670419422,-1.0296074886154085,-1.028278546075229,-1.017657195737523,-1.001288860442921,-0.08572961197044983,-1.0418634550188997,-1.0083856755335878,-1.031391190741042,-1.009141029520862,-0.9044788411432425,-0.9024699162489292,-0.9636972695876543,-1.0153131326505744,-0.9707204738470482,-1.0155171562354832,-0.04280727389717069,-0.9683784769292147,-1.018547253713226,-0.985681554106782,-0.9180919124243605,-1.005664209186755,-0.9069657804547141,-0.5567771649665584,-1.025376040937834,-0.9237957238562531,-0.9083947663224603,-0.042223416015498456,-1.007441542112247,-1.01495500794355,-1.0131490118839348,-1.0352727050409505,-1.0265103534250704,-1.0137667382076834,-1.0174198192258845,-0.8981190006975456,-0.9169809677666723,-0.9049115960360733,-1.0157768037451882,-1.0116827131943529,-1.0252453545575184,-0.9557335257677438,-0.999933770502725,-1.0029031751381283,-1.0072418589891656,-1.0445553600339794,0.6088482748954069,-0.9695420154841774,-1.0162093413097644,-0.9241057337032961,-1.0140560330517974,-0.9168013921140544,-1.0019276367122851,-0.962326724901431,-0.8974378881570085,-1.0053285759437984,-1.0163186730237421,-0.9868810787363208,-0.9999887321587694,-1.0262255593837533,-0.9684001377718109,-0.9331085667308752,-1.0064990696403213,-0.9040037146136656,-1.0061506887364515,-1.032186035743367,-0.9537238511850711,-0.9999197233270726,-0.974896201659873,-1.0016042666673597,-0.4775225383948335,-0.9693570112291042,-1.0045612937767252,-0.92370408001836,-1.030848488139502,-1.0285509975488265,-0.9079317738107622,-0.9321980733079211,-0.9339353465647658,-0.9625554299835714,-1.0210504792074904,-1.0169721112721728,-1.0079366225719801,-0.9681384226596319,-1.0315552596695734,-1.0014601236948244,-1.0308001013904795,-1.0407765764755352,-0.9318045352661402,-1.0144258660389298,-0.9254040998042596,-1.0016261842333012,-1.038040120110563,-1.0026085711131203,-1.0173206867319255,-0.9545723991126123,-1.008657468791081,-0.7551739972044659,-1.0164014776539803,-1.0002544529111308,-1.029748823612134,-1.0024980727797543,-1.0067280601517063,-1.0032522371506076,-1.028680031902275,-0.9486071319521038,-1.0180655463282644,-0.9586868713975154,-1.0091808717780055,-0.11066426808372769,-1.0151710026907343,-0.9859947840770825,-1.0302647898618293
308,1519070592,-0.9014907716265769,-1.0107455094377138,-1.0000080263156015,-1.0284231179080534,-0.9992608120091432,-0.9373246180473075,-0.9018707992397915,-1.000503775736566,-0.9038985195733367,-0.9842121705998692,-0.9726146713919267,-1.006872032976003,-0.9963249670575837,-0.9005505149046438,-0.9990712003030217,-1.0351815734398653,-0.9114674813273002,-1.0113884017179222,-1.028498630962155,-1.0270082868724957,-1.0145106911278032,-0.9993123654455595,-0.08572961197044983,-1.040585551380548,-1.006404595312048,-1.0295883371268515,-1.0071590461500768,-0.9016978153475692,-0.9003787919507518,-0.96220958752971,-1.0128195941035352,-0.9689554720403755,-1.0138606635882488,-0.04280727389717069,-0.9657175495016943,-1.0165126557627446,-0.9838603117384531,-0.9160843526092322,-1.0037050644552705,-0.9039781645815514,-0.5567771649665584,-1.023577482200112,-0.921541931392864,-0.905404151269497,-0.042223416015498456,-1.0057032145409277,-1.0113745477541847,-1.0113602400300534,-1.0346418424877468,-1.0237205983949145,-1.0119745136421183,-1.015770277879721,-0.896041457356995,-0.9149777562855208,-0.9021233896828329,-1.0141221399080664,-1.0101772532188469,-1.0235890510335155,-0.9531657339955624,-0.997838953715088,-1.0016601998271253,-1.0055046956627132,-1.0426429765556708,0.6088482748954069,-0.9671940107437206,-1.0146810817736265,-0.922603774805066,-1.0128075942380428,-0.9147925446264599,-1.0002037376229325,-0.9597454563187421,-0.8959530124369096,-1.0038269987204205,-1.014111260989622,-0.9832536077021654,-0.9973729548829652,-1.0245731332763575,-0.9657390033556795,-0.9309645017843775,-1.0053400799939882,-0.9012188322175666,-1.0031939865635506,-1.0285822419737907,-0.9535296826620644,-0.9978291541978039,-0.9731246512204997,-0.9998781449857014,-0.4775138105416764,-0.966171742032393,-1.0045612937767252,-0.92070655670461,-1.0297238138128977,-1.0272829830541206,-0.9049432725761674,-0.9300588657574203,-0.9317581455597048,-0.9594599003880468,-1.0185029480717431,-1.0153224631677715,-1.0066892583901739,-0.9654742144763646,-1.029869409192404,-0.9994820259597523,-1.0296765948076547,-1.039084722350517,-0.9296615134274999,-1.0125544250129146,-0.9224033828909899,-0.99932451671511,-1.0369105972814943,-1.0013646718948546,-1.015223649758997,-0.9520085710002347,-1.0066775445439793,-0.7545376403849134,-1.0147466098355489,-0.9971162000317734,-1.0278467160530245,-1.0007275315229849,-1.0049886607249037,-1.0008922765893817,-1.0274101049359174,-0.9472197081394838,-1.0160313617150987,-0.9570207493761982,-1.0079368684679775,-0.11066426808372769,-1.0133009832921998,-0.9835711428038928,-1.0285775283635719
309,1519070598,-0.8987011989144451,-1.0095840356658103,-0.9970378128127344,-1.0267370764986297,-0.996897669168166,-0.9337439254383428,-0.8997772365461119,-0.9976243047578949,-0.9011440628948303,-0.9823939204619848,-0.9702555179863803,-1.0042596960672134,-0.9937692074361775,-0.8984571976570201,-0.9965969545101683,-1.0326366627928476,-0.9080989861336867,-1.0095968277249074,-1.0273897733089017,-1.0257380276697623,-1.0124130213879903,-0.9968417466988573,-0.08572961197044983,-1.0386686959230205,-1.004423515090508,-1.027785483512661,-1.0051770627792915,-0.8968310202051409,-0.8989847090853,-0.9602260114524508,-1.0115728248300155,-0.9660138023625878,-1.0116520067252694,-0.43170440300269347,-0.9630566220741739,-1.0134607588370224,-0.9790036654229091,-0.913407606189061,-1.0012561335409151,-0.9009905487083888,-0.5567771649665584,-1.0211794038831494,-0.9192881389294749,-0.9001705749268114,-0.042223416015498456,-1.0039648869696087,-1.009584317659502,-1.009571468176172,-1.0333801173813395,-1.0208882682103924,-1.0089874726995103,-1.013021042302782,-0.8918863706758942,-0.9136422819647531,-0.896546976976352,-1.012467476070945,-1.008671793243341,-1.021380646334845,-0.9505979422233808,-0.9946967285336324,-0.9985527615496175,-1.0037675323362607,-1.0407305930773623,0.46832465916428595,-0.9654330071883779,-1.0116245627013507,-0.9195998570086057,-1.0103107166105336,-0.9127836971388653,-0.9973305724740112,-0.9571641877360532,-0.8922408231366625,-1.0023254214970427,-1.0124557019640317,-0.9814398721850877,-0.9952803330623218,-1.0218190897640311,-0.9636100958227745,-0.9281057485223806,-1.0041810903476551,-0.897041508623418,-1.0014199652598101,-1.0267803450890025,-0.9532869720083059,-0.9957385850685353,-0.9701720671548776,-0.997576649410157,-0.47750217340413365,-0.9635173510351336,-1.0045612937767252,-0.9199571758761725,-1.0285991394862934,-1.0266489758067678,-0.9004605207242751,-0.9286327273904196,-0.92885521088629,-0.9568802923917764,-1.0164649231631453,-1.0131229323619033,-1.0041945300265613,-0.9617443230197904,-1.028745508874291,-0.9970094037909121,-1.02855308822483,-1.037392868225499,-0.9282328322017398,-1.0113067976622379,-0.9201528452060376,-0.9970228491969189,-1.035216313037891,-0.9988768734583228,-1.0131266127860683,-0.9499575085103328,-1.0046976202968776,-0.7540603727702491,-1.0125401194109735,-0.9950240314455352,-1.0265786443469513,-0.9977766294283691,-1.0032492612981008,-0.9979423258878493,-1.0267751414527384,-0.9449073351184503,-1.0129800847953503,-0.9547992533477752,-1.0042048585378933,-0.11066426808372769,-1.0114309638936654,-0.9811475015307031,-1.0274526873647336
310,1519070603,-0.8966090193803463,-1.0084225618939069,-0.9950576704774896,-1.0256130488923474,-0.9951253120374333,-0.9308793713511712,-0.8976836738524322,-0.9958966221706922,-0.8990782203859506,-0.9781513368069211,-0.9684861529322205,-1.0021698265401815,-0.9911538911062684,-0.8970616528252712,-0.9946175578758855,-1.0320004351310932,-0.9054041899787959,-1.0078052537318924,-1.0262809156556483,-1.0244677684670287,-1.010315351648177,-0.9948652517014956,-0.08572961197044983,-1.0373907922846686,-1.0024424348689684,-1.0247807274890102,-1.00269958356581,-0.8947452508583859,-0.8968935847871226,-0.9587383293945064,-1.010326055556496,-0.9642488005559151,-1.009995514078035,0.2905331224789917,-0.9609278801321576,-1.011426160886541,-0.97718242305458,-0.9120692329789755,-0.9992969888094306,-0.8987498368035168,-0.5567771649665584,-1.0193808451454276,-0.9177856106205488,-0.8986752674003298,-0.042223416015498456,-1.0016471168745165,-1.0071973441999251,-1.0077826963222907,-1.0321183922749322,-1.0180775864094462,-1.0071952481339452,-1.0108216538412307,-0.8898088273353436,-0.9116390704836016,-0.8944558222114217,-1.0108128122338231,-1.0071663332678351,-1.0191722416361741,-0.9485437088056355,-0.9926019117459953,-0.9960668109276113,-1.0014513145676573,-1.038818209599054,0.6225578959423456,-0.9636720036330353,-1.0095868833198336,-0.9173469186612605,-1.0090622777967788,-0.9114444654804689,-0.9956066733846586,-0.955099172869902,-0.8907559474165637,-1.0008238442736648,-1.0108001429384414,-0.9796261366680099,-0.9931877112416785,-1.0201666636566353,-0.9604167345234168,-0.9266763718913821,-1.003022100701322,-0.8949528468263438,-0.9996459439560698,-1.0249784482042146,-0.9530442613545476,-0.9936480159392667,-0.9684005167155043,-0.9958505277284987,-0.4774934455509766,-0.961393838237326,-1.0045612937767252,-0.91770903339086,-1.0274744651596892,-1.025380961312062,-0.8989662701069776,-0.9264935198399187,-0.9274037435495827,-0.95481660599476,-1.0144268982545475,-1.0114732842575023,-1.002323483753852,-0.9596129564731766,-1.027621608556178,-0.9950313060558399,-1.0274295816420052,-1.0357010141004808,-0.9268041509759796,-1.0100591703115611,-0.9186524867494027,-0.9952965985582756,-1.0340867902088224,-0.9976329742400568,-1.0105053165699076,-0.9479064460204307,-1.0022227149880003,-0.7534240159506966,-1.010885251592542,-0.9924088207127373,-1.0253105726408784,-0.9954159077526764,-1.0015098618712979,-0.9961723554669298,-1.0255052144863808,-0.9435199113058301,-1.0104373540288931,-0.9531331313264579,-1.0029608552278653,-0.11066426808372769,-1.0101842842946425,-0.9793297705758107,-1.0263278463658954
311,1519070609,-0.8952142330242804,-1.0055188774641484,-0.9925824925584337,-1.0244890212860651,-0.9927621691964561,-0.9294470943075853,-0.8962879653899791,-0.9935930453877553,-0.8963237637074444,-0.9763330866690367,-0.9667167878780607,-0.9995574896313917,-0.9886913506807797,-0.8956661079935221,-0.9926381612416028,-1.0307279798075843,-0.9033830928626279,-1.0060136797388775,-1.0251720580023949,-1.021927250061562,-1.008217681908364,-0.9928887567041339,-0.08572961197044983,-1.0367518404654927,-0.9999660845920435,-1.0223769226700894,-1.0002221043523283,-0.8926594815116309,-0.8948024604889451,-0.9567547533172472,-1.0084559016462165,-0.9624837987492425,-1.0077868572150557,-0.26503420481461226,-0.9582669527046371,-1.0093915629360595,-0.9753611806862511,-0.9107308597688899,-0.9968480578950751,-0.8972560288669355,-0.5567771649665584,-1.0163832472492245,-0.9162830823116227,-0.8964323061106074,-0.042223416015498456,-0.9993293467794242,-1.00361688401056,-1.0059939244684093,-1.0314875297217285,-1.0152604100934273,-1.0054030235683804,-1.0091721124950672,-0.8863462551010929,-0.910303596162834,-0.8923646674464915,-1.0086065937843276,-1.0046572333086585,-1.0175159381121712,-0.9464894753878903,-0.9905070949583583,-0.9948238356166081,-0.999135096799054,-1.0381807484396177,0.47517946968775526,-0.9619110000776927,-1.0075492039383163,-0.9158449597630304,-1.0065654001692697,-0.9094356179928743,-0.9938827742953058,-0.9530341580037509,-0.8870437581163166,-0.9993222670502869,-1.0091445839128512,-0.9759986656338544,-0.9910950894210351,-1.0179634288467745,-0.9577556001072854,-0.9259616835758829,-1.0012836162318226,-0.8928641850292696,-0.9978719226523293,-1.0231765513194264,-0.9528015507007892,-0.991557446809998,-0.966628966276131,-0.9941244060468404,-0.47748180841343385,-0.9582085690406148,-1.0045612937767252,-0.9154608909055474,-1.0257874536697829,-1.023478939570003,-0.8974720194896801,-0.9257804506564183,-0.9245008088761679,-0.9527529195977437,-1.0123888733459498,-1.0092737534516338,-1.0004524374811423,-0.9574815899265627,-1.026497708238065,-0.9930532083207678,-1.025744321767768,-1.0345731113504686,-0.9246611291373393,-1.0081877292855461,-0.9171521282927678,-0.9935703479196322,-1.0329572673797538,-0.9951451758035251,-1.0078840203537471,-0.9453426179080532,-0.9997478096791231,-0.7527876591311441,-1.0086787611679666,-0.98927056783338,-1.0246765367878419,-0.993645366495907,-0.9991906626355608,-0.9938123949057039,-1.023600324036844,-0.9416700128890034,-1.0089117155690188,-0.9509116352980349,-1.0010948502628232,-0.11066426808372769,-1.0083142648961079,-0.9763002189843236,-1.0240781643682186
312,1519070614,-0.8938194466682146,-1.004357403692245,-0.990602350223189,-1.0233649936797826,-0.990399026355479,-0.9280148172639995,-0.8948922569275259,-0.9918653628005527,-0.8942579211985646,-0.9745148365311523,-0.9649474228239009,-0.99746762010436,-0.9859854045770619,-0.8942705631617731,-0.9906587646073199,-1.0294555244840755,-0.9013619957464598,-1.0042221057458625,-1.0235087715225146,-1.0212921204601952,-1.006120012168551,-0.9909122617067723,-0.08572961197044983,-1.035473936827141,-0.9979850043705037,-1.0205740690558989,-0.9982401209815431,-0.8898784557159576,-0.8934083776234933,-0.9552670712593028,-1.0065857477359368,-0.9607187969425698,-1.006130364567821,0.5683167861257937,-0.9556060252771167,-1.0078656144731983,-0.9735399383179221,-0.9093924865588043,-0.9948889131635907,-0.8957622209303542,-0.5567771649665584,-1.0145846885115026,-0.9155318181571597,-0.8949369985841258,-0.042223416015498456,-0.9975910192081051,-1.0018266539158773,-1.0042051526145277,-1.0289640795089139,-1.0124497282924811,-1.0036107990028156,-1.0075225711489038,-0.8842687117605423,-0.9089681218420662,-0.8902735126815611,-1.006400375334832,-1.0031517733331525,-1.0158596345881683,-0.9444352419701451,-0.9884122781707212,-0.993580860305605,-0.9973979334726015,-1.0369058261207453,0.6362675169892843,-0.9589759941521216,-1.0055115245567992,-0.9150939803139153,-1.005316961355515,-0.908096386334478,-0.9921588752059531,-0.9509691431375997,-0.8855588823962178,-0.9973201640857831,-1.006937171878731,-0.9741849301167766,-0.9890024676003917,-1.0163110027393787,-0.9556266925743804,-0.9245323069448844,-0.999545131762323,-0.8907755232321953,-0.9955065609140086,-1.0213746544346383,-0.9523161293932724,-0.9894668776807293,-0.9648574158367578,-0.991822910471296,-0.47747308056027676,-0.9560850562428073,-1.0045612937767252,-0.9139621292486724,-1.0246627793431786,-1.022210925075297,-0.8944835182550852,-0.9243543122894178,-0.9230493415394605,-0.9506892332007273,-1.010350848437352,-1.0076241053472328,-0.999205073299336,-0.955350223379949,-1.0253738079199521,-0.9905805861519276,-1.0246208151849432,-1.0334452086004566,-0.9232324479115792,-1.0056924745841924,-0.915651769836133,-0.9918440972809889,-1.031827744550685,-0.9932793269761263,-1.0057869833808184,-0.9427787897956758,-0.9977678854320213,-0.7521513023115917,-1.0064722707433913,-0.9871783992471417,-1.0234084650817687,-0.9924650056580606,-0.9974512632087579,-0.992632414625091,-1.0223303970704862,-0.9375077414511431,-1.0073860771091445,-0.9475793912554004,-0.9998508469527952,-0.11066426808372769,-1.0058209056980618,-0.9738765777111339,-1.0229533233693804
313,1519070620,-0.8903324807780498,-1.0014537192624864,-0.9866420655526995,-1.0205549246640768,-0.9874450978042576,-0.9222857090896561,-0.8900072773089401,-0.9884099976261473,-0.8901262361808052,-0.9708783362553836,-0.9602291160128081,-0.9932878810502963,-0.9832898161617794,-0.890083928666526,-0.9862051221801837,-1.0262743861753034,-0.8952987043979556,-0.9988473837668175,-1.0212910562160078,-1.0187516020547283,-1.0014002552539716,-0.9869592717120489,-0.08572961197044983,-1.0335570813696133,-0.993527573872039,-1.0169683618275178,-0.9932851625545799,-0.8864021734713659,-0.89062021189259,-0.952291707143414,-1.002845439915378,-0.9571887933292246,-1.0022652150576072,-0.15392073935589148,-0.951348541393084,-1.0048137175474763,-0.9692903727918211,-0.9060465535335904,-0.990970623700622,-0.8912807971206101,-0.5567771649665584,-1.0109875710360587,-0.9110242332303814,-0.8911987297679217,-0.042223416015498456,-0.9929554790179207,-0.9982461937265119,-1.000031351622138,-1.027071491849303,-1.0096044090778136,-1.0000263498716857,-1.0042234884565768,-0.8801136250794415,-0.9062971732005309,-0.8860912031517005,-1.0030910476605888,-1.0001408533821408,-1.0125470275401625,-0.9403267751346546,-0.9842226445954471,-0.9904734220280972,-0.9927654979353949,-1.0330810591641282,0.4306232012852047,-0.954279984671208,-1.0024550054845234,-0.91133908306834,-1.0021958643211284,-0.9054179230176852,-0.9887110770272477,-0.9468391134052975,-0.8818466930959706,-0.9933159581567754,-1.0030742008190205,-0.9705574590826211,-0.9837709130487834,-1.013006150524587,-0.9513688775085702,-0.9216735536828875,-0.9949091731769908,-0.8865981996380469,-0.9913671778719475,-1.016569596075203,-0.9518792502165072,-0.9847630971398749,-0.9613143149580113,-0.9877952932140933,-0.47745562485396265,-0.9518380306471922,-1.0045612937767252,-0.9117139867633598,-1.021851093526668,-1.0203089033332382,-0.8914950170204904,-0.9222151047389168,-0.919420673197692,-0.9460459388074405,-1.006784304847306,-1.0043248091384305,-0.9960866628448203,-0.9505546486500679,-1.022002106965613,-0.9861298662480152,-1.0223738020192936,-1.0300615003504203,-0.921089426072939,-1.0025734062075007,-0.9111506944662282,-0.9878161791241544,-1.0295686988925477,-0.9907915285395945,-1.0015929094349614,-0.9381638991933963,-0.9933130558760425,-0.7510376778773749,-1.0031625351065283,-0.9829940620746652,-1.0196042499635498,-0.9889239231445217,-0.993392664546218,-0.9890924737832522,-1.0197905431377707,-0.934732893825903,-1.004334800189396,-0.9448025212198716,-0.9967408386777251,-0.11066426808372769,-1.0027042067005043,-0.9702411158013492,-1.0207036413717039
314,1519070626,-0.8889376944219839,-0.9991307717186795,-0.9841668876336436,-1.018868883254653,-0.9856727406735247,-0.9201372935242773,-0.8886115688464871,-0.9855305266474763,-0.887371779502299,-0.9690600861174992,-0.9578699626072616,-0.9911980115232645,-0.9808738853342495,-0.8886883838347769,-0.9837308763873304,-1.0243657031900402,-0.8932776072817875,-0.9970558097738026,-1.0201821985627544,-1.0181164724533616,-0.9993025855141584,-0.9844886529653468,-0.08572961197044983,-1.0303623222737341,-0.9910512235951143,-1.0151655082133273,-0.9908076833410984,-0.8836211476756926,-0.8892261290271384,-0.9508040250854697,-1.0015986706418583,-0.9530704557803217,-1.0006087224103728,-0.4872611357320539,-0.9492197994510677,-1.0027791195969948,-0.966862049634049,-0.9040389937184621,-0.9890114789691377,-0.8890400852157382,-0.5567771649665584,-1.009189012298337,-0.9095217049214553,-0.8882081147149585,-0.042223416015498456,-0.9900582663990555,-0.9964559636318293,-0.9976463224836294,-1.0258097667428956,-1.0068110459837283,-0.9964419007405559,-1.0025739471104134,-0.8773435672920408,-0.9042939617193794,-0.88260594521015,-1.001436383823467,-0.9981335734147994,-1.0097865216668243,-0.9367318666536004,-0.9810804194139915,-0.9892304467170941,-0.9904492801667916,-1.0311686756858196,0.3586476907887769,-0.951344978745637,-1.0004173261030063,-0.9098371241701099,-1.0003232061004965,-0.9040786913592888,-0.9858379118783266,-0.9442578448226085,-0.8796193795158225,-0.9913138551922716,-1.0014186417934303,-0.9687437235655435,-0.98167829122814,-1.0091504896073302,-0.9492399699756652,-0.9195294887363898,-0.9931706887074911,-0.8838133172419478,-0.9901844970027872,-1.0147676991904149,-0.9516850816935005,-0.982149885728289,-0.9583617308923892,-0.986069171532435,-0.4774439877164199,-0.9497145178493847,-1.0045612937767252,-0.9102152251064848,-1.0207264192000638,-1.0184068815911795,-0.8892536410945442,-0.9193628280049155,-0.917243472192631,-0.94346633081117,-1.0052557861658575,-1.0021252783325623,-0.9935919344812078,-0.9478904404668006,-1.0203162564884436,-0.9841517685129431,-1.0206885421450567,-1.0283696462254022,-0.9196607448471789,-1.001325778856824,-0.9096503360095933,-0.9855145116059633,-1.0273096532344101,-0.9883037301030627,-0.9994958724620329,-0.9350873054585432,-0.9908381505671652,-0.7505604102627105,-1.001507667288097,-0.9809018934884269,-1.0183361782574767,-0.986563201468829,-0.9904936655015465,-0.9873225033623327,-1.0185206161714129,-0.9328829954090762,-1.001792069422939,-0.9425810251914486,-0.9930088287476411,-0.11066426808372769,-1.0014575271014814,-0.968423384846457,-1.0195788003728654
315,1519070631,-0.8875429080659181,-0.997969297946776,-0.9821867452983989,-1.0177448556483708,-0.9856727406735247,-0.9187050164806915,-0.8872158603840339,-0.9838028440602736,-0.8853059369934193,-0.9666357526003199,-0.9561005975531018,-0.9891081419962326,-0.9782197276727082,-0.8872928390030278,-0.9817514797530476,-1.0237294755282857,-0.8912565101656195,-0.9952642357807876,-1.0185189120828744,-1.0168462132506282,-0.9972049157743453,-0.9825121579679852,-0.08572961197044983,-1.0290844186353822,-0.9890701433735745,-1.0133626545991368,-0.988825699970313,-0.8836211476756926,-0.8878320461616866,-0.9493163430275253,-1.0003519013683386,-0.9518937879092066,-0.9989522297631382,0.8461004497725957,-0.9476232429945555,-1.0022704701093745,-0.9650408072657201,-0.9027006205083765,-0.9870523342376533,-0.8890400852157382,-0.5567771649665584,-1.0073904535606149,-0.9080191766125292,-0.8882081147149585,-0.042223416015498456,-0.9883199388277363,-0.9946657335371466,-0.9958575506297479,-1.0239171790832846,-1.0039981993444245,-0.994649676174991,-1.00092440576425,-0.8766510528451906,-0.9029584873986117,-0.88260594521015,-0.9997817199863455,-0.9966281134392935,-1.0081302181428213,-0.9351911915902915,-0.9789856026263544,-0.987987471406091,-0.9887121168403391,-1.0298937533669474,0.6705415696066308,-0.9501709763754086,-1.0004173261030063,-0.9083351652718797,-0.9990747672867418,-0.9027394597008924,-0.9841140127889739,-0.9427090836729952,-0.878876941655773,-0.9898122779688937,-0.9997630827678401,-0.9669299880484657,-0.9795856694074966,-1.0074980634999344,-0.9471110624427601,-0.9181001121053913,-0.9920116990611582,-0.883117096642923,-0.989593156568207,-1.0129658023056267,-0.9514909131704938,-0.9800593165990203,-0.9571806972661403,-0.9843430498507767,-0.47743525986326285,-0.9475910050515771,-1.0045612937767252,-0.9094658442780473,-1.0196017448734596,-1.0165048598491206,-0.8892536410945442,-0.9186497588214153,-0.9150662711875699,-0.9419185660134078,-1.0047462799387081,-1.000475630228161,-0.9923445702994014,-0.9462919155568402,-1.0191923561703307,-0.9821736707778709,-1.0190032822708195,-1.02724174347539,-0.9182320636214186,-1.000078151506147,-0.9081499775529585,-0.9837882609673199,-1.0261801304053415,-0.9870598308847969,-0.9973988354891044,-0.9335490085911167,-0.9888582263200635,-0.7500831426480461,-0.9993011768635215,-0.9788097249021888,-1.0170681065514038,-0.986563201468829,-0.9887542660747437,-0.9867325132220263,-1.017885652688234,-0.931495571596456,-1.001792069422939,-0.9414702771772371,-0.991142823782599,-0.11066426808372769,-0.9995875077029469,-0.9672115642098621,-1.0184539593740272
316,1519070637,-0.8861481217098521,-0.9956463504029691,-0.9802066029631541,-1.0166208280420885,-0.983900383542792,-0.9165566009153128,-0.8858201519215808,-0.982075161473071,-0.882551480314913,-0.9642114190831407,-0.954331232498942,-0.9864958050874428,-0.9758555852873546,-0.8858972941712788,-0.9792772339601942,-1.022457020204777,-0.8892354130494513,-0.9934726617877726,-1.017410054429621,-1.014940824446528,-0.9951072460345323,-0.980041539221283,-0.08572961197044983,-1.0278065149970306,-0.9865937930966496,-1.0115598009849462,-0.9868437165995277,-0.8808401218800193,-0.8857409218635092,-0.9468368729309513,-0.9978583628212992,-0.9489521182314189,-0.9972957371159038,0.6794302515845145,-0.9438979445960268,-1.0007445216465134,-0.963219564897391,-0.901362247298291,-0.9846034033232978,-0.8867993733108662,-0.5567771649665584,-1.0049923752436523,-0.9072679124580662,-0.8867128071884769,-0.042223416015498456,-0.9865816112564172,-0.9922787600775698,-0.9928762642066122,-1.0226554539768773,-1.0012134956037695,-0.9922600434209045,-0.9987250173026985,-0.8745735095046402,-0.9009552759174603,-0.8805147904452196,-0.9981270561492238,-0.9946208334719522,-1.0064739146188182,-0.9321098414636737,-0.9763670816418081,-0.9855015207840848,-0.9869749535138866,-1.0279813698886389,0.6534045432979575,-0.9478229716349518,-0.9988890665668684,-0.9075841858227647,-0.9978263284729872,-0.901400228042496,-0.9823901136996211,-0.9396115613737686,-0.8773920659356742,-0.9883107007455157,-0.9975556707337199,-0.9639070955200028,-0.9774930475868533,-1.0058456373925386,-0.9444499280266287,-0.9166707354743928,-0.9908527094148251,-0.8810284348458488,-0.9878191352644665,-1.0111639054208388,-0.9511996603859837,-0.9774461051874346,-0.9542281132005183,-0.9826169281691184,-0.4774207134413344,-0.9444057358548659,-1.0045612937767252,-0.9064683209642973,-1.0184770705468553,-1.0158708526017677,-0.8870122651685981,-0.9165105512709143,-0.9121633365141552,-0.9393389580171374,-1.0027082550301103,-0.99882598212376,-0.990473524026692,-0.9436277073735729,-1.0169445555341048,-0.9801955730427988,-1.0178797756879947,-1.0249859379753659,-0.9175177230085386,-0.9988305241554704,-0.907399798324641,-0.980911176569581,-1.0244858461617385,-0.9858159316665309,-0.9953017985161757,-0.9309851804787392,-0.9868783020729617,-0.7496058750333817,-0.9970946864389462,-0.976194514169391,-1.0145319631392575,-0.9836122993742132,-0.9864350668390066,-0.9855525329414132,-1.0166157257218762,-0.930108147783836,-0.9992493386564817,-0.9403595291630256,-0.9898988204725709,-0.11066426808372769,-0.997094148504901,-0.9635761023000774,-1.0167666978757697
317,1519070642,-0.8847533353537863,-0.9944848766310657,-0.9782264606279094,-1.015496800435806,-0.9827188121223034,-0.9151243238717269,-0.8844244434591277,-0.9803474788858684,-0.8804856378060333,-0.9623931689452563,-0.9513822907420091,-0.9833610007968951,-0.9737607428013185,-0.8845017493395297,-0.9772978373259114,-1.021184564881268,-0.8872143159332833,-0.9916810877947576,-1.0163011967763675,-1.0136705652437945,-0.9930095762947192,-0.9775709204745809,-0.08572961197044983,-1.0258896595395028,-0.9846127128751098,-1.0079540937565652,-0.9843662373860461,-0.8780590960843458,-0.8843468389980574,-0.9443574028343774,-0.9959882089110198,-0.9460104485536311,-0.9945349160371796,0.3460898552083521,-0.9417692026540105,-0.998709923696032,-0.961398322529062,-0.9000238740882054,-0.9821544724089423,-0.8845586614059942,-0.5567771649665584,-1.0019947773474491,-0.9057653841491401,-0.8844698458987544,-0.042223416015498456,-0.984263841161325,-0.9904885299828871,-0.9910874923527309,-1.0220245914236736,-0.9984352863781873,-0.9898704106668179,-0.9959757817257594,-0.8724959661640896,-0.8996198015966926,-0.8784236356802894,-0.9964723923121022,-0.9931153734964463,-1.00371340874548,-0.9290284913370559,-0.9737485606572618,-0.9830155701620785,-0.9852377901874342,-1.0267064475697665,0.6396949222510189,-0.945474966894495,-0.9973608070307305,-0.9060822269245347,-0.9947052314386006,-0.8987217647257032,-0.9795169485507,-0.9375465465076174,-0.8751647523555259,-0.9868091235221379,-0.9953482586995996,-0.9620933600029251,-0.9754004257662099,-1.002540785177747,-0.9423210204937236,-0.9159560471588937,-0.9891142249453255,-0.8782435524497498,-0.986045113960726,-1.0093620085360506,-0.9509569497322253,-0.9753555360581659,-0.952456562761145,-0.980315432593574,-0.47740907630379165,-0.9422822230570583,-1.0045612937767252,-0.9057189401358597,-1.0162277218936469,-1.0133348236123558,-0.8840237639340032,-0.9150844129039137,-0.9107118691774478,-0.9362434284216129,-1.0011797363486619,-0.9971763340193588,-0.9879787956630793,-0.9414963408269591,-1.0158206552159916,-0.9777229508739586,-1.0161945158137575,-1.023858035225354,-0.9139460199441382,-0.9969590831294551,-0.9058994398680061,-0.9791849259309376,-1.0227915619181354,-0.9839500828391321,-0.992156243056783,-0.9279085867438862,-0.98489837782586,-0.7491286074187175,-0.9954398186205147,-0.9741023455831527,-1.0132638914331846,-0.9824319385363669,-0.9846956674122037,-0.9837825625204938,-1.0134409083059819,-0.9282582493670092,-0.9977237001966075,-0.9381380331346025,-0.9867888121975008,-0.11066426808372769,-0.9958474689058779,-0.9617583713451852,-1.0156418568769314
318,1519070648,-0.8826611558196874,-0.9933234028591622,-0.9757512827088535,-1.0143727728295238,-0.9785833121505935,-0.9122597697845553,-0.8830287349966747,-0.9780439021029315,-0.8784197952971535,-0.9599688354280771,-0.9496129256878493,-0.9812711312698633,-0.9710677438081449,-0.8824084320919062,-0.974823591533058,-1.0205483372195137,-0.8845195197783925,-0.9880979398087277,-1.0146379102964873,-1.0117651764396944,-0.9903874891199528,-0.9755944254772193,-0.08572961197044983,-1.025250707720327,-0.98263163265357,-1.0061512401423747,-0.9823842540152609,-0.8738875573908359,-0.8829527561326058,-0.9428697207764329,-0.9934946703639804,-0.9442454467469584,-0.9928784233899451,0.5127600533964333,-0.9396404607119941,-0.9951493772826895,-0.9595770801607331,-0.8986855008781198,-0.9797055414945868,-0.8800772375962502,-0.5567771649665584,-1.0001962186097273,-0.903511591685751,-0.8814792308457913,-0.042223416015498456,-0.9825255135900058,-0.987504813158416,-0.9887024632142224,-1.0201320037640627,-0.9956116155470957,-0.988078186101253,-0.9943262403795959,-0.8683408794829887,-0.8976165901155411,-0.8742413261504287,-0.9931630646378588,-0.9916099135209403,-1.002057105221477,-0.9269742579193107,-0.9716537438696247,-0.9811511071955739,-0.9835006268609817,-1.0260689864103303,0.6362675169892843,-0.9425399609689239,-0.9937948681130755,-0.9038292885771895,-0.9928325732179687,-0.8973825330673069,-0.9777930494613473,-0.9354815316414662,-0.8714525630552789,-0.984807020557634,-0.9931408466654794,-0.9602796244858474,-0.9722614930352449,-1.0008883590703512,-0.9396598860775923,-0.9145266705278952,-0.987375740475826,-0.8733700082565766,-0.9836797522224054,-1.006959479356333,-0.9507627812092185,-0.9727423246465801,-0.9506850123217717,-0.9762878153363713,-0.4774003484506346,-0.9401587102592509,-1.0045612937767252,-0.9042201784789847,-1.0145407104037405,-1.0127008163650029,-0.8810352626994082,-0.9129452053534128,-0.9085346681723867,-0.9341797420245965,-0.9986322052129147,-0.9955266859149576,-0.9867314314812731,-0.9393649742803453,-1.0146967548978787,-0.9747558042713503,-1.0150710092309327,-1.0227301324753417,-0.912517338718378,-0.9932162010774249,-0.9043990814113712,-0.9763078415331987,-1.0216620390890667,-0.9827061836208663,-0.9900592060838544,-0.9253447586315087,-0.9829184535787582,-0.7484922505991649,-0.9932333281959393,-0.9714871348503549,-1.0119958197271115,-0.9794810364417511,-0.9829562679854009,-0.980242621678655,-1.0115360178564452,-0.9268708255543892,-0.9946724232768589,-0.9370272851203911,-0.9855448088874729,-0.11066426808372769,-0.993354109707832,-0.9599406403902928,-1.013954595378674
319,1519070654,-0.8805689762855886,-0.9915811922013071,-0.9732761047897975,-1.0132487452232413,-0.9774017407301049,-0.9108274927409693,-0.8802373180717684,-0.9751644311242604,-0.8763539527882739,-0.9581505852901927,-0.9466639839309162,-0.9786587943610735,-0.9683747448149712,-0.8810128872601571,-0.9728441948987752,-1.0192758818960048,-0.8824984226622244,-0.9863063658157127,-1.0129746238166073,-1.0104949172369608,-0.9877654019451865,-0.9731238067305171,-0.08572961197044983,-1.0233338522627995,-0.9806505524320301,-1.003747435323454,-0.9804022706444756,-0.8718017880440808,-0.8801645904017025,-0.9413820387184886,-0.991624516453701,-0.9413037770691707,-0.9912219307427106,0.6238735188551541,-0.9375117187699779,-0.993114779332208,-0.957755837792404,-0.8966779410629915,-0.9777463967631024,-0.8770896217230876,-0.5567771649665584,-0.9977981402927647,-0.9020090633768248,-0.878488615792828,-0.042223416015498456,-0.9807871860186868,-0.9857145830637334,-0.986913691360341,-1.0182394161044517,-0.992787944716004,-0.9862859615356881,-0.9926766990334325,-0.8655708216955881,-0.8962811157947734,-0.8714531197971883,-0.9909568461883632,-0.9901044535454344,-1.0004008016974741,-0.9244064661471291,-0.9695589270819877,-0.9799081318845707,-0.9811844090923784,-1.0235191417725855,0.6294127064658149,-0.9407789574135813,-0.9922666085769376,-0.9015763502298443,-0.991584134404214,-0.8960433014089104,-0.9754945173422104,-0.9334165167753151,-0.8684828116150811,-0.9833054433342562,-0.9914852876398892,-0.9572567319573845,-0.9701688712146015,-0.9986851242604903,-0.9375309785446871,-0.9123826055813975,-0.9856372560063263,-0.8705851258604776,-0.981905730918665,-1.0039563178816862,-0.9505686126862118,-0.9706517555173114,-0.9489134618823984,-0.974561693654713,-0.47738871131309185,-0.9375043192619914,-1.0045612937767252,-0.9012226551652347,-1.0134160360771363,-1.011432801870297,-0.8787938867734622,-0.9122321361699125,-0.9070832008356794,-0.9316001340283261,-0.9971036865314664,-0.9933271551090894,-0.9854840672994667,-0.9372336077337314,-1.0130109044207092,-0.9727777065362782,-1.013947502648108,-1.0210382783503236,-0.911802998105498,-0.9913447600514097,-0.900648185269784,-0.9745815908945554,-1.0199677548454638,-0.9802183851843345,-0.9874379098676938,-0.9232936961416067,-0.980443548269881,-0.7480149829845005,-0.9915784603775077,-0.9693949662641166,-1.010093712168002,-0.9777104951849817,-0.981216868558598,-0.977882661117429,-1.0109010543732662,-0.9250209271375623,-0.9931467848169846,-0.9353611630990738,-0.9830568022674168,-0.11066426808372769,-0.992107430108809,-0.9581229094354005,-1.0128297543798357
320,1519070659,-0.8791741899295228,-0.989838981543452,-0.9712959624545529,-1.0115627038138177,-0.9762201693096163,-0.9079629386537976,-0.8781437553780888,-0.9734367485370577,-0.8735994961097676,-0.9557262517730134,-0.9443048305253698,-0.9755239900705258,-0.9656843352439063,-0.8789195700125336,-0.9708647982644925,-1.0173671989107416,-0.8798036265073337,-0.9845147918226977,-1.0118657661633539,-1.0092246580342275,-0.9856677322053733,-0.9706531879838151,-0.08572961197044983,-1.020778044986096,-0.9786694722104903,-1.0019445817092634,-0.977924791430994,-0.8690207622484075,-0.8787705075362507,-0.9398943566605442,-0.9903777471801813,-0.9395387752624981,-0.9895654380954761,0.7349869843138749,-0.9348507913424574,-0.9915888308693469,-0.954113353055746,-0.8946703812478632,-0.9757872520316181,-0.8755958137865062,-0.5567771649665584,-0.9942010228173209,-0.8997552709134358,-0.8754980007398648,-0.042223416015498456,-0.9784694159235945,-0.9839243529690507,-0.9845286622218324,-1.0169776909980444,-0.9899628306593405,-0.9832989205930799,-0.9904773105718812,-0.8628007639081874,-0.894277904313622,-0.8686649134439479,-0.9887506277388677,-0.9880971735780931,-0.9981923969988035,-0.9223522327293838,-0.9669404060974413,-0.9774221812625645,-0.9782891368816242,-1.0228816806131493,0.6259853012040802,-0.9390179538582386,-0.9907383490407997,-0.9008253707807292,-0.9903356955904594,-0.8947040697505141,-0.9726213521932892,-0.9303189944760883,-0.8662554980349328,-0.9818038661108783,-0.989829728614299,-0.9554429964403067,-0.9680762493939582,-0.9964818894506292,-0.9348698441285559,-0.9095238523194006,-0.9844782663599934,-0.8684964640634033,-0.9801317096149245,-1.002154420996898,-0.9503259020324535,-0.9680385441057257,-0.9453703610036519,-0.9728355719730547,-0.47737998345993476,-0.935380806464184,-1.0045612937767252,-0.8997238935083596,-1.012291361750532,-1.0095307801282383,-0.876552510847516,-0.9093798594359113,-0.9041802661622645,-0.9290205260320556,-0.9950656616228686,-0.9911276243032212,-0.9829893389358542,-0.9340365579138107,-1.0118870041025962,-0.9707996088012061,-1.0122622427738708,-1.0199103756003114,-0.9103743168797378,-0.9894733190253946,-0.8991478268131491,-0.972855340255912,-1.0177087091873263,-0.9783525363569356,-0.9853408728947651,-0.9212426336517047,-0.9779686429610038,-0.7473786261649481,-0.9893719699529324,-0.9673027976778784,-1.0094596763149655,-0.9765301343471353,-0.9794774691317952,-0.9761126906965096,-1.0096311274069085,-0.9231710287207355,-0.9916211463571104,-0.9331396670706508,-0.9805687956473607,-0.11066426808372769,-0.989614070910763,-0.9550933578439134,-1.0117049133809974
321,1519070665,-0.8749898308613251,-0.9863545602277416,-0.9673356777840634,-1.009314648601253,-0.9720846693379064,-0.9043822460448331,-0.8753523384531826,-0.9699813833626524,-0.8680905827527551,-0.9502715013593602,-0.9407661004170502,-0.9708217836347042,-0.960585763111638,-0.8761284803490356,-0.9669060049959269,-1.014822288263724,-0.8757614322749975,-0.9803344525056628,-1.009648050856847,-1.0066841396287605,-0.9814723927257472,-0.9667001979890917,-0.08572961197044983,-1.0188611895285684,-0.9742120417120257,-0.9965360208666919,-0.9734653288467271,-0.8648492235548976,-0.8745882589398958,-0.9354313104867111,-0.987884208633142,-0.9360087716491527,-0.9857002885852623,-0.15392073935589148,-0.9300611219729207,-0.9880282844560044,-0.950470868319088,-0.8913244482226493,-0.9708893902029071,-0.871861293945053,-0.5567771649665584,-0.9900043857626365,-0.8975014784500466,-0.8725073856869016,-0.042223416015498456,-0.9738338757334102,-0.9797471494147911,-0.9809511185140697,-1.0150851033384334,-0.9866527928105755,-0.9797144714619501,-0.9866283807641664,-0.8586456772270865,-0.8909392185117028,-0.8644826039140873,-0.9854413000646244,-0.984584433635246,-0.99432768877613,-0.9182437658938933,-0.9627507725221671,-0.9736932553295552,-0.9742357557865684,-1.0203318359754048,0.31409142238622634,-0.9354959467475534,-0.9871724101231446,-0.8963194940860388,-0.9865903791491955,-0.890686374775325,-0.9691735540145838,-0.9256727110272484,-0.8632857465947352,-0.9788007116641225,-0.9865186105631186,-0.9506063683947661,-0.9633678502975106,-0.9931770372358376,-0.9295475752962932,-0.9066650990574037,-0.9815807922441607,-0.8643191404692548,-0.9771750074420236,-0.9985506272273217,-0.9498890228556883,-0.9638574058471884,-0.9418272601249054,-0.9693833286097381,-0.47735961846923497,-0.930602902669117,-1.0045612937767252,-0.8959769893661721,-1.0089173387707195,-1.0069947511388264,-0.8728168843042724,-0.90652758270191,-0.8983743968154351,-0.9248931532380229,-0.9920086242599719,-0.9867285626914848,-0.9792472463904353,-0.929773824820583,-1.0096392034663704,-0.9668434133310617,-1.0094534763168088,-1.0176545701002873,-0.9060882732024573,-0.9863542506487027,-0.8968972891281968,-0.9694028389786253,-1.015449663529189,-0.973998889093005,-0.9800982804624438,-0.9171405086719007,-0.9735138134050249,-0.7462650017307313,-0.9860622343160694,-0.9625954183588423,-1.0069235329028194,-0.9729890518335964,-0.9748390706603209,-0.9725727498546708,-1.0058213465078352,-0.9199337064912887,-0.9880613232840704,-0.9292520490209105,-0.9780807890273046,-0.11066426808372769,-0.987120711712717,-0.9508519856158313,-1.0088928108839015
322,1519070671,-0.8749898308613251,-0.9863545602277416,-0.9673356777840634,-1.009314648601253,-0.9720846693379064,-0.9043822460448331,-0.8753523384531826,-0.9699813833626524,-0.8680905827527551,-0.9502715013593602,-0.9407661004170502,-0.9708217836347042,-0.9605624583126586,-0.8761284803490356,-0.9669060049959269,-1.014822288263724,-0.8757614322749975,-0.9803344525056628,-1.009648050856847,-1.0066841396287605,-0.9814723927257472,-0.9667001979890917,-0.08572961197044983,-1.0188611895285684,-0.9742120417120257,-0.9965360208666919,-0.9734653288467271,-0.8641539671059791,-0.8745882589398958,-0.9354313104867111,-0.987884208633142,-0.9360087716491527,-0.9857002885852623,0.6794302515845145,-0.9300611219729207,-0.9880282844560044,-0.950470868319088,-0.8913244482226493,-0.9708893902029071,-0.871861293945053,-0.5567771649665584,-0.9900043857626365,-0.8975014784500466,-0.8725073856869016,-0.042223416015498456,-0.9738338757334102,-0.9797471494147911,-0.9809511185140697,-1.0150851033384334,-0.9843241483505876,-0.9797144714619501,-0.9866283807641664,-0.8586456772270865,-0.8909392185117028,-0.8644826039140873,-0.9854413000646244,-0.984584433635246,-0.99432768877613,-0.9182437658938933,-0.9627507725221671,-0.9736932553295552,-0.9742357557865684,-1.0203318359754048,0.619130490680611,-0.9354959467475534,-0.9871724101231446,-0.8963194940860388,-0.9865903791491955,-0.890686374775325,-0.9691735540145838,-0.9256727110272484,-0.8632857465947352,-0.9788007116641225,-0.9865186105631186,-0.9506063683947661,-0.9633678502975106,-0.9931770372358376,-0.9295475752962932,-0.9066650990574037,-0.9815807922441607,-0.8643191404692548,-0.9771750074420236,-0.9985506272273217,-0.9498890228556883,-0.9638574058471884,-0.9418272601249054,-0.9693833286097381,-0.47735961846923497,-0.930602902669117,-1.0045612937767252,-0.8959769893661721,-1.0089173387707195,-1.0069947511388264,-0.8720697589956237,-0.90652758270191,-0.8983743968154351,-0.9248931532380229,-0.9920086242599719,-0.9867285626914848,-0.9792472463904353,-0.929773824820583,-1.0096392034663704,-0.9668434133310617,-1.0094534763168088,-1.0176545701002873,-0.9060882732024573,-0.9863542506487027,-0.8968972891281968,-0.9694028389786253,-1.015449663529189,-0.973998889093005,-0.9800982804624438,-0.9171405086719007,-0.9735138134050249,-0.7462650017307313,-0.9860622343160694,-0.9625954183588423,-1.0069235329028194,-0.9729890518335964,-0.9748390706603209,-0.9725727498546708,-1.0058213465078352,-0.9199337064912887,-0.9880613232840704,-0.9292520490209105,-0.9780807890273046,-0.11066426808372769,-0.987120711712717,-0.9508519856158313,-1.0088928108839015
323,1519070676,-0.8722002581491933,-0.9840316126839348,-0.9633753931135739,-1.0070665933886882,-0.9697215264969292,-0.8993692763922826,-0.8725609215282764,-0.9665260181882471,-0.8639588977349957,-0.9472410844628862,-0.9378171586601172,-0.9666420445806405,-0.9578409756762879,-0.8733373906855374,-0.9624523625687907,-1.0129136052784606,-0.8710455390039387,-0.9767513045196329,-1.0068759067237134,-1.0041436212232937,-0.9767526358111677,-0.9627472079943683,-0.08572961197044983,-1.0163053822518648,-0.970249881268946,-0.9929303136383109,-0.9695013621051566,-0.8620681977592242,-0.8718000932089924,-0.9324559463708223,-0.9841439008125831,-0.933067101971365,-0.9823873032907933,0.8461004497725957,-0.925803638088888,-0.9865023359931433,-0.9468283835824299,-0.8886477018024782,-0.9669711007399383,-0.8703674860084716,-0.5567771649665584,-0.9864072682871926,-0.8944964218321945,-0.8702644243971791,-0.042223416015498456,-0.9703572205907719,-0.9761666892254258,-0.9761810602370525,-1.011930790572415,-0.9814975910683524,-0.9761300223308202,-0.9833292980718394,-0.8551831049928357,-0.8882682698701674,-0.862391449149157,-0.9815804177780072,-0.9815735136842341,-0.991015081728124,-0.9146488574128392,-0.958561138946893,-0.9712073047075489,-0.9707614291336635,-1.0184194524970962,0.6294127064658149,-0.9313869384517539,-0.9851347307416275,-0.8940665557386936,-0.9834692821148089,-0.8880079114585322,-0.9657257558358784,-0.9220589350114838,-0.8595735572944881,-0.9752970314762408,-0.9826556395034082,-0.9475834758663031,-0.9591826066562239,-0.9898721850210461,-0.9258219871137092,-0.9045210341109059,-0.9781038233051615,-0.8622304786721806,-0.9742183052691228,-0.994346201162816,-0.9492094330251648,-0.9591536253063339,-0.9382841592461589,-0.9653557113525354,-0.47734216276292085,-0.9268867552729538,-1.0045612937767252,-0.892979466052422,-1.006667990117511,-1.0044587221494146,-0.8698283830696775,-0.9043883751514091,-0.8954714621420203,-0.9212817020432443,-0.9894610931242247,-0.9834292664826825,-0.9761288359359195,-0.9260439333640088,-1.0073914028301443,-0.9623926934271494,-1.0072064631511592,-1.0153987646002631,-0.9039452513638171,-0.9826113685966724,-0.8938965722149269,-0.9653749208217909,-1.0131906178710515,-0.9715110906564732,-0.9759042065165867,-0.9130383836920967,-0.9695539649108214,-0.7453104665014025,-0.9822008760730626,-0.9584110811863658,-1.00502142534371,-0.971218510576827,-0.9713602718067152,-0.9713927695740578,-1.0039164560582985,-0.9143840112408084,-0.9865356848241961,-0.9248090569640646,-0.9749707807522345,-0.11066426808372769,-0.983380672915648,-0.9466106133877492,-1.006643128886225
324,1519070682,-0.8701080786150945,-0.9822894020260796,-0.9613952507783292,-1.0053805519792647,-0.9685399550764406,-0.8979369993486968,-0.8704673588345967,-0.9647983356010444,-0.8618930552261159,-0.9442106675664121,-0.9348682169031842,-0.9645521750536088,-0.9557642591450135,-0.8705463010220393,-0.9604729659345079,-1.0110049222931974,-0.8690244418877706,-0.9743625391956129,-1.00576704907046,-1.0022382324191934,-0.9741305486364014,-0.9607707129970067,-0.08572961197044983,-1.015666430432689,-0.9682688010474062,-0.9911274600241203,-0.9675193787343713,-0.8599824284124692,-0.8704060103435407,-0.9304723702935631,-0.9816503622655437,-0.9307137662291348,-0.9807308106435587,0.45720332066707287,-0.9231427106613675,-0.9844677380426619,-0.945007141214101,-0.8873093285923926,-0.9645221698255828,-0.8673798701353089,-0.5567771649665584,-0.9846087095494708,-0.8914913652143422,-0.8687691168706976,-0.042223416015498456,-0.9686188930194527,-0.9743764591307432,-0.9743922883831712,-1.0106690654660078,-0.978720103455556,-0.9737403895767338,-0.981679756725676,-0.8531055616522852,-0.8869327955493997,-0.8603002943842267,-0.9793741993285116,-0.9800680537087281,-0.9893587782041211,-0.9120810656406577,-0.9559426179623467,-0.9693428417410442,-0.9684452113650601,-1.0165070690187876,0.6259853012040802,-0.928451932526183,-0.9836064712054896,-0.8910626379422334,-0.9822208433010543,-0.8866686798001358,-0.9640018567465257,-0.9194776664287949,-0.8580886815743892,-0.973294928511737,-0.980448227469288,-0.9451651618435328,-0.9565668293804197,-0.9876689502111851,-0.9226286258143517,-0.9030916574799075,-0.9757858440124955,-0.8594455962760816,-0.971261603096222,-0.9913430396881691,-0.9490152645021581,-0.9570630561770652,-0.9365126088067857,-0.9636295896708771,-0.47733343490976377,-0.9242323642756944,-1.0045612937767252,-0.8922300852239845,-1.0055433157909068,-1.0038247149020616,-0.86833413245238,-0.9029622367844085,-0.8932942611369593,-0.9181861724477197,-0.9869135619884775,-0.9817796183782813,-0.9748814717541131,-0.9233797251807415,-1.0051436021939184,-0.9604145956920772,-1.0060829565683345,-1.013706910475245,-0.902516570138057,-0.9807399275706573,-0.8916460345299746,-0.9636486701831475,-1.0120610950419828,-0.9696452418290744,-0.9738071695436582,-0.9099617899572437,-0.9670790596019442,-0.7446741096818501,-0.9805460082546311,-0.9563189126001276,-1.002485281931564,-0.9688577889011343,-0.9696208723799125,-0.9690328090128318,-1.0026465290919406,-0.9125341128239816,-0.9845015002110304,-0.9225875609356415,-0.9731047757871925,-0.11066426808372769,-0.9815106535171135,-0.9447928824328569,-1.0049558673879675
325,1519070687,-0.8673185059029628,-0.9805471913682244,-0.9584250372754621,-1.0031324967667,-0.9655860265252193,-0.8965047223051109,-0.868373796140917,-0.9613429704266392,-0.8591385985476097,-0.9423924174285278,-0.9319192751462512,-0.962462305526577,-0.9530945649508192,-0.8691507561902904,-0.9584935693002252,-1.0078237839844253,-0.8670033447716025,-0.9725709652025979,-1.0046581914172066,-1.0016031028178267,-0.9720328788965883,-0.9583000942503046,-0.08572961197044983,-1.0124716713368096,-0.9657924507704814,-0.9893246064099298,-0.9650418995208897,-0.8558108897189591,-0.8690119274780891,-0.928488794216304,-0.9804035929920241,-0.926595428680232,-0.9790743179963243,-0.04280727389717069,-0.9210139687193513,-0.9814158411169397,-0.941971737266886,-0.8853017687772643,-0.9620732389112273,-0.8643922542621463,-0.5567771649665584,-0.9828101508117488,-0.8899888369054162,-0.8642831942912527,-0.042223416015498456,-0.9663011229243605,-0.9725862290360605,-0.9726035165292898,-1.010038202912804,-0.9758791139176036,-0.9707533486341255,-0.9800302153795125,-0.8496429894180344,-0.8849295840682483,-0.855420933266056,-0.9777195354913899,-0.9780607737413868,-0.9865982723307828,-0.9084861571596036,-0.9528003927808911,-0.9680998664300411,-0.9649708847121552,-1.014594685540479,0.47175206442602063,-0.9266909289708403,-0.9805499521332138,-0.8888096995948882,-0.9809724044872996,-0.8853294481417394,-0.9617033246273887,-0.9163801441295683,-0.8551189301341916,-0.9712928255472332,-0.9787926684436977,-0.9433514263264551,-0.9544742075597764,-0.985465715401324,-0.9204997182814465,-0.9009475925334097,-0.9740473595429959,-0.8552682726819331,-0.9694875817924815,-0.9895411428033809,-0.9488210959791513,-0.9549724870477966,-0.9329695079280391,-0.9619034679892189,-0.47732470705660673,-0.921577973278435,-1.0045612937767252,-0.8907313235671095,-1.0044186414643026,-1.0025567004073557,-0.8645985059091364,-0.9008230292339076,-0.8911170601318982,-0.9156065644514493,-0.9848755370798796,-0.9795800875724131,-0.9717630612995973,-0.9207155169974742,-1.003457751716749,-0.958436497957005,-1.0049594499855097,-1.0120150563502268,-0.9018022295251769,-0.9794923002199806,-0.8893954968450223,-0.9619224195445042,-1.0098020493838453,-0.9677793930016756,-0.9717101325707296,-0.9079107274673417,-0.9641091732312915,-0.7441968420671857,-0.9783395178300558,-0.9542267440138893,-1.0005831743724543,-0.9659068868065185,-0.9667218733352411,-0.9660828583112995,-1.0020115656087618,-0.9106842144071547,-0.9814502232912818,-0.9203660649072185,-0.9712387708221504,-0.11066426808372769,-0.979640634118579,-0.9429751514779646,-1.0038310263891292
326,1519070693,-0.8659237195468968,-0.9788049807103693,-0.9564448949402173,-1.0020084691604176,-0.9644044551047307,-0.8943563067397322,-0.866978087678464,-0.9596152878394365,-0.8563841418691034,-0.9399680839113486,-0.9301499100920914,-0.9603724359995451,-0.9514891232433502,-0.8677552113585413,-0.9565141726659424,-1.0071875563226709,-0.8649822476554344,-0.970182199878578,-1.0029949049373266,-1.0003328436150933,-0.9699352091567752,-0.9563235992529429,-0.08572961197044983,-1.011193767698458,-0.9638113705489415,-0.9875217527957393,-0.9630599161501044,-0.8530298639232858,-0.8669208031799115,-0.92600932411973,-0.9791568237185044,-0.9248304268735593,-0.9774178253490897,0.012749458832189704,-0.9188852267773349,-0.9798898926540787,-0.940150494898557,-0.883294208962136,-0.9596243079968718,-0.8621515423572743,-0.5567771649665584,-0.9810115920740269,-0.8892375727509532,-0.8620402330015303,-0.042223416015498456,-0.9645627953530413,-0.9707959989413779,-0.9708147446754084,-1.0081456152531931,-0.9731593553276765,-0.9689611240685607,-0.9778308269179612,-0.847565446077484,-0.8829263725870967,-0.8526327269128156,-0.9760648716542683,-0.9765553137658809,-0.9849419688067799,-0.9064319237418583,-0.950705575993254,-0.9656139158080349,-0.9632337213857027,-1.0133197632216069,0.6294127064658149,-0.9249299254154977,-0.9790216925970759,-0.8873077406966582,-0.9790997462666677,-0.8833206006541447,-0.9599794255380361,-0.9137988755468793,-0.8536340544140928,-0.9692907225827293,-0.9771371094181075,-0.9415376908093773,-0.9518584302839722,-0.9838132892939282,-0.9178385838653151,-0.8995182159024113,-0.9723088750734964,-0.8524833902858341,-0.9683049009233212,-0.9877392459185927,-0.9486269274561446,-0.9528819179185279,-0.930016923862417,-0.9601773463075606,-0.47731306991906397,-0.9194544604806275,-1.0045612937767252,-0.8884831810817969,-1.0027316299743962,-1.000654678665297,-0.8623571299831903,-0.899396890866907,-0.8889398591268372,-0.913542878054433,-0.9833470183984313,-0.977930439468012,-0.9705156971177911,-0.9185841504508604,-1.002333851398636,-0.956458400221933,-1.0032741901112725,-1.0108871536002149,-0.8996592076865366,-0.9776208591939654,-0.8886453176167048,-0.9601961689058608,-1.0086725265547767,-0.9659135441742768,-0.9696130955978011,-0.9058596649774397,-0.9621292489841898,-0.7437195744525213,-0.9766846500116243,-0.9521345754276511,-0.9999491385194178,-0.9635461651308258,-0.9649824739084382,-0.96431288789038,-1.0001066751592251,-0.9092967905945346,-0.9794160386781161,-0.919255316893007,-0.9693727658571084,-0.11066426808372769,-0.9783939545195561,-0.9411574205230723,-1.002706185390291
327,1519070699,-0.864528933190831,-0.9764820331665625,-0.9539697170211614,-1.0008844415541354,-0.9626320979739978,-0.8929240296961463,-0.8655823792160109,-0.9578876052522339,-0.8536296851905971,-0.9369376670148746,-0.9283805450379315,-0.9577600990907553,-0.9491016760590174,-0.8663596665267922,-0.954039926873089,-1.005915100999162,-0.8629611505392664,-0.968390625885563,-1.0018860472840732,-0.9984274548109932,-0.9678375394169622,-0.9538529805062408,-0.08572961197044983,-1.0105548158792819,-0.9613350202720168,-0.9857188991815488,-0.9605824369366228,-0.8509440945765309,-0.8655267203144599,-0.9240257480424708,-0.9766632851714651,-0.9230654250668867,-0.9752091684861104,0.012749458832189704,-0.9162242993498144,-0.9783639441912175,-0.9383292525302279,-0.8819558357520504,-0.9571753770825164,-0.860657734420693,-0.5567771649665584,-0.9780139941778238,-0.8877350444420271,-0.8605449254750487,-0.042223416015498456,-0.9616655827341761,-0.9678122821169068,-0.9678334582522727,-1.0068838901467858,-0.9703479519139446,-0.9671688995029958,-0.9761812855717977,-0.8454879027369334,-0.8809231611059453,-0.8505415721478853,-0.9744102078171466,-0.9745480337985396,-0.9832856652827769,-0.9043776903241131,-0.948610759205617,-0.9643709404970318,-0.9614965580592502,-1.0120448409027345,0.6225578959423456,-0.9231689218601551,-0.977493433060938,-0.8858057817984281,-0.9772270880460358,-0.8813117531665502,-0.9576808934188991,-0.9117338606807281,-0.8521491786939939,-0.9677891453593515,-0.9749296973839873,-0.9385147982809144,-0.9497658084633288,-0.9821608631865324,-0.9151774494491839,-0.8980888392714128,-0.9711498854271633,-0.8503947284887599,-0.9671222200541608,-0.9859373490338046,-0.9483842168023863,-0.9497460642246249,-0.9282453734230437,-0.9584512246259023,-0.4773014327815212,-0.9168000694833681,-1.0045612937767252,-0.8869844194249219,-1.00104461848449,-0.9987526569232381,-0.8608628793658929,-0.897257683316406,-0.8860369244534224,-0.9114791916574166,-0.981818499716983,-0.9762807913636108,-0.9692683329359848,-0.9164527839042466,-1.0006480009214664,-0.9544803024868608,-1.0015889302370353,-1.0097592508502027,-0.8975161858478964,-0.9763732318432886,-0.88714495916007,-0.957319084508122,-1.007543003725708,-0.9646696449560109,-0.9675160586248726,-0.9038086024875377,-0.960149324737088,-0.7432423068378571,-0.9744781595870489,-0.9495193646948532,-0.9974129951072718,-0.9623658042929796,-0.9626632746727011,-0.9631329076097671,-0.9982017847096886,-0.9079093667819146,-0.9778904002182419,-0.9181445688787955,-0.9681287625470804,-0.11066426808372769,-0.9759005953215101,-0.9381278689315852,-1.0010189238920335
328,1519070704,-0.8631341468347651,-0.975320559394659,-0.9519895746859167,-0.9997604139478529,-0.9602689551330208,-0.8907756141307676,-0.8641866707535577,-0.9561599226650312,-0.8515638426817174,-0.9351194168769902,-0.9260213916323852,-0.9556702295637235,-0.9463568886236673,-0.8649641216950432,-0.9520605302388062,-1.0046426456756532,-0.8609400534230982,-0.965404669230538,-1.000222760804193,-0.9958869364055263,-0.965739869677149,-0.9513823617595387,-0.08572961197044983,-1.0092769122409302,-0.9593539400504769,-0.9827141431578978,-0.9586004535658376,-0.8481630687808575,-0.8641326374490081,-0.9225380659845265,-0.9754165158979454,-0.9213004232602141,-0.9730005116231311,0.2905331224789917,-0.9140955574077981,-0.9768379957283565,-0.936508010161899,-0.879948275936922,-0.955216232351032,-0.8576701185475304,-0.5567771649665584,-0.9762154354401018,-0.886232516133101,-0.859049617948567,-0.042223416015498456,-0.959927255162857,-0.9654253086573299,-0.9648521718291371,-1.0049913024871748,-0.9675199514061377,-0.9641818585603876,-0.9739818971102464,-0.8427178449495328,-0.8789199496247938,-0.8484504173829549,-0.9722039893676511,-0.9730425738230336,-0.981629361758774,-0.9023234569063678,-0.9459922382210706,-0.9625064775305271,-0.9597593947327977,-1.0114073797432983,0.6259853012040802,-0.920233915934584,-0.975455753679421,-0.885054802349313,-0.9747302104185265,-0.8786332898497574,-0.954807728269978,-0.9096688458145771,-0.8499218651138456,-0.9662875681359736,-0.9732741383583972,-0.9367010627638367,-0.9471500311875246,-0.9805084370791367,-0.9130485419162787,-0.8966594626404144,-0.9699908957808303,-0.8476098460926609,-0.9653481987504204,-0.9841354521490164,-0.9481900482793795,-0.9471328528130392,-0.9264738229836704,-0.9549989812625856,-0.47728979564397844,-0.9146765566855607,-1.0045612937767252,-0.8854856577680469,-0.9993576069945835,-0.9968506351811792,-0.857874378131298,-0.8958315449494054,-0.8838597234483613,-0.9088995836611462,-0.9802899810355347,-0.9746311432592096,-0.9680209687541784,-0.9143214173576327,-0.9995241006033534,-0.9515131558842526,-0.9999036703627983,-1.0086313481001907,-0.8946588233963761,-0.9738779771419351,-0.8856446007034351,-0.9555928338694786,-1.0064134808966394,-0.963425745737745,-0.9648947624087119,-0.9012447743751602,-0.9581694004899863,-0.7427650392231927,-0.9722716691624735,-0.9469041539620554,-0.9967789592542352,-0.9611854434551332,-0.9609238752458983,-0.9619529273291542,-0.9962968942601519,-0.9065219429692944,-0.9763647617583676,-0.9164784468574783,-0.9668847592370523,-0.11066426808372769,-0.9734072361234641,-0.9363101379766928,-0.9987692418943568
329,1519070710,-0.8617393604786991,-0.9741590856227555,-0.9465441832639937,-0.9963883311290058,-0.9590873837125322,-0.8879110600435959,-0.8627909622911046,-0.9498250865119549,-0.8494980001728377,-0.9333011667391058,-0.9213030848212923,-0.950968023127902,-0.9416519086519398,-0.8628708044474196,-0.9495862844459528,-1.001461507366881,-0.8582452572682074,-0.9612243299135032,-0.9974506166710595,-0.9933464180000594,-0.959971277892663,-0.949405866762177,-0.08572961197044983,-1.0073600567834027,-0.9568775897735521,-0.9785074847247867,-0.9566184701950523,-0.8460772994341025,-0.8613444717181048,-0.9210503839265821,-0.9722995927141462,-0.9171820857113112,-0.9713440189758966,0.1794196570202709,-0.9114346299802777,-0.9753120472654954,-0.93468676779357,-0.8772715295167509,-0.9532570876195476,-0.853935598706077,-0.5567771649665584,-0.9720187983854174,-0.8839787236697119,-0.8560590028956038,-0.042223416015498456,-0.9581889275915378,-0.9606513617381762,-0.9606783708367471,-1.0018369897211565,-0.9647186505714078,-0.9605974094292578,-0.9706828144179195,-0.8399477871621321,-0.8769167381436422,-0.8456622110297145,-0.9699977709181555,-0.9715371138475277,-0.9783167547107681,-0.8977014317164411,-0.9418026046457965,-0.9593990392530193,-0.9580222314063452,-1.0082200739461173,0.6088482748954069,-0.9167119088238987,-0.9739274941432831,-0.8835528434510829,-0.9728575521978945,-0.8772940581913611,-0.9530838291806253,-0.9055388160822747,-0.846952113673648,-0.9642854651714697,-0.9705148733157468,-0.931864434718296,-0.9424416320910771,-0.9766527761618798,-0.9109196343833736,-0.8938007093784175,-0.9676729164881642,-0.8441287430975372,-0.9629828370120997,-0.9781291291997226,-0.9477531691026144,-0.9424290722721846,-0.9229307221049239,-0.9526974856870413,-0.4772810677908214,-0.9098986528904938,-1.0045612937767252,-0.8824881344542969,-0.9971082583413751,-0.9949486134391203,-0.8563801275140005,-0.8929792682154042,-0.882408256111654,-0.9042562892678594,-0.9782519561269368,-0.9707819643489403,-0.9649025582996626,-0.9121900508110189,-0.9967143498080709,-0.9490405337154123,-0.9976566571971487,-1.0058115912251604,-0.8932301421706159,-0.9713827224405815,-0.8848944214751177,-0.9532911663512874,-1.004154435238502,-0.9596940480829473,-0.9601764292196227,-0.8971426493953562,-0.9561894762428845,-0.7421286824036402,-0.9689619335256106,-0.9416737324964598,-0.9936087799890526,-0.9594149021983638,-0.9586046760101611,-0.9601829569082347,-0.9937570403274363,-0.9051345191566744,-0.9748391232984933,-0.9153676988432667,-0.9631527493069681,-0.11066426808372769,-0.9709138769254182,-0.9338864967035031,-0.995957139397261
330,1519070716,-0.8582523945885345,-0.9712554011929969,-0.944564040928749,-0.9952643035227234,-0.9561334551613108,-0.8836142289128384,-0.8586038369037453,-0.9480974039247522,-0.8446777009854517,-0.9296646664633369,-0.9201235081185191,-0.9483556862191121,-0.9415949413655457,-0.8586841699521724,-0.9456274911773873,-1.0001890520433723,-0.8535293639971486,-0.9582383732584782,-0.9963417590178061,-0.992076158797326,-0.9578736081528499,-0.9444646292687728,-0.08572961197044983,-1.0041652976875233,-0.9524201592750875,-0.9767046311105961,-0.9526545034534817,-0.8412105042916742,-0.8585563059872015,-0.9180750198106933,-0.9691826695303472,-0.9154170839046386,-0.9680310336814276,-1.042828463025658,-0.906644960610741,-0.9717515008521529,-0.929223040688583,-0.873925596491537,-0.9493387981565788,-0.8502010788646237,-0.5567771649665584,-0.9696207200684549,-0.8794711387429336,-0.851573080316159,-0.042223416015498456,-0.9547122724488996,-0.9588611316434935,-0.9588895989828657,-1.0012061271679529,-0.9618978661914596,-0.9582077766751712,-0.9684834259563682,-0.8351001860341811,-0.8729103151813393,-0.8407828499115438,-0.9666884432439122,-0.9685261938965158,-0.9761083500120975,-0.8956471982986959,-0.9391840836612502,-0.9575345762865146,-0.9533897958691386,-1.006945151627245,0.31751882764796097,-0.9149509052685562,-0.9708709750710073,-0.8797979462055076,-0.9703606745703853,-0.8746155948745683,-0.9484867649423514,-0.902441293783048,-0.8424974865133514,-0.9612823107247139,-0.9672037552645664,-0.9300506992012183,-0.939302699360112,-0.9744495413520188,-0.9066618193175635,-0.8902272678009213,-0.9647754423723316,-0.8399514195033886,-0.960026134839199,-0.9763272323149345,-0.9475590005796076,-0.940338503142916,-0.9199781380393018,-0.9492452423237246,-0.4772636120845073,-0.9077751400926862,-1.0045612937767252,-0.8802399919689843,-0.9954212468514687,-0.9936805989444145,-0.8518973756621082,-0.8894139222979026,-0.8780538541015318,-0.902192602870843,-0.9751949187640402,-0.968582433543072,-0.9624078299360501,-0.9068616344444843,-0.995590449489958,-0.945084338245268,-0.9965331506143239,-1.0046836884751482,-0.8910871203319758,-0.9688874677392281,-0.8796431668768955,-0.9498386650740007,-1.0018953895803646,-0.9578281992555485,-0.9580793922466941,-0.8950915869054542,-0.9517346466869057,-0.7411741471743115,-0.9673070657071791,-0.9395815639102216,-0.9923407082829796,-0.956464000103748,-0.9545460773476211,-0.9566430160663959,-0.9924871133610785,-0.9018971969272275,-0.9717878463787447,-0.9114800807935265,-0.9606647426869122,-0.11066426808372769,-0.9696671973263952,-0.9290392141571235,-0.9948322983984228
331,1519070721,-0.8561602150544356,-0.9700939274210936,-0.9435739697611266,-0.994140275916441,-0.9561334551613108,-0.8821819518692525,-0.8572081284412922,-0.9475215097290179,-0.8433004726461986,-0.9278464163254525,-0.9189439314157459,-0.9473107514555962,-0.9389356048597867,-0.8572886251204235,-0.944637792860246,-0.9989165967198634,-0.8521819659197033,-0.9570439905964682,-0.9952329013645527,-0.9908058995945925,-0.9568247732829434,-0.943476381770092,-0.08572961197044983,-1.0035263458683474,-0.9514296191643176,-0.976103679905866,-0.951663511768089,-0.8412105042916742,-0.8571622231217498,-0.9170832317720637,-0.9685592848935873,-0.9142404160335235,-0.9674788694656827,0.4016465879377125,-0.9055805896397328,-0.9717515008521529,-0.9280088791096969,-0.8725872232814514,-0.9483592257908366,-0.8502010788646237,-0.5567771649665584,-0.9684216809099736,-0.8787198745884706,-0.851573080316159,-0.042223416015498456,-0.9535533874013534,-0.957667644913705,-0.9576970844136115,-0.9999444020615456,-0.9590864627777276,-0.957012960298128,-0.9679335788409804,-0.8351001860341811,-0.8715748408605716,-0.8407828499115438,-0.9661368886315383,-0.9670207339210098,-0.9750041476627622,-0.8946200815898232,-0.9381366752674316,-0.9569130886310131,-0.9528107414269879,-1.0056702293083726,0.6362675169892843,-0.9143639040834419,-0.9708709750710073,-0.8775450078581624,-0.9697364551635079,-0.8732763632161719,-0.9473374988827828,-0.9014087863499725,-0.8424974865133514,-0.9602812592424621,-0.9666519022560364,-0.9294461206955258,-0.9382563884497903,-0.9738987326495535,-0.9050651386678847,-0.8887978911699228,-0.964195947549165,-0.8399514195033886,-0.960026134839199,-0.9757266000200051,-0.9474619163181043,-0.9392932185782816,-0.918797104413053,-0.9480944945359524,-0.4772577935157359,-0.9067133836937824,-1.0045612937767252,-0.8787412303121093,-0.9942965725248645,-0.9924125844497086,-0.8518973756621082,-0.887987783930902,-0.8766023867648244,-0.9011607596723349,-0.9751949187640402,-0.968032550841605,-0.9611604657542437,-0.9057959511711774,-0.994466549171845,-0.9440952893777319,-0.9954096440314991,-1.0035557857251363,-0.8896584391062156,-0.9682636540638897,-0.8781428084202606,-0.9486878313149052,-1.0007658667512958,-0.9572062496464155,-0.9570308737602298,-0.8940660556605032,-0.9507446845633547,-0.7406968795596471,-0.9667554431010352,-0.9385354796171025,-0.9910726365769066,-0.956464000103748,-0.9533864777297526,-0.9566430160663959,-0.9912171863947208,-0.9009722477188141,-0.9717878463787447,-0.9109247067864207,-0.9600427410318981,-0.11066426808372769,-0.9690438575268836,-0.9284333038388262,-0.9937074573995844
332,1519070727,-0.8547654286983698,-0.9671902429913349,-0.9406037562582595,-0.9918922207038763,-0.9549518837408222,-0.8800335363038737,-0.8558124199788392,-0.9446420387503469,-0.8398574017980658,-0.9242099160496837,-0.9165847780101996,-0.9436534797832905,-0.936602535539739,-0.8551953078727998,-0.9416686979088218,-0.9970079137346002,-0.8494871697648125,-0.9546552252724482,-0.9935696148846725,-0.9889005107904923,-0.9526294338033172,-0.9405116392740495,-0.08572961197044983,-1.0022484422299955,-0.9474674587212379,-0.9706951190632944,-0.9486905367119112,-0.8370389655981642,-0.8550710988235724,-0.9150996556948046,-0.9666891309833078,-0.9118870802912933,-0.9647180483869586,-0.9872717302962974,-0.9018552912412042,-0.9697169029016715,-0.9255805559519249,-0.8705796634663231,-0.94542050869361,-0.8487072709280424,-0.5567771649665584,-0.9648245634345297,-0.8764660821250814,-0.8493301190264365,-0.042223416015498456,-0.9512356173062613,-0.9540871847243397,-0.955312055275103,-0.9986826769551382,-0.956288770006927,-0.9546233275440414,-0.9646344961486534,-0.8323301282467804,-0.8695716293794201,-0.8386916951466136,-0.9633791155696688,-0.9645116339618333,-0.9722436417894239,-0.8915387314632054,-0.934994450085976,-0.9538056503535053,-0.9499154692162337,-1.0050327681489364,0.6259853012040802,-0.911428898157871,-0.9693427155348694,-0.8760430489599322,-0.9672395775359987,-0.8712675157285773,-0.945038966763646,-0.8983112640507458,-0.8395277350731538,-0.9582791562779582,-0.963892637213386,-0.9258186496613703,-0.9351174557188253,-0.9711446891372272,-0.9013395504853008,-0.8873685145389244,-0.9624574630796655,-0.8378627577063144,-0.9576607731008783,-0.9715221739554994,-0.9471221214028426,-0.9361573648843787,-0.9164350371605553,-0.945792998960408,-0.47724033780942177,-0.9029972362976193,-1.0045612937767252,-0.8764930878267967,-0.9926095610349581,-0.9905105627076497,-0.8481617491188645,-0.8865616455639014,-0.8729737184230559,-0.8980652300768103,-0.972647387628293,-0.9647332546328027,-0.9586657373906312,-0.9025989013512566,-0.993342648853732,-0.9411281427751237,-0.9937243841572619,-1.002427882975124,-0.8882297578804554,-0.9657683993625361,-0.8773926291919432,-0.946386163796714,-0.9996363439222271,-0.9534745519916179,-0.9523125405711406,-0.8909894619256502,-0.9477747981927022,-0.7399014335352065,-0.9639973300703161,-0.9348741845911855,-0.99043860072387,-0.9535130980091322,-0.9493278790672126,-0.95428305550517,-0.9893122959451841,-0.8986598746977806,-0.9687365694589962,-0.908147836750892,-0.957554734411842,-0.11066426808372769,-0.9665504983288377,-0.9247978419290416,-0.9920201959013271
333,1519070732,-0.8533706423423039,-0.9660287692194315,-0.9386236139230147,-0.9907681930975939,-0.9525887408998451,-0.8786012592602879,-0.854416711516386,-0.9429143561631442,-0.837791559289186,-0.9223916659117993,-0.9142256246046531,-0.9415636102562587,-0.9344429575009825,-0.8537997630410509,-0.9391944521159683,-0.9957354584110913,-0.8474660726486444,-0.9528636512794333,-0.9919063284047924,-0.987630251587759,-0.9505317640635041,-0.9385351442766877,-0.08572961197044983,-1.0009705385916439,-0.9454863784996981,-0.9688922654491039,-0.9462130574984295,-0.8342579398024909,-0.8536770159581206,-0.9126201855982305,-0.9648189770730283,-0.9101220784846207,-0.9625093915239793,0.1238629242909105,-0.8997265492991878,-0.96768230495119,-0.9237593135835959,-0.8692412902562375,-0.9429715777792546,-0.8464665590231704,-0.5567771649665584,-0.9630260046968079,-0.8749635538161553,-0.847834811499955,-0.042223416015498456,-0.9489178472111691,-0.9522969546296571,-0.9535232834212216,-0.9967900892955273,-0.9535026230407003,-0.9528311029784765,-0.9629849548024899,-0.83025258490623,-0.8682361550586525,-0.8366005403816832,-0.9611728971201733,-0.9630061739863274,-0.970587338265421,-0.8894844980454601,-0.9328996332983389,-0.9519411873870006,-0.9481783058897811,-1.0037578458300642,0.619130490680611,-0.9096678946025283,-0.9673050361533523,-0.8745410900617021,-0.9653669193153668,-0.8685890524117845,-0.9433150676742933,-0.8962462491845946,-0.8380428593530549,-0.9567775790545804,-0.9622370781877958,-0.9240049141442925,-0.9330248338981819,-0.9694922630298315,-0.8992106429523957,-0.8859391379079259,-0.9612984734333324,-0.8350778753102154,-0.956478092231718,-0.9697202770707113,-0.9466367000953257,-0.93406679575511,-0.914663486721182,-0.9429161294909776,-0.4772316099562647,-0.9008737234998118,-1.0045612937767252,-0.8749943261699217,-0.9914848867083539,-0.9892425482129439,-0.8451732478842697,-0.8851355071969008,-0.8715222510863486,-0.896001543679794,-0.9711188689468446,-0.9630836065284015,-0.9574183732088248,-0.9004675348046428,-0.9922187485356191,-0.9386555206062835,-0.9926008775744372,-1.0012999802251121,-0.8853723954289351,-0.9632731446611826,-0.8758922707353083,-0.944084496278523,-0.9985068210931585,-0.9522306527733521,-0.950215503598212,-0.8889383994357481,-0.9457948739456004,-0.7394241659205422,-0.9623424622518846,-0.9327820160049473,-0.989170529017797,-0.9517425567523626,-0.9475884796404098,-0.9525130850842505,-0.9880423689788264,-0.8944976032599203,-0.9672109309991219,-0.9048155927082574,-0.956310731101814,-0.11066426808372769,-0.9653038187298146,-0.9229801109741492,-0.9908953549024887
334,1519070738,-0.8498836764521392,-0.9549947683863489,-0.9366434715877701,-0.9840240274598997,-0.9390006695642267,-0.8692914584769799,-0.8509274403602533,-0.9411866735759415,-0.8343484884410531,-0.9108760817051981,-0.9130460479018799,-0.9363389364386792,-0.9318587142363792,-0.8503109009616783,-0.9347408096888321,-0.9893731817935472,-0.8434238784163083,-0.9498776946244083,-0.9846987536586452,-0.9869951219863922,-0.9447631722790182,-0.934088030532624,-0.08572961197044983,-0.995219972219061,-0.9415242180566183,-0.9646856070159927,-0.9417535949141627,-0.8286958882111441,-0.8508888502272173,-0.9031981992312496,-0.9592085153421899,-0.908357076677948,-0.9580920777980206,0.2905331224789917,-0.8954690654151551,-0.962087160587366,-0.9110106170052928,-0.8658953572310236,-0.9390532883162859,-0.8352629994988104,-0.5567771649665584,-0.9588293676421235,-0.8666996481170619,-0.8381153125778245,2.120101458240727,-0.9367495542119351,-0.9505067245349744,-0.951138254282713,-0.9892197386570833,-0.9506587470516045,-0.9510388784129116,-0.9613354134563264,-0.8240199548845786,-0.8648974692567333,-0.8310241276752024,-0.9573120148335561,-0.9589916140516448,-0.9689310347414181,-0.8874302646277149,-0.9308048165107019,-0.9506982120759975,-0.9360181626046138,-0.9973832342357024,0.28667218029234903,-0.9073198898620715,-0.9617014178541801,-0.8662803161214365,-0.9597489446534709,-0.8659105890949917,-0.9312477740488243,-0.8936649806019057,-0.8276487293123631,-0.9522728473844467,-0.9578222541195553,-0.9221911786272148,-0.9304090566223777,-0.9678398369224357,-0.8949528278865856,-0.8780775664374343,-0.9485495873236689,-0.8288118899189927,-0.942285921801794,-0.9649152187112763,-0.9458114838725471,-0.9314535843435242,-0.9123014194686844,-0.9314086516132556,-0.4772112449655649,-0.8987502107020042,-0.9504704810084311,-0.8675005178855465,-0.9903602123817496,-0.9886085409655909,-0.8354606188718363,-0.8772917461783973,-0.863539180734458,-0.8939378572827776,-0.9655143004482007,-0.9608840757225333,-0.9561710090270186,-0.8956719600747617,-0.991094848217506,-0.9342048007023712,-0.9914773709916124,-0.9945325637250395,-0.8782289893001344,-0.9589064489338139,-0.8668901199954989,-0.9320007418080195,-0.9922944455332806,-0.9503648039459532,-0.9449729111658907,-0.8863745713233707,-0.9413400443896214,-0.7383105414863254,-0.9601359718273093,-0.930689847418709,-0.987902457311724,-0.93816840711713,-0.9365722832706584,-0.9389433118572016,-0.9874074054956474,-0.8787734667168927,-0.9616169233129163,-0.8892651205092964,-0.955066727791786,-0.11066426808372769,-0.9628104595317687,-0.9108619046082005,-0.9897705139036505
335,1519070744,-0.8484888900960733,-0.9532525577284937,-0.9321881513334694,-0.9828999998536173,-0.9372283124334938,-0.868575319955187,-0.8495317318978002,-0.929092895465523,-0.8329712601018,-0.9096639149466085,-0.9012502808741478,-0.9363389364386792,-0.9291708940874231,-0.8489153561299292,-0.9327614130545494,-0.9881007264700383,-0.8420764803388628,-0.9391282506663184,-0.9841443248320185,-0.9825492147768252,-0.9442387548440648,-0.9321115355352623,-0.08572961197044983,-0.995219972219061,-0.9395431378350786,-0.9640846558112625,-0.9397716115433774,-0.8273053753133075,-0.8494947673617657,-0.9017105171733052,-0.95858513070543,-0.8971787319023545,-0.956987749366531,0.4016465879377125,-0.894404694444147,-0.9600525626368845,-0.9104035362158499,-0.8645569840209381,-0.9370941435848015,-0.8345160955305198,-0.5567771649665584,-0.9588293676421235,-0.8651971198081357,-0.8366200050513428,2.120101458240727,-0.935011226640616,-0.9397653439668785,-0.9398093658747976,-0.9885888761038797,-0.9477124020469156,-0.9396881228310006,-0.9574864836486117,-0.8226349259908782,-0.8635619949359656,-0.8296300244985821,-0.9562089056088083,-0.9569843340843036,-0.9650663265187445,-0.8843489145010971,-0.9276625913292463,-0.9463477984874865,-0.9342809992781613,-0.9954708507573938,0.6534045432979575,-0.8955798661597874,-0.9596637384726628,-0.8647783572232064,-0.9591247252465935,-0.8645713574365954,-0.9295238749594716,-0.8910837120192168,-0.8261638535922642,-0.9502707444199429,-0.9567185481024952,-0.9100996085133631,-0.9272701238914127,-0.9639841760051788,-0.893888374120133,-0.8766481898064359,-0.9468111028541694,-0.8274194487209432,-0.9405119004980536,-0.9643145864163468,-0.9457143996110438,-0.9283177306496212,-0.9016721168324447,-0.9296825299315973,-0.4771996078280221,-0.8950340633058411,-0.9504704810084311,-0.8660017562286715,-0.9869861894019369,-0.9841704902341203,-0.833966368254539,-0.8758656078113968,-0.8620877133977506,-0.8908423276872531,-0.9634762755396029,-0.9564850141107969,-0.9511815522997933,-0.8946062768014548,-0.9871611971041107,-0.932226702967299,-0.9881068512431381,-0.9934046609750274,-0.8768003080743741,-0.9582826352584756,-0.8661399407671815,-0.9302744911693761,-0.9922944455332806,-0.9447672574637567,-0.9444486519226586,-0.8832979775885177,-0.9393601201425197,-0.7379923630765491,-0.9568262361904462,-0.9275515945393517,-0.9828301704874319,-0.9363978658603606,-0.9348328838438557,-0.9371733414362821,-0.9829626611133953,-0.8778485175084794,-0.9595827386997505,-0.8881543724950849,-0.9500907145516738,-0.11066426808372769,-0.9584470809351883,-0.9102559942899031,-0.9863959909071355
336,1519070749,-0.8470941037400075,-0.9497681364127833,-0.9302080089982246,-0.9823379860504762,-0.9348651695925168,-0.8671430429116012,-0.8481360234353471,-0.9273652128783204,-0.8309054175929204,-0.9078456648087241,-0.8988911274686014,-0.9363389364386792,-0.9263328874561555,-0.8475198112981802,-0.9302871672616959,-0.9868282711465295,-0.8407290822614175,-0.9373366766733034,-0.9841443248320185,-0.9793735667699915,-0.9442387548440648,-0.9296409167885602,-0.08572961197044983,-0.9933031167615334,-0.9370667875581538,-0.9640846558112625,-0.9372941323298959,-0.8259148624154709,-0.8481006844963139,-0.9002228351153607,-0.954844822884871,-0.8948253961601244,-0.9531225998563171,0.6238735188551541,-0.8917437670166266,-0.9580179646864031,-0.9067610514791918,-0.8625494242058097,-0.9351349988533171,-0.8330222875939385,-0.5567771649665584,-0.9588293676421235,-0.8636945914992097,-0.8343770437616205,2.120101458240727,-0.9321140140217508,-0.9379751138721959,-0.9380205940209161,-0.9885888761038797,-0.9447393573691497,-0.937298490076914,-0.9547372480716726,-0.8212498970971779,-0.8615587834548141,-0.8275388697336519,-0.952899577934565,-0.9539734141332917,-0.9612016182960709,-0.8822946810833519,-0.9250440703446999,-0.9438618478654803,-0.931964781509558,-0.9954708507573938,0.6671141643448961,-0.894405863789559,-0.9571166392457664,-0.8632763983249763,-0.9553794088053297,-0.8625625099490009,-0.9272253428403348,-0.8890186971530657,-0.8246789778721654,-0.9477681157143131,-0.9528555770427848,-0.9082858729962854,-0.9251775020707694,-0.9606793237903872,-0.8917594665872279,-0.8745041248599381,-0.9444931235615033,-0.8260270075228936,-0.938146538759733,-0.9643145864163468,-0.9457143996110438,-0.9262271615203526,-0.8993100495799471,-0.927956408249939,-0.4771850614060937,-0.8929105505080336,-0.9504704810084311,-0.865252375400234,-0.9836121664221243,-0.9810004539973556,-0.8332192429458902,-0.8737264002608959,-0.8606362460610433,-0.8887786412902368,-0.9609287444038557,-0.9531857179019946,-0.9474394597543744,-0.891409226981534,-0.9837894961497716,-0.9302486052322269,-0.9847363314946638,-0.9934046609750274,-0.8746572862357339,-0.9551635668817837,-0.8646395823105466,-0.927972823651185,-0.991164922704212,-0.941657509418092,-0.9444486519226586,-0.8817596807210911,-0.9368852148336425,-0.7376741846667729,-0.9535165005535832,-0.9254594259531134,-0.9802940270752858,-0.9346273246035911,-0.9319338847991842,-0.9354033710153626,-0.9797878436975008,-0.8759986190916526,-0.9575485540865849,-0.8859328764666619,-0.9469807062766038,-0.11066426808372769,-0.9559537217371422,-0.9078323530167133,-0.9830214679106206
337,1519070755,-0.8456993173839416,-0.9468644519830248,-0.92822786666298,-0.9823379860504762,-0.9319112410412953,-0.8657107658680153,-0.8467403149728939,-0.9256375302911177,-0.8295281892536672,-0.9042091645329552,-0.8971217624144416,-0.9363389364386792,-0.9236683721061788,-0.8461242664664311,-0.9283077706274132,-0.9868282711465295,-0.8393816841839721,-0.9349479113492836,-0.9835898960053918,-0.9768330483645247,-0.9442387548440648,-0.9276644217911986,-0.08572961197044983,-0.9933031167615334,-0.9345904372812289,-0.9640846558112625,-0.9353121489591105,-0.8245243495176342,-0.8460095601981364,-0.8977433650187868,-0.9529746689745916,-0.8924720604178942,-0.9509139429933378,0.7349869843138749,-0.8885506541036021,-0.9559833667359217,-0.9043327283214199,-0.8605418643906814,-0.9326860679389616,-0.8315284796573571,-0.5567771649665584,-0.9588293676421235,-0.8629433273447467,-0.832134082471898,2.120101458240727,-0.9303756864504316,-0.9355881404126191,-0.9356355648824076,-0.987958013550676,-0.9417735288192426,-0.9349088573228275,-0.9519880124947335,-0.8198648682034776,-0.8602233091340464,-0.8247506633804115,-0.9506933594850695,-0.9514643141741151,-0.9589932135974003,-0.8802404476656066,-0.9219018451632444,-0.9407544095879725,-0.9302276181831055,-0.9948333895979576,0.6842511906535694,-0.8926448602342163,-0.9540601201734906,-0.8625254188758612,-0.9535067505846977,-0.8612232782906044,-0.925501443750982,-0.8864374285703768,-0.823936540012116,-0.9457660127498092,-0.9506481650086646,-0.9058675589735151,-0.9220385693398043,-0.9584760889805263,-0.8880338784046441,-0.8723600599134405,-0.9427546390920036,-0.8246345663248441,-0.9363725174559925,-0.9643145864163468,-0.9457143996110438,-0.9230913078264497,-0.8969479823274494,-0.9262302865682807,-0.47717051498416524,-0.8897252813113223,-0.9504704810084311,-0.8622548520864839,-0.9813628177689159,-0.9784644250079437,-0.8317249923285928,-0.8723002618938952,-0.8591847787243359,-0.8867149548932204,-0.958890719495258,-0.9509861870961264,-0.945568413481665,-0.8882121771616133,-0.9815416955135456,-0.9282705074971547,-0.9819275650376018,-0.9928407096000214,-0.8739429456228539,-0.9532921258557685,-0.8631392238539117,-0.9262465730125417,-0.991164922704212,-0.9397916605906932,-0.9444486519226586,-0.8797086182311892,-0.9349052905865407,-0.7373560062569966,-0.950758387522864,-0.922321173073756,-0.9783919195161763,-0.9322666029278984,-0.9296146855634471,-0.9336334005944432,-0.9778829532479641,-0.8750736698832392,-0.9550058233201277,-0.8848221284524503,-0.9451147013115617,-0.11066426808372769,-0.9528370227395848,-0.9048028014252262,-0.9802093654135248
338,1519070761,-0.8443045310278756,-0.9451222413251696,-0.9262477243277352,-0.9823379860504762,-0.9301388839105625,-0.8649946273462223,-0.8453446065104409,-0.923909847703915,-0.8274623467447875,-0.9023909143950708,-0.8959421857116684,-0.9358164690569212,-0.9211229701732079,-0.844728721634682,-0.9258335248345597,-0.9868282711465295,-0.8380342861065267,-0.9331563373562686,-0.9835898960053918,-0.9749276595604245,-0.9442387548440648,-0.9251938030444964,-0.08572961197044983,-0.9933031167615334,-0.9326093570596892,-0.9634837046065323,-0.932834669745629,-0.8224385801708791,-0.8446154773326847,-0.8957597889415276,-0.9504811304275522,-0.8912953925467791,-0.9481531219146137,0.7349869843138749,-0.8858897266760817,-0.9534401192978199,-0.9025114859530908,-0.8592034911805958,-0.9302371370246061,-0.8300346717207758,-0.5567771649665584,-0.9576303284836422,-0.8614407990358206,-0.8306387749454164,2.120101458240727,-0.9280579163553394,-0.9326044235881479,-0.932654278459272,-0.987958013550676,-0.9390811915151784,-0.9319218163802193,-0.9497886240331822,-0.8184798393097773,-0.8588878348132788,-0.8233565602037912,-0.9484871410355739,-0.9494570342067739,-0.9567848088987296,-0.8786997726022977,-0.9192833241786981,-0.9388899466214679,-0.928490454856653,-0.9948333895979576,0.6534045432979575,-0.8908838566788737,-0.9520224407919735,-0.8610234599776311,-0.9510098729571884,-0.8592144308030099,-0.9226282786020609,-0.8848886674207634,-0.8224516642920171,-0.9437639097853054,-0.9478888999660142,-0.9028446664450522,-0.919945947519161,-0.9562728541706652,-0.885904970871739,-0.8716453715979412,-0.9410161546225041,-0.8225459045277699,-0.934598496152252,-0.9643145864163468,-0.9456658574802921,-0.9204780964148638,-0.8951764318880762,-0.9245041648866223,-0.4771559685622368,-0.8870708903140629,-0.9504704810084311,-0.8615054712580464,-0.9779887947891032,-0.9746603815238261,-0.8294836164026466,-0.8715871927103949,-0.8570075777192748,-0.8851671900954581,-0.9568526945866601,-0.9487866562902582,-0.9436973672089555,-0.8860808106149994,-0.9787319447182632,-0.9262924097620826,-0.9785570452891275,-0.9928407096000214,-0.8717999237842137,-0.9514206848297534,-0.8623890446255942,-0.9233694886148027,-0.991164922704212,-0.9379258117632944,-0.9439243926794264,-0.8781703213637627,-0.932925366339439,-0.7370378278472204,-0.9485518970982887,-0.9197059623409582,-0.9752217402509937,-0.930496061671129,-0.9278752861366443,-0.9312734400332173,-0.9740731723488908,-0.8741487206748257,-0.952971638706962,-0.8842667544453446,-0.9432486963465196,-0.11066426808372769,-0.9509670033410503,-0.9023791601520363,-0.9779596834158482
339,1519070766,-0.8429097446718098,-0.9433800306673145,-0.9242675819924905,-0.9812139584441938,-0.9265941696490968,-0.8621300732590507,-0.8439488980479878,-0.9221821651167125,-0.8260851184055343,-0.9005726642571864,-0.8941728206575086,-0.9358164690569212,-0.918650072059284,-0.8433331768029331,-0.9233592790417063,-0.9861920434847751,-0.8360131889903586,-0.9289759980392336,-0.9791544653923782,-0.9717520115535909,-0.9437143374091116,-0.9232173080471348,-0.08572961197044983,-0.9926641649423575,-0.9306282768381493,-0.9616808509923418,-0.9308526863748436,-0.8210480672730425,-0.8432213944672331,-0.8942721068835833,-0.9473642072437531,-0.890118724675664,-0.9448401366201447,0.6238735188551541,-0.8837609847340654,-0.9514055213473385,-0.9000831627953189,-0.8578651179705102,-0.9282779922931217,-0.8270470558476132,-0.5567771649665584,-0.9576303284836422,-0.8599382707268944,-0.8276481598924532,2.120101458240727,-0.9263195887840202,-0.9308141934934653,-0.9302692493207634,-0.9835419756782504,-0.935859190426289,-0.9301295918146544,-0.9475892355716309,-0.8157097815223766,-0.8568846233321272,-0.8205683538505508,-0.9451778133613306,-0.9474497542394326,-0.9545764042000591,-0.8771590975389888,-0.917188507391061,-0.9370254836549632,-0.9267532915302006,-0.9910086226413406,0.7048156222239774,-0.8885358519384169,-0.9489659217196977,-0.859521501079401,-0.9472645565159246,-0.8565359674862171,-0.9209043795127081,-0.8828236525546123,-0.8194819128518195,-0.9412612810796755,-0.9451296349233639,-0.9010309309279745,-0.9168070147881959,-0.9540696193608041,-0.8837760633388339,-0.8702159949669428,-0.9381186805066715,-0.8204572427306956,-0.9322331344139313,-0.9631133218264881,-0.945374604695782,-0.917864885003278,-0.8934048814487029,-0.9210519215233057,-0.47714142214030836,-0.8849473775162554,-0.9214461424498342,-0.8600067096011714,-0.9757394461358947,-0.9727583597817672,-0.8279893657853492,-0.8687349159763936,-0.8555561103825674,-0.8836194252976959,-0.9543051634509129,-0.94658712548439,-0.9418263209362461,-0.8834166024317321,-0.9764841440820372,-0.9233252631594744,-0.976310032123478,-0.9888930499749791,-0.8682282207198133,-0.9476778027777231,-0.8608886861689593,-0.9210678210966117,-0.9900353998751432,-0.9360599629358956,-0.9418273557064979,-0.8761192588738607,-0.9309454420923372,-0.7367196494374442,-0.9457937840675695,-0.91761379375472,-0.9733196326918842,-0.9287255204143595,-0.9261358867098414,-0.9295034696122979,-0.9721682818993541,-0.8722988222579989,-0.9509374540937963,-0.8826006324240273,-0.9413826913814776,-0.11066426808372769,-0.9478503043434928,-0.9005614291971441,-0.9751475809187524
340,1519070772,-0.8394227787816451,-0.9404763462375558,-0.9217924040734345,-0.9800899308379114,-0.9230494553876312,-0.8578332421282931,-0.8404596268918549,-0.9181509057465729,-0.8240192758966547,-0.8975422473607124,-0.8894545138464158,-0.9337265995298893,-0.9157991183174722,-0.8391465423076859,-0.9208850332488528,-0.9849195881612662,-0.8333183928354678,-0.9259900413842087,-0.9786000365657515,-0.9679412339453906,-0.9400434153644387,-0.9212408130497731,-0.08572961197044983,-0.9894694058464781,-0.9276566565058395,-0.9604789485828814,-0.9283752071613621,-0.8182670414773692,-0.839039145870878,-0.8908008487483797,-0.9436238994231941,-0.8860003871267612,-0.9426314797571653,0.8461004497725957,-0.881632242792049,-0.9483536244216163,-0.8970477588481038,-0.8551883715503391,-0.9258290613787662,-0.8225656320378693,-0.5567771649665584,-0.9552322501666796,-0.8539281574911901,-0.8231622373130083,2.120101458240727,-0.9228429336413819,-0.9260402465743115,-0.9266917056130006,-0.9829111131250468,-0.9328673838160906,-0.9271425508720462,-0.9437403057639161,-0.8136322381818262,-0.854213674690592,-0.8177801474973104,-0.942971594911835,-0.9454424742720914,-0.9512637971520532,-0.8745913057668072,-0.9150936906034239,-0.9320535824109507,-0.9226999104351448,-0.9852714722064151,0.7116704327474468,-0.8850138448277316,-0.9464188224928013,-0.8542646449355955,-0.9435192400746607,-0.8538575041694243,-0.918031214363787,-0.8802423839719233,-0.8157697235515724,-0.9392591781151718,-0.9429222228892437,-0.897403459893819,-0.9147143929675526,-0.9507647671460125,-0.8816471558059288,-0.8659278650739474,-0.9352212063908388,-0.8176723603345967,-0.9280937513718702,-0.9589088957619825,-0.9450833519112719,-0.9152516735916921,-0.8898617805699564,-0.9175996781599891,-0.47712978500276565,-0.882292986518996,-0.9214461424498342,-0.8540116629736713,-0.9734900974826862,-0.9689543162976495,-0.8235066139334568,-0.8644565008753918,-0.851927442040799,-0.8805238957021714,-0.9512481260880162,-0.9432878292755875,-0.9374605462999239,-0.8812852358851183,-0.9736743932867548,-0.9213471654244022,-0.973501265666416,-0.9832535362249186,-0.8639421770425328,-0.9439349207256928,-0.8556374315707372,-0.917615319819325,-0.9872115928024715,-0.9317063156719649,-0.9407788372200336,-0.8735554307614831,-0.9279755557216846,-0.7360832926178917,-0.9435872936429942,-0.9144755408753626,-0.9688813817206285,-0.9245942574818974,-0.9220772880473014,-0.9247835484898461,-0.9689934644834597,-0.861661906361245,-0.9478861771740478,-0.8731592743032296,-0.9370286797963795,-0.11066426808372769,-0.9447336053459353,-0.8975318776056569,-0.9723354784216567
341,1519070777,-0.8366332060695133,-0.9369919249218456,-0.9168420482353227,-0.9739077790033585,-0.9195047411261654,-0.8535364109975356,-0.8362725015044957,-0.9135437521806992,-0.8205762050485218,-0.8945118304642383,-0.8865055720894828,-0.9300693278575837,-0.9129119126661369,-0.8356576802283133,-0.9169262399802873,-0.978557311543722,-0.828602499564409,-0.9230040847291837,-0.9741646059527378,-0.9641304563371903,-0.9353236584498593,-0.9167936993057093,-0.08572961197044983,-0.984996743112247,-0.9236944960627599,-0.9556713389450401,-0.9239157445770952,-0.8147907592327774,-0.8362509801399747,-0.8878254846324909,-0.9398835916026351,-0.8830587174489735,-0.9382141660312067,0.4016465879377125,-0.8779069443935205,-0.9442844285206534,-0.8921911125325598,-0.8511732519200824,-0.9219107719157975,-0.8203249201329972,-0.5567771649665584,-0.9516351326912358,-0.850923100873338,-0.8194239684968043,2.120101458240727,-0.9187868359749706,-0.9236532731147347,-0.923710419189865,-0.9784950752526211,-0.9298690826908195,-0.9223632853638731,-0.9382418346100379,-0.8101696659475753,-0.8508749888886727,-0.8142948895557599,-0.938559158012844,-0.9414279143374088,-0.9462948865800443,-0.8715099556401894,-0.9109040570281498,-0.9270816811669382,-0.9180674748979382,-0.9833590887281065,0.5642920064928564,-0.8826658400872748,-0.9423434637297669,-0.8520117065882503,-0.9397739236333967,-0.8511790408526315,-0.9134341501255131,-0.8771448616726967,-0.8120575342513253,-0.935254972186164,-0.9385073988210031,-0.8937759888596635,-0.9115754602365875,-0.94525668012136,-0.8784537945065712,-0.8616397351809519,-0.9317442374518398,-0.8148874779384977,-0.9245457087643892,-0.9541038374025473,-0.9448891833882652,-0.9121158198977892,-0.8863186796912098,-0.9135720609027864,-0.47710360144329444,-0.8785768391228328,-0.9214461424498342,-0.8517635204883587,-0.9689914001762693,-0.9651502728135318,-0.820518112698862,-0.8616042241413906,-0.8482987736990305,-0.8774283661066468,-0.9471720762708207,-0.938338884962384,-0.9324710895726988,-0.8770225027918906,-0.9691787920143029,-0.9168964455204899,-0.9690072393351169,-0.9809977307248945,-0.8617991552038926,-0.9401920386736625,-0.8511363562008325,-0.9141628185420383,-0.9826935014861967,-0.9273526684080343,-0.9355362447877122,-0.8709916026491057,-0.9235207261657057,-0.7354469357983392,-0.9386226901876996,-0.9113372879960052,-0.9650771666024095,-0.9210531749683585,-0.9185984891936958,-0.9212436076480072,-0.9651836835843863,-0.857037160319178,-0.9438178079477164,-0.8687162822463835,-0.9314306649012534,-0.11066426808372769,-0.9403702267493549,-0.8932905053775748,-0.9678361144263035
342,1519070783,-0.8359358128914803,-0.9369919249218456,-0.9163470126515115,-0.9722217375939348,-0.9195047411261654,-0.8535364109975356,-0.8362725015044957,-0.9129678579849649,-0.8205762050485218,-0.8920874969470591,-0.8865055720894828,-0.926934523567036,-0.9100661377685428,-0.8356576802283133,-0.9164313908217167,-0.9772848562202132,-0.828602499564409,-0.9224068933981787,-0.9730557482994844,-0.9641304563371903,-0.9327015712750929,-0.9167936993057093,-0.08572961197044983,-0.9830798876547194,-0.9236944960627599,-0.9075952425666262,-0.9239157445770952,-0.8147907592327774,-0.8355539387072488,-0.8878254846324909,-0.9398835916026351,-0.8824703835134159,-0.9382141660312067,1.290554311607479,-0.8768425734225123,-0.9442844285206534,-0.8915840317431168,-0.8511732519200824,-0.9219107719157975,-0.8203249201329972,-0.5567771649665584,-0.9042730859312256,-0.850923100873338,-0.8194239684968043,2.120101458240727,-0.9187868359749706,-0.9224597863849462,-0.9231141619052379,-0.9778642126994175,-0.9269111918815568,-0.9217658771753515,-0.9376919874946501,-0.8101696659475753,-0.8508749888886727,-0.8142948895557599,-0.938559158012844,-0.9414279143374088,-0.9457427854053767,-0.8709963972857531,-0.9098566486343312,-0.9258387058559351,-0.9180674748979382,-0.9808092440903619,0.7459444853647933,-0.8820788389021607,-0.9423434637297669,-0.8505097476900203,-0.9397739236333967,-0.8505094250234333,-0.9134341501255131,-0.8766286079561588,-0.8120575342513253,-0.935254972186164,-0.9385073988210031,-0.893171410353971,-0.9105291493262659,-0.94525668012136,-0.8763248869736661,-0.8616397351809519,-0.9317442374518398,-0.8148874779384977,-0.9245457087643892,-0.9072545183980555,-0.9445493884730034,-0.9110705353331549,-0.8857281628780854,-0.9135720609027864,-0.47710360144329444,-0.8775150827239291,-0.9214461424498342,-0.8502647588314837,-0.9689914001762693,-0.9651502728135318,-0.820518112698862,-0.8616042241413906,-0.8482987736990305,-0.8769124445073927,-0.9471720762708207,-0.938338884962384,-0.9318474074817956,-0.8759568195185837,-0.9691787920143029,-0.9168964455204899,-0.9690072393351169,-0.9781779738498643,-0.8610848145910125,-0.9401920386736625,-0.8511363562008325,-0.9135874016624905,-0.9804344558280593,-0.9273526684080343,-0.9323906893283194,-0.8704788370266302,-0.9235207261657057,-0.7352878465934511,-0.9386226901876996,-0.9102912037028861,-0.9650771666024095,-0.9198728141305121,-0.9185984891936958,-0.9212436076480072,-0.9651836835843863,-0.857037160319178,-0.943309261794425,-0.8687162822463835,-0.9314306649012534,-0.11066426808372769,-0.9403702267493549,-0.8926845950592774,-0.9678361144263035
343,1519070789,-0.8331462401793486,-0.9317652929482801,-0.912386727981022,-0.9671636133656641,-0.9153692411544555,-0.850671856910364,-0.8334810845795895,-0.9095124928105597,-0.817133134200389,-0.8878449132919956,-0.8835566303325497,-0.9227547845129723,-0.907344655132172,-0.8328665905648153,-0.9124725975531511,-0.9168432283535435,-0.8259077034095182,-0.9188237454121488,-0.9686203176864708,-0.9590494195262566,-0.9279818143605134,-0.9128407093109859,-0.08572961197044983,-0.9223794648330115,-0.9192370655642952,-0.903388584133515,-0.9194562819928284,-0.8120097334371041,-0.8320687315436197,-0.8843542264972873,-0.9361432837820762,-0.8795287138356281,-0.9326925238737583,0.8461004497725957,-0.8720529040529755,-0.9397065831320702,-0.8879415470064588,-0.8484965054999113,-0.9175026962699576,-0.8173373042598345,-0.5567771649665584,-0.900076448876541,-0.8479180442554858,-0.8171810072070819,-0.21946315980699235,-0.9141512957847863,-0.9176858394657925,-0.919536618197475,-0.9179322701450697,-0.9238970152749966,-0.9181814280442216,-0.9332932105715475,-0.8060145792664744,-0.8482040402471375,-0.8115066832025195,-0.9335951665014789,-0.9364097144190556,-0.9413259760080355,-0.8679150471591353,-0.9056670150590571,-0.9221097799229258,-0.9140140938028823,-0.9202504339439251,0.6568319485596922,-0.8791438329765896,-0.9377586851213533,-0.8482568093426751,-0.9347801683783782,-0.8471613458774424,-0.9099863519468077,-0.8735310856569322,-0.8083453449510781,-0.9307502405160305,-0.9340925747527626,-0.8877302038027377,-0.9063439056849791,-0.9402994017991726,-0.8715348450246296,-0.858780981918955,-0.9271082788665076,-0.8121025955423986,-0.9204063257223282,-0.9036507246284793,-0.9441125092962384,-0.9068893970746176,-0.8833660956255878,-0.9101198175394699,-0.47707741788382324,-0.8722063007294103,-0.8251381099599449,-0.8472672355177336,-0.9639303657065503,-0.9600782148347082,-0.8175296114642671,-0.8587519474073894,-0.8446701053572621,-0.8738169149118682,-0.9425865202264756,-0.9333899406491806,-0.9281053149363767,-0.8716940864253561,-0.9646831907418509,-0.9129402500503455,-0.9639514597124055,-0.9736663628498159,-0.8575131115266121,-0.9358253429462938,-0.8488858185158802,-0.9101349003852037,-0.9759163645117845,-0.9223770715349707,-0.9276723561392302,-0.8668894776693017,-0.9190658966097267,-0.7343333113641224,-0.9336580867324051,-0.9050607822372905,-0.9612729514841903,-0.9163317316169731,-0.9139600907222215,-0.9171136766658619,-0.9601039757189552,-0.8408505491719437,-0.9392408925680935,-0.8559426800829513,-0.9270766533161552,-0.11066426808372769,-0.9360068481527744,-0.8878373125128979,-0.9622119094321119
344,1519070794,-0.8317514538232827,-0.930023082290425,-0.9104065856457774,-0.9660395857593818,-0.912415312603234,-0.8485234413449851,-0.8320853761171364,-0.907784810223357,-0.8157559058611359,-0.886632746533406,-0.8823770536297766,-0.9217098497494565,-0.9047707695560041,-0.8314710457330662,-0.9099983517602978,-0.9155707730300346,-0.8238866062933502,-0.9176293627501388,-0.9669570312065907,-0.9571440307221564,-0.9269329794906069,-0.9108642143136243,-0.08572961197044983,-0.9217405130138356,-0.9172559853427554,-0.9027876329287847,-0.9174742986220431,-0.8099239640903492,-0.830674648678168,-0.882866544439343,-0.9342731298717967,-0.878352045964513,-0.930483867010779,1.2349975788781185,-0.8709885330819673,-0.9376719851815888,-0.8867273854275728,-0.8471581322898258,-0.9155435515384732,-0.816590400291544,-0.5567771649665584,-0.8994769292973005,-0.8471667801010228,-0.8156856996806002,-0.21946315980699235,-0.9124129682134671,-0.916492352736004,-0.9171515890589665,-0.9160396824854588,-0.9210935496019091,-0.9169866116671784,-0.9310938221099961,-0.8046295503727741,-0.8468685659263698,-0.8101125800258994,-0.9308373934396095,-0.9344024344517144,-0.9391175713093649,-0.8668879304502626,-0.9046196066652386,-0.9202453169564211,-0.9122769304764299,-0.9189755116250528,0.7356622695795894,-0.8767958282361328,-0.9352115858944569,-0.846754850444445,-0.9329075101577463,-0.845822114219046,-0.908262452857455,-0.8724985782238566,-0.8068604692309793,-0.9282476118104006,-0.9318851627186424,-0.8871256252970451,-0.9052975947746575,-0.9380961669893116,-0.8704703912581772,-0.8580662936034559,-0.9247902995738415,-0.8107101543443491,-0.9174496235494273,-0.9024494600386205,-0.9439668829039832,-0.9053214702276661,-0.8821850619993389,-0.9078183219639254,-0.4770657807462805,-0.8711445443305066,-0.8066680763317469,-0.8457684738608586,-0.9616810170533419,-0.9581761930926495,-0.8152882355383209,-0.858038878223889,-0.8439443716889085,-0.87278507171336,-0.9400389890907284,-0.9311904098433124,-0.9262342686636672,-0.8706284031520491,-0.962435390105625,-0.9104676278815054,-0.9617044465467559,-0.9719745087247977,-0.856798770913732,-0.932706274569602,-0.8473854600592453,-0.9072578159874649,-0.9747868416827158,-0.9205112227075719,-0.9266238376527659,-0.8653511808018751,-0.9170859723626249,-0.7340151329543462,-0.930899973701686,-0.9040146979441713,-0.9593708439250809,-0.9145611903602037,-0.9122206912954186,-0.9153437062449424,-0.9581990852694187,-0.8371507523382901,-0.9372067079549278,-0.8531658100474225,-0.9252106483511132,-0.11066426808372769,-0.932890149155217,-0.8872314021946005,-0.9599622274344353
345,1519070800,-0.8296592742891838,-0.9253771872028111,-0.9084264433105326,-0.9621054891373935,-0.9065074555007913,-0.8442266102142276,-0.8299918134234567,-0.9031776566574833,-0.8143786775218828,-0.8805719127404579,-0.8758893817645239,-0.9185750454589087,-0.9024998463665682,-0.8286799560695681,-0.9080189551260149,-0.9117534070595081,-0.8211918101384594,-0.9110602581090839,-0.9636304582468305,-0.9552386419180562,-0.923262057445934,-0.9088877193162626,-0.08572961197044983,-0.9185457539179562,-0.9147796350658306,-0.8997828769051339,-0.9149968194085615,-0.8071429382946758,-0.8285835243799905,-0.8784034982655099,-0.9311562066879976,-0.8730570405444951,-0.9282752101477996,0.901657182501956,-0.8672632346834387,-0.9346200882558666,-0.8800494967436998,-0.8458197590797403,-0.9130946206241177,-0.8106151685452186,-0.5567771649665584,-0.8964793314010973,-0.8419079310197815,-0.8111997771011554,-0.21946315980699235,-0.9071979854995097,-0.9099281757221677,-0.9111890162126952,-0.9135162322726441,-0.9182915271543934,-0.9110125297819621,-0.9283445865330571,-0.8011669781385233,-0.8455330916056021,-0.8073243736726589,-0.9286311749901139,-0.9323951544843732,-0.9363570654360266,-0.8643201386780811,-0.901477381483783,-0.9171378786789133,-0.9070654404970724,-0.9164256669873081,0.7082430274857121,-0.8715128175701049,-0.9321550668221811,-0.8429999531988697,-0.9310348519371143,-0.8444828825606496,-0.9036653886191811,-0.8699173096411676,-0.800920966350584,-0.9262455088458968,-0.928574044667462,-0.8810798402401193,-0.9016355065885316,-0.93479131477452,-0.8672770299588195,-0.8544928520259597,-0.9195748461653428,-0.8072290513492254,-0.9103535383344654,-0.8988456662690442,-0.9436756301194732,-0.9021856165337631,-0.8762798938680947,-0.9026399569189506,-0.47705414360873777,-0.8679592751337952,-0.8066680763317469,-0.842021569718671,-0.9594316684001334,-0.9562741713505906,-0.8108054836864286,-0.8544735323063876,-0.84031570334714,-0.8696895421178354,-0.9364724455006823,-0.9284409963359771,-0.9231158582091514,-0.8668985116954749,-0.9596256393103425,-0.9084895301464332,-0.9594574333811063,-0.9685908004747615,-0.8532270678493317,-0.9308348335435869,-0.8436345639176581,-0.9026544809510826,-0.9713982731955098,-0.9174014746619072,-0.9234782821933731,-0.8627873526894977,-0.9146110670537477,-0.7335378653396818,-0.9286934832771107,-0.9003534029182544,-0.9568347005129347,-0.908069205752049,-0.9070024930150101,-0.9094438048418777,-0.956294194819882,-0.8297511586709829,-0.9336468848818879,-0.8459459479550477,-0.9214786384210291,-0.11066426808372769,-0.9310201297566825,-0.8805663886933287,-0.9577125454367587
346,1519070806,-0.8261723083990192,-0.9207312921151974,-0.903971123056232,-0.9581713925154052,-0.9023719555290813,-0.841362056127056,-0.8251068338048708,-0.8985705030916095,-0.8109356066737499,-0.8775414958439839,-0.8729404400075909,-0.915440241168361,-0.8999622126999237,-0.8251910939901955,-0.9040601618574494,-0.9079360410889816,-0.8184970139835687,-0.907477110123054,-0.9603038852870702,-0.9514278643098558,-0.9201155528362144,-0.9044406055721987,-0.08572961197044983,-0.9134341393645492,-0.909826934511981,-0.8961771696767529,-0.909546365138902,-0.8043619124990025,-0.8257953586490872,-0.8754281341496211,-0.9274158988674386,-0.8677620351244771,-0.9233057322060961,-0.37614767027333307,-0.8640701217704142,-0.9300422428672833,-0.8757999312175988,-0.8418046394494836,-0.9091763311611489,-0.807627552672056,-0.5567771649665584,-0.8940812530841348,-0.8381516102474662,-0.8067138545217106,-0.21946315980699235,-0.9019830027855522,-0.9069444588976966,-0.9082077297895595,-0.9103619195066258,-0.9154779589023038,-0.9074280806508322,-0.9239458096099544,-0.7983969203511226,-0.842194405803683,-0.8031420641427983,-0.9242187380911229,-0.9278787745578553,-0.9308360536893501,-0.8596981134881543,-0.8978114521054181,-0.913408952745904,-0.901853950517715,-0.9113259777118187,0.3826395276209195,-0.8679908104594196,-0.9275702882137674,-0.8392450559532943,-0.9266653160889731,-0.8418044192438568,-0.8990683243809072,-0.866819787341941,-0.7986936527704357,-0.9212402514346373,-0.9241592205992215,-0.8780569477116564,-0.8979734184024057,-0.9298340364523326,-0.8640836686594618,-0.8502047221329643,-0.9149388875800106,-0.8044441689531264,-0.9068054957269844,-0.8964431370893267,-0.9433843773349632,-0.8985271205575429,-0.8733273098024726,-0.8986123396617479,-0.47703086933365224,-0.864774005937084,-0.8066680763317469,-0.839024046404921,-0.9543706339304143,-0.9524701278664729,-0.8078169824518338,-0.850908186388886,-0.8374127686737252,-0.8665940125223109,-0.9323963956834868,-0.9234920520227736,-0.917502719391023,-0.8626357786022473,-0.9545680878788341,-0.9040388102425209,-0.9544016537583948,-0.9640791894747132,-0.8510840460106914,-0.9270919514915565,-0.8383833093194359,-0.8992019796737959,-0.966880181879235,-0.9130478273979766,-0.9198084674907482,-0.8597107589546447,-0.9096612564359934,-0.7329015085201294,-0.9242805024279599,-0.8972151500388971,-0.9517624136886427,-0.9039379428195868,-0.9023640945435358,-0.9047238837194258,-0.9524844139208086,-0.8274387856499494,-0.9290699695022651,-0.8431690779195189,-0.917124626835931,-0.11066426808372769,-0.9272800909596135,-0.8775368371018415,-0.9532131814414054
347,1519070811,-0.8261723083990192,-0.9207312921151974,-0.903971123056232,-0.9570473649091229,-0.9023719555290813,-0.841362056127056,-0.8251068338048708,-0.8985705030916095,-0.8109356066737499,-0.8763293290853943,-0.8723506516562043,-0.9138728390230871,-0.898874655414219,-0.8251910939901955,-0.9040601618574494,-0.9066635857654728,-0.8184970139835687,-0.906879918792049,-0.9586405988071901,-0.9514278643098558,-0.9190667179663078,-0.9039464818228584,-0.17069114333744284,-0.9121562357261975,-0.909826934511981,-0.8919705112436416,-0.909546365138902,-0.8043619124990025,-0.8257953586490872,-0.8754281341496211,-0.9274158988674386,-0.8671737011889196,-0.9233057322060961,-0.15392073935589148,-0.8630057507994061,-0.9300422428672833,-0.8745857696387128,-0.8418046394494836,-0.9091763311611489,-0.807627552672056,-0.5567771649665584,-0.888685576870969,-0.8381516102474662,-0.8067138545217106,-0.21946315980699235,-0.9019830027855522,-0.9063477155328024,-0.9076114725049323,-0.9084693318470148,-0.9127971674028135,-0.906233264273789,-0.9239458096099544,-0.7983969203511226,-0.8415266686432992,-0.8031420641427983,-0.9242187380911229,-0.9278787745578553,-0.9308360536893501,-0.859184555133718,-0.8962403395146903,-0.913408952745904,-0.901853950517715,-0.9100510553929463,0.6739689748683655,-0.8674038092743055,-0.9275702882137674,-0.8392450559532943,-0.9266653160889731,-0.8418044192438568,-0.898493691351123,-0.8663035336254032,-0.7986936527704357,-0.9212402514346373,-0.9241592205992215,-0.8774523692059638,-0.896927107492084,-0.9292832277498674,-0.8624869880097831,-0.8502047221329643,-0.9149388875800106,-0.8044441689531264,-0.9068054957269844,-0.8916380787298915,-0.9432872930734597,-0.8974818359929086,-0.8727367929893481,-0.8986123396617479,-0.47703086933365224,-0.8637122495381803,-0.8066680763317469,-0.839024046404921,-0.9538082967671122,-0.9524701278664729,-0.8078169824518338,-0.8501951172053857,-0.8374127686737252,-0.8660780909230569,-0.9323963956834868,-0.9234920520227736,-0.917502719391023,-0.8615700953289404,-0.9540061377197776,-0.9040388102425209,-0.9544016537583948,-0.9629512867247011,-0.8510840460106914,-0.9270919514915565,-0.8383833093194359,-0.8992019796737959,-0.9651858976356319,-0.9130478273979766,-0.9187599490042839,-0.8586852277096937,-0.9096612564359934,-0.7329015085201294,-0.9242805024279599,-0.8961690657457779,-0.9517624136886427,-0.9039379428195868,-0.9023640945435358,-0.9047238837194258,-0.9512144869544509,-0.8274387856499494,-0.9290699695022651,-0.8431690779195189,-0.916502625180917,-0.11066426808372769,-0.9272800909596135,-0.8769309267835441,-0.9532131814414054
348,1519070817,-0.8247775220429533,-0.9178276076854388,-0.9019909807209873,-0.9547993096965581,-0.9005995983983485,-0.840645917605263,-0.8237111253424177,-0.8968428205044069,-0.8088697641648701,-0.8745110789475099,-0.8705812866020445,-0.9117829694960553,-0.8962955909938334,-0.8237955491584464,-0.901585916064596,-0.9047549027802095,-0.8171496159061232,-0.905088344799034,-0.9564228835006833,-0.9482522163030223,-0.9169690482264947,-0.9019699868254967,-0.17069114333744284,-0.9102393802686699,-0.9073505842350562,-0.890167657629451,-0.9075643817681167,-0.8029713996011658,-0.8237042343509097,-0.8729486640530472,-0.9249223603203992,-0.8659970333178045,-0.9205449111273719,0.012749458832189704,-0.8598126378863815,-0.9269903459415612,-0.8727645272703838,-0.840466266239398,-0.9067274002467935,-0.8053868407671839,-0.5567771649665584,-0.8868870181332471,-0.8374003460930032,-0.805218546995229,-0.042223416015498456,-0.9002446752142331,-0.9039607420732254,-0.9046301860817967,-0.9065767441874039,-0.9099944233425119,-0.9038436315197025,-0.9206467269176275,-0.7970118914574224,-0.8401911943225314,-0.8017479609661781,-0.9220125196416273,-0.9253696745986787,-0.9286276489906795,-0.857643880070409,-0.893621818530144,-0.9103015144683961,-0.9001167871912624,-0.9075012107552016,0.6636867590831615,-0.8656428057189628,-0.9255326088322503,-0.8377430970550642,-0.9235442190545865,-0.8404651875854604,-0.8967697922617703,-0.8642385187592521,-0.7972087770503369,-0.9192381484701334,-0.9213999555565712,-0.8738248981718083,-0.8948344856714407,-0.9270799929400064,-0.860358080476878,-0.849490033817465,-0.913200403110511,-0.8016592865570275,-0.9050314744232439,-0.8898361818451035,-0.9429960402889497,-0.8948686245813228,-0.8703747257368505,-0.8968862179800896,-0.4770134136273381,-0.8605269803414689,-0.8027102119828473,-0.8367759039196084,-0.9515589481139037,-0.9493000916297082,-0.807069857143185,-0.8487689788383851,-0.8352355676686641,-0.8640144045260405,-0.9303583707748889,-0.9212925212169054,-0.9156316731183136,-0.8594387287823265,-0.9506344367654386,-0.9020607125074487,-0.951592887301333,-0.9595675784746648,-0.8496553647849312,-0.9252205104655414,-0.8368829508628011,-0.896324895276057,-0.9629268519774945,-0.9111819785705778,-0.9166629120313553,-0.8571469308422671,-0.9076813321888916,-0.7325833301103531,-0.9209707667910969,-0.8935538550129801,-0.9479581985704236,-0.900987040724971,-0.8994650954988644,-0.9017739330178934,-0.9493095965049142,-0.8265138364415361,-0.9265272387358079,-0.8420583299053075,-0.9146366202158749,-0.11066426808372769,-0.924163391962056,-0.8732954648737594,-0.9504010789443097
349,1519070822,-0.8233827356868875,-0.9160853970275837,-0.9000108383857425,-0.9525512544839934,-0.8988272412676157,-0.8392136405616771,-0.8223154168799647,-0.8951151379172042,-0.807492535825617,-0.8726928288096255,-0.8676323448451115,-0.9086481652055075,-0.8937916198146036,-0.8224000043266975,-0.8991116702717425,-0.9015737644714374,-0.8158022178286779,-0.903296770806019,-0.9542051681941764,-0.9463468274989221,-0.9148713784866817,-0.8990052443294542,-0.17069114333744284,-0.9064056693536147,-0.9053695040135163,-0.8871629016058002,-0.9050869025546351,-0.8001903738054925,-0.8223101514854579,-0.8704691939564732,-0.9224288217733599,-0.8630553636400168,-0.9177840900486478,0.1238629242909105,-0.8576838959443652,-0.9244470985034594,-0.8709432849020547,-0.8391278930293125,-0.904278469332438,-0.8038930328306026,-0.5567771649665584,-0.8838894202370439,-0.8358978177840771,-0.8044708932319882,-0.042223416015498456,-0.8973474625953679,-0.9021705119785428,-0.9028414142279153,-0.9034224314213856,-0.9071779686392788,-0.9008565905770943,-0.9178974913406884,-0.7956268625637221,-0.8388557200017638,-0.8003538577895579,-0.9192547465797578,-0.9233623946313375,-0.9253150419426736,-0.8550760882982276,-0.8910032975455977,-0.90781556384639,-0.89837962386481,-0.9043139049580207,0.6534045432979575,-0.8627077997933918,-0.9234949294507331,-0.8369921176059492,-0.9210473414270772,-0.8377867242686677,-0.8933219940830649,-0.8626897576096387,-0.7964663391902874,-0.9172360455056295,-0.9186406905139208,-0.8720111626547307,-0.8927418638507973,-0.9237751407252148,-0.8582291729439729,-0.8480606571864666,-0.9114619186410114,-0.800266845358978,-0.9032574531195035,-0.8880342849603153,-0.9427533296351913,-0.8927780554520541,-0.8691936921106016,-0.8945847224045451,-0.4769988672054097,-0.8584034675436615,-0.8027102119828473,-0.836026523091171,-0.9481849251340911,-0.9461300553929435,-0.8040813559085901,-0.8480559096548848,-0.8337841003319567,-0.8614347965297701,-0.9283203458662911,-0.9190929904110372,-0.913136944754701,-0.8573073622357128,-0.9483866361292126,-0.8995880903386085,-0.948784120844271,-0.9573117729746407,-0.8460836617205308,-0.9227252557641878,-0.8361327716344836,-0.8940232277578659,-0.9601030449048228,-0.909316129743179,-0.9140416158151946,-0.8540703371074141,-0.9057014079417899,-0.7322651517005768,-0.9187642763665216,-0.8914616864267418,-0.946056091011314,-0.8986263190492784,-0.8977256960720617,-0.8994139724566675,-0.9454998156058408,-0.8242014634205026,-0.9239845079693507,-0.8398368338768845,-0.9115266119408048,-0.11066426808372769,-0.9222933725635215,-0.8714777339188672,-0.9481513969466331
350,1519070828,-0.8212905561527886,-0.9143431863697286,-0.8975356604666865,-0.9503031992714286,-0.8964640984266385,-0.8370652249962984,-0.8209197084175116,-0.8922356669385332,-0.8054266933167373,-0.8708745786717411,-0.8664527681423383,-0.9060358282967178,-0.8917589234591792,-0.8203066870790738,-0.8966374244788892,-0.8996650814861742,-0.8137811207125097,-0.8997136228199891,-0.9514330240610429,-0.9438063090934552,-0.9122492913119153,-0.8970287493320925,-0.17069114333744284,-0.904488813896087,-0.9033884237919766,-0.8853600479916097,-0.9031049191838498,-0.7987998609076558,-0.8209160686200063,-0.868485617879214,-0.9193118985895607,-0.8618786957689016,-0.9155754331856685,-0.15392073935589148,-0.8555551540023489,-0.922412500552978,-0.8691220425337257,-0.8377895198192269,-0.9018295384180826,-0.8016523209257307,-0.5567771649665584,-0.8814913419200814,-0.8336440253206879,-0.8029755857055065,-0.042223416015498456,-0.8956091350240487,-0.8991867951540717,-0.8998601278047796,-0.9008989812085709,-0.9044019242520542,-0.8990643660115294,-0.9156981028791371,-0.7935493192231715,-0.8368525085206123,-0.7989597546129377,-0.9164969735178884,-0.9213551146639962,-0.923106637244003,-0.8535354132349187,-0.8889084807579606,-0.9059511008798853,-0.8966424605383575,-0.9024015214797122,0.6396949222510189,-0.860359795052935,-0.9209478302238366,-0.834739179258604,-0.9191746832064454,-0.8364474926102713,-0.8915980949937122,-0.8611409964600254,-0.7934965877500898,-0.9147334167999998,-0.9158814254712705,-0.8701974271376529,-0.8896029311198324,-0.9215719059153538,-0.8561002654110679,-0.8466312805554681,-0.9085644445251788,-0.7981781835619036,-0.9008920913811828,-0.8856317557805977,-0.9425591611121845,-0.8901648440404684,-0.8674221416712283,-0.8917078529351147,-0.4769872300678669,-0.8562799547458539,-0.7974330595176479,-0.834527761434296,-0.9459355764808827,-0.9442280336508846,-0.8025871052912926,-0.8452036329208835,-0.8316068993268957,-0.8598870317320078,-0.9257728147305438,-0.916893459605169,-0.9112658984819916,-0.855175995689099,-0.9455768853339301,-0.8971154681697683,-0.9465371076786214,-0.9550559674746164,-0.8446549804947707,-0.919606187387496,-0.8346324131778488,-0.891146143360127,-0.957279237832151,-0.9074502809157802,-0.9119445788422661,-0.8520192746175121,-0.9037214836946881,-0.7317878840859126,-0.9160061633358024,-0.888846475693944,-0.943519947599168,-0.8968557777925089,-0.8959862966452588,-0.8976440020357481,-0.9435949251563042,-0.8232765142120891,-0.9219503233561851,-0.8392814598697786,-0.9096606069757628,-0.11066426808372769,-0.919176673565964,-0.8696600029639748,-0.9453392944495373
351,1519070834,-0.817803590262624,-0.9108587650540182,-0.8930803402123859,-0.9463691026494403,-0.8929193841651729,-0.8334845323873338,-0.8167325830301523,-0.8882044075683936,-0.8026722366382311,-0.8672380783959722,-0.8629140380340187,-0.903945958769686,-0.8892290580588612,-0.8175155974155758,-0.8926786312103236,-0.8958477155156477,-0.811086324557619,-0.8967276661649641,-0.9481064511012827,-0.9406306610866216,-0.9096272041371489,-0.8930757593373692,-0.08572961197044983,-0.9019330066193835,-0.8994262633488969,-0.8829562431726891,-0.8991409524422792,-0.7960188351119825,-0.8167338200236512,-0.8655102537633252,-0.9168183600425215,-0.8583486921555564,-0.9122624478911995,-0.04280727389717069,-0.8523620410893243,-0.9178346551643947,-0.8666937193759537,-0.834443586794013,-0.8979112489551138,-0.7979178010842773,-0.5567771649665584,-0.8796927831823594,-0.8306389687028358,-0.7992373168893026,-0.042223416015498456,-0.8921324798814104,-0.8962030783296007,-0.8974750986662712,-0.8977446684425526,-0.9015912424511081,-0.8966747332574428,-0.9118491730714223,-0.7900867469889208,-0.8341815598790769,-0.7954744966713871,-0.9126360912312712,-0.9168387347374783,-0.9192419290213294,-0.8504540631083007,-0.885766255576505,-0.9028436626023775,-0.8925890794433017,-0.8985767545230952,0.6328401117275496,-0.8580117903124781,-0.9168724714608023,-0.8309842820130288,-0.9160535861720587,-0.8337690292934785,-0.8881502968150068,-0.8585597278773365,-0.7897843984498427,-0.9107292108709921,-0.9125703074200902,-0.8665699561034974,-0.8864639983888674,-0.9171654362956316,-0.8523746772284839,-0.8423431506624727,-0.9050874755861796,-0.7946970805667799,-0.8973440487737018,-0.8826285943059509,-0.9421708240661711,-0.8870289903465653,-0.8650600744187307,-0.888255609571798,-0.47696104650839577,-0.8525638073496907,-0.7974330595176479,-0.8300314764636708,-0.94256155350107,-0.9416920046614728,-0.8003457293653465,-0.8423513561868823,-0.8279782309851272,-0.8567915021364833,-0.9216967649133483,-0.9124943979934326,-0.9081474880274758,-0.8519789458691782,-0.9422051843795912,-0.893159272699624,-0.9431665879301471,-0.9511083078495741,-0.8417976180432504,-0.916487119010804,-0.830131337807944,-0.8876936420828403,-0.9544554307594793,-0.9030966336518496,-0.9093232826261054,-0.8494554465051346,-0.8992666541387092,-0.730992438061472,-0.9126964276989394,-0.8857082228145867,-0.9403497683339854,-0.89331469527897,-0.8925074977916531,-0.8929240809132963,-0.9410550712235887,-0.819114242774229,-0.9178819541298536,-0.8348384678129327,-0.9053065953906646,-0.11066426808372769,-0.9166833143679181,-0.8672363616907851,-0.9419647714530225
352,1519070839,-0.816408803906558,-0.9091165543961631,-0.8911001978771412,-0.9441210474368756,-0.89114702703444,-0.8313361168219551,-0.8153368745676991,-0.886476724981191,-0.8006063941293513,-0.864813744878793,-0.8617344613312454,-0.8997662197156223,-0.8865671321309934,-0.8154222801679523,-0.8906992345760408,-0.8939390325303844,-0.8090652274414509,-0.8949360921719491,-0.9453343069681491,-0.9380901426811548,-0.9064806995274294,-0.8906051405906671,-0.08572961197044983,-0.8974603438851524,-0.897445183127357,-0.8805524383537683,-0.897158969071494,-0.7939330657652275,-0.8153397371581995,-0.8640225717053809,-0.9137014368587223,-0.8571720242844413,-0.9089494625967305,0.1238629242909105,-0.849701113661804,-0.9158000572139132,-0.8630512346392958,-0.8324360269788846,-0.8959521042236294,-0.7971708971159867,-0.5567771649665584,-0.875496146127675,-0.8283851762394466,-0.7969943555995801,-0.042223416015498456,-0.8903941523100913,-0.894412848234918,-0.8950900695277626,-0.895221218229738,-0.89877045807116,-0.8936876923148347,-0.9085500903790954,-0.7880092036483702,-0.8321783483979255,-0.7933833419064569,-0.9082236543322801,-0.9148314547701372,-0.9159293219733236,-0.8489133880449918,-0.8831477345919586,-0.8991147366693681,-0.8896938072325475,-0.8966643710447866,0.6225578959423456,-0.8562507867571355,-0.9148347920792851,-0.8302333025639137,-0.9135567085445495,-0.8324297976350822,-0.8858517646958699,-0.8559784592946476,-0.7882995227297438,-0.9087271079064883,-0.9092591893689098,-0.8647562205864197,-0.884371376568224,-0.9138605840808401,-0.8497135428123526,-0.840199085715975,-0.9033489911166801,-0.7933046393687304,-0.8949786870353812,-0.8802260651262334,-0.9418310291509093,-0.8844157789349796,-0.8621074903531086,-0.8859541139962537,-0.476949409370853,-0.8504402945518832,-0.7974330595176479,-0.8285327148067958,-0.9391875305212573,-0.9378879611773551,-0.7973572281307516,-0.8402121486363814,-0.8258010299800662,-0.855243737338721,-0.919149233777601,-0.9091951017846303,-0.9044053954820569,-0.8487818960492575,-0.9388334834252523,-0.8906866505307838,-0.9392343148902604,-0.94885250234955,-0.8403689368174903,-0.9121204232834355,-0.8286309793513091,-0.8859673914441969,-0.9505021008577388,-0.8999868856061848,-0.9061777271667126,-0.8479171496377081,-0.8967917488298319,-0.7306742596516956,-0.9088350694559326,-0.8836160542283484,-0.9378136249218393,-0.8915441540222006,-0.8907680983648503,-0.8911541104923769,-0.9378802538076942,-0.8177268189616088,-0.915847769516688,-0.8326169717845097,-0.9021965871155946,-0.11066426808372769,-0.9129432755708491,-0.8642068100992979,-0.9385902484565075
353,1519070845,-0.8122244448383603,-0.9044706593085493,-0.8866448776228405,-0.9385009094054637,-0.8864207413524858,-0.8291877012565763,-0.8118476034115664,-0.8824454656110514,-0.7971633232812185,-0.8587529110858451,-0.8581957312229258,-0.8940190785162848,-0.8813468571596105,-0.8119334180885797,-0.8867404413074753,-0.8894854388981035,-0.8063704312865602,-0.8907557528549143,-0.9397900187018821,-0.9323739762688542,-0.9012365251778967,-0.8866521505959437,-0.17069114333744284,-0.8929876811509213,-0.8929877526288924,-0.8739419751017364,-0.8922040106445308,-0.7904567835206358,-0.8111574885618446,-0.8600554195508625,-0.9099611290381634,-0.853642020671096,-0.9039799846550269,0.5127600533964333,-0.8438470733212591,-0.91122221182533,-0.8581945883237517,-0.8297592805587135,-0.8910542423949184,-0.794183281242824,-0.5567771649665584,-0.8701004699145093,-0.8253801196215945,-0.7947513943098576,-0.042223416015498456,-0.8857586121199069,-0.88904215795087,-0.8909162685353726,-0.8908051803573124,-0.8949567344978607,-0.8895058349951832,-0.903601466340605,-0.7852391458609697,-0.8295073997563901,-0.7905951355532165,-0.903811217433289,-0.9103150748436193,-0.9109604114013147,-0.8453184795639377,-0.877910692622866,-0.8947643230808572,-0.8856404261374918,-0.8915646817692972,0.3826395276209195,-0.8533157808315645,-0.9102500134708715,-0.8257274258692233,-0.908562953289531,-0.8290817184890912,-0.8824039665171645,-0.8518484295623452,-0.7860722091495956,-0.9047229019774806,-0.9048443653006693,-0.8593150140351864,-0.8791398220166156,-0.909454114461118,-0.8433268202136374,-0.8373403324539781,-0.899872022177681,-0.7905197569726314,-0.8914306444279002,-0.8754210067667982,-0.9412970657126408,-0.8791893561118079,-0.8585643894743621,-0.8825018706329371,-0.4769232258113818,-0.8446006343579125,-0.7974330595176479,-0.8247858106646082,-0.9341264960515382,-0.9334499104458844,-0.793621601587508,-0.8373598719023801,-0.8221723616382978,-0.8516322861439424,-0.9150731839604055,-0.9036962747699597,-0.9000396208457347,-0.8434534796827229,-0.9343378821528003,-0.8867304550606395,-0.9341785352675489,-0.9432129885994895,-0.8367972337530899,-0.9083775412314051,-0.8256302624380394,-0.8825148901669102,-0.9448544867123954,-0.8950112887331213,-0.899886616247927,-0.8443277902803796,-0.8923369192738531,-0.729878813627255,-0.9044220886067819,-0.8778625906161933,-0.9340094098036202,-0.8874128910897384,-0.886129699893376,-0.8870241795102315,-0.933435509425442,-0.8149519713363687,-0.9112708541370651,-0.8292847277418751,-0.8984645771855104,-0.11066426808372769,-0.9092032367737801,-0.858753617234621,-0.932966043462316
354,1519070851,-0.8122244448383603,-0.9044706593085493,-0.8866448776228405,-0.9385009094054637,-0.8864207413524858,-0.8291877012565763,-0.8118476034115664,-0.8824454656110514,-0.7971633232812185,-0.8587529110858451,-0.8581957312229258,-0.8940190785162848,-0.8813235523606311,-0.8119334180885797,-0.8867404413074753,-0.8894854388981035,-0.8063704312865602,-0.8907557528549143,-0.9397900187018821,-0.9323739762688542,-0.9012365251778967,-0.8866521505959437,-0.17069114333744284,-0.8929876811509213,-0.8929877526288924,-0.8739419751017364,-0.8922040106445308,-0.7904567835206358,-0.8111574885618446,-0.8600554195508625,-0.9099611290381634,-0.853642020671096,-0.9039799846550269,0.4016465879377125,-0.8438470733212591,-0.91122221182533,-0.8581945883237517,-0.8297592805587135,-0.8910542423949184,-0.794183281242824,-0.5567771649665584,-0.8701004699145093,-0.8253801196215945,-0.7947513943098576,-0.042223416015498456,-0.8857586121199069,-0.88904215795087,-0.8909162685353726,-0.8908051803573124,-0.8931252812473341,-0.8895058349951832,-0.903601466340605,-0.7852391458609697,-0.8295073997563901,-0.7905951355532165,-0.903811217433289,-0.9103150748436193,-0.9109604114013147,-0.8453184795639377,-0.877910692622866,-0.8947643230808572,-0.8856404261374918,-0.8915646817692972,0.6225578959423456,-0.8533157808315645,-0.9102500134708715,-0.8257274258692233,-0.908562953289531,-0.8290817184890912,-0.8824039665171645,-0.8518484295623452,-0.7860722091495956,-0.9047229019774806,-0.9048443653006693,-0.8593150140351864,-0.8791398220166156,-0.909454114461118,-0.8433268202136374,-0.8373403324539781,-0.899872022177681,-0.7905197569726314,-0.8914306444279002,-0.8754210067667982,-0.9412970657126408,-0.8791893561118079,-0.8585643894743621,-0.8825018706329371,-0.4769232258113818,-0.8446006343579125,-0.7974330595176479,-0.8247858106646082,-0.9341264960515382,-0.9334499104458844,-0.793621601587508,-0.8373598719023801,-0.8221723616382978,-0.8516322861439424,-0.9150731839604055,-0.9036962747699597,-0.9000396208457347,-0.8434534796827229,-0.9343378821528003,-0.8867304550606395,-0.9341785352675489,-0.9432129885994895,-0.8367972337530899,-0.9083775412314051,-0.8256302624380394,-0.8825148901669102,-0.9448544867123954,-0.8950112887331213,-0.899886616247927,-0.8443277902803796,-0.8923369192738531,-0.729878813627255,-0.9044220886067819,-0.8778625906161933,-0.9340094098036202,-0.8874128910897384,-0.886129699893376,-0.8870241795102315,-0.933435509425442,-0.8149519713363687,-0.9112708541370651,-0.8292847277418751,-0.8984645771855104,-0.11066426808372769,-0.9092032367737801,-0.858753617234621,-0.932966043462316
355,1519070856,-0.8101322653042615,-0.9027284486506941,-0.8846647352875958,-0.936252854192899,-0.8834668128012644,-0.8263231471694046,-0.8104518949491133,-0.8807177830238487,-0.7957860949419654,-0.8563285775686658,-0.8570161545201527,-0.891929208989253,-0.8786150168348045,-0.809840100840956,-0.8842661955146219,-0.8875767559128402,-0.8043493341703921,-0.8871726048688843,-0.9370178745687485,-0.930468587464754,-0.8986144380031302,-0.884675655598582,-0.17069114333744284,-0.8910708256933937,-0.8910066724073525,-0.8721391214875459,-0.8902220272737456,-0.7890662706227991,-0.8097634056963928,-0.8585677374929181,-0.9062208212176044,-0.8524653527999809,-0.9017713277920476,0.5683167861257937,-0.8411861458937386,-0.9091876138748486,-0.8563733459554227,-0.8284209073486279,-0.8890950976634341,-0.7934363772745334,-0.5567771649665584,-0.8683019111767873,-0.8223750630037423,-0.7932560867833761,-0.042223416015498456,-0.8834408420248148,-0.8872519278561873,-0.887934982112237,-0.8876508675912941,-0.8903037752546,-0.8877136104296183,-0.9014020778790537,-0.7831616025204191,-0.8281719254356225,-0.7892010323765962,-0.9005018897590457,-0.908307794876278,-0.9087520067026441,-0.8437778045006288,-0.8758158758352289,-0.8928998601143525,-0.8839032628110393,-0.8896522982909887,0.6294127064658149,-0.8509677760911076,-0.907702914243975,-0.8234744875218781,-0.906690295068899,-0.8277424868306948,-0.8806800674278118,-0.8502996684127319,-0.7831024577093979,-0.9022202732718507,-0.9015332472494889,-0.8575012785181086,-0.8760008892856506,-0.907250879651257,-0.840665685797506,-0.8366256441384788,-0.8975540428850148,-0.789127315774582,-0.8884739422549994,-0.8724178452921514,-0.940811644405124,-0.876576144700222,-0.8573833558481132,-0.8796250011635066,-0.47691158867383904,-0.842477121560105,-0.7974330595176479,-0.8232870490077332,-0.9313148102350277,-0.9315478887038257,-0.7928744762788593,-0.8366468027188798,-0.821446627969944,-0.8500845213461801,-0.9125256528246583,-0.9014967439640915,-0.8975448924821222,-0.841322113136109,-0.9320900815165744,-0.8842578328917993,-0.9319315221018993,-0.9409571830994654,-0.8360828931402098,-0.9052584728547132,-0.8241299039814045,-0.8802132226487192,-0.942595441054258,-0.8931454399057225,-0.8977895792749985,-0.8422767277904776,-0.8903569950267513,-0.7294015460125908,-0.9016639755760627,-0.875770422029955,-0.9321073022445107,-0.885642349832969,-0.8843903004665732,-0.8852542090893121,-0.9308956554927265,-0.8112521745027151,-0.9092366695238995,-0.8265078577063464,-0.8965985722204683,-0.11066426808372769,-0.9060865377762226,-0.8563299759614312,-0.9307163614646394
356,1519070862,-0.8073426925921298,-0.9009862379928391,-0.8821895573685399,-0.9334427851771931,-0.8816944556705316,-0.8256070086476117,-0.8083583322554336,-0.8778383120451777,-0.7944088666027123,-0.8545103274307814,-0.8546570011146062,-0.8898393394622212,-0.8758728188215632,-0.8084445560092071,-0.8822867988803391,-0.8843956176040682,-0.8030019360929467,-0.8853810308758693,-0.9348001592622417,-0.9285631986606538,-0.8965167682633172,-0.8826991606012203,-0.17069114333744284,-0.8891539702358661,-0.8890255921858128,-0.8703362678733554,-0.8882400439029602,-0.7876757577249625,-0.8083693228309412,-0.8560882673963441,-0.9043506673073249,-0.8501120170577507,-0.8995626709290683,0.4016465879377125,-0.8390574039517222,-0.9066443664367467,-0.8545521035870938,-0.8270825341385424,-0.8861563805662075,-0.7904487614013708,-0.5567771649665584,-0.8665033524390655,-0.8216237988492793,-0.7917607792568945,-0.042223416015498456,-0.8822819569772686,-0.8854616977615047,-0.8861462102583556,-0.885758279931683,-0.8874627857166476,-0.8853239776755317,-0.8992026894175024,-0.7817765736267188,-0.8268364511148548,-0.7878069291999761,-0.8982956713095501,-0.9063005149089367,-0.9065436020039734,-0.8417235710828835,-0.8731973548506826,-0.8910353971478479,-0.881587045042436,-0.8871024536532439,0.5334453591372444,-0.8486197713506508,-0.9056652348624579,-0.8204705697254179,-0.904817636848267,-0.8264032551722984,-0.878956168338459,-0.8482346535465808,-0.7823600198493484,-0.8997176445662209,-0.8993258352153687,-0.8550829644953384,-0.8739082674650072,-0.905047644841396,-0.8385367782646009,-0.8351962675074804,-0.8946565687691823,-0.7870386539775077,-0.8861085805166787,-0.8706159484073632,-0.9406174758821173,-0.8744855755709534,-0.8550212885956155,-0.8778988794818483,-0.47689995153629633,-0.8398227305628456,-0.7974330595176479,-0.8217882873508582,-0.9290654615818192,-0.9296458669617668,-0.7913802256615619,-0.8352206643518791,-0.8199951606332366,-0.8480208349491638,-0.909978121688911,-0.8987473304567563,-0.8962975283003158,-0.8391907465894952,-0.9287183805622354,-0.8822797351567271,-0.9296845089362498,-0.9381374262244352,-0.8346542119144497,-0.9033870318286981,-0.8218793662964522,-0.8784869720100758,-0.9403363953961206,-0.8900356918600577,-0.8956925423020698,-0.8402256653005756,-0.8878820897178741,-0.7290833676028144,-0.8989058625453435,-0.8736782534437167,-0.9283030871262916,-0.8826914477383532,-0.8826509010397704,-0.8823042583877797,-0.9289907650431898,-0.8103272252943017,-0.9066939387574423,-0.8253971096921349,-0.8947325672554264,-0.11066426808372769,-0.9042165183776881,-0.854512245006539,-0.9284666794669628
357,1519070867,-0.804553119879998,-0.8963403429052252,-0.8782292726980504,-0.9295086885552049,-0.8781497414090659,-0.8227424545604399,-0.8055669153305274,-0.8743829468707724,-0.7909657957545794,-0.8514799105343074,-0.8511182710062866,-0.8867045351716735,-0.8732186611600218,-0.8056534663457089,-0.8783280056117736,-0.8805782516335416,-0.8003071399380559,-0.8823950742208444,-0.9314735863024816,-0.9247524210524536,-0.8933702636535975,-0.8782520468571565,-0.17069114333744284,-0.884042355682459,-0.8845681616873481,-0.8679324630544346,-0.8837805813186933,-0.7848947319292892,-0.8055811571000379,-0.8531129032804554,-0.9006103594867659,-0.8465820134444054,-0.8951453572031096,0.1794196570202709,-0.8358642910386977,-0.902575170535784,-0.8509096188504357,-0.8237366011133285,-0.8822380911032387,-0.7882080494964987,-0.5567771649665584,-0.8641052741221029,-0.8193700063858902,-0.7880225104406904,-0.042223416015498456,-0.8776464167870842,-0.8830747243019278,-0.8831649238352199,-0.8832348297188684,-0.88463839327277,-0.8811421203558804,-0.8948039124943998,-0.7790065158393182,-0.8234977653129356,-0.7843216712584256,-0.8938832344105591,-0.9017841349824189,-0.9010225902572969,-0.8381286626018294,-0.8690077212754085,-0.8873064712148385,-0.8769546095052294,-0.8826402255371907,0.4820342802112246,-0.846271766610194,-0.9015898760994235,-0.8182176313780727,-0.9010723204070031,-0.8237247918555056,-0.8743591041001851,-0.845137131247354,-0.7793902684091508,-0.8952129128960874,-0.8949110111471281,-0.8520600719668755,-0.8702461792788813,-0.9000903665192086,-0.8353434169652433,-0.8316228259299843,-0.8906001050070166,-0.7842537715814086,-0.8825605379091978,-0.8682134192276457,-0.9403262230976073,-0.8713497218770505,-0.851478187716869,-0.8744466361185317,-0.4768766772612108,-0.8366374613661344,-0.7974330595176479,-0.8195401448655456,-0.9240044271121002,-0.9258418234776491,-0.7891388497356157,-0.8316553184343777,-0.8170922259598219,-0.8449253053536392,-0.9059020718717155,-0.8943482688450198,-0.8906843894821875,-0.835460855132921,-0.923660829130727,-0.8783235396865828,-0.9251904826049507,-0.9341897665993928,-0.8325111900758094,-0.8996441497766678,-0.8188786493831823,-0.8750344707327891,-0.9358183040798458,-0.8863039942052601,-0.8925469868426771,-0.8376618371881981,-0.8834272601618951,-0.728447010783262,-0.8944928816961929,-0.8705400005643594,-0.923864836155036,-0.8791503652248142,-0.8785923023772304,-0.8787643175459409,-0.9245460206609376,-0.8080148522732682,-0.902625569531111,-0.8226202396566061,-0.8897565540153142,-0.11066426808372769,-0.9004764795806192,-0.8520886037333492,-0.9239673154716096
358,1519070873,-0.804553119879998,-0.8963403429052252,-0.8782292726980504,-0.9278226471457812,-0.8781497414090659,-0.8227424545604399,-0.8055669153305274,-0.8743829468707724,-0.7902771815849527,-0.849661660396423,-0.8505284826549,-0.8856596004081575,-0.8712170378699032,-0.8056534663457089,-0.8783280056117736,-0.8793057963100328,-0.8003071399380559,-0.8812006915588344,-0.9298102998226014,-0.9247524210524536,-0.8917970113487377,-0.8782520468571565,-0.17069114333744284,-0.8834034038632832,-0.8840728916319631,-0.8667305606449743,-0.8837805813186933,-0.7848947319292892,-0.804884115667312,-0.8521211152418259,-0.9006103594867659,-0.8459936795088479,-0.8951453572031096,0.5127600533964333,-0.8347999200676897,-0.902575170535784,-0.8503025380609928,-0.8237366011133285,-0.8817483049203676,-0.7882080494964987,-0.5567771649665584,-0.8629062349636216,-0.8193700063858902,-0.7880225104406904,-0.042223416015498456,-0.8776464167870842,-0.8818812375721394,-0.8825686665505929,-0.8813422420592574,-0.8818789459796204,-0.879947303978837,-0.894254065379012,-0.7790065158393182,-0.8234977653129356,-0.7843216712584256,-0.8938832344105591,-0.9017841349824189,-0.9010225902572969,-0.837615104247393,-0.8679603128815899,-0.8860634959038354,-0.8769546095052294,-0.8820027643777546,0.6465497327744882,-0.8456847654250799,-0.9015898760994235,-0.8182176313780727,-0.9010723204070031,-0.8237247918555056,-0.8743591041001851,-0.8441046238142785,-0.7793902684091508,-0.8947123871549614,-0.8949110111471281,-0.8514554934611829,-0.8691998683685597,-0.9000903665192086,-0.8337467363155645,-0.8316228259299843,-0.89002061018385,-0.7842537715814086,-0.8825605379091978,-0.8664115223428576,-0.9402291388361039,-0.8703044373124161,-0.8502971540906201,-0.8744466361185317,-0.4768737679768251,-0.8355757049672307,-0.7974330595176479,-0.8180413832086706,-0.9240044271121002,-0.9245738089829433,-0.7891388497356157,-0.8316553184343777,-0.8163664922914682,-0.8444093837543851,-0.9059020718717155,-0.8943482688450198,-0.8906843894821875,-0.8343951718596141,-0.923660829130727,-0.8783235396865828,-0.9246287293135383,-0.9330618638493807,-0.8325111900758094,-0.8996441497766678,-0.8188786493831823,-0.8750344707327891,-0.934688781250777,-0.8863039942052601,-0.8914984683562128,-0.8371490715657226,-0.8834272601618951,-0.728447010783262,-0.8944928816961929,-0.8694939162712403,-0.923864836155036,-0.8779700043869678,-0.8780125025682961,-0.8787643175459409,-0.9245460206609376,-0.8080148522732682,-0.9021170233778195,-0.8226202396566061,-0.8897565540153142,-0.11066426808372769,-0.9004764795806192,-0.8508767830967543,-0.9239673154716096
359,1519070879,-0.8017635471678662,-0.8922751847035633,-0.8737739524437498,-0.9255745919332166,-0.8746050271476002,-0.8205940389950612,-0.8020776441743946,-0.8703516875006329,-0.78683411073682,-0.8472373268792438,-0.8481693292493536,-0.8825247961176098,-0.8686172580726471,-0.8028623766822108,-0.8738743631846374,-0.8767608856630151,-0.7976123437831651,-0.8788119262348144,-0.9275925845160946,-0.9209416434442532,-0.8896993416089246,-0.8738049331130927,-0.17069114333744284,-0.8814865484057556,-0.8796154611334985,-0.8649277070307838,-0.8793211187344265,-0.7821137061336157,-0.8020959499364086,-0.8486498571066223,-0.8974934363029667,-0.8436403437666177,-0.8912802076928958,0.5683167861257937,-0.831074621669161,-0.8985059746348211,-0.8472671341137777,-0.8210598546931573,-0.8773402292745277,-0.7859673375916267,-0.5567771649665584,-0.8593091174881778,-0.816364949768038,-0.785779549150968,-0.042223416015498456,-0.8730108765968999,-0.8783007773827741,-0.87899112284283,-0.8794496543996464,-0.8790596048252438,-0.8775576712247505,-0.8904051355712972,-0.7762364580519175,-0.8201590795110164,-0.7815334649051852,-0.8905739067363158,-0.8972677550559011,-0.8971578820346234,-0.8350473124752116,-0.8648180877001344,-0.8829560576263276,-0.8729012284101736,-0.880090380899446,0.6431223275127536,-0.8433367606846229,-0.8975145173363892,-0.8152137135816124,-0.8973270039657393,-0.8203767127095146,-0.8703366728916956,-0.8415233552315896,-0.7771629548290026,-0.8907081812259537,-0.8910480400874177,-0.8478280224270274,-0.8660609356375946,-0.8962347056019517,-0.8305533750162069,-0.8294787609834865,-0.886543641244851,-0.7814688891853097,-0.8790124953017168,-0.8646096254580694,-0.9399864281823455,-0.866645941336196,-0.8479350868381225,-0.8709943927552151,-0.4768475844173539,-0.8318595575710674,-0.7974330595176479,-0.815793240723358,-0.9200680669689854,-0.9207697654988255,-0.7861503485010208,-0.8288030417003764,-0.8127378239496997,-0.8418297757581147,-0.9018260220545199,-0.8904990899347505,-0.8875659790276718,-0.8311981220396933,-0.9197271780173315,-0.8743673442164385,-0.9206964562736516,-0.9308060583493566,-0.828939487011409,-0.8971488950753143,-0.8158779324699126,-0.8704311356964068,-0.9324297355926396,-0.8831942461595954,-0.8894014313832842,-0.8345852434533452,-0.8789724306059162,-0.7278106539637096,-0.890631523453186,-0.8658326212453233,-0.920060621036817,-0.8744289218734289,-0.8733741040968218,-0.875224376704102,-0.9207362397618643,-0.8061649538564414,-0.898048654151488,-0.8209541176352888,-0.8866465457402442,-0.11066426808372769,-0.8967364407835502,-0.8472413211869697,-0.9200303719756755
360,1519070884,-0.8003687608118003,-0.8905329740457081,-0.8717938101085051,-0.9222025091143694,-0.8722418843066231,-0.8184456234296824,-0.8006819357119416,-0.8686240049134303,-0.7854568823975668,-0.8442069099827697,-0.8463999641951938,-0.879389991827062,-0.8659889946321939,-0.8014668318504617,-0.871400117391784,-0.8742159750159975,-0.7955912466669971,-0.8752287782487844,-0.9237115827297077,-0.9164957362346862,-0.886552836999205,-0.8713343143663906,-0.17069114333744284,-0.8782917893098762,-0.8776343809119587,-0.8613219998024028,-0.8773391353636412,-0.7800279367868608,-0.800701867070957,-0.8471621750486779,-0.8943765131191677,-0.8418753419599451,-0.887415058182682,0.6238735188551541,-0.8289458797271447,-0.8964713766843396,-0.8454458917454487,-0.8197214814830718,-0.8753810845430433,-0.7844735296550455,-0.5567771649665584,-0.8569110391712152,-0.815613685613575,-0.7842842416244864,-0.042223416015498456,-0.8712725490255807,-0.8759138039231972,-0.8754135791350672,-0.8750336165272208,-0.8762373772197238,-0.8745706302821423,-0.8871060528789703,-0.7741589147113671,-0.8188236051902488,-0.7801393617285649,-0.8867130244496985,-0.8952604750885598,-0.8943973761612851,-0.8335066374119026,-0.862199566715588,-0.8798486193488197,-0.8711640650837211,-0.8769030751022652,0.6362675169892843,-0.8409887559441661,-0.8949674181094928,-0.8144627341324975,-0.8935816875244753,-0.8183678652219201,-0.8680381407725586,-0.8399745940819762,-0.7749356412488543,-0.888205552520324,-0.8877369220362373,-0.8460142869099496,-0.8629220029066296,-0.8934806620896255,-0.8278922406000755,-0.8280493843524881,-0.8842256619521849,-0.7800764479872602,-0.8772384739979763,-0.8622070962783519,-0.9396951753978354,-0.863510087642293,-0.8461635363987492,-0.8675421493918984,-0.47683594727981116,-0.8297360447732599,-0.7974330595176479,-0.814294479066483,-0.9161317068258705,-0.9175997292620608,-0.7839089725750746,-0.8273769033333758,-0.8112863566129924,-0.8397660893610983,-0.8997879971459222,-0.8877496764274152,-0.8850712506640591,-0.8290667554930795,-0.9163554770629926,-0.8714001976138303,-0.9167641832337649,-0.9274223500993203,-0.8260821245598887,-0.8927821993479456,-0.8143775740132777,-0.8675540512986679,-0.9290411671054336,-0.8807064477230636,-0.8857316166806593,-0.8325341809634431,-0.8769925063588144,-0.7274924755539333,-0.8867701652101792,-0.8632174105125255,-0.9175244776246708,-0.8726583806166595,-0.871634704670019,-0.8734544062831825,-0.9169264588627909,-0.805240004648028,-0.8960144695383224,-0.8198433696210774,-0.884158539120188,-0.11066426808372769,-0.8923730621869697,-0.8454235902320774,-0.9155310079803223
361,1519070890,-0.7989739744557345,-0.8887907633878529,-0.8693186321894492,-0.9182684124923811,-0.8704695271758902,-0.8170133463860966,-0.7992862272494885,-0.8663204281304934,-0.7840796540583137,-0.8417825764655905,-0.8434510224382608,-0.8762551875365143,-0.8636067262920787,-0.7993735146028382,-0.8694207207575012,-0.8710348367072254,-0.7942438485895517,-0.8716456302627545,-0.9203850097699474,-0.9145903474305861,-0.8823574975195788,-0.869357819369029,-0.17069114333744284,-0.8757359820331727,-0.8756533006904188,-0.8589181949834821,-0.8753571519928559,-0.7786374238890241,-0.7986107427727794,-0.8456744929907335,-0.8912595899353685,-0.8401103401532724,-0.8852064013197026,0.5127600533964333,-0.8257527668141201,-0.8944367787338582,-0.8430175685876767,-0.8177139216679434,-0.873421939811559,-0.7807390098135921,-0.5567771649665584,-0.8539134412750121,-0.8126086289957227,-0.7820412803347639,-0.042223416015498456,-0.8695342214542616,-0.8723333437338319,-0.8724322927119316,-0.8725101663144061,-0.8734303034827071,-0.8721809975280558,-0.8849066644174189,-0.7727738858176667,-0.8168203937090973,-0.7780482069636346,-0.883955251387829,-0.8932531951212186,-0.8921889714626146,-0.8314524039941574,-0.8590573415341324,-0.8779841563823151,-0.8694269017572686,-0.8743532304645204,0.6294127064658149,-0.8392277523888235,-0.8929297387279755,-0.8129607752342674,-0.8917090293038434,-0.8170286335635237,-0.8663142416832059,-0.8379095792158251,-0.7734507655287555,-0.8862034495558201,-0.884977656993587,-0.8435959728871794,-0.8592599147205037,-0.8912774272797644,-0.824698879300718,-0.8259053194059903,-0.8824871774826852,-0.7772915655911612,-0.8742817718250755,-0.8580026702138461,-0.9394039226133253,-0.8598515916660728,-0.8443919859593759,-0.8658160277102402,-0.47682431014226845,-0.8265507755765487,-0.7974330595176479,-0.8120463365811705,-0.9138823581726622,-0.915697707520002,-0.7831618472664259,-0.8252376957828749,-0.8105606229446387,-0.8371864813648279,-0.8972404660101749,-0.885550145621547,-0.8832002043913496,-0.8258697056731588,-0.9135457262677101,-0.8694220998787582,-0.9145171700681154,-0.9240386418492841,-0.8253677839470086,-0.8902869446465921,-0.8136273947849603,-0.8658278006600245,-0.9256525986182275,-0.8788405988956648,-0.8825860612212665,-0.8304831184735412,-0.8750125821117127,-0.727015207939269,-0.8845636747856038,-0.8595561154866086,-0.9143542983594883,-0.87088783935989,-0.8698953052432161,-0.8716844358622631,-0.9150215684132542,-0.8043150554396147,-0.8939802849251567,-0.8192879956139716,-0.882292534155146,-0.11066426808372769,-0.8905030427884352,-0.8429999489588876,-0.9132813259826457
362,1519070896,-0.7954870085655698,-0.8853063420721426,-0.8643682763513373,-0.9143343158703928,-0.8669248129144246,-0.813432653777132,-0.7950991018621292,-0.8611373803688854,-0.7806365832101808,-0.8381460761898217,-0.8410918690327144,-0.8725979158642087,-0.8608904224999256,-0.7951868801075911,-0.8654619274889357,-0.8665812430749444,-0.7908753533959383,-0.8686596736077296,-0.9165040079835605,-0.910144440221019,-0.8786865754749059,-0.8644165818756248,-0.17069114333744284,-0.8719022711181175,-0.8711958701919542,-0.855312487755101,-0.8713931852512854,-0.7744658851955141,-0.7958225770418761,-0.8426991288748448,-0.8868958974780496,-0.8371686704754846,-0.880789087593744,-0.5983746011907747,-0.8214952829300876,-0.8898589333452749,-0.8381609222721327,-0.8136988020376867,-0.8695036503485902,-0.7784982979087202,-0.5567771649665584,-0.8503163237995683,-0.8088523082234076,-0.77830301151856,-0.042223416015498456,-0.8660575663116233,-0.8693496269093608,-0.8694510062887959,-0.8693558535483878,-0.8705900355575404,-0.868596548396926,-0.8799580403789286,-0.769311313583416,-0.8128139707467943,-0.7745629490220841,-0.879542814488838,-0.889238635186536,-0.8872200608906057,-0.8283710538675395,-0.8553914121557675,-0.8736337427938042,-0.864794466220062,-0.8705284635079034,0.32094623290969565,-0.8368797476483667,-0.8888543799649412,-0.809205877988692,-0.8879637128625795,-0.814350170246731,-0.8611425444151478,-0.8342958032000606,-0.7697385762285084,-0.8821992436268123,-0.8800109799168164,-0.8393639233473313,-0.8555978265343778,-0.8857693402551118,-0.820973291118134,-0.821617189512995,-0.8790102085436862,-0.7745066831950622,-0.8707337292175945,-0.8543988764442699,-0.9390641276980636,-0.8567157379721699,-0.8408488850806295,-0.8617884104530374,-0.4768010358671829,-0.8228346281803856,-0.7974330595176479,-0.809798194095858,-0.9088213237029431,-0.9118936640358842,-0.7786790954145336,-0.8209592806818731,-0.8069319546028703,-0.8346068733685574,-0.8931644161929794,-0.8800513186068765,-0.8782107476641244,-0.8216069725799311,-0.9090501249952582,-0.8649713799748457,-0.9100231437368163,-0.9200909822242417,-0.8225104214954884,-0.8865440625945618,-0.8083761401867381,-0.8623752993827378,-0.9216992687164871,-0.8738650020226012,-0.8789162465186415,-0.8279192903611636,-0.8705577525557338,-0.7263788511197165,-0.8801506939364532,-0.8558948204606917,-0.9105500832412692,-0.867346756846351,-0.8658367065806762,-0.8675545048801178,-0.910576824031002,-0.8020026824185812,-0.8894033695455338,-0.8165111255784429,-0.8766945192600198,-0.11066426808372769,-0.8867630039913662,-0.8381526664125082,-0.9082195414878733
363,1519070901,-0.7947896153875368,-0.8847256051861909,-0.8643682763513373,-0.9132102882641104,-0.8669248129144246,-0.813432653777132,-0.7950991018621292,-0.8611373803688854,-0.7806365832101808,-0.8369339094312321,-0.8405020806813278,-0.8715529811006927,-0.8586790560189926,-0.7951868801075911,-0.8654619274889357,-0.86594501541319,-0.7908753533959383,-0.8674652909457196,-0.9148407215036803,-0.910144440221019,-0.8776377406049994,-0.8644165818756248,-0.17069114333744284,-0.8706243674797658,-0.8711958701919542,-0.8547115365503708,-0.8713931852512854,-0.7744658851955141,-0.7951255356091503,-0.8426991288748448,-0.8868958974780496,-0.836580336539927,-0.880789087593744,0.5127600533964333,-0.8204309119590794,-0.8898589333452749,-0.8369467606932467,-0.8136988020376867,-0.8695036503485902,-0.7777513939404295,-0.5567771649665584,-0.8497168042203277,-0.8088523082234076,-0.77830301151856,-0.042223416015498456,-0.8660575663116233,-0.8681561401795724,-0.8688547490041688,-0.8674632658887769,-0.8678053318168856,-0.8674017320198827,-0.8799580403789286,-0.769311313583416,-0.8128139707467943,-0.7745629490220841,-0.879542814488838,-0.8887368151947007,-0.886667959715938,-0.8278574955131033,-0.854344003761949,-0.8736337427938042,-0.864794466220062,-0.8692535411890311,0.6396949222510189,-0.8362927464632525,-0.8888543799649412,-0.8077039190904619,-0.8879637128625795,-0.814350170246731,-0.8611425444151478,-0.8337795494835228,-0.7697385762285084,-0.8821992436268123,-0.8800109799168164,-0.8387593448416387,-0.8545515156240562,-0.8857693402551118,-0.8199088373516815,-0.821617189512995,-0.8790102085436862,-0.7738104625960375,-0.8707337292175945,-0.8531976118544111,-0.9389670434365601,-0.8556704534075356,-0.840258368267505,-0.8617884104530374,-0.4768010358671829,-0.8217728717814817,-0.7974330595176479,-0.8090488132674204,-0.9088213237029431,-0.9118936640358842,-0.7786790954145336,-0.8209592806818731,-0.8069319546028703,-0.8340909517693034,-0.8931644161929794,-0.8800513186068765,-0.8775870655732213,-0.8205412893066242,-0.9090501249952582,-0.8649713799748457,-0.9100231437368163,-0.9189630794742296,-0.8225104214954884,-0.8865440625945618,-0.8083761401867381,-0.8623752993827378,-0.9205697458874184,-0.8738650020226012,-0.8778677280321773,-0.8274065247386881,-0.8705577525557338,-0.7262197619148284,-0.8801506939364532,-0.8548487361675725,-0.9105500832412692,-0.867346756846351,-0.8658367065806762,-0.8675545048801178,-0.910576824031002,-0.8020026824185812,-0.8894033695455338,-0.8165111255784429,-0.8766945192600198,-0.11066426808372769,-0.8867630039913662,-0.8375467560942107,-0.9082195414878733
364,1519070907,-0.792000042675405,-0.8794989732126255,-0.8604079916808478,-0.9081521640358398,-0.8616077415222261,-0.8112842382117532,-0.7923076849372229,-0.8576820151944801,-0.777193512362048,-0.8326913257761684,-0.8381429272757813,-0.8668507746648711,-0.8559938252921454,-0.7916980180282185,-0.8615031342203702,-0.8614914217809091,-0.7881805572410475,-0.8638821429596897,-0.90985086206404,-0.9050634034100852,-0.87291798369042,-0.8604635918809014,-0.08572961197044983,-0.8667906565647105,-0.8662431696381047,-0.8487020245030691,-0.8664382268243221,-0.7702943465020041,-0.7916403284455211,-0.8387319767203264,-0.8831555896574907,-0.8336386668621394,-0.8758196096520405,-0.4872611357320539,-0.8156412425895426,-0.8852810879566917,-0.8333042759565886,-0.8110220556175156,-0.8650955747027503,-0.7747637780672668,-0.5567771649665584,-0.8449206475864026,-0.8050959874510923,-0.7760600502288375,-0.042223416015498456,-0.8614220261214389,-0.8639789366253129,-0.865277205296406,-0.8630472280163513,-0.8649621774405755,-0.8638172828887529,-0.8750094163404382,-0.7665412557960153,-0.810143022105259,-0.7717747426688437,-0.8751303775898469,-0.8837186152763475,-0.8822511503185968,-0.8247761453864854,-0.8501543701866748,-0.8686618415497918,-0.861320139567157,-0.8654287742324139,0.38606693288265415,-0.8333577405376815,-0.8837601815111483,-0.8054509807431167,-0.8829699576075609,-0.81100209110074,-0.8576947462364424,-0.8306820271842961,-0.7675112626483601,-0.8781950376978047,-0.8755961558485759,-0.8333181382904055,-0.8503662719827694,-0.8813628706353898,-0.815118795402645,-0.8194731245664972,-0.875533239604687,-0.7710255801999385,-0.8671856866101136,-0.8489931857899055,-0.9385301642597951,-0.8514893151489983,-0.837305784201883,-0.8583361670897209,-0.4767748523077117,-0.8164640897869629,-0.7974330595176479,-0.8053019091252329,-0.903760289233224,-0.9068216060570607,-0.7741963435626413,-0.8188200731313721,-0.8033032862611018,-0.8309954221737789,-0.8890883663757838,-0.875102374293673,-0.8738449730278024,-0.8162785562133965,-0.9045545237228062,-0.8610151845047015,-0.9049673641141047,-0.9144514684741812,-0.819653059043968,-0.8828011805425315,-0.8061256025017858,-0.8589227981054511,-0.9160516545711436,-0.8688894051495377,-0.8721008763566237,-0.8243299310038351,-0.8665979040615303,-0.7252652266854996,-0.8757377130873025,-0.8501413568485365,-0.9067458681230501,-0.8620351330760426,-0.861198308109202,-0.862834583757666,-0.9054971161655709,-0.7996903093975477,-0.8843179080126196,-0.8137342555429141,-0.8729625093299357,-0.11066426808372769,-0.8830229651942972,-0.8326994735478312,-0.9031577569931009
365,1519070912,-0.792000042675405,-0.8794989732126255,-0.8604079916808478,-0.9075901502326986,-0.8616077415222261,-0.8112842382117532,-0.7923076849372229,-0.8576820151944801,-0.777193512362048,-0.8326913257761684,-0.8381429272757813,-0.8668507746648711,-0.8533577935853657,-0.7916980180282185,-0.8610082850617995,-0.8608551941191547,-0.7881805572410475,-0.8638821429596897,-0.90985086206404,-0.9050634034100852,-0.8723935662554667,-0.8604635918809014,-0.17069114333744284,-0.8667906565647105,-0.8662431696381047,-0.8487020245030691,-0.8664382268243221,-0.7702943465020041,-0.7916403284455211,-0.8387319767203264,-0.8831555896574907,-0.8336386668621394,-0.8758196096520405,0.7349869843138749,-0.8156412425895426,-0.8852810879566917,-0.8333042759565886,-0.8110220556175156,-0.8650955747027503,-0.7747637780672668,-0.5567771649665584,-0.8449206475864026,-0.8050959874510923,-0.7760600502288375,-0.042223416015498456,-0.8614220261214389,-0.8639789366253129,-0.865277205296406,-0.8630472280163513,-0.8621551037035586,-0.8638172828887529,-0.8750094163404382,-0.7665412557960153,-0.810143022105259,-0.7717747426688437,-0.874578822977473,-0.8837186152763475,-0.8822511503185968,-0.8247761453864854,-0.8501543701866748,-0.8686618415497918,-0.861320139567157,-0.8654287742324139,0.6534045432979575,-0.8333577405376815,-0.8837601815111483,-0.8054509807431167,-0.8829699576075609,-0.8103324752715417,-0.8576947462364424,-0.8306820271842961,-0.7675112626483601,-0.8781950376978047,-0.8755961558485759,-0.8333181382904055,-0.8503662719827694,-0.8813628706353898,-0.815118795402645,-0.8194731245664972,-0.875533239604687,-0.7710255801999385,-0.8671856866101136,-0.8483925534949761,-0.9382389114752849,-0.8514893151489983,-0.837305784201883,-0.8577607931958348,-0.4767748523077117,-0.8164640897869629,-0.7974330595176479,-0.8053019091252329,-0.903760289233224,-0.9068216060570607,-0.7741963435626413,-0.8188200731313721,-0.8033032862611018,-0.8309954221737789,-0.8890883663757838,-0.875102374293673,-0.8738449730278024,-0.8162785562133965,-0.9045545237228062,-0.8605206600709334,-0.9049673641141047,-0.9144514684741812,-0.8189387184310879,-0.8815535531918548,-0.8061256025017858,-0.8589227981054511,-0.9160516545711436,-0.8688894051495377,-0.8721008763566237,-0.8243299310038351,-0.8665979040615303,-0.7252652266854996,-0.8757377130873025,-0.8501413568485365,-0.9067458681230501,-0.8620351330760426,-0.861198308109202,-0.862834583757666,-0.9054971161655709,-0.7969154617723075,-0.8843179080126196,-0.8115127595144911,-0.8729625093299357,-0.11066426808372769,-0.8830229651942972,-0.8326994735478312,-0.9031577569931009
366,1519070918,-0.7906052563193392,-0.878337499440722,-0.8584278493456031,-0.9053420950201339,-0.8586538129710046,-0.8091358226463745,-0.7909119764747699,-0.8559543326072775,-0.7758162840227949,-0.830873075638284,-0.8363735622216215,-0.8647609051378393,-0.8506673840143009,-0.789604700780595,-0.8585340392689461,-0.8589465111338914,-0.7861594601248794,-0.8614933776356697,-0.9070787179309064,-0.9031580146059851,-0.8697714790807003,-0.8579929731341993,-0.17069114333744284,-0.864234849288007,-0.8642620894165648,-0.8468991708888786,-0.8644562434535369,-0.7689038336041675,-0.7902462455800694,-0.837244294662382,-0.8806620511104514,-0.8324619989910242,-0.8730587885733163,0.8461004497725957,-0.8135125006475262,-0.8827378405185898,-0.8314830335882597,-0.8090144958023873,-0.8631364299712659,-0.7732699701306854,-0.5567771649665584,-0.8431220888486807,-0.8028421949877032,-0.7745647427023559,-0.042223416015498456,-0.8596836985501197,-0.8621887065306302,-0.8622959188732704,-0.8605237778035366,-0.8593321544852528,-0.862025058323188,-0.8728100278788868,-0.7637711980086147,-0.8081398106241074,-0.7703806394922235,-0.8723726045279774,-0.8817113353090064,-0.8800427456199262,-0.8232354703231765,-0.8480595533990378,-0.8667973785832871,-0.8595829762407046,-0.8635163907541055,0.6465497327744882,-0.8310097357972247,-0.8812130822842518,-0.8039490218448866,-0.8804730799800516,-0.8089932436131454,-0.8553962141173055,-0.828617012318145,-0.7645415112081624,-0.8756924089921749,-0.8728368908059256,-0.8315044027733277,-0.8477504947069652,-0.8791596358255287,-0.8129898878697399,-0.8173290596199996,-0.8726357654888544,-0.7689369184028642,-0.8630463035680525,-0.8459900243152585,-0.9380447429522782,-0.8488761037374124,-0.8355342337625097,-0.8554592976202904,-0.476763215170169,-0.8143405769891554,-0.7974330595176479,-0.8038031474683578,-0.9015109405800156,-0.9049195843150019,-0.7727020929453439,-0.8166808655808712,-0.8018518189243944,-0.8294476573760166,-0.8855218227857377,-0.8718030780848707,-0.8719739267550929,-0.8136143480301292,-0.9017447729275238,-0.8580480379020933,-0.9027203509484553,-0.9121956629741571,-0.8175100372053278,-0.8796821121658396,-0.8046252440451509,-0.8560457137077122,-0.9132278474984719,-0.865779657103873,-0.8700038393836952,-0.8222788685139331,-0.8646179798144285,-0.7247879590708353,-0.8729796000565833,-0.8480491882622982,-0.9035756888578675,-0.85967441140035,-0.8594589086823992,-0.8604746231964401,-0.9035922257160343,-0.7959905125638941,-0.8817751772461625,-0.8109573855073853,-0.8710965043648937,-0.11066426808372769,-0.8805296059962513,-0.8308817425929389,-0.9009080749954242
367,1519070924,-0.7871182904291745,-0.8748530781250117,-0.8539725290913025,-0.9014079983981456,-0.855109098709539,-0.8062712685592027,-0.7874227053186371,-0.8519230732371379,-0.7730618273442886,-0.8278426587418101,-0.8334246204646886,-0.8626710356108075,-0.8479976898201065,-0.7868136111170969,-0.8545752460003806,-0.8544929175016105,-0.7834646639699886,-0.8585074209806447,-0.9048610026243996,-0.9006174962005182,-0.867149391905934,-0.8540399831394759,-0.08572961197044983,-0.8623179938304794,-0.8602999289734851,-0.845096317274688,-0.8604922767119664,-0.7654275513595757,-0.787458079849166,-0.8342689305464933,-0.8775451279266523,-0.8289319953776789,-0.8691936390631024,0.901657182501956,-0.8103193877345017,-0.8781599951300066,-0.8278405488516016,-0.8063377493822161,-0.8592181405082971,-0.7695354502892322,-0.5567771649665584,-0.8413235301109587,-0.8005884025243141,-0.7715741276493927,-0.042223416015498456,-0.8562070434074814,-0.8592049897061591,-0.8593146324501347,-0.8586311901439256,-0.856504153977446,-0.8596354255691014,-0.8689610980711721,-0.761001140221214,-0.8054688619825722,-0.7668953815506729,-0.8690632768537341,-0.8776967753743238,-0.8761780373972526,-0.8201541201965586,-0.8449173282175823,-0.8636899403057793,-0.8555295951456487,-0.8596916237974884,0.6431223275127536,-0.8280747298716536,-0.8771377235212174,-0.8009451040484263,-0.8773519829456651,-0.8063147802963526,-0.8519484159386,-0.8260357437354561,-0.7615717597679648,-0.8711876773220413,-0.8695257727547452,-0.8284815102448648,-0.8446115619760002,-0.8753039749082718,-0.8097965265703824,-0.8151849946735019,-0.8679998069035222,-0.7654558154077404,-0.8594982609605715,-0.843587495135541,-0.9378020322985199,-0.8457402500435095,-0.8331721665100119,-0.8520070542569738,-0.4767399408950835,-0.8111553077924442,-0.7974330595176479,-0.8015550049830453,-0.8981369176002029,-0.9023835553255901,-0.7697135917107489,-0.8145416580303703,-0.7996746179193334,-0.826352127780492,-0.8814457729685421,-0.8674040164731343,-0.8688555163005771,-0.809884456573555,-0.8983730719731848,-0.8540918424319489,-0.8993498311999809,-0.9088119547241209,-0.8153670153666875,-0.8771868574644861,-0.8008743479035637,-0.8525932124304255,-0.9109688018403345,-0.8620479594490753,-0.8679068024107667,-0.8192022747790801,-0.8601631502584496,-0.7241516022512828,-0.8696698644197203,-0.8449109353829408,-0.9010395454457215,-0.856133328886811,-0.8559801098287935,-0.8563446922142947,-0.9010523717833188,-0.7941406141470674,-0.877706808019831,-0.8087358894789622,-0.8679864960898236,-0.11066426808372769,-0.8780362467982054,-0.8284581013197492,-0.8975335519989094
368,1519070929,-0.7857235040731085,-0.8719493936952531,-0.8519923867560577,-0.8980359155792984,-0.8533367415788061,-0.8055551300374099,-0.786026996856184,-0.8501953906499353,-0.7709959848354089,-0.8254183252246309,-0.8310654670591421,-0.8595362313202598,-0.8453331744701298,-0.7854180662853478,-0.8521010002075271,-0.8519480068545928,-0.7821172658925433,-0.8567158469876298,-0.9009800008380127,-0.8974418481936846,-0.8640028872962143,-0.8515693643927739,-0.17069114333744284,-0.8572063792770724,-0.8578235786965603,-0.841490610046307,-0.8580147974984847,-0.7640370384617391,-0.7860639969837144,-0.8327812484885488,-0.8744282047428531,-0.8265786596354487,-0.8658806537686334,0.8461004497725957,-0.8076584603069813,-0.8761253971795252,-0.8248051449043866,-0.8043301895670878,-0.8572589957768127,-0.7680416423526508,-0.5567771649665584,-0.8389254517939962,-0.799085874215388,-0.7685835125964294,-0.042223416015498456,-0.8533098307886162,-0.8574147596114765,-0.8575258605962532,-0.8548460148247037,-0.853681926371926,-0.8566483846264933,-0.866211862494233,-0.7596161113275137,-0.8034656505014206,-0.7648042267857427,-0.8657539491794908,-0.8751876754151472,-0.872313329174579,-0.8180998867788134,-0.8422988072330359,-0.861203989683773,-0.8526343229348946,-0.8571417791597437,0.6225578959423456,-0.826313726316311,-0.8751000441397003,-0.7994431451501962,-0.8748551053181558,-0.8043059328087581,-0.8496498838194632,-0.8239707288693049,-0.7608293219079153,-0.8686850486164115,-0.8656628016950347,-0.8266677747277871,-0.8425189401553569,-0.8719991226934803,-0.807135392154251,-0.8130409297270041,-0.8662613224340227,-0.764063374209691,-0.8571328992222509,-0.8411849659558235,-0.9375107795140097,-0.8436496809142409,-0.8308100992575143,-0.8502809325753155,-0.47672539447315504,-0.8090317949946366,-0.7974330595176479,-0.8000562433261703,-0.8947628946203903,-0.8985795118414723,-0.7682193410934516,-0.8124024504798694,-0.7974974169142723,-0.8242884413834757,-0.8788982418327949,-0.864654602965799,-0.8644897416642551,-0.8072202483902877,-0.8950013710188459,-0.8521137446968767,-0.8954175581600942,-0.9054282464740846,-0.8132239935280473,-0.8740677890877941,-0.8001241686752463,-0.8502915449122345,-0.9064507105240597,-0.8595601610125435,-0.8642369877081417,-0.8176639779116536,-0.8576882449495724,-0.7238334238415066,-0.8663601287828573,-0.8428187667967026,-0.8978693661805389,-0.8537726072111184,-0.8530811107841221,-0.8545747217933752,-0.8978775543674243,-0.7922907157302406,-0.8756726234066653,-0.8065143934505393,-0.8642544861597395,-0.11066426808372769,-0.8749195478006478,-0.8260344600465594,-0.8941590290023945
369,1519070935,-0.7843287177170427,-0.8690457092654945,-0.850012244420813,-0.8957878603667337,-0.8509735987378291,-0.804122852993824,-0.7846312883937309,-0.8484677080627326,-0.7696187564961557,-0.8223879083281569,-0.8287063136535957,-0.856401427029712,-0.8427204475623296,-0.7840225214535987,-0.8501216035732444,-0.8500393238693296,-0.7807698678150978,-0.8543270816636098,-0.8982078567048791,-0.8949013297882177,-0.8608563826864947,-0.8495928693954122,-0.17069114333744284,-0.8552895238195448,-0.8553472284196355,-0.8390868052273863,-0.8560328141276995,-0.7619512691149841,-0.7839728726855368,-0.8307976724112898,-0.8725580508325737,-0.8248136578287761,-0.8636719969056541,0.9572139152313165,-0.8044653473939568,-0.8740907992290438,-0.8223768217466146,-0.8023226297519594,-0.8548100648624574,-0.7665478344160696,-0.5567771649665584,-0.835927853897793,-0.797583345906462,-0.7655928975434663,-0.042223416015498456,-0.8515715032172971,-0.8538342994221112,-0.8551408314577448,-0.852322564611889,-0.8508676365070506,-0.8542587518724067,-0.8634626269172938,-0.7582310824338134,-0.802130176180653,-0.7613189688441921,-0.8635477307299952,-0.8726785754559706,-0.8701049244759085,-0.8160456533610682,-0.8391565820515803,-0.8587180390617668,-0.8508971596084421,-0.8552293956814352,0.6396949222510189,-0.8245527227609684,-0.8720435250674246,-0.7979411862519661,-0.8729824470975239,-0.8029667011503616,-0.8479259847301104,-0.821389460286616,-0.7593444461878165,-0.8666829456519076,-0.8634553896609145,-0.8236448821993242,-0.8393800074243918,-0.8697958878836193,-0.8039420308548934,-0.8108968647805065,-0.8645228379645231,-0.7619747124126167,-0.8553588779185104,-0.8381818044811765,-0.9372195267294997,-0.8405138272203379,-0.8278575151918922,-0.8485548108936573,-0.4767079387668409,-0.8053156475984735,-0.7974330595176479,-0.7978081008408577,-0.8925135459671818,-0.8954094756047076,-0.7667250904761541,-0.8109763121128687,-0.7967716832459186,-0.8222247549864593,-0.876860216924197,-0.8624550721599308,-0.8626186953915456,-0.804023198570367,-0.8927535703826199,-0.8501356469618047,-0.8926087917030322,-0.9031724409740605,-0.8125096529151672,-0.872196348061779,-0.7986238102186113,-0.8485652942735911,-0.9041916648659223,-0.8576943121851447,-0.8610914322487488,-0.8156129154217516,-0.8557083207024706,-0.7235152454317304,-0.8636020157521381,-0.8391574717707857,-0.8959672586214293,-0.8514118855354257,-0.8507619115483849,-0.8528047513724558,-0.8959726639178877,-0.7913657665218271,-0.8731298926402082,-0.8059590194434335,-0.8623884811946975,-0.11066426808372769,-0.8718028488030903,-0.8230049084550722,-0.8913469265052987
370,1519070940,-0.7829339313609768,-0.8667227617216876,-0.8480321020855682,-0.8924157775478866,-0.8492012416070962,-0.8026905759502382,-0.7832355799312778,-0.84674002547553,-0.767552913987276,-0.8205696581902724,-0.8275267369508226,-0.8537890901209223,-0.8400015543480677,-0.7826269766218498,-0.8476473577803909,-0.8468581855605575,-0.7794224697376525,-0.8525355076705948,-0.894881283745119,-0.8929959409841175,-0.8587587129466816,-0.84712225064871,-0.17069114333744284,-0.8527337165428412,-0.8533661481980956,-0.8360820492037354,-0.8535553349142179,-0.7598654997682291,-0.7825787898200852,-0.8283182023147158,-0.8694411276487745,-0.8230486560221034,-0.86091117582693,1.0127706479606768,-0.8018044199664364,-0.8715475517909419,-0.8205555793782856,-0.8009842565418739,-0.8523611339481019,-0.7643071225111975,-0.5567771649665584,-0.8329302560015899,-0.7968320817519988,-0.7648452437802254,-0.042223416015498456,-0.8486742905984319,-0.8520440693274285,-0.8521595450346091,-0.8491682518458707,-0.848043244063173,-0.8512717109297986,-0.8612632384557426,-0.7568460535401131,-0.8007947018598853,-0.7599248656675719,-0.8613415122804997,-0.870169475496794,-0.8678965197772379,-0.8145049782977593,-0.836538061067034,-0.8568535760952621,-0.8491599962819897,-0.8514046287248181,0.6328401117275496,-0.82337872039074,-0.8700058456859073,-0.797190206802851,-0.8698613500631373,-0.8009578536627671,-0.8450528195811893,-0.8198406991370026,-0.758602008327767,-0.8646808426874039,-0.8606961246182642,-0.8218311466822464,-0.8372873856037485,-0.8675926530737582,-0.8018131233219883,-0.8094674881495081,-0.8627843534950235,-0.7598860506155425,-0.8535848566147699,-0.8363799075963884,-0.9369768160757412,-0.837900615808752,-0.8266764815656433,-0.8468286892119989,-0.4766933923449125,-0.803192134800666,-0.7974330595176479,-0.7963093391839827,-0.8891395229873691,-0.8928734466152959,-0.7644837145502079,-0.8095501737458681,-0.7938687485725039,-0.8206769901886971,-0.8748221920155993,-0.8602555413540626,-0.8607476491188362,-0.8018918320237531,-0.8899438195873375,-0.8481575492267325,-0.8898000252459703,-0.8992247813490181,-0.809652290463647,-0.8703249070357639,-0.7971234517619764,-0.8456882098758521,-0.9008030963787161,-0.8558284633577459,-0.8584701360325883,-0.8140746185543251,-0.8537283964553689,-0.7231970670219541,-0.8613955253275628,-0.8370653031845474,-0.8934311152092833,-0.8496413442786562,-0.8490225121215821,-0.8504447908112299,-0.8921628830188143,-0.7904408173134138,-0.8710957080270425,-0.804848271429222,-0.8605224762296554,-0.11066426808372769,-0.8699328294045559,-0.8205812671818825,-0.8890972445076221
371,1519070946,-0.781539145004911,-0.8649805510638324,-0.8460519597503235,-0.8901677223353218,-0.8456565273456306,-0.7998260218630665,-0.7818398714688247,-0.8450123428883273,-0.7661756856480229,-0.818751408052388,-0.8263471602480493,-0.8516992205938905,-0.8373888274402674,-0.7805336593742261,-0.8451731119875375,-0.8449495025752942,-0.7767276735827617,-0.84835516835356,-0.8921091396119855,-0.8898202929772839,-0.8561366257719153,-0.8451457556513484,-0.17069114333744284,-0.8508168610853136,-0.8513850679765559,-0.8342791955895449,-0.8515733515434326,-0.7584749868703924,-0.7804876655219077,-0.8268305202567714,-0.8663242044649753,-0.8218719881509884,-0.857598190532461,0.9572139152313165,-0.7996756780244201,-0.8695129538404605,-0.8181272562205136,-0.7996458833317884,-0.8504019892166175,-0.7620664106063255,-0.5567771649665584,-0.8311316972638679,-0.7945782892886097,-0.762602282490503,-0.042223416015498456,-0.8469359630271127,-0.8502538392327459,-0.8497745158961005,-0.8466448016330561,-0.8452181300065096,-0.8494794863642336,-0.8590638499941913,-0.7540759957527124,-0.7987914903787338,-0.7578337109026416,-0.8580321846062563,-0.8681621955294528,-0.8656881150785672,-0.8129643032344503,-0.8344432442793969,-0.8549891131287575,-0.8468437785133863,-0.8494922452465096,0.6294127064658149,-0.8210307156502832,-0.8669493266136317,-0.795688247904621,-0.8661160336218734,-0.7982793903459743,-0.8433289204918365,-0.8182919379873893,-0.75488981902752,-0.8621782139817741,-0.8579368595756139,-0.8200174111651687,-0.8341484528727834,-0.8653894182638971,-0.7996842157890832,-0.8087527998340088,-0.8598868793791908,-0.7577973888184683,-0.8512194948764492,-0.8333767461217415,-0.9367826475527345,-0.8352874043971662,-0.8249049311262701,-0.8433764458486823,-0.4766817552073697,-0.8010686220028584,-0.7974330595176479,-0.7948105775271077,-0.8868901743341606,-0.890971424873237,-0.7629894639329104,-0.8074109661953671,-0.7931430149041502,-0.8191292253909348,-0.8722746608798521,-0.8580560105481944,-0.8588766028461267,-0.7992276238404858,-0.8876960189511115,-0.8451904026241243,-0.8875530120803208,-0.8969689758489939,-0.8067949280121266,-0.8665820249837336,-0.796373272533659,-0.8433865423576611,-0.8985440507205787,-0.853962614530347,-0.8563730990596596,-0.8120235560644231,-0.8512534911464916,-0.7227197994072898,-0.8586374122968435,-0.8349731345983092,-0.8915290076501737,-0.8478708030218868,-0.8472831126947792,-0.8486748203903105,-0.8902579925692776,-0.7895158681050004,-0.8690615234138768,-0.8037375234150105,-0.8586564712646133,-0.11066426808372769,-0.8674394702065099,-0.8187635362269902,-0.8862851420105263
372,1519070952,-0.7794469654708122,-0.8632383404059774,-0.8430817462474565,-0.8879196671227572,-0.8438841702148977,-0.7983937448194807,-0.7797463087751451,-0.8409810835181878,-0.7647984573087697,-0.8169331579145036,-0.823988006842503,-0.8496093510668586,-0.8348486043515141,-0.7784403421266026,-0.842698866194684,-0.843040819590031,-0.7753802755053163,-0.846563594360545,-0.8898914243054786,-0.8872797745718171,-0.8535145385971489,-0.8431692606539867,-0.17069114333744284,-0.848900005627786,-0.848908717699631,-0.8324763419753544,-0.8495913681726474,-0.7563892175236374,-0.7783965412237301,-0.825342838198827,-0.8644540505546958,-0.8206953202798732,-0.8553895336694817,0.901657182501956,-0.7975469360824037,-0.8669697064023587,-0.8163060138521846,-0.7976383235166601,-0.8484428444851331,-0.7598256987014536,-0.5567771649665584,-0.8293331385261461,-0.7923244968252207,-0.7603593212007805,-0.042223416015498456,-0.8451976354557936,-0.8472701224082747,-0.8473894867575921,-0.8447522139734451,-0.8424060049799917,-0.8476872617986687,-0.85686446153264,-0.7526909668590122,-0.7974560160579661,-0.7557425561377114,-0.8558259661567608,-0.8661549155621115,-0.8634797103798967,-0.8114236281711413,-0.8323484274917599,-0.8531246501622528,-0.8451066151869339,-0.8463049394493287,0.6259853012040802,-0.8192697120949405,-0.8649116472321144,-0.7934353095572758,-0.8642433754012414,-0.7962705428583797,-0.8416050214024838,-0.816743176837776,-0.7541473811674706,-0.8601761110172702,-0.8557294475414936,-0.8163899401310133,-0.8320558310521401,-0.8631861834540362,-0.7975553082561782,-0.8066087348875111,-0.8581483949096913,-0.7557087270213939,-0.8488541331381286,-0.830974216942024,-0.9365884790297279,-0.8326741929855804,-0.8237238975000213,-0.841650324167024,-0.47667011806982695,-0.7978833528061472,-0.7974330595176479,-0.7918130542133576,-0.8846408256809521,-0.8884353958838253,-0.7607480880069644,-0.8059848278283666,-0.7916915475674428,-0.8170655389939184,-0.8697271297441048,-0.8553065970408591,-0.8570055565734173,-0.797096257293872,-0.884886268155829,-0.8432123048890521,-0.8847442456232588,-0.8941492189739637,-0.8046519061734864,-0.8647105839577185,-0.7933725556203892,-0.8410848748394699,-0.8962850050624414,-0.8508528664846823,-0.8542760620867311,-0.8104852591969965,-0.8492735668993899,-0.7224016209975135,-0.8558792992661244,-0.8318348817189518,-0.8883588283849911,-0.8455100813461941,-0.8449639134590421,-0.8457248696887781,-0.888353102119741,-0.788590918896587,-0.8665187926474197,-0.8031821494079048,-0.8567904662995713,-0.11066426808372769,-0.8649461110084639,-0.8169458052720979,-0.8834730395134306
373,1519070957,-0.7759599995806474,-0.859753919090267,-0.8386264259931558,-0.8839855705007689,-0.840339455953432,-0.7940969136887231,-0.7755591833877857,-0.8375257183437825,-0.7613553864606369,-0.8132966576387348,-0.8210390650855699,-0.845952079394553,-0.8325621446294253,-0.77495148004723,-0.8387400729261185,-0.8392234536195045,-0.7713380812729802,-0.844174829036525,-0.8865648513457184,-0.8834689969636167,-0.8503680339874292,-0.838722146909923,-0.17069114333744284,-0.8450662947127308,-0.8449465572565514,-0.8300725371564337,-0.8451319055883805,-0.7529129352790458,-0.7756083754928268,-0.8218715800636235,-0.8607137427341368,-0.8171653166665279,-0.850972219943523,-0.04280727389717069,-0.7938216376838751,-0.8629005105013958,-0.8114493675366407,-0.7936232038864034,-0.8440347688392932,-0.7575849867965816,-0.5567771649665584,-0.8263355406299429,-0.7885681760529054,-0.7566210523845766,-0.042223416015498456,-0.8411415377893823,-0.8442864055838036,-0.8444082003344564,-0.8415979012074268,-0.8396003744685466,-0.8435054044790173,-0.8513659903787617,-0.7485358801779112,-0.7934495930956631,-0.7522572981961608,-0.8514135292577697,-0.8621403556274291,-0.8585107998078878,-0.8083422780445235,-0.8281587939164857,-0.8475312612627387,-0.841053234091878,-0.8437550948115841,0.4511876328556127,-0.8169217073544837,-0.8608362884690801,-0.7896804123117005,-0.8604980589599776,-0.793592079541587,-0.8375825901939942,-0.8136456545385492,-0.7496927540071741,-0.8561719050882625,-0.8513146234732532,-0.8133670476025503,-0.828916898321175,-0.8576780964293835,-0.7938297200735942,-0.8023206049945157,-0.8546714259706922,-0.7529238446252949,-0.8453060905306476,-0.827971055467377,-0.936248684114466,-0.8295383392916774,-0.8201807966212747,-0.8376227069098213,-0.4766439345103558,-0.794698083609436,-0.7974330595176479,-0.7895649117280451,-0.8801421283745353,-0.8846313523997076,-0.7570124614637207,-0.8017064127273648,-0.7880628792256743,-0.8139700093983939,-0.8656510799269093,-0.8509075354291227,-0.8526397819370952,-0.7928335242006443,-0.8803906668833771,-0.8387615849851398,-0.8802502192919597,-0.8907655107239274,-0.8025088843348461,-0.8609677019056882,-0.789621659478802,-0.8376323735621832,-0.8923316751607009,-0.8471211688298846,-0.8511305066273384,-0.8079214310846191,-0.844818737343411,-0.721765264177961,-0.8514663184169737,-0.8286966288395945,-0.8845546132667721,-0.8419689988326552,-0.8414851146054364,-0.8421849288469393,-0.8845433212206677,-0.7858160712713468,-0.8624504234210882,-0.7998499053652702,-0.8511924514044451,-0.11066426808372769,-0.8612060722113949,-0.8133103433623133,-0.8789736755180774
374,1519070963,-0.7752626064026145,-0.8591731822043153,-0.8381313904093446,-0.8828615428944865,-0.840339455953432,-0.7940969136887231,-0.7755591833877857,-0.8369498241480483,-0.7613553864606369,-0.8114784075008504,-0.8204492767341833,-0.844907144631037,-0.8300089744301279,-0.77495148004723,-0.8382452237675478,-0.83858722595775,-0.7706643822342575,-0.842980446374515,-0.885455993692465,-0.8834689969636167,-0.8493191991175227,-0.838722146909923,-0.17069114333744284,-0.8437883910743791,-0.8449465572565514,-0.8282696835422432,-0.8451319055883805,-0.7529129352790458,-0.774911334060101,-0.8218715800636235,-0.8607137427341368,-0.8165769827309705,-0.850972219943523,0.7349869843138749,-0.792757266712867,-0.8629005105013958,-0.8102352059577546,-0.7936232038864034,-0.8440347688392932,-0.7575849867965816,-0.5567771649665584,-0.8251365014714616,-0.7885681760529054,-0.7566210523845766,-0.042223416015498456,-0.8411415377893823,-0.8436896622189094,-0.8438119430498292,-0.8409670386542232,-0.8368084546000331,-0.842310588101974,-0.8508161432633738,-0.7485358801779112,-0.7934495930956631,-0.7522572981961608,-0.8514135292577697,-0.8616385356355937,-0.8579586986332202,-0.8078287196900872,-0.8271113855226672,-0.8469097736072372,-0.841053234091878,-0.8424801724927117,0.6328401117275496,-0.8169217073544837,-0.8608362884690801,-0.7889294328625854,-0.8604980589599776,-0.7929224637123887,-0.8375825901939942,-0.8131294008220115,-0.7496927540071741,-0.8561719050882625,-0.8513146234732532,-0.8127624690968578,-0.8278705874108534,-0.8576780964293835,-0.7922330394239154,-0.8023206049945157,-0.8546714259706922,-0.7529238446252949,-0.8453060905306476,-0.8273704231724477,-0.9361515998529627,-0.828493054727043,-0.8201807966212747,-0.8376227069098213,-0.4766439345103558,-0.7936363272105321,-0.7974330595176479,-0.7888155308996075,-0.8801421283745353,-0.8846313523997076,-0.7570124614637207,-0.8017064127273648,-0.7880628792256743,-0.8134540877991399,-0.8656510799269093,-0.8509075354291227,-0.8513924177552888,-0.791234999290684,-0.8803906668833771,-0.8387615849851398,-0.8802502192919597,-0.8896376079739153,-0.8017945437219661,-0.8609677019056882,-0.789621659478802,-0.8370569566826355,-0.8912021523316322,-0.8471211688298846,-0.8495577288976419,-0.8074086654621436,-0.844818737343411,-0.7214470857681848,-0.8514663184169737,-0.8276505445464754,-0.8845546132667721,-0.8407886379948089,-0.8414851146054364,-0.8421849288469393,-0.8845433212206677,-0.7858160712713468,-0.8619418772677969,-0.7998499053652702,-0.8511924514044451,-0.11066426808372769,-0.8612060722113949,-0.8120985227257185,-0.8789736755180774
375,1519070969,-0.7724730336904827,-0.8551080240026533,-0.8341711057388551,-0.8783654324693569,-0.836203955981722,-0.7912323596015515,-0.7727677664628795,-0.8334944589736429,-0.757912315612504,-0.8072358238457867,-0.8175003349772503,-0.8402049381952155,-0.8273159754369542,-0.772160390383732,-0.8342864304989823,-0.8347698599872235,-0.7679695860793667,-0.8393972983884851,-0.8810205630794513,-0.878387960152683,-0.8451238596378965,-0.8347691569151996,-0.17069114333744284,-0.8399546801593238,-0.8404891267580867,-0.8234620739044017,-0.8406724430041136,-0.7494366530344541,-0.7714261268964718,-0.8184003219284199,-0.8569734349135779,-0.8136353130531827,-0.8460027420018195,0.2905331224789917,-0.7879675973433302,-0.8583226651128125,-0.8065927212210966,-0.7909464574662323,-0.8396266931934534,-0.7545973709234189,-0.5567771649665584,-0.8203403448375365,-0.7863143835895162,-0.7543780910948541,-0.042223416015498456,-0.8370854401229709,-0.8383189719348615,-0.8402343993420665,-0.8371818633350012,-0.8339674650620805,-0.8387261389708442,-0.8458675192248835,-0.7457658223905106,-0.7907786444541278,-0.7494690918429204,-0.8464495377464047,-0.8571221557090759,-0.8535418892358789,-0.8047473695634694,-0.822921751947393,-0.8419378723632247,-0.8369998529968222,-0.8386554055360946,0.5265905486137752,-0.8133997002437985,-0.8562515098606664,-0.7866764945152402,-0.8561285231118363,-0.7895743845663978,-0.8341347920152888,-0.8100318785227848,-0.7467230025669763,-0.8521676991592548,-0.8468997994050126,-0.8079258410513172,-0.8236853437695666,-0.8527208181071961,-0.787442997474879,-0.7994618517325188,-0.851194457031693,-0.750138962229196,-0.8417580479231667,-0.8237666294028714,-0.9356661785454459,-0.8243119164685058,-0.8172282125556526,-0.8341704635465047,-0.4766177509508846,-0.7883275452160133,-0.7974330595176479,-0.78506862675742,-0.8750810939048163,-0.879559294420884,-0.7540239602291259,-0.7995672051768637,-0.7844342108839059,-0.8103585582036154,-0.8615750301097137,-0.8459585911159192,-0.8476503252098699,-0.7869722661974563,-0.8753331154518686,-0.8348053895149954,-0.8751944396692483,-0.884562045598861,-0.7982228406575657,-0.8566010061783196,-0.7866209425655322,-0.8336044554053488,-0.8866840610153575,-0.8421455719568212,-0.8448393957085527,-0.8038193061048151,-0.8403639077874321,-0.7208107289486323,-0.8465017149616793,-0.8224201230808798,-0.8801163622955165,-0.83724755548127,-0.8368467161339622,-0.8380549978647939,-0.8800985768384154,-0.7835036982503133,-0.8578735080414654,-0.7970730353297415,-0.846838439819347,-0.11066426808372769,-0.8568426936148145,-0.8078571504976364,-0.8733494705238858
376,1519070974,-0.7710782473344168,-0.8533658133447981,-0.8321909634036104,-0.8772414048630747,-0.8332500274305007,-0.7890839440361727,-0.7713720580004264,-0.8317667763864404,-0.7565350872732509,-0.8066297404664919,-0.8169105466258637,-0.8391600034316995,-0.8248560244335744,-0.7707648455519829,-0.8318121847061289,-0.8334974046637147,-0.7659484889631987,-0.8388001070574801,-0.8793572765995712,-0.8777528305513163,-0.84407502476799,-0.8327926619178379,-0.08572961197044983,-0.839315728340148,-0.8385080465365469,-0.8228611226996716,-0.8386904596333283,-0.7480461401366174,-0.7700320440310201,-0.8169126398704755,-0.8557266656400582,-0.8130469791176251,-0.8448984135703298,0.7905437170432352,-0.786371040886818,-0.8562880671623312,-0.8053785596422106,-0.7896080842561467,-0.837667548461969,-0.7538504669551283,-0.5567771649665584,-0.8197408252582958,-0.7848118552805902,-0.7528827835683725,-0.042223416015498456,-0.8353471125516517,-0.8377222285699673,-0.8384456274881851,-0.8346584131221866,-0.8311726587424235,-0.8381287307823226,-0.84421797787872,-0.7429957646031099,-0.7894431701333602,-0.7480749886663002,-0.8447948739092831,-0.8551148757417346,-0.851885585711876,-0.8037202528545968,-0.8218743435535745,-0.8406948970522216,-0.8352626896703698,-0.8367430220577861,0.6396949222510189,-0.8116386966884558,-0.85370441063377,-0.7851745356170101,-0.855504303704959,-0.7882351529080014,-0.8324108929259361,-0.8089993710897092,-0.7437532511267787,-0.8491645447124991,-0.8452442403794225,-0.8067166840399319,-0.822639032859245,-0.8510683919998004,-0.7863785437084264,-0.7987471634170196,-0.8477174880926939,-0.7487465210311465,-0.8382100053156857,-0.8225653648130126,-0.9352292993686808,-0.8227439896215543,-0.8160471789294038,-0.8312935940770743,-0.47660611381334184,-0.7872657888171096,-0.7974330595176479,-0.7843192459289825,-0.873956419578212,-0.878925287173531,-0.7525297096118284,-0.7981410668098632,-0.7837084772155523,-0.8093267150051071,-0.858517992746817,-0.844308943011518,-0.8464029610280637,-0.7859065829241494,-0.8742092151337557,-0.8323327673461552,-0.8740709330864235,-0.8828701914738428,-0.7975085000446857,-0.8547295651523044,-0.7858707633372147,-0.8313027878871576,-0.8855545381862887,-0.8409016727385552,-0.8437908772220883,-0.8022810092373885,-0.8383839835403303,-0.720333461333968,-0.8448468471432478,-0.8213740387877606,-0.8794823264424799,-0.8360671946434236,-0.8351073167071593,-0.8362850274438745,-0.8788286498720577,-0.7798039014166598,-0.8558393234282997,-0.7942961652942128,-0.845594436509319,-0.11066426808372769,-0.85497267421628,-0.806039419542744,-0.8722246295250475
377,1519070980,-0.768986067800318,-0.8516236026869429,-0.8297157854845545,-0.8733073082410863,-0.8314776702997678,-0.7869355284707938,-0.7685806410755202,-0.8288873054077692,-0.7551578589339978,-0.803599323570018,-0.8139616048689307,-0.8360251991411518,-0.8227145723495796,-0.7686715283043594,-0.8298327880718461,-0.8296800386931882,-0.7632536928083079,-0.8346197677404451,-0.876030703639811,-0.8745771825444826,-0.8404041027233171,-0.8308161669204762,-0.17069114333744284,-0.8361209692442686,-0.8365269663150071,-0.8192554154712905,-0.8362129804198467,-0.7466556272387808,-0.7686379611655685,-0.8154249578125311,-0.8519863578194993,-0.8095169755042798,-0.841033264060116,-0.32059093754397266,-0.7831779279737935,-0.853236170236609,-0.8029502364844385,-0.7882697110460611,-0.8357084037304846,-0.7508628510819656,-0.5567771649665584,-0.8167432273620927,-0.7825580628172011,-0.7513874760418909,-0.042223416015498456,-0.8330293424565596,-0.834141768380602,-0.8354643410650494,-0.832134962909372,-0.8283706362949078,-0.8351416898397144,-0.8414687423017809,-0.7416107357094096,-0.7881076958125924,-0.7466808854896799,-0.8414855462350397,-0.8531075957743933,-0.8485729786638702,-0.8006389027279789,-0.8187321183721189,-0.8382089464302154,-0.8323674174596156,-0.832918255101169,0.437478011808674,-0.8087036907628848,-0.8516667312522529,-0.7829215972696649,-0.8517589872636951,-0.7868959212496051,-0.8306869938365834,-0.806934356223558,-0.7430108132667292,-0.8466619160068692,-0.841381269319712,-0.8042983700171616,-0.8184537892179583,-0.8477635397850088,-0.7831851824090689,-0.797317786786021,-0.8453995088000278,-0.7466578592340722,-0.835844643577365,-0.8189615710434364,-0.9349380465841707,-0.8196081359276514,-0.8142756284900305,-0.829567472395416,-0.4765944766757991,-0.7840805196203983,-0.7974330595176479,-0.7828204842721075,-0.8694577222717951,-0.8757552509367663,-0.751035458994531,-0.7974279976263628,-0.7822570098788448,-0.8067471070088367,-0.8559704616110697,-0.8410096468027157,-0.8432845505735479,-0.7827095331042286,-0.8702755640203602,-0.8303546696110831,-0.8707004133379491,-0.8789225318488005,-0.7960798188189254,-0.8522343104509509,-0.7821198671956275,-0.8295765372485142,-0.8821659696990827,-0.8377919246928905,-0.8401210625194634,-0.7997171811250111,-0.8359090782314531,-0.7198561937193036,-0.8415371115063847,-0.8177127437618437,-0.8756781113242609,-0.8331162925488078,-0.8333679172803565,-0.8327450866020356,-0.8743839054898055,-0.7788789522082463,-0.8532965926618427,-0.7931854172800012,-0.842484428234249,-0.11066426808372769,-0.8518559752187225,-0.8036157782695543,-0.8688501065285326
378,1519070985,-0.7661964950881862,-0.8469777075993292,-0.825755500814065,-0.869373211619098,-0.8273421703280579,-0.7840709743836222,-0.7650913699193874,-0.825431940233364,-0.751714788085865,-0.7999628232942492,-0.8098330864092245,-0.832890394850604,-0.8200707723764734,-0.7651826662249868,-0.8258739948032806,-0.8258626727226617,-0.7605588966534171,-0.8316338110854201,-0.8727041306800507,-0.8707664049362823,-0.8372575981135975,-0.8263690531764124,-0.08572961197044983,-0.8316483065100375,-0.8315742657611574,-0.8162506594476396,-0.8312580219928836,-0.7438746014431075,-0.7658497954346651,-0.8124495936966424,-0.8482460499989403,-0.805398637955377,-0.8360637861184125,-0.653931333920135,-0.779984815060769,-0.8491669743356461,-0.7987006709583375,-0.7842545914158044,-0.8317901142675158,-0.7486221391770936,-0.5567771649665584,-0.8143451490451301,-0.7795530061993489,-0.7476492072256868,-0.042223416015498456,-0.8283938022663752,-0.8311580515561309,-0.8324830546419137,-0.8289806501433536,-0.8255491303021737,-0.8315572407085846,-0.8370699653786783,-0.7388406779220089,-0.7847690100106733,-0.7424985759598194,-0.8370731093360486,-0.8485912158478756,-0.8436040680918613,-0.7970439942469247,-0.815066188993754,-0.834480020497206,-0.8283140363645598,-0.829093488144552,0.32780104343316496,-0.806355686022428,-0.8470819526438392,-0.7799176794732047,-0.8473894514155539,-0.7842174579328123,-0.8260899295983095,-0.8038368339243314,-0.7400410618265316,-0.8421571843367357,-0.8369664452514715,-0.8012754774886988,-0.8153148564869932,-0.8428062614628214,-0.7794595942264849,-0.7930296568930257,-0.8413430450378622,-0.7438729768379733,-0.832296600969884,-0.8165590418637187,-0.9346467937996606,-0.8159496399514312,-0.810732527611284,-0.8261152290320993,-0.4765712024007136,-0.780895250423687,-0.7974330595176479,-0.7805723417867949,-0.8649590249653781,-0.8719512074526486,-0.7487940830685849,-0.7938626517088613,-0.7793540752054301,-0.8031356558140581,-0.8518944117938742,-0.8366105851909793,-0.8389187759372259,-0.778446800011001,-0.8657799627479082,-0.8259039497071707,-0.8656446337152377,-0.8749748722237582,-0.7939367969802852,-0.8484914283989206,-0.7791191502823578,-0.8261240359712275,-0.8776478783828079,-0.8340602270380929,-0.8369755070600706,-0.7971533530126336,-0.8314542486754741,-0.7192198368997511,-0.837124130657234,-0.8145744908824862,-0.8718738962060418,-0.8295752100352689,-0.8287295188088822,-0.8292051457601968,-0.8705741245907321,-0.7765665791872128,-0.8492282234355112,-0.7904085472444725,-0.8381304166491508,-0.11066426808372769,-0.8481159364216535,-0.8005862266780671,-0.8643507425331793
379,1519070991,-0.7661964950881862,-0.8469777075993292,-0.825755500814065,-0.8682491840128157,-0.8273421703280579,-0.7840709743836222,-0.7650913699193874,-0.825431940233364,-0.751714788085865,-0.7993567399149544,-0.8092432980578378,-0.8318454600870882,-0.8188641016737629,-0.7651826662249868,-0.8253791456447099,-0.8245902173991528,-0.7605588966534171,-0.8310366197544152,-0.8710408442001706,-0.8707664049362823,-0.836208763243691,-0.8263690531764124,-0.17069114333744284,-0.8303704028716857,-0.8315742657611574,-0.8156497082429095,-0.8312580219928836,-0.7438746014431075,-0.7651527540019393,-0.8124495936966424,-0.8476226653621804,-0.805398637955377,-0.8360637861184125,-0.2094774720852519,-0.7783882586042566,-0.8491669743356461,-0.7974865093794515,-0.7842545914158044,-0.8317901142675158,-0.7486221391770936,-0.5567771649665584,-0.8131461098866489,-0.7795530061993489,-0.7476492072256868,-0.042223416015498456,-0.8283938022663752,-0.8305613081912366,-0.8318867973572865,-0.8270880624837427,-0.8228625659003964,-0.830959832520063,-0.8370699653786783,-0.7388406779220089,-0.7847690100106733,-0.7424985759598194,-0.8370731093360486,-0.8485912158478756,-0.8436040680918613,-0.7965304358924885,-0.8140187805999355,-0.834480020497206,-0.8283140363645598,-0.8284560269851158,0.6431223275127536,-0.8057686848373138,-0.8470819526438392,-0.7799176794732047,-0.8473894514155539,-0.7842174579328123,-0.8260899295983095,-0.8033205802077935,-0.7400410618265316,-0.8421571843367357,-0.8364145922429415,-0.8006708989830061,-0.8142685455766715,-0.8428062614628214,-0.7783951404600323,-0.7930296568930257,-0.8413430450378622,-0.7438729768379733,-0.832296600969884,-0.81535777727386,-0.9345497095381572,-0.8149043553867968,-0.810732527611284,-0.8261152290320993,-0.4765712024007136,-0.7798334940247833,-0.7974330595176479,-0.7790735801299199,-0.8649590249653781,-0.8719512074526486,-0.7487940830685849,-0.7938626517088613,-0.7793540752054301,-0.802619734214804,-0.8518944117938742,-0.8366105851909793,-0.8389187759372259,-0.7773811167376941,-0.8657799627479082,-0.8259039497071707,-0.8656446337152377,-0.8738469694737462,-0.7939367969802852,-0.8484914283989206,-0.7791191502823578,-0.824973202212132,-0.8765183555537391,-0.8340602270380929,-0.8359269885736064,-0.7966405873901581,-0.8314542486754741,-0.7192198368997511,-0.837124130657234,-0.8135284065893672,-0.8718738962060418,-0.8295752100352689,-0.8287295188088822,-0.8292051457601968,-0.8705741245907321,-0.7765665791872128,-0.8492282234355112,-0.7904085472444725,-0.8381304166491508,-0.11066426808372769,-0.8481159364216535,-0.7993744060414723,-0.8643507425331793
380,1519070997,-0.7648017087321204,-0.8440740231695706,-0.8237753584788203,-0.8660011288002509,-0.825569813197325,-0.7833548358618293,-0.7636956614569343,-0.8237042576461613,-0.7496489455769852,-0.79753848977707,-0.807473933003678,-0.8292331231782983,-0.8161270825047392,-0.7637871213932377,-0.8229048998518566,-0.823317762075644,-0.7592114985759717,-0.8292450457614002,-0.8688231288936638,-0.8675907569294486,-0.8341110935038778,-0.8238984344297103,-0.17069114333744284,-0.8278145955949823,-0.8290979154842327,-0.813846854628719,-0.8287805427794019,-0.7424840885452707,-0.7637586711364877,-0.8089783355614388,-0.845752511451901,-0.8036336361487043,-0.8333029650396884,0.0683061915615501,-0.7757273311767363,-0.8471323763851647,-0.7956652670111226,-0.7829162182057189,-0.8288513971702892,-0.7471283312405123,-0.5567771649665584,-0.8107480315696863,-0.7780504778904228,-0.7461538996992052,-0.042223416015498456,-0.8254965896475099,-0.8281743347316598,-0.828905510934151,-0.8251954748241317,-0.8200338437798037,-0.8279727915774548,-0.8337708826863514,-0.7374556490283086,-0.7827657985295218,-0.7411044727831991,-0.8348668908865531,-0.846082115888699,-0.8413956633931906,-0.7949897608291795,-0.8108765554184799,-0.8313725822196982,-0.8265768730381073,-0.8259061823473711,0.6396949222510189,-0.8040076812819712,-0.845044273262322,-0.7791667000240896,-0.8442683543811673,-0.7822086104452177,-0.8237913974791726,-0.8012555653416424,-0.7392986239664822,-0.8401550813722318,-0.8342071802088211,-0.7970434279488506,-0.8121759237560282,-0.8400522179504952,-0.7762662329271273,-0.7923149685775265,-0.8396045605683625,-0.7424805356399238,-0.8305225796661436,-0.8135558803890719,-0.9342584567536472,-0.8122911439752111,-0.8083704603587863,-0.824389107350441,-0.4765537466943995,-0.776648224828072,-0.7974330595176479,-0.7775748184730449,-0.8621473391488677,-0.8687811712158838,-0.7472998324512874,-0.7917234441583604,-0.777176874200369,-0.8005560478177877,-0.8498563868852764,-0.8344110543851111,-0.8370477296645163,-0.7752497501910802,-0.8618463116345129,-0.8239258519720986,-0.8628358672581757,-0.871027212598716,-0.791079434528765,-0.8466199873729054,-0.7783689710540403,-0.8226715346939408,-0.8736945484810674,-0.8321943782106941,-0.8338299516006779,-0.794589524900256,-0.8294743244283724,-0.7189016584899749,-0.833814395020371,-0.8109131958565693,-0.8674356452347862,-0.8266243079406531,-0.8258305197642108,-0.8274351753392774,-0.8680342706580166,-0.7756416299787995,-0.8466854926690541,-0.7898531732373667,-0.8356424100290947,-0.11066426808372769,-0.844999237424096,-0.796344854449985,-0.8615386400360836
381,1519071002,-0.7634069223760545,-0.8423318125117155,-0.8217952161435755,-0.8637530735876862,-0.8232066703563479,-0.7819225588182435,-0.7622999529944813,-0.8219765750589586,-0.7482717172377321,-0.7957202396391855,-0.8062943563009048,-0.8266207862695086,-0.8134314940894567,-0.7623915765614886,-0.8209255032175737,-0.8207728514286263,-0.7578641004985264,-0.8274534717683852,-0.8666054135871569,-0.8656853681253486,-0.8320134237640647,-0.8209336919336678,-0.17069114333744284,-0.8258977401374547,-0.8271168352626929,-0.8108420986050682,-0.8267985594086167,-0.7397030627495974,-0.7623645882710359,-0.8074906535034945,-0.8432589729048616,-0.8012803004064741,-0.8305421439609642,0.2905331224789917,-0.7735985892347199,-0.8440804794594425,-0.7938440246427936,-0.7815778449956333,-0.8268922524388048,-0.7448876193356403,-0.5567771649665584,-0.8083499532527239,-0.7765479495814968,-0.7446585921727237,-0.042223416015498456,-0.8237582620761909,-0.8263841046369771,-0.8271167390802695,-0.8233028871645207,-0.8172036784336392,-0.8249857506348466,-0.8315714942248,-0.7360706201346083,-0.7814303242087541,-0.739710369606579,-0.8315575632123098,-0.8440748359213577,-0.8380830563451848,-0.792421969056998,-0.8082580344339335,-0.8295081192531936,-0.8248397097116549,-0.8233563377096264,0.6362675169892843,-0.8022466777266285,-0.8424971740354256,-0.7776647411258595,-0.841771476753658,-0.780199762957623,-0.8203435993004672,-0.7997068041920291,-0.7378137482463833,-0.838152978407728,-0.8314479151661709,-0.7952296924317729,-0.8100833019353848,-0.8378489831406342,-0.7741373253942222,-0.790885591946528,-0.837866076098863,-0.7396956532438247,-0.8287485583624031,-0.8117539835042837,-0.9340157460998888,-0.8102005748459423,-0.8065989099194131,-0.8215122378810105,-0.47653920027247104,-0.7745247120302645,-0.7974330595176479,-0.7768254376446073,-0.8593356533323571,-0.8656111349791191,-0.7443113312166925,-0.79101037497486,-0.7757254068636616,-0.7990082830200254,-0.8478183619766786,-0.8322115235792429,-0.8339293192100006,-0.7731183836444664,-0.8595985109982869,-0.8214532298032584,-0.8600271008011138,-0.8682074557236857,-0.7889364126901247,-0.8428771053208751,-0.7768686125974054,-0.8209452840552975,-0.87143550282293,-0.8303285293832952,-0.8312086553845172,-0.7930512280328296,-0.8274944001812706,-0.7184243908753105,-0.8316079045957957,-0.8088210272703311,-0.8655335376756766,-0.8236734058460373,-0.824091120337408,-0.8244852246377449,-0.8648594532421221,-0.7737917315619727,-0.8436342157493055,-0.7876316772089437,-0.8337764050640527,-0.11066426808372769,-0.8431292180255615,-0.7945271234950928,-0.859288958038407
382,1519071008,-0.7620121360199886,-0.8405896018538603,-0.8193200382245197,-0.8615050183751214,-0.8214343132256151,-0.7797741432528646,-0.7609042445320281,-0.8196729982760218,-0.7462058747288524,-0.7939019895013011,-0.8039352028953585,-0.8240084493607188,-0.8108472508248534,-0.7602982593138651,-0.8184512574247204,-0.8195003961051175,-0.7558430033823582,-0.8238703237823553,-0.8638332694540234,-0.8631448497198817,-0.8293913365892984,-0.8189571969363062,-0.17069114333744284,-0.823980884679927,-0.825135755041153,-0.8090392449908776,-0.8248165760378313,-0.7383125498517608,-0.7609705054055842,-0.8060029714455501,-0.8401420497210625,-0.8001036325353591,-0.8283334870979848,0.4016465879377125,-0.7714698472927036,-0.8420458815089611,-0.7920227822744645,-0.7802394717855478,-0.8249331077073204,-0.7426469074307683,-0.5567771649665584,-0.8059518749357613,-0.7742941571181076,-0.7439109384094829,-0.042223416015498456,-0.8220199345048717,-0.823400387812506,-0.8241354526571338,-0.8207794369517061,-0.8143800076025475,-0.8231935260692818,-0.828822258647861,-0.7339930767940579,-0.7794271127276027,-0.7383162664299587,-0.8287997901504404,-0.8420675559540164,-0.8358746516465141,-0.7908812939936891,-0.8061632176462965,-0.8270221686311873,-0.8231025463852024,-0.8214439542313179,0.6362675169892843,-0.7993116718010576,-0.8404594946539085,-0.7761627822276295,-0.8398988185330261,-0.7788605312992267,-0.8186197002111145,-0.7981580430424157,-0.7355864346662351,-0.8356503497020982,-0.8286886501235206,-0.7934159569146952,-0.8069443692044198,-0.8345441309258426,-0.7720084178613171,-0.7894562153155296,-0.8349686019830304,-0.7376069914467505,-0.8257918561895022,-0.8093514543245662,-0.933821577576882,-0.8075873634343566,-0.8054178762931642,-0.81863536841158,-0.4765275631349283,-0.772401199232457,-0.7974330595176479,-0.7753266759877323,-0.8570863046791486,-0.8637091132370602,-0.7435642059080437,-0.7881580982408588,-0.7735482058586005,-0.796944596623009,-0.8452708308409314,-0.8300119927733747,-0.8320582729372912,-0.7709870170978526,-0.8567887602030044,-0.8189806076344182,-0.8577800876354642,-0.8659516502236615,-0.7875077314643645,-0.8397580369441833,-0.7753682541407705,-0.8180681996575586,-0.8686116957502583,-0.8284626805558963,-0.8291116184115885,-0.7899746342979765,-0.8255144759341689,-0.7179471232606462,-0.8288497915650765,-0.8062058165375333,-0.8629973942635306,-0.8219028645892678,-0.8223517209106052,-0.8227152542168255,-0.8629545627925855,-0.7728667823535593,-0.8416000311361398,-0.787076303201838,-0.8306663967889826,-0.11066426808372769,-0.8400125190280041,-0.7927093925402005,-0.8564768555413113
383,1519071013,-0.7578277769517909,-0.83710518053815,-0.814864717970219,-0.8586949493594155,-0.8178895989641494,-0.776909589165693,-0.7567171191446689,-0.8150658447101481,-0.7427628038807196,-0.7902654892255323,-0.8009862611384254,-0.821396112451929,-0.8081283576105915,-0.757507169650367,-0.8144924641561548,-0.8163192577963454,-0.7524745081887448,-0.8208843671273304,-0.8610611253208899,-0.859969201713048,-0.826769249414532,-0.8150042069415828,-0.08572961197044983,-0.8214250774032235,-0.8211735945980734,-0.8066354401719569,-0.8208526092962608,-0.7348362676071691,-0.7567882568092292,-0.8030276073296613,-0.8376485111740232,-0.7965736289220138,-0.8250205018035158,0.5127600533964333,-0.7682767343796791,-0.8374680361203778,-0.7895944591166926,-0.7768935387603338,-0.8205250320614806,-0.738912387589315,-0.5567771649665584,-0.8035537966187987,-0.7720403646547185,-0.7386773620667972,-0.042223416015498456,-0.8185432793622334,-0.820416670988035,-0.8211541662339982,-0.8182559867388914,-0.8115505638691689,-0.8208038933151952,-0.8249733288401462,-0.7305305045598071,-0.7767561640860673,-0.7341339569000981,-0.8249389078638231,-0.8375511760274986,-0.8320099434238406,-0.7877999438670712,-0.8030209924648409,-0.8239147303536795,-0.8190491652901466,-0.8182566484341369,0.6225578959423456,-0.7957896646903723,-0.8363841358908741,-0.7724078849820541,-0.8367777214986395,-0.7761820679824339,-0.8151719020324091,-0.7955767744597267,-0.731874245365988,-0.8316461437730905,-0.8253775320723402,-0.7897884858805397,-0.8038054364734548,-0.8306884700085858,-0.7682828296787333,-0.7858827737380334,-0.8314916330440313,-0.7341258884516267,-0.8222438135820214,-0.8063482928499193,-0.9336274090538753,-0.8039288674581364,-0.8030558090406665,-0.8151831250482634,-0.4765013795754571,-0.7686850518362938,-0.7974330595176479,-0.7708303910171073,-0.8537122816993359,-0.8605390770002955,-0.7405757046734489,-0.7860188906903579,-0.7706452711851858,-0.7938490670274845,-0.8411947810237358,-0.8256129311616383,-0.8289398624827754,-0.7677899672779318,-0.8534170592486654,-0.8150244121642739,-0.8538478145955775,-0.8631318933486313,-0.7853647096257242,-0.8366389685674913,-0.7708671787708659,-0.8146156983802719,-0.8657878886775865,-0.8241090332919657,-0.826490322195428,-0.7868980405631236,-0.82105964637819,-0.7171516772362057,-0.8249884333220696,-0.8030675636581759,-0.859827214998348,-0.8183617820757288,-0.8188729220569995,-0.8185853232346801,-0.8604147088598699,-0.7700919347283192,-0.837023115756517,-0.7837440591592034,-0.8275563885139124,-0.11066426808372769,-0.8368958200304466,-0.7902857512670107,-0.8531023325447963
384,1519071019,-0.7557355974176921,-0.8353629698802948,-0.8128845756349743,-0.854198838934286,-0.8161172418334165,-0.7747611736003143,-0.7553214106822157,-0.8133381621229454,-0.7406969613718398,-0.7866289889497635,-0.7992168960842656,-0.8161714386343495,-0.8056580489187765,-0.754716079986869,-0.812513067521872,-0.8125018918258189,-0.7504534110725767,-0.8184956018033104,-0.8566256947078763,-0.8574286833075812,-0.8225739099349059,-0.8125335881948806,-0.17069114333744284,-0.8156745110306406,-0.8191925143765335,-0.8030297329435758,-0.8188706259254755,-0.732750498260414,-0.7546971325110517,-0.8015399252717169,-0.8345315879902241,-0.7948086271153412,-0.8217075165090468,-0.04280727389717069,-0.7645514359811505,-0.8354334381698963,-0.7847378128011485,-0.7748859789452055,-0.8185658873299962,-0.7374185796527337,-0.5567771649665584,-0.7987576399848736,-0.7682840438824032,-0.7371820545403156,-0.042223416015498456,-0.8168049517909143,-0.8180296975284581,-0.8187691370954897,-0.8144708114196694,-0.8087276146508631,-0.8172194441840653,-0.8216742461478193,-0.7284529612192566,-0.7747529526049158,-0.7327398537234779,-0.8216295801895798,-0.8355438960601573,-0.8286973363758346,-0.785745710449326,-0.7993550630864761,-0.8201858044206701,-0.8161538930793925,-0.8144318814775199,0.4546150381173473,-0.7940286611350297,-0.8343464565093569,-0.7694039671855939,-0.8342808438711302,-0.7748428363240376,-0.8128733699132721,-0.7919629984439623,-0.7296469317858397,-0.8296440408085867,-0.8220664140211598,-0.7873701718577694,-0.8006665037424897,-0.826832809091329,-0.7645572414961493,-0.7837387087915356,-0.8297531485745316,-0.7327334472535773,-0.8198784518437007,-0.802744499080343,-0.9331905298771102,-0.8007930137642334,-0.7989221913487956,-0.8134570033666051,-0.47648974243791437,-0.7654997826395825,-0.7974330595176479,-0.7685822485317947,-0.8503382587195232,-0.8573690407635308,-0.737587203438854,-0.783879683139857,-0.7684680701801248,-0.7917853806304681,-0.8386472498879886,-0.8217637522513689,-0.8251977699373565,-0.7635272341847041,-0.8500453582943265,-0.8130463144292017,-0.8504772948471032,-0.8586202823485829,-0.7839360283999641,-0.8335199001907995,-0.769366820314231,-0.8128894477416285,-0.8601402745322431,-0.8209992852463011,-0.8222962482495708,-0.7848469780732216,-0.8185847410693128,-0.7168334988264293,-0.8216786976852066,-0.7999293107788186,-0.857291071586202,-0.8165912408189594,-0.8171335226301967,-0.8168153528137607,-0.8572398914439755,-0.768704510915699,-0.8349889311433513,-0.7820779371378862,-0.8232023769288144,-0.11066426808372769,-0.8337791210328891,-0.7866502893572261,-0.8497278095482814
385,1519071025,-0.7543408110616262,-0.8324592854505363,-0.8109044332997295,-0.8530748113280037,-0.8143448847026837,-0.7733288965567284,-0.753227847988536,-0.8116104795357427,-0.7386311188629602,-0.7835985720532894,-0.7974475310301058,-0.8140815691073177,-0.80332239017662,-0.7533205351551199,-0.8105336708875893,-0.81122943650231,-0.7491060129951314,-0.8167040278102954,-0.8555168370546229,-0.8542530353007476,-0.8204762401950928,-0.810557093197519,-0.08572961197044983,-0.8150355592114648,-0.8167161640996087,-0.8006259281246552,-0.8163931467119939,-0.7313599853625774,-0.7533030496456,-0.8000522432137726,-0.8326614340799445,-0.793631959244226,-0.8194988596460675,0.45720332066707287,-0.76189050855363,-0.8333988402194149,-0.7829165704328195,-0.7735476057351199,-0.8166067425985118,-0.736671675684443,-0.5567771649665584,-0.7969590812471518,-0.7675327797279402,-0.7364344007770748,-0.042223416015498456,-0.814487181695822,-0.8150459807039869,-0.8169803652416083,-0.813209086313262,-0.8059494054252808,-0.8154272196185005,-0.8189250105708801,-0.7263754178787061,-0.7734174782841482,-0.7313457505468577,-0.8188718071277103,-0.8330347961009807,-0.8259368305024964,-0.784205035386017,-0.797260246298839,-0.817699853798664,-0.81441672975294,-0.8137944203180838,0.6431223275127536,-0.7928546587648012,-0.8323087771278398,-0.7686529877364788,-0.8324081856504983,-0.7735036046656412,-0.8111494708239194,-0.790414237294349,-0.7281620560657409,-0.8276419378440828,-0.8198590019870395,-0.7843472793293065,-0.7985738819218464,-0.8246295742814679,-0.7613638801967917,-0.7830240204760365,-0.8280146641050321,-0.7313410060555278,-0.8181044305399602,-0.8009426021955549,-0.9329963613541035,-0.7987024446349648,-0.7977411577225467,-0.8117308816849468,-0.4764751960159859,-0.7628453916423231,-0.7974330595176479,-0.7670834868749197,-0.8480889100663147,-0.8554670190214719,-0.7368400781302052,-0.7824535447728563,-0.7662908691750637,-0.7902376158327059,-0.8366092249793908,-0.8195642214455007,-0.8227030415737439,-0.7613958676380903,-0.8477975576581005,-0.8110682166941295,-0.8482302816814536,-0.8574923795985708,-0.7832216877870841,-0.8310246454894459,-0.7678664618575961,-0.8111631971029852,-0.8590107517031743,-0.8191334364189022,-0.8196749520334101,-0.7833086812057951,-0.816604816822211,-0.7163562312117651,-0.8194722072606313,-0.7973141000460208,-0.8553889640270924,-0.8136403387243436,-0.8148143233944595,-0.8150453823928413,-0.8553350009944388,-0.7677795617072857,-0.8324462003768942,-0.7815225631307804,-0.8213363719637723,-0.11066426808372769,-0.8319091016343546,-0.7836207377657389,-0.8469157070511857
386,1519071030,-0.7522486315275274,-0.8307170747926811,-0.8089242909644848,-0.8497027285091565,-0.8113909561514623,-0.7718966195131425,-0.751832139526083,-0.80988279694854,-0.737253890523707,-0.781780321915405,-0.7962679543273325,-0.8114692321985278,-0.8010281621882047,-0.7519249903233708,-0.8085542742533065,-0.8086845258552924,-0.7477586149176859,-0.8149124538172804,-0.8521902640948626,-0.8517125168952807,-0.8183785704552797,-0.8085805982001574,-0.17069114333744284,-0.8118408001155855,-0.8147350838780689,-0.7976211721010042,-0.8139156674985123,-0.7292742160158224,-0.7512119253474225,-0.7970768790978838,-0.8307912801696651,-0.7918669574375534,-0.8167380385673433,0.2905331224789917,-0.7597617666116138,-0.8308555927813132,-0.7810953280644906,-0.7722092325250344,-0.8136680255012853,-0.7351778677478616,-0.5567771649665584,-0.7939614833509485,-0.7660302514190142,-0.7349390932505931,-0.042223416015498456,-0.8115899690769568,-0.8132557506093043,-0.815191593387727,-0.8106856361004474,-0.8031408884626924,-0.8136349950529356,-0.8167256221093289,-0.7249903889850058,-0.7720820039633804,-0.7299516473702375,-0.8166655886782148,-0.8310275161336395,-0.8237284258038258,-0.7826643603227081,-0.795165429511202,-0.8158353908321593,-0.8121005119843366,-0.8106071145209028,0.6328401117275496,-0.7916806563945729,-0.8297616779009432,-0.7664000493891336,-0.8292870886161118,-0.7714947571780466,-0.8094255717345668,-0.7883492224281978,-0.7266771803456421,-0.825639834879579,-0.8176515899529193,-0.7825335438122287,-0.796481260101203,-0.8224263394716068,-0.7592349726638866,-0.781594643845038,-0.8262761796355326,-0.7299485648574783,-0.8163304092362197,-0.7991407053107668,-0.9327536507003451,-0.7966118755056961,-0.7953790904700491,-0.8094293861094024,-0.47646355887844316,-0.7607218788445156,-0.7974330595176479,-0.7655847252180447,-0.8452772242498042,-0.8529309900320602,-0.7338515768956104,-0.7817404755893561,-0.7648394018383563,-0.7886898510349436,-0.834571200070793,-0.8168148079381654,-0.8208319953010343,-0.7592645010914766,-0.8455497570218745,-0.8085955945252894,-0.8454215152243917,-0.8541086713485346,-0.7810786659484439,-0.8291532044634308,-0.7663661034009611,-0.8094369464643418,-0.8556221832159683,-0.8160236883732375,-0.8170536558172494,-0.7817703843383685,-0.8141299115133338,-0.7160380528019887,-0.817265716836056,-0.7952219314597825,-0.8534868564679828,-0.8118697974675742,-0.8130749239676567,-0.8120954316913089,-0.8527951470617233,-0.7663921378946655,-0.8304120157637285,-0.7793010671023575,-0.8194703669987303,-0.11066426808372769,-0.8300390822358201,-0.7818030068108466,-0.84410360455409
387,1519071036,-0.7508538451714615,-0.8289748641348259,-0.8069441486292401,-0.8474546732965919,-0.8084370276002409,-0.7697482039477638,-0.7504364310636299,-0.8081551143613375,-0.7358766621844539,-0.7799620717775206,-0.7944985892731727,-0.8093793626714961,-0.798956624501148,-0.7498316730757473,-0.8060800284604531,-0.8067758428700291,-0.7457375178015179,-0.8113293058312505,-0.8494181199617291,-0.8498071280911805,-0.8157564832805133,-0.8066041032027956,-0.08572961197044983,-0.8099239446580578,-0.8127540036565291,-0.7958183184868137,-0.811933684127727,-0.7278837031179858,-0.7498178424819708,-0.7955891970399394,-0.8276743569858659,-0.7906902895664383,-0.814529381704364,0.0683061915615501,-0.7571008391840933,-0.8288209948308317,-0.7792740856961615,-0.7708708593149488,-0.8117088807698009,-0.7336840598112804,-0.5567771649665584,-0.7921629246132267,-0.763776458955625,-0.7334437857241115,-0.042223416015498456,-0.8098516415056377,-0.8114655205146216,-0.8122103069645913,-0.8075313233344291,-0.8003547414964657,-0.8118427704873706,-0.8145262336477775,-0.7229128456444553,-0.7707465296426128,-0.7285575441936173,-0.8139078156163454,-0.8290202361662983,-0.8215200211051552,-0.7811236852593992,-0.7930706127235648,-0.8139709278656546,-0.8103633486578842,-0.8086947310425944,0.6294127064658149,-0.789332651654116,-0.8272145786740468,-0.7656490699400186,-0.8274144303954798,-0.7701555255196502,-0.807701672645214,-0.7868004612785845,-0.7244498667654938,-0.8231372061739493,-0.8143404719017389,-0.780719808295151,-0.793342327370238,-0.8202231046617459,-0.7571060651309816,-0.7801652672140396,-0.8239582003428665,-0.7285561236594288,-0.813965047497899,-0.7961375438361198,-0.9322682293928283,-0.7939986640941104,-0.7941980568438002,-0.807127890533858,-0.4764519217409004,-0.758598366046708,-0.7974330595176479,-0.7640859635611696,-0.8424655384332936,-0.8510289682900013,-0.7331044515869617,-0.7803143372223554,-0.7633879345016489,-0.7871420862371814,-0.8320236689350458,-0.8146152771322972,-0.818960949028325,-0.7571331345448628,-0.8433019563856485,-0.8061229723564491,-0.8431745020587421,-0.8518528658485104,-0.7796499847226837,-0.8266579497620773,-0.7648657449443262,-0.8071352789461508,-0.8533631375578309,-0.8141578395458386,-0.8149566188443209,-0.7797193218484666,-0.8121499872662321,-0.7155607851873245,-0.8145076038053368,-0.7931297628735442,-0.8515847489088733,-0.8100992562108046,-0.8113355245408538,-0.8103254612703895,-0.8502552931290077,-0.762692341061012,-0.8283778311505627,-0.7765241970668286,-0.8176043620336882,-0.11066426808372769,-0.8275457230377742,-0.7793793655376569,-0.8418539225564133
388,1519071041,-0.7480642724593297,-0.8272326534769708,-0.8039739351263729,-0.844644604280886,-0.8072554561797524,-0.7683159269041779,-0.7483428683699502,-0.8046997491869321,-0.7344994338452008,-0.7775377382603414,-0.7921394358676264,-0.8072894931444643,-0.7968850868140913,-0.7484361282439982,-0.8041006318261703,-0.803594704561257,-0.7443901197240724,-0.8095377318382355,-0.8472004046552223,-0.8479017392870803,-0.8136588135407002,-0.804627608205434,-0.17069114333744284,-0.8080070892005302,-0.8102776533796042,-0.7940154648726232,-0.8099517007569418,-0.726493190220149,-0.7484237596165192,-0.7936056209626803,-0.8258042030755864,-0.7889252877597657,-0.8123207248413846,-0.15392073935589148,-0.754972097242077,-0.8262777473927299,-0.7774528433278325,-0.7695324861048632,-0.8092599498554454,-0.7314433479064084,-0.5567771649665584,-0.7903643658755047,-0.7622739306466989,-0.7326961319608707,-0.042223416015498456,-0.8081133139343185,-0.809675290419939,-0.8104215351107098,-0.8056387356748181,-0.7975678729174531,-0.8094531377332841,-0.8123268451862262,-0.721527816750755,-0.7694110553218452,-0.7271634410169971,-0.8111500425544759,-0.827012956198957,-0.8193116164064846,-0.7795830101960903,-0.7904520917390185,-0.8121064648991498,-0.8080471308892808,-0.8061448864048496,0.6225578959423456,-0.786397645728545,-0.8251768992925297,-0.7618941726944433,-0.8255417721748478,-0.7688162938612538,-0.8059777735558613,-0.7852517001289712,-0.7229649910453949,-0.8206345774683194,-0.8121330598676186,-0.7789060727780732,-0.7912497055495946,-0.8180198698518848,-0.7544449307148502,-0.7794505788985403,-0.8210607262270339,-0.7264674618623544,-0.8110083453249982,-0.7943356469513316,-0.9320740608698215,-0.7919080949648417,-0.7930170232175513,-0.8054017688521997,-0.47644028460335763,-0.7564748532489006,-0.7974330595176479,-0.7633365827327321,-0.8402161897800852,-0.8491269465479425,-0.7316102009696642,-0.7788881988553549,-0.7626622008332953,-0.785078399840165,-0.8294761377992985,-0.8118658636249618,-0.8170899027556154,-0.7550017679982489,-0.8399302554313096,-0.8041448746213771,-0.8409274888930927,-0.8490331089734802,-0.7782213034969235,-0.8241626950607237,-0.7626152072593739,-0.8054090283075074,-0.8511040918996935,-0.811048091500174,-0.8128595818713924,-0.7776682593585645,-0.8096750819573548,-0.7152426067775483,-0.8123011133807615,-0.791037594287306,-0.8477805337906542,-0.807738534535112,-0.8084365254961824,-0.807375510568857,-0.848350402679471,-0.7617673918525986,-0.8258351003841057,-0.7754134490526171,-0.8157383570686462,-0.11066426808372769,-0.8256757036392397,-0.7775616345827646,-0.8396042405587367
389,1519071047,-0.745274699747198,-0.822586758389357,-0.8000136504558836,-0.8407105076588977,-0.8037107419182867,-0.7661675113387991,-0.7448535972138175,-0.8012443840125268,-0.7317449771666945,-0.7739012379845727,-0.7891904941106933,-0.8036322214721585,-0.7945442492277173,-0.7456450385805001,-0.8001418385576048,-0.7997773385907305,-0.7416953235691817,-0.8071489665142155,-0.843873831695462,-0.84409096167888,-0.8105123089309806,-0.8001804944613702,-0.17069114333744284,-0.8028954746471232,-0.8058202228811396,-0.7916116600537025,-0.8054922381726749,-0.7237121644244757,-0.7456355938856158,-0.7906302568467914,-0.8220638952550274,-0.7848069502108628,-0.807903411115426,-0.8761582648375766,-0.7517789843290525,-0.822208551491767,-0.7738103585911745,-0.7661865530796493,-0.8053416603924767,-0.7292026360015363,-0.5567771649665584,-0.7873667679793015,-0.7600201381833097,-0.7289578631446667,-0.042223416015498456,-0.8040572162679072,-0.8072883169603622,-0.8074402486875741,-0.8031152854620035,-0.794762242406008,-0.8052712804136326,-0.8079280682631237,-0.7187577589633544,-0.766072369519926,-0.7236781830754466,-0.8067376056554848,-0.8224965762724391,-0.8143427058344758,-0.7759881017150362,-0.7862624581637444,-0.8083775389661405,-0.8034146953520742,-0.8016826582887964,0.4340506065469394,-0.7840496409880882,-0.8211015405294954,-0.7596412343470981,-0.821796455733584,-0.766137830544461,-0.8013807093175874,-0.7821541778297444,-0.7207376774652468,-0.8166303715393117,-0.8077182357993782,-0.7752786017439178,-0.7881107728186296,-0.8130625915296974,-0.7507193425322664,-0.7758771373210441,-0.8175837572880347,-0.7236825794662555,-0.8074603027175172,-0.7919331177716141,-0.9317828080853114,-0.7887722412709387,-0.7894739223388049,-0.8019495254888831,-0.47641701032827216,-0.7527587058527374,-0.7974330595176479,-0.760339059418982,-0.8357174924736682,-0.8453229030638248,-0.7293688250437181,-0.7753228529378533,-0.7597592661598804,-0.7819828702446405,-0.825400087982103,-0.8074668020132254,-0.8121004460283903,-0.7512718765416747,-0.8348727039998012,-0.8001886791512327,-0.8364334625617935,-0.8450854493484379,-0.7760782816582833,-0.8204198130086935,-0.7596144903461042,-0.8019565270302207,-0.8465860005834187,-0.8073163938453763,-0.8097140264119995,-0.7751044312461871,-0.805220252401376,-0.7146062499579957,-0.8073365099254669,-0.7878993414079486,-0.8433422828193986,-0.804197452021573,-0.8043779268336424,-0.8038355697270182,-0.8445406217803978,-0.7594550188315651,-0.8217667311577742,-0.7726365790170884,-0.8107623438285341,-0.11066426808372769,-0.8213123250426592,-0.7751379933095748,-0.8351048765633835
390,1519071053,-0.745274699747198,-0.822586758389357,-0.8000136504558836,-0.839024466249474,-0.8037107419182867,-0.7661675113387991,-0.7448535972138175,-0.8012443840125268,-0.7317449771666945,-0.772689071225983,-0.7886007057593067,-0.8025872867086427,-0.7923380615910018,-0.7456450385805001,-0.8001418385576048,-0.7985048832672217,-0.7416953235691817,-0.8059545838522055,-0.8422105452155819,-0.8428207024761466,-0.8094634740610741,-0.8001804944613702,-0.17069114333744284,-0.8022565228279473,-0.8053249528257547,-0.7904097576442423,-0.8054922381726749,-0.7237121644244757,-0.74493855245289,-0.7901343628274766,-0.8220638952550274,-0.7836302823397477,-0.807903411115426,-0.2094774720852519,-0.7507146133580443,-0.822208551491767,-0.7732032778017315,-0.7661865530796493,-0.8048518742096056,-0.7292026360015363,-0.5567771649665584,-0.7861677288208203,-0.7600201381833097,-0.7289578631446667,-0.042223416015498456,-0.8040572162679072,-0.8060948302305737,-0.806843991402947,-0.8012226978023925,-0.7919905276954987,-0.8040764640365894,-0.8073782211477358,-0.7187577589633544,-0.766072369519926,-0.7236781830754466,-0.8067376056554848,-0.8224965762724391,-0.8137906046598081,-0.7749609850061635,-0.7852150497699258,-0.8071345636551375,-0.8034146953520742,-0.8010451971293602,0.6294127064658149,-0.7840496409880882,-0.8211015405294954,-0.7596412343470981,-0.821796455733584,-0.766137830544461,-0.8013807093175874,-0.7811216703966688,-0.7207376774652468,-0.8166303715393117,-0.8077182357993782,-0.7746740232382252,-0.7865413064531471,-0.8130625915296974,-0.7496548887658138,-0.7758771373210441,-0.8175837572880347,-0.7236825794662555,-0.8074603027175172,-0.7907318531817553,-0.9316857238238081,-0.7877269567063043,-0.788292888712556,-0.8019495254888831,-0.4764141010438865,-0.7516969494538337,-0.7974330595176479,-0.7595896785905445,-0.8351551553103661,-0.8440548885691189,-0.7293688250437181,-0.7753228529378533,-0.7597592661598804,-0.7814669486453864,-0.825400087982103,-0.8074668020132254,-0.811476763937487,-0.7502061932683678,-0.8348727039998012,-0.8001886791512327,-0.8358717092703811,-0.8439575465984258,-0.7760782816582833,-0.8204198130086935,-0.7596144903461042,-0.8019565270302207,-0.84545647775435,-0.8073163938453763,-0.8086655079255353,-0.7745916656237115,-0.805220252401376,-0.7146062499579957,-0.8073365099254669,-0.7868532571148295,-0.8433422828193986,-0.8030170911837268,-0.8032183272157739,-0.8038355697270182,-0.8439056582972189,-0.7594550188315651,-0.8212581850044828,-0.7726365790170884,-0.8107623438285341,-0.11066426808372769,-0.8213123250426592,-0.7739261726729799,-0.8345424560639643
391,1519071058,-0.7417877338570333,-0.8191023370736468,-0.7965484013692052,-0.8367764110369094,-0.8007568133670653,-0.7640190957734204,-0.7420621802889112,-0.7983649130338557,-0.7269246779793085,-0.7702647377088038,-0.7862415523537604,-0.7999749497998528,-0.7895855058893253,-0.7428539489170021,-0.7966778944476101,-0.7965962002819584,-0.7390005274142909,-0.8029686271971807,-0.8399928299090751,-0.8409153136720464,-0.807365804321261,-0.7967216282159872,-0.17069114333744284,-0.8003396673704197,-0.8023533324934449,-0.7886069040300517,-0.8020237672738006,-0.7209311386288024,-0.7421503867219866,-0.7866631046922731,-0.8189469720712284,-0.7812769465975176,-0.8051425900367019,0.1238629242909105,-0.7469893149595157,-0.8191566545660448,-0.7701678738545165,-0.7635098066594782,-0.8014233709295079,-0.7262150201283738,-0.5567771649665584,-0.7831701309246171,-0.7577663457199206,-0.7267149018549443,-0.042223416015498456,-0.8005805611252689,-0.8025143700412084,-0.8032664476951843,-0.7993301101427815,-0.7891625271876918,-0.8016868312825028,-0.8046289855707967,-0.7159877011759537,-0.7627336837180069,-0.7208899767222062,-0.8045313872059893,-0.8189838363295919,-0.8110300987864698,-0.772393193233982,-0.7820728245884703,-0.8052701006886327,-0.8005194231413201,-0.7991328136510517,0.6294127064658149,-0.7817016362476313,-0.8180450214572196,-0.7566373165506379,-0.8192995781060747,-0.76278975139847,-0.7985075441686663,-0.7785404018139799,-0.7185103638850985,-0.8126261656103041,-0.8049589707567278,-0.7710465522040697,-0.783402373722182,-0.8103085480173711,-0.7464615274664562,-0.7730183840590472,-0.8141067883490356,-0.7208976970701565,-0.8045036005446164,-0.7889299562969672,-0.9314430131700496,-0.7840684607300842,-0.7859308214600583,-0.7990726560194527,-0.47639373605318663,-0.7479808020576705,-0.7974330595176479,-0.7565921552767945,-0.8323434694938555,-0.8415188595797072,-0.7271274491177719,-0.7724705762038521,-0.7554048641497584,-0.7788873406491159,-0.8223430506192063,-0.8047173885058901,-0.8089820355738745,-0.747009143448447,-0.8320629532045187,-0.7972215325486245,-0.8330629428133192,-0.8417017410984017,-0.7725065785938829,-0.8185483719826783,-0.7566137734328343,-0.7979286088733862,-0.8431974320962126,-0.8054505450179775,-0.8065684709526068,-0.7720278375113341,-0.8022503660307233,-0.7139698931384433,-0.8045783968947477,-0.7831919620889125,-0.8408061394072526,-0.800066189089111,-0.8008991279800368,-0.8014756091657923,-0.8407308408813244,-0.7576051204147384,-0.8182069080847343,-0.7709704569957712,-0.808274337208478,-0.11066426808372769,-0.8181956260451018,-0.7702907107631953,-0.8322927740662877
392,1519071064,-0.7403929475009674,-0.8167793895298399,-0.7935781878663382,-0.8334043282180622,-0.7972120991055996,-0.7611545416862487,-0.7406664718264582,-0.7954854420551847,-0.7255474496400554,-0.7684464875709194,-0.7844721872996006,-0.7968401455093052,-0.7876460287298185,-0.741458404085253,-0.7932139503376152,-0.7934150619731863,-0.7369794302981229,-0.7999826705421557,-0.8361118281226881,-0.837104536063846,-0.8036948822765881,-0.7932627619706043,-0.17069114333744284,-0.7971449082745403,-0.7993817121611352,-0.7850011968016707,-0.7990507922176228,-0.7188453692820475,-0.740756303856535,-0.7841836345956992,-0.8152066642506693,-0.7801002787264024,-0.801277440526488,-0.2094774720852519,-0.7448605730174994,-0.8161047576403226,-0.7683466314861875,-0.7621714334493926,-0.7979948676494102,-0.7254681161600831,-0.5567771649665584,-0.7807720526076546,-0.7562638174109946,-0.7252195943284626,-0.042223416015498456,-0.7976833485064037,-0.8007241399465257,-0.7990926467027943,-0.7955449348235596,-0.7863951421538976,-0.7986997903398947,-0.800780055763082,-0.7139101578354032,-0.7613982093972391,-0.719495873545586,-0.8006705049193721,-0.81597291637858,-0.807717491738464,-0.770852518170673,-0.7794543036039239,-0.8015411747556234,-0.7982032053727168,-0.7959455078538709,0.6157030854188763,-0.7793536315071745,-0.8144790825395645,-0.7551353576524078,-0.8155542616648107,-0.7607809039108755,-0.7950597459899609,-0.7769916406643665,-0.7155406124449007,-0.8091224854224224,-0.8010959996970174,-0.769232816686992,-0.7807865964463778,-0.8070036958025796,-0.744332619933551,-0.772303695743548,-0.8106298194100364,-0.719505255872107,-0.8021382388062959,-0.7859267948223203,-0.9311517603855396,-0.780409964753864,-0.7841592710206851,-0.7944696648683638,-0.4763762803468725,-0.7458572892598629,-0.7974330595176479,-0.7558427744483569,-0.8284071093507407,-0.8383488233429424,-0.724138947883177,-0.7710444378368514,-0.753953396813051,-0.7768236542520996,-0.8192860132563097,-0.8014180922970878,-0.8064873072102619,-0.7448777769018332,-0.8286912522501798,-0.7932653370784802,-0.8291306697734324,-0.8383180328483654,-0.7703635567552427,-0.814805489930648,-0.7558635942045169,-0.7944761075960995,-0.8398088636090065,-0.8023407969723128,-0.8028986562499818,-0.769976775021432,-0.7992804796600707,-0.7136517147286671,-0.8007170386517409,-0.7810997935026743,-0.83763596014207,-0.7977054674134183,-0.7980001289353653,-0.7985256584642599,-0.83755602346543,-0.7566801712063249,-0.8151556311649857,-0.7698597089815596,-0.8057863305884219,-0.11066426808372769,-0.8144555872480328,-0.768472979808303,-0.8283558305703537
393,1519071070,-0.7383007679668686,-0.8150371788719847,-0.7911030099472822,-0.8311562730054974,-0.7954397419748668,-0.7604384031644558,-0.7385729091327785,-0.7931818652722478,-0.7241702213008022,-0.7654160706744454,-0.7815232455426675,-0.7947502759822733,-0.7850721431536505,-0.7393650868376295,-0.7912345537033324,-0.7915063789879231,-0.7356320322206775,-0.7963995225561257,-0.8338941128161813,-0.8339288880570125,-0.8010727951018217,-0.7912862669732427,-0.17069114333744284,-0.7952280528170127,-0.7974006319395953,-0.7831983431874802,-0.7970688088468375,-0.7174548563842107,-0.7386651795583574,-0.7826959525377548,-0.8114663564301103,-0.7783352769197298,-0.797964455232019,-0.04280727389717069,-0.7416674601044749,-0.8140701596898412,-0.7659183083284155,-0.7601638736342643,-0.7960357229179258,-0.7217335963186298,-0.5567771649665584,-0.7789734938699326,-0.7540100249476054,-0.7229766330387403,-0.042223416015498456,-0.7959450209350846,-0.7965469363922663,-0.7967076175642858,-0.7936523471639486,-0.7835750793867352,-0.7963101575858081,-0.7980308201861428,-0.712525128941703,-0.7593949979160877,-0.7174047187806557,-0.7968096226327548,-0.8139656364112388,-0.8049569858651257,-0.7687982847529279,-0.7763120784224683,-0.7990552241336172,-0.7964660420462644,-0.7940331243755623,0.6157030854188763,-0.7775926279518318,-0.8124414031580474,-0.7528824193050626,-0.8124331646304241,-0.7594416722524792,-0.7933358469006082,-0.7749266257982155,-0.7147981745848514,-0.8071203824579185,-0.7972330286373069,-0.7668145026642217,-0.777124508260252,-0.8042496522902532,-0.7411392586341935,-0.769444942481551,-0.8088913349405369,-0.716720373476008,-0.799181536633395,-0.7829236333476733,-0.9309575918625329,-0.7772741110599611,-0.7823877205813118,-0.7927435431867055,-0.47636464320932975,-0.7426720200631517,-0.7974330595176479,-0.7528452511346069,-0.8250330863709281,-0.8351787871061777,-0.7233918225745283,-0.7689052302863505,-0.7525019294763435,-0.7742440462558292,-0.8167384821205624,-0.7986686787897526,-0.8039925788466492,-0.7416807270819125,-0.8247576011367843,-0.791287239343408,-0.8257601500249582,-0.8360622273483412,-0.7689348755294825,-0.8110626078786177,-0.7528628772912471,-0.7927498569574561,-0.8375498179508691,-0.799852998535781,-0.8008016192770532,-0.7679257125315301,-0.797300555412969,-0.7131744471140027,-0.7974073030148779,-0.7769154563301978,-0.8338317450238509,-0.7959349261566488,-0.7962607295085625,-0.7967556880433405,-0.8343812060495356,-0.7557552219979116,-0.8131214465518201,-0.7693043349744539,-0.8032983239683659,-0.11066426808372769,-0.8113388882504753,-0.7660493385351133,-0.8244188870744196
394,1519071075,-0.7355111952547368,-0.8109720206703227,-0.7861526541091703,-0.8255361349740856,-0.7913042420031569,-0.7568577105554912,-0.7350836379766458,-0.7879988175106398,-0.7207271504526693,-0.7611734870193818,-0.7791640921371211,-0.7900480695464517,-0.7829669429791791,-0.7351784523423823,-0.7872757604347669,-0.7857803300321333,-0.732263537027064,-0.7940107572321058,-0.828904253376541,-0.8294829808474454,-0.795828620752289,-0.7863450294798384,-0.17069114333744284,-0.7901164382636057,-0.7929432014411307,-0.7789916847543689,-0.7931048421052669,-0.7139785741396191,-0.7358770138274541,-0.779720588421866,-0.8077260486095514,-0.7748052733063845,-0.7935471415060603,-1.4872823248605411,-0.7379421617059463,-0.809492314301258,-0.7610616620128715,-0.7561487540040076,-0.792117433454957,-0.7187459804454671,-0.5567771649665584,-0.7741773372360076,-0.7495024400208271,-0.7192383642225362,-0.042223416015498456,-0.7924683657924463,-0.7935632195677951,-0.7937263311411501,-0.789236309291523,-0.7807752217775771,-0.7927257084546783,-0.7930821961476524,-0.7090625567074521,-0.7553885749537846,-0.7139194608391052,-0.7923971857337637,-0.809449256484721,-0.7999880752931168,-0.76571693462631,-0.7726461490441034,-0.7947048105451062,-0.7912545520669069,-0.789570896259509,0.2798173697688797,-0.7746576220262609,-0.8078566245496337,-0.7498785015086024,-0.8086878481891603,-0.7567632089356864,-0.7881641496325501,-0.771312849782451,-0.7110859852846042,-0.8031161765289109,-0.7928182045690664,-0.7625824531243736,-0.7739855755292869,-0.7987415652656007,-0.7368814435683833,-0.7658715009040549,-0.8054143660015377,-0.7139354910799091,-0.795633494025914,-0.7781185749882383,-0.9305207126857677,-0.7741382573660581,-0.7788446197025652,-0.789291299823389,-0.4763413689342443,-0.7389558726669886,-0.7974330595176479,-0.7505971086492943,-0.8205343890645111,-0.83137474362206,-0.7196561960312847,-0.7646268151853487,-0.7488732611345751,-0.7716644382595587,-0.8126624323033669,-0.793169851775082,-0.7996268042103272,-0.7374179939886848,-0.8202619998643323,-0.7868365194394957,-0.821266123693659,-0.8309866649732868,-0.7667918536908422,-0.8073197258265875,-0.7491119811496599,-0.7892973556801695,-0.8319022038055256,-0.7948774016627175,-0.796083286087964,-0.7653618844191525,-0.7923507447952145,-0.7123790010895621,-0.7929943221657273,-0.7732541613042809,-0.8300275299056318,-0.7923938436431098,-0.7922021308460225,-0.7926257570611951,-0.8305714251504622,-0.7534428489768781,-0.8090530773254886,-0.7665274649389251,-0.7977003090732396,-0.11066426808372769,-0.8075988494534063,-0.7618079663070312,-0.8193571025796472
395,1519071081,-0.7348138020767039,-0.8109720206703227,-0.7861526541091703,-0.8244121073678032,-0.7913042420031569,-0.7568577105554912,-0.7350836379766458,-0.7879988175106398,-0.7207271504526693,-0.7599613202607921,-0.7785743037857346,-0.7890031347829358,-0.7805794957948463,-0.7351784523423823,-0.7872757604347669,-0.7851441023703789,-0.732263537027064,-0.7922191832390908,-0.8277953957232875,-0.8294829808474454,-0.7947797858823825,-0.7863450294798384,-0.17069114333744284,-0.788838534625254,-0.7929432014411307,-0.7783907335496387,-0.7931048421052669,-0.7139785741396191,-0.7351799723947282,-0.779720588421866,-0.8077260486095514,-0.7742169393708269,-0.7935471415060603,-0.15392073935589148,-0.7368777907349381,-0.809492314301258,-0.7598475004339854,-0.7561487540040076,-0.792117433454957,-0.7179990764771764,-0.5567771649665584,-0.7735778176567669,-0.7495024400208271,-0.7192383642225362,-0.042223416015498456,-0.7924683657924463,-0.7923697328380067,-0.793130073856523,-0.7879745841851157,-0.7779977341647808,-0.791530892077635,-0.7925323490322645,-0.7090625567074521,-0.7553885749537846,-0.7139194608391052,-0.7923971857337637,-0.809449256484721,-0.7999880752931168,-0.7652033762718737,-0.7715987406502849,-0.7934618352341031,-0.7912545520669069,-0.7882959739406367,0.6225578959423456,-0.7746576220262609,-0.8078566245496337,-0.7491275220594873,-0.8086878481891603,-0.7567632089356864,-0.7881641496325501,-0.7707965960659132,-0.7110859852846042,-0.8031161765289109,-0.7928182045690664,-0.7613732961129884,-0.7724161091638044,-0.7987415652656007,-0.7358169898019308,-0.7658715009040549,-0.8054143660015377,-0.7132392704808843,-0.795633494025914,-0.7769173103983795,-0.9304236284242644,-0.7730929728014238,-0.7782541028894409,-0.789291299823389,-0.4763413689342443,-0.7373632380686329,-0.7974330595176479,-0.7498477278208568,-0.819972051901209,-0.83137474362206,-0.7196561960312847,-0.7646268151853487,-0.7488732611345751,-0.7711485166603046,-0.8126624323033669,-0.793169851775082,-0.7996268042103272,-0.7363523107153779,-0.8202619998643323,-0.7868365194394957,-0.821266123693659,-0.8298587622232747,-0.7667918536908422,-0.8073197258265875,-0.7491119811496599,-0.7892973556801695,-0.830772680976457,-0.7948774016627175,-0.7950347676014997,-0.764849118796677,-0.7923507447952145,-0.7123790010895621,-0.7929943221657273,-0.7722080770111618,-0.8300275299056318,-0.7923938436431098,-0.7922021308460225,-0.7926257570611951,-0.8299364616672833,-0.7534428489768781,-0.8090530773254886,-0.7665274649389251,-0.7977003090732396,-0.11066426808372769,-0.8075988494534063,-0.7612020559887338,-0.8193571025796472
396,1519071086,-0.7320242293645721,-0.8063261255827089,-0.782192369438681,-0.8199159969426738,-0.7865779563212025,-0.7547092949901124,-0.7322922210517395,-0.7845434523362346,-0.7172840796045366,-0.7557187366057285,-0.7756253620288015,-0.7843009283471142,-0.7779408746659578,-0.7323873626788843,-0.7828221180076307,-0.7813267363998524,-0.7295687408721733,-0.7880388439220558,-0.8228055362836472,-0.8244019440365117,-0.7905844464027563,-0.782392039485115,-0.17069114333744284,-0.7850048237101988,-0.788485770942666,-0.772381221502337,-0.7886453795210001,-0.709807035446109,-0.7323918066638249,-0.7757534362673477,-0.8039857407889924,-0.7718636036285967,-0.7885776635643569,-1.042828463025658,-0.7315559358798973,-0.8049144689126748,-0.7562050156973275,-0.7534720075838366,-0.7877093578091172,-0.7157583645723045,-0.5567771649665584,-0.7687816610228418,-0.747248647557438,-0.716247749169573,-0.042223416015498456,-0.7884122681260349,-0.7881925292837472,-0.7895525301487603,-0.7841894088658937,-0.7751581878524001,-0.7879464429465053,-0.788133572109162,-0.7062924989200515,-0.7527176263122494,-0.7111312544858648,-0.7879847488347727,-0.8049328765582031,-0.795019164721108,-0.7621220261452558,-0.7674091070750108,-0.7897329093010937,-0.7877802254140019,-0.7844712069840196,0.3483654750035729,-0.7717226161006898,-0.80327184594122,-0.7468745837121421,-0.8036940929341417,-0.7527455139604972,-0.7847163514538447,-0.7676990737666864,-0.708858671704456,-0.7991119705999031,-0.7884033805008259,-0.7565366680674478,-0.7677077100673568,-0.7943350956458786,-0.7310269478528943,-0.763012747642058,-0.8019373970625385,-0.7104543880847852,-0.7914941109838529,-0.7733135166288033,-0.9299867492474992,-0.7689118345428865,-0.7753015188238187,-0.7858390564600723,-0.4763151853747731,-0.732585334273566,-0.7974330595176479,-0.7468502045071068,-0.81491101743149,-0.8263026856432364,-0.7151734441793924,-0.7624876076348478,-0.7459703264611603,-0.7680529870647801,-0.8080768762590218,-0.7882209074618786,-0.794637347483102,-0.7320895776221502,-0.8157663985918805,-0.7828803239693514,-0.8162103440709475,-0.8253471512232263,-0.7625058100135619,-0.8035768437745572,-0.7468614434647076,-0.7858448544028828,-0.8262545896601822,-0.7899018047896539,-0.7892679159259463,-0.761772525061824,-0.788390896301011,-0.7115835550651215,-0.7885813413165765,-0.7675006976921257,-0.8262233147874127,-0.7876724002917246,-0.7881435321834825,-0.7879058359387433,-0.8248567538018522,-0.7511304759558446,-0.8039676157925744,-0.7637505949033964,-0.7939682991431556,-0.11066426808372769,-0.8038588106563374,-0.7557488631240569,-0.8142953180848748
397,1519071092,-0.7320242293645721,-0.8063261255827089,-0.782192369438681,-0.8199159969426738,-0.7859871706109582,-0.7547092949901124,-0.7322922210517395,-0.7845434523362346,-0.7172840796045366,-0.7557187366057285,-0.7756253620288015,-0.7843009283471142,-0.7757631706724395,-0.7323873626788843,-0.7828221180076307,-0.7813267363998524,-0.7295687408721733,-0.7880388439220558,-0.8228055362836472,-0.8244019440365117,-0.7905844464027563,-0.782392039485115,-0.17069114333744284,-0.7850048237101988,-0.788485770942666,-0.772381221502337,-0.7886453795210001,-0.7091117789971907,-0.7323918066638249,-0.7757534362673477,-0.8039857407889924,-0.7718636036285967,-0.7885776635643569,0.012749458832189704,-0.7315559358798973,-0.8049144689126748,-0.7562050156973275,-0.7534720075838366,-0.7877093578091172,-0.7157583645723045,-0.5567771649665584,-0.7687816610228418,-0.747248647557438,-0.716247749169573,-0.042223416015498456,-0.7884122681260349,-0.7881925292837472,-0.7895525301487603,-0.7841894088658937,-0.7723915244313917,-0.7879464429465053,-0.788133572109162,-0.7062924989200515,-0.7527176263122494,-0.7111312544858648,-0.7874331942223988,-0.8044310565663678,-0.795019164721108,-0.7621220261452558,-0.7674091070750108,-0.7897329093010937,-0.7877802254140019,-0.7844712069840196,0.6362675169892843,-0.7705486137304614,-0.8027624260958408,-0.7468745837121421,-0.8036940929341417,-0.7527455139604972,-0.7847163514538447,-0.7676990737666864,-0.708858671704456,-0.7991119705999031,-0.7884033805008259,-0.7565366680674478,-0.7677077100673568,-0.7943350956458786,-0.7310269478528943,-0.763012747642058,-0.8019373970625385,-0.7104543880847852,-0.7914941109838529,-0.7733135166288033,-0.9296954964629892,-0.7689118345428865,-0.7753015188238187,-0.7846883086723001,-0.4763151853747731,-0.732585334273566,-0.7974330595176479,-0.7468502045071068,-0.81491101743149,-0.8263026856432364,-0.7144263188707437,-0.7624876076348478,-0.7459703264611603,-0.7680529870647801,-0.8080768762590218,-0.7882209074618786,-0.794637347483102,-0.7320895776221502,-0.8157663985918805,-0.7823857995355833,-0.8162103440709475,-0.8253471512232263,-0.7625058100135619,-0.8023292164238804,-0.7468614434647076,-0.7858448544028828,-0.8262545896601822,-0.7899018047896539,-0.7892679159259463,-0.7612597594393485,-0.788390896301011,-0.7114244658602333,-0.7885813413165765,-0.7675006976921257,-0.8262233147874127,-0.7870822198728015,-0.7881435321834825,-0.7879058359387433,-0.8248567538018522,-0.7483556283306044,-0.8034590696392829,-0.7615290988749733,-0.7939682991431556,-0.11066426808372769,-0.8038588106563374,-0.7557488631240569,-0.8142953180848748
398,1519071098,-0.7306294430085062,-0.8045839149248538,-0.7802122271034362,-0.8165439141238267,-0.7842148134802255,-0.7518447409029407,-0.7308965125892865,-0.7828157697490319,-0.7159068512652834,-0.7539004864678441,-0.7744457853260283,-0.7822110588200825,-0.7731737485636186,-0.7295962730153862,-0.7803478722147773,-0.7781455980910803,-0.7275476437560052,-0.7856500785980359,-0.819478963323887,-0.8224965552324115,-0.7869135243580834,-0.779921420738413,-0.17069114333744284,-0.7830879682526711,-0.7860094206657413,-0.7705783678881465,-0.7866633961502147,-0.707721266099354,-0.7303006823656474,-0.7742657542094032,-0.8014922022419531,-0.7700986018219241,-0.7858168424856327,0.1238629242909105,-0.7294271939378809,-0.802371221474573,-0.7543837733289984,-0.7514644477687082,-0.7857502130776328,-0.7135176526674325,-0.5567771649665584,-0.7669831022851199,-0.7442435909395858,-0.7147524416430914,-0.042223416015498456,-0.7866739405547157,-0.7864022991890645,-0.7865712437256246,-0.7804042335466718,-0.7695779561793021,-0.7861542183809404,-0.7859341836476107,-0.704214955579501,-0.7507144148310978,-0.7090400997209344,-0.7852269757729032,-0.8024237765990265,-0.7928107600224373,-0.7605813510819469,-0.7653142902873737,-0.7878684463345891,-0.7860430620875494,-0.7825588235057112,0.6294127064658149,-0.769374611360233,-0.8007247467143236,-0.745372624813912,-0.8018214347135098,-0.7514062823021008,-0.782992452364492,-0.7661503126170731,-0.7058889202642583,-0.7966093418942733,-0.7856441154581756,-0.75472293255037,-0.7650919327915526,-0.7921318608360175,-0.7288980403199893,-0.7615833710110594,-0.799039922946706,-0.708365726287711,-0.7879460683763719,-0.769709722859227,-0.9295013279399824,-0.7662986231313007,-0.7741204851975699,-0.7823868130967557,-0.4763035482372303,-0.7304618214757584,-0.7974330595176479,-0.7446020620217942,-0.8126616687782815,-0.8237666566538246,-0.7129320682534462,-0.7610614692678471,-0.744518859124453,-0.7665052222670178,-0.8050198388961252,-0.7860213766560104,-0.7927663012103925,-0.7294253694388829,-0.812956647796598,-0.7799131773667431,-0.8134015776138857,-0.8230913457232022,-0.7610771287878016,-0.8004577753978652,-0.7453610850080726,-0.782967770005144,-0.8239955440020448,-0.7880359559622551,-0.7871708789530177,-0.7597214625719221,-0.7864109720539093,-0.710947198245569,-0.7858232282858574,-0.7654085291058874,-0.8236871713752667,-0.7841313177781857,-0.7858243329477455,-0.7855458753775174,-0.8229518633523156,-0.7474306791221911,-0.8009163388728258,-0.7609737248678676,-0.7921022941781135,-0.11066426808372769,-0.8013654514582913,-0.7539311321691645,-0.8120456360871982
399,1519071103,-0.7271424771183416,-0.8016802304950952,-0.776746978016758,-0.8126098175018384,-0.7806700992187597,-0.7496963253375619,-0.7274072414331537,-0.7793604045746266,-0.7131523945867771,-0.7508700695713701,-0.7709070552177086,-0.7801211892930506,-0.7705480745452743,-0.726805183351888,-0.7768839281047825,-0.7736920044587994,-0.7248528476011143,-0.7826641219430109,-0.8167068191907535,-0.8205911664283113,-0.7842914371833171,-0.7769566782423705,-0.08572961197044983,-0.7811711127951435,-0.7830378003334315,-0.7681745630692258,-0.7836904210940369,-0.7049402403036807,-0.727512516634744,-0.7722821781321442,-0.7977518944213942,-0.7671569321441364,-0.7830560214069086,0.2349763897496313,-0.7257018955393524,-0.7977933760859898,-0.7495271270134545,-0.7487877013485371,-0.7828114959804062,-0.7105300367942698,-0.5567771649665584,-0.7651845435473981,-0.7412385343217337,-0.7110141728268874,-0.042223416015498456,-0.7837767279358505,-0.7834185823645934,-0.7835899573024889,-0.7778807833338571,-0.7667550069609963,-0.7831671774383322,-0.7826351009552838,-0.7007523833452503,-0.7480434661895625,-0.7055548417793839,-0.7830207573234077,-0.7994128566480146,-0.7889460517997638,-0.7575000009553291,-0.7621720651059181,-0.7853824957125829,-0.7825687354346444,-0.7787340565490941,0.6157030854188763,-0.7658526042495477,-0.7966493879512893,-0.7416177275683367,-0.7993245570860005,-0.7480582031561098,-0.7801192872155708,-0.7630527903178465,-0.7029191688240606,-0.7931056617063916,-0.7817811443984651,-0.7517000400219072,-0.7619530000605876,-0.7888270086212259,-0.7257046790206316,-0.7594393060645618,-0.7955629540077068,-0.7048846232925873,-0.7849893662034712,-0.7673071936795094,-0.9293071594169757,-0.7631627694373977,-0.7711679011319478,-0.7795099436273253,-0.4762860925309162,-0.7272765522790472,-0.7974330595176479,-0.7423539195364817,-0.8104123201250731,-0.8218646349117658,-0.7106906923275,-0.7582091925338459,-0.7423416581193919,-0.7634096926714933,-0.801453295306079,-0.7816223150442739,-0.7890242086649736,-0.7251626363456553,-0.8107088471603721,-0.7769460307641349,-0.8111545644482361,-0.8197076374731659,-0.7582197663362814,-0.7985863343718501,-0.7423603680948029,-0.7795152687278573,-0.8217364983439074,-0.7836823086983244,-0.784549582736857,-0.756644868837069,-0.7829461046214812,-0.7103108414260165,-0.783616737861282,-0.7622702762265301,-0.8217850638161571,-0.7811804156835699,-0.7829253339030741,-0.7814159443953721,-0.821046972902779,-0.7451183061011576,-0.7978650619530773,-0.7581968548323389,-0.7896142875580575,-0.11066426808372769,-0.7994954320597568,-0.7509015805776774,-0.8097959540895215
400,1519071109,-0.7257476907622756,-0.7981958091793848,-0.7737767645138908,-0.8092377346829912,-0.778897742088027,-0.7482640482939761,-0.7260115329707005,-0.7770568277916897,-0.7110865520778974,-0.748445736054191,-0.7685479018121623,-0.7769863850025028,-0.768282330200056,-0.7254096385201391,-0.7739148331533583,-0.7711470938117817,-0.723505449523669,-0.7808725479499959,-0.8133802462309933,-0.8167803888201111,-0.7811449325735974,-0.7734978119969875,-0.17069114333744284,-0.7766984500609124,-0.7795709099457367,-0.7651698070455749,-0.7797264543524663,-0.7035497274058441,-0.7261184337692924,-0.7698027080355702,-0.7952583558743548,-0.7648035964019061,-0.7786387076809499,0.012749458832189704,-0.723573153597336,-0.7957587781355083,-0.7477058846451254,-0.746110954928366,-0.7798727788831796,-0.7090362288576885,-0.5567771649665584,-0.7627864652304355,-0.7404872701672707,-0.7095188653004058,-0.042223416015498456,-0.7797206302694392,-0.7816283522699108,-0.7818011854486075,-0.7747264705678388,-0.763950819675123,-0.7807775446842457,-0.7793360182629568,-0.6993673544515498,-0.746040254708411,-0.7041607386027637,-0.7786083204244165,-0.7959001167051675,-0.7850813435770903,-0.7554457675375839,-0.7595535441213718,-0.7822750574350751,-0.7790944087817395,-0.7761842119113493,0.5814290328015297,-0.7646786018793194,-0.7946117085697721,-0.7401157686701066,-0.7955792406447366,-0.7467189714977135,-0.7766714890368654,-0.7609877754516953,-0.7021767309640112,-0.7896019815185099,-0.7784700263472848,-0.7498863045048294,-0.7598603782399443,-0.7849713477039691,-0.7230435446045003,-0.7558658644870656,-0.7926654798918742,-0.7034921820945378,-0.7820326640305704,-0.7649046644997919,-0.9290159066324657,-0.761072200308129,-0.7688058338794501,-0.7772084480517808,-0.4762657275402164,-0.7251530394812397,-0.7974330595176479,-0.7408551578796067,-0.8059136228186562,-0.8180605914276481,-0.7091964417102027,-0.756069984983345,-0.7401644571143309,-0.7613460062744769,-0.7983962579431824,-0.7777731361340046,-0.7852821161195547,-0.7230312697990414,-0.8062132458879201,-0.7739788841615267,-0.8066605381169369,-0.8163239292231297,-0.7575054257234013,-0.7948434523198199,-0.740860009638168,-0.7772136012096661,-0.8172184070276326,-0.7805725606526598,-0.7814040272774642,-0.7551065719696426,-0.7794812371890532,-0.7099926630162403,-0.7792037570121314,-0.7601781076402918,-0.817980848697938,-0.7788196940078772,-0.7794465350494684,-0.7796459739744527,-0.8172371920037056,-0.7437308822885375,-0.7948137850333287,-0.7565307328110216,-0.7852602759729593,-0.11066426808372769,-0.7957553932626878,-0.7490838496227851,-0.8052965900941683
401,1519071115,-0.7243529044062097,-0.7952921247496263,-0.7717966221786461,-0.8069896794704265,-0.7759438135368055,-0.7475479097721832,-0.7246158245082475,-0.775329145204487,-0.7090207095690177,-0.7454153191577169,-0.7667785367580024,-0.774896515475471,-0.7656255831164058,-0.72401409368839,-0.7719354365190756,-0.7692384108265184,-0.7221580514462236,-0.7784837826259761,-0.8106081020978597,-0.8142398704146442,-0.7790472628337843,-0.7715213169996258,-0.17069114333744284,-0.7741426427842089,-0.777094559668812,-0.7633669534313844,-0.777744470981681,-0.701463958059089,-0.7240273094711148,-0.767819131958311,-0.7933882019640753,-0.7624502606596759,-0.7764300508179706,0.3460898552083521,-0.7198478551988075,-0.7937241801850269,-0.7452775614873535,-0.7447725817182804,-0.7774238479688241,-0.7075424209211072,-0.5567771649665584,-0.7609879064927135,-0.7389847418583445,-0.7072759040106833,-0.042223416015498456,-0.7779823026981201,-0.7780478920805455,-0.779416156310099,-0.7722030203550242,-0.761144467550892,-0.7783879119301591,-0.7765867826860177,-0.6979823255578496,-0.7447047803876433,-0.7013725322495233,-0.776402101974921,-0.7933910167459909,-0.7828729388784197,-0.7533915341198386,-0.7564113189399162,-0.7797891068130688,-0.777357245455287,-0.7742718284330409,0.6259853012040802,-0.7629175983239767,-0.7915551894974964,-0.7393647892209916,-0.7937065824241046,-0.745379739839317,-0.7749475899475127,-0.7584065068690063,-0.7006918552439124,-0.787599878554006,-0.7762626143131646,-0.7468634119763665,-0.7567214455089792,-0.7827681128941081,-0.7198501833051426,-0.7551511761715664,-0.7909269954223747,-0.7020997408964883,-0.7802586427268299,-0.7631027676150037,-0.9288217381094589,-0.757936346614226,-0.765853249813828,-0.7754823263701225,-0.4762482718339023,-0.7214368920850766,-0.7974330595176479,-0.7386070153942941,-0.8036642741654477,-0.8148905551908834,-0.7077021910929052,-0.7546438466163443,-0.7379872561092699,-0.7592823198774606,-0.7963582330345845,-0.7755736053281364,-0.7834110698468452,-0.7198342199791207,-0.8039654452516941,-0.7720007864264545,-0.803851771659875,-0.8140681237231054,-0.7560767444976412,-0.7929720112938047,-0.7393596511815331,-0.7754873505710227,-0.8149593613694952,-0.778706711825261,-0.7793069903045357,-0.7530555094797405,-0.7775013129419514,-0.7096744846064641,-0.7764456439814122,-0.7565168126143749,-0.8160787411388285,-0.7758687919132614,-0.7771273358137313,-0.7778760035535333,-0.8153323015541689,-0.7428059330801241,-0.7922710542668716,-0.7559753588039159,-0.7833942710079173,-0.11066426808372769,-0.7926386942651305,-0.7454483877130005,-0.8024844875970726
402,1519071120,-0.7229581180501439,-0.7935499140917711,-0.7698164798434014,-0.8036175966515794,-0.7741714564060727,-0.7453994942068044,-0.7232201160457944,-0.7736014626172844,-0.7076434812297646,-0.7435970690198325,-0.7655989600552292,-0.7712392438031653,-0.763484131032411,-0.722618548856641,-0.7694611907262221,-0.7660572725177464,-0.7201369543300555,-0.7766922086329611,-0.8072815291380995,-0.812334481610544,-0.7759007582240647,-0.7690506982529237,-0.17069114333744284,-0.7715868355075054,-0.7751134794472722,-0.7597612462030033,-0.7752669917681995,-0.699378188712334,-0.7226332266056632,-0.765339661861737,-0.7902712787802761,-0.7612735927885609,-0.7736692297392463,0.0683061915615501,-0.7177191132567912,-0.7916895822345454,-0.7434563191190244,-0.7434342085081949,-0.7749749170544686,-0.7067955169528165,-0.5567771649665584,-0.7573907890172697,-0.7374822135494185,-0.7057805964842017,-0.042223416015498456,-0.7750850900792549,-0.7762576619858628,-0.7764348698869633,-0.7690487075890059,-0.7583626502613806,-0.775400870987551,-0.7743873942244663,-0.6965972966641493,-0.7427015689064919,-0.6999784290729031,-0.7741958835254255,-0.7913837367786496,-0.780664534179749,-0.7518508590565297,-0.7537927979553699,-0.7779246438465641,-0.7756200821288345,-0.7710845226358599,0.6122756801571416,-0.7611565947686341,-0.7895175101159791,-0.7378628303227615,-0.7905854853897181,-0.7433708923517225,-0.7720744247985916,-0.756857745719393,-0.6992069795238135,-0.7855977755895023,-0.7735033492705142,-0.7450496764592888,-0.754628823688336,-0.780564878084247,-0.7177212757722375,-0.753721799540568,-0.7891885109528751,-0.7007072996984388,-0.7784846214230894,-0.7600996061403569,-0.9284334010634455,-0.7553231352026403,-0.7646722161875792,-0.7737562046884643,-0.47623372541197384,-0.719313379287269,-0.7974330595176479,-0.7371082537374191,-0.800290251185635,-0.8123545262014715,-0.7047136898583103,-0.7532177082493438,-0.7365357887725624,-0.7577345550796983,-0.7943202081259868,-0.7733740745222681,-0.7815400235741358,-0.7177028534325068,-0.8011556944564117,-0.7700226886913824,-0.8010430052028131,-0.8106844154730692,-0.7539337226590009,-0.7911005702677896,-0.7386094719532157,-0.7731856830528316,-0.8115707928822891,-0.7768408629978621,-0.7756371756019107,-0.7515172126123141,-0.7755213886948497,-0.7093563061966878,-0.7742391535568368,-0.7544246440281367,-0.8129085618736459,-0.774098250656492,-0.7753879363869284,-0.7761060331326137,-0.8115225206550956,-0.7418809838717106,-0.7902368696537059,-0.7548646107897043,-0.7815282660428753,-0.11066426808372769,-0.790768674866596,-0.7436306567581081,-0.800234805599396
403,1519071126,-0.7215633316940779,-0.7918077034339159,-0.7678363375081566,-0.8013695414390146,-0.770626742144607,-0.7432510786414257,-0.7218244075833413,-0.7718737800300818,-0.7062662528905115,-0.7417788188819481,-0.7638295950010694,-0.7691493742761335,-0.7609257819888959,-0.7205252316090174,-0.7669869449333687,-0.7641485895324831,-0.7181158572138875,-0.7731090606469311,-0.8045093850049659,-0.8091588336037103,-0.7732786710492984,-0.7670742032555621,-0.17069114333744284,-0.7696699800499778,-0.7731323992257323,-0.7579583925888128,-0.7732850083974142,-0.6979876758144974,-0.7205421023074857,-0.7638519798037926,-0.7877777402332369,-0.7600969249174457,-0.7703562444447773,0.2349763897496313,-0.7155903713147748,-0.7891463347964436,-0.7404209151718094,-0.7420958352981093,-0.7730157723229842,-0.7030609971113632,-0.5567771649665584,-0.7555922302795478,-0.7352284210860294,-0.7042852889577201,-0.042223416015498456,-0.7733467625079357,-0.7744674318911802,-0.7740498407484547,-0.7665252573761913,-0.7555541332987921,-0.773608646421986,-0.7721880057629151,-0.6938272388767486,-0.7406983574253403,-0.6978872743079728,-0.7708865558511822,-0.7893764568113083,-0.7784561294810785,-0.7503101839932208,-0.7516979811677328,-0.7760601808800595,-0.7733038643602312,-0.7691721391575514,0.6157030854188763,-0.7588085900281772,-0.7864609910437035,-0.7363608714245313,-0.7874643883553315,-0.7413620448641279,-0.7703505257092388,-0.7553089845697797,-0.6962372280836159,-0.7830951468838725,-0.7707440842278639,-0.743235940942211,-0.7514898909573708,-0.778361643274386,-0.7155923682393325,-0.7522924229095694,-0.7862910368370425,-0.6979224173023397,-0.7761192596847687,-0.7570964446657099,-0.9282392325404387,-0.7527099237910544,-0.7629006657482059,-0.7703039613251477,-0.4762220882744311,-0.7171898664894615,-0.7974330595176479,-0.735609492080544,-0.7980409025324265,-0.8104525044594127,-0.7039665645496616,-0.7503654315153425,-0.735084321435855,-0.756186790281936,-0.7917726769902396,-0.7711745437163999,-0.7796689773014263,-0.7145058036125861,-0.7989078938201857,-0.7670555420887741,-0.7987959920371636,-0.808428609973045,-0.7510763602074806,-0.7873576882157592,-0.7371091134965808,-0.7703085986550927,-0.8093117472241517,-0.7749750141704633,-0.7735401386289822,-0.749466150122412,-0.7730464833859725,-0.7088790385820235,-0.7714810405261177,-0.7523324754418984,-0.8110064543145363,-0.7723277093997225,-0.7736485369601256,-0.7737460725713878,-0.809617630205559,-0.7409560346632973,-0.7882026850405401,-0.7537538627754928,-0.7796622610778332,-0.11066426808372769,-0.7882753156685499,-0.7418129258032159,-0.7974227031023002
404,1519071131,-0.7194711521599791,-0.7894847558901091,-0.7648661240052895,-0.79912148622645,-0.7688543850138742,-0.7418188015978399,-0.7197308448896617,-0.7684184148556764,-0.7048890245512583,-0.7399605687440637,-0.761470441595523,-0.7670595047491017,-0.7583026973926603,-0.7191296867772684,-0.7650075482990859,-0.7622399065472198,-0.716768459136442,-0.7713174866539161,-0.8022916696984591,-0.8066183151982435,-0.770656583874532,-0.7650977082582003,-0.17069114333744284,-0.7677531245924502,-0.7711513190041925,-0.7561555389746223,-0.7713030250266288,-0.6965971629166607,-0.7184509780093081,-0.7623642977458482,-0.7859075863229573,-0.7577435891752156,-0.768147587581798,0.3460898552083521,-0.7134616293727585,-0.7866030873583418,-0.7385996728034804,-0.740088275482981,-0.7710566275915,-0.7008202852064912,-0.5567771649665584,-0.753793671541826,-0.7337258927771032,-0.7012946739047569,-0.042223416015498456,-0.7716084349366166,-0.7714837150667091,-0.7716648116099463,-0.7646326697165803,-0.7527355137572014,-0.7712190136678995,-0.7699886173013638,-0.6924422099830483,-0.7393628831045727,-0.6957961195430424,-0.7686803374016866,-0.7868673568521317,-0.7762477247824079,-0.7482559505754756,-0.7490794601831865,-0.7741957179135548,-0.7715667010337787,-0.7666222945198068,0.6122756801571416,-0.7576345876579489,-0.7844233116621863,-0.7341079330771861,-0.7855917301346995,-0.7400228132057315,-0.7686266266198861,-0.7537602234201664,-0.6947523523635171,-0.7810930439193686,-0.7685366721937437,-0.7402130484137481,-0.7493972691367276,-0.776158408464525,-0.7134634607064274,-0.7501483579630718,-0.7845525523675428,-0.6958337555052655,-0.7737538979464481,-0.7546939154859924,-0.928045064017432,-0.7500967123794686,-0.761719632121957,-0.7685778396434894,-0.4762104511368883,-0.7145354754922021,-0.7974330595176479,-0.7333613495952316,-0.7957915538792181,-0.8079164754700009,-0.7024723139323642,-0.7496523623318422,-0.7343585877675014,-0.7541231038849198,-0.7892251458544923,-0.7684251302090647,-0.7777979310287169,-0.7123744370659723,-0.7960981430249032,-0.765077444353702,-0.7959872255801016,-0.8056088530980148,-0.7503620195946005,-0.7854862471897441,-0.7348585758116284,-0.7685823480164493,-0.8070527015660143,-0.7718652661247986,-0.7714431016560536,-0.7479278532549856,-0.7710665591388707,-0.7085608601722472,-0.7692745501015423,-0.749194222562541,-0.8078362750493537,-0.770557168142953,-0.7719091375333227,-0.7707961218698555,-0.8077127397560223,-0.7400310854548839,-0.7861685004273745,-0.753198488768387,-0.7777962561127911,-0.11066426808372769,-0.7864052962700154,-0.7399951948483235,-0.7946106006052045
405,1519071137,-0.7159841862698144,-0.7860003345743988,-0.7604108037509889,-0.7951873896044617,-0.7653096707524085,-0.7368058319452894,-0.7155437195023023,-0.7643871554855369,-0.7014459537031255,-0.7363240684682949,-0.7585214998385901,-0.763402233076796,-0.7571866564637586,-0.7149430522820213,-0.760059056713379,-0.7584225405766933,-0.7120525658653832,-0.7683315299988912,-0.7989650967386989,-0.8028075375900432,-0.7675100792648123,-0.7606505945141366,-0.17069114333744284,-0.7639194136773949,-0.7666938885057278,-0.7537517341557016,-0.766843562442362,-0.6924256242231507,-0.7156628122784048,-0.7588930396106447,-0.7821672785023984,-0.7553902534329854,-0.7637302738558394,-1.2650553939430995,-0.7097363309742298,-0.782533891457379,-0.7337430264879364,-0.736742342457767,-0.7666485519456601,-0.6985795733016192,-0.5567771649665584,-0.7501965540663821,-0.7299695720047881,-0.6975564050885529,-0.042223416015498456,-0.7675523372702052,-0.7684999982422379,-0.7686835251868106,-0.761478356950562,-0.750022971295133,-0.7676345645367696,-0.7639402990320977,-0.6889796377487976,-0.7360241973026534,-0.692310861601492,-0.7642679005026954,-0.7828527969174492,-0.771278814210399,-0.745688158803294,-0.7454135308048216,-0.7679808413585392,-0.767513319938723,-0.7627975275631896,0.4340506065469394,-0.7552865829174921,-0.7803479528991519,-0.7311040152807259,-0.7818464136934357,-0.7353355024013442,-0.7646041954113965,-0.7506627011209396,-0.6917826009233193,-0.777088837990361,-0.7641218481255031,-0.7365855773795926,-0.7462583364057624,-0.7706503214398723,-0.7097378725238436,-0.7465749163855756,-0.7810755834285438,-0.6930488731091665,-0.7702058553389671,-0.7516907540113456,-0.9277052691021702,-0.7469608586855656,-0.7581765312432105,-0.7651255962801727,-0.4761842675774171,-0.710819328096039,-0.7974330595176479,-0.7303638262814814,-0.7912928565728012,-0.8041124319858832,-0.6979895620804718,-0.7460870164143406,-0.730729919425733,-0.7510275742893952,-0.7851490960372968,-0.7640260685973282,-0.7734321563923947,-0.7081117039727446,-0.7916025417524513,-0.7611212488835577,-0.7914931992488025,-0.8016611934729725,-0.74536163530444,-0.7817433651377138,-0.7303575004417238,-0.7639790129800671,-0.8030993716642738,-0.7681335684700009,-0.7682975461966608,-0.745364025142608,-0.7666117295828918,-0.7079245033526947,-0.7643099466462479,-0.7460559696831837,-0.8040320599311347,-0.767016085629414,-0.7678505388707828,-0.7672561810280166,-0.803902958856949,-0.7372562378296437,-0.7815915850477516,-0.7498662447257526,-0.772198241217665,-0.11066426808372769,-0.782041917673435,-0.736359732938539,-0.7901112366098513
406,1519071143,-0.7152867930917816,-0.785419597688447,-0.7604108037509889,-0.7940633619981793,-0.7653096707524085,-0.7368058319452894,-0.7155437195023023,-0.7643871554855369,-0.7014459537031255,-0.7345058183304104,-0.7585214998385901,-0.7623572983132801,-0.7545506247569789,-0.7149430522820213,-0.760059056713379,-0.7577863129149389,-0.7120525658653832,-0.7677343386678862,-0.7978562390854455,-0.8021724079886764,-0.7664612443949058,-0.7606505945141366,-0.17069114333744284,-0.7632804618582191,-0.7661986184503429,-0.7519488805415111,-0.766843562442362,-0.6924256242231507,-0.714965770845679,-0.7588930396106447,-0.7821672785023984,-0.7548019194974278,-0.7637302738558394,-0.2094774720852519,-0.7086719600032216,-0.782533891457379,-0.7331359456984934,-0.7360731558527243,-0.7666485519456601,-0.6985795733016192,-0.5567771649665584,-0.7489975149079009,-0.7299695720047881,-0.6975564050885529,-0.042223416015498456,-0.7675523372702052,-0.7679032548773438,-0.7680872679021835,-0.7608474943973583,-0.747217340783688,-0.7664397481597264,-0.76339045191671,-0.6889796377487976,-0.7360241973026534,-0.692310861601492,-0.7642679005026954,-0.782350976925614,-0.7707267130357314,-0.7451746004488576,-0.7443661224110031,-0.7667378660475361,-0.767513319938723,-0.7615226052443174,0.6396949222510189,-0.7546995817323778,-0.7803479528991519,-0.7296020563824958,-0.7818464136934357,-0.7353355024013442,-0.7646041954113965,-0.7501464474044018,-0.6917826009233193,-0.777088837990361,-0.7641218481255031,-0.7359809988739001,-0.7452120254954409,-0.7700995127374071,-0.7081411918741647,-0.7458602280700763,-0.7810755834285438,-0.6930488731091665,-0.7702058553389671,-0.7510901217164161,-0.9276081848406669,-0.7459155741209313,-0.7575860144300861,-0.7645502223862867,-0.4761842675774171,-0.7097575716971352,-0.7974330595176479,-0.729614445453044,-0.7912928565728012,-0.8041124319858832,-0.6979895620804718,-0.7460870164143406,-0.730729919425733,-0.7505116526901411,-0.7851490960372968,-0.7640260685973282,-0.7721847922105884,-0.7070460206994377,-0.7916025417524513,-0.7606267244497896,-0.7914931992488025,-0.8005332907229604,-0.74536163530444,-0.7817433651377138,-0.7303575004417238,-0.7639790129800671,-0.8019698488352052,-0.7681335684700009,-0.7667247684669644,-0.7448512595201325,-0.7666117295828918,-0.7076063249429185,-0.7643099466462479,-0.7450098853900645,-0.8040320599311347,-0.7658357247915677,-0.7666909392529142,-0.7672561810280166,-0.803902958856949,-0.7372562378296437,-0.7810830388944602,-0.7498662447257526,-0.771576239562651,-0.11066426808372769,-0.782041917673435,-0.7351479123019441,-0.7895488161104322
407,1519071148,-0.7124972203796498,-0.7813544394867851,-0.7559554834966882,-0.7895672515730497,-0.7611741707806986,-0.7346574163799106,-0.7127523025773961,-0.7603558961153974,-0.6980028828549926,-0.7302632346753468,-0.755572558081657,-0.7576550918774585,-0.7522926486780871,-0.7121519626185231,-0.7561002634448135,-0.7539689469444124,-0.7093577697104925,-0.7641511906818562,-0.7934208084724318,-0.7977265007791094,-0.7622659049152797,-0.7566976045194133,-0.17069114333744284,-0.7594467509431638,-0.7622364580072633,-0.7471412709036697,-0.7623840998580952,-0.6889493419785591,-0.7114805636820498,-0.7554217814754411,-0.7784269706818394,-0.7518602498196401,-0.7587607959141358,-0.7650447993788558,-0.7038822906336849,-0.7774473965811753,-0.7294934609618354,-0.7333964094325531,-0.7622404762998202,-0.6963388613967473,-0.5567771649665584,-0.7442013582739757,-0.7269645153869359,-0.6953134437988304,-0.042223416015498456,-0.7634962396037939,-0.7625325645932958,-0.7645097241944206,-0.7570623190781364,-0.7444095454338853,-0.7628552990285966,-0.7589916749936073,-0.6855170655145467,-0.7333532486611182,-0.6895226552482515,-0.7593039089913305,-0.7778345969990961,-0.7663099036383901,-0.7420932503222398,-0.740176488835729,-0.7630089401145268,-0.7634599388436671,-0.7576978382877003,0.5060261170433672,-0.7511775746216925,-0.7757631742907383,-0.7273491180351506,-0.7768526584384171,-0.7319874232553533,-0.7611563972326911,-0.7470489251051751,-0.6880704116230723,-0.7730846320613532,-0.7597070240572626,-0.7311443708283595,-0.741026781854154,-0.7651422344152198,-0.7033511499251283,-0.7437161631235787,-0.7775986144895446,-0.6902639907130675,-0.7666578127314861,-0.7474863279468398,-0.9271227635331502,-0.741734435862394,-0.7552239471775885,-0.76109797902297,-0.47615808401794596,-0.7044487897026164,-0.7974330595176479,-0.7266169221392939,-0.7862318221030822,-0.7990403740070596,-0.6942539355372283,-0.7432347396803394,-0.7271012510839645,-0.7474161230946166,-0.7810730462201012,-0.7590771242841248,-0.7684426996651695,-0.70278328760621,-0.7871069404799994,-0.7566705289796454,-0.786437419626091,-0.7954577283479061,-0.7425042728529196,-0.7773766694103452,-0.7281069627567714,-0.7605265117027804,-0.7974517575189304,-0.7637799212060703,-0.7620064352778751,-0.741261900162804,-0.7621569000269128,-0.706969968123366,-0.7593453431909534,-0.7397794639244689,-0.8002278448129156,-0.7622946422780288,-0.7632121403993085,-0.7619462697652584,-0.7994582144746968,-0.7349438648086102,-0.7770146696681288,-0.7470893746902239,-0.7672222279775529,-0.11066426808372769,-0.7776785390768545,-0.730906540073862,-0.7844870316156597
408,1519071154,-0.7111024340235839,-0.7796122288289299,-0.7539753411614435,-0.7884432239667675,-0.7582202422294771,-0.7325090008145319,-0.711356594114943,-0.7586282135281948,-0.6966256545157394,-0.729657151296052,-0.7543929813788838,-0.7566101571139426,-0.7500890504634805,-0.7107564177867741,-0.7536260176519601,-0.7526964916209036,-0.7073366725943244,-0.7617624253578362,-0.7917575219925517,-0.7970913711777426,-0.7612170700453731,-0.7547211095220515,-0.17069114333744284,-0.758168847304812,-0.7602553777857234,-0.7465403196989395,-0.7604021164873098,-0.6875588290807224,-0.7100864808165981,-0.7539340994174968,-0.7759334321348001,-0.750683581948525,-0.7576564674826461,-0.32059093754397266,-0.7022857341771727,-0.7754127986306939,-0.7282792993829493,-0.7313888496174248,-0.7602813315683358,-0.6948450534601659,-0.5567771649665584,-0.7436018386947352,-0.7262132512324728,-0.6938181362723488,-0.042223416015498456,-0.7617579120324748,-0.7613390778635073,-0.7627209523405393,-0.7551697314185254,-0.7416392739489477,-0.7622578908400749,-0.7573421336474438,-0.682747007727146,-0.7313500371799667,-0.6881285520716314,-0.7576492451542088,-0.7758273170317548,-0.7646536001143872,-0.7410661336133673,-0.7391290804419104,-0.7617659648035237,-0.7617227755172147,-0.7564229159688279,0.6294127064658149,-0.74941657106635,-0.7732160750638418,-0.7258471591369204,-0.7762284390315398,-0.7299785757677586,-0.7594324981433384,-0.7460164176720996,-0.6851006601828745,-0.7700814776145976,-0.7574996120231424,-0.7299352138169742,-0.7394573154886716,-0.763489808307824,-0.7022866961586758,-0.7415720981770809,-0.7741216455505455,-0.6888715495150181,-0.7631097701240052,-0.7462850633569811,-0.9267344264871367,-0.7401665090154426,-0.7540429135513396,-0.7587964834474257,-0.4761464468804032,-0.7033870333037127,-0.7974330595176479,-0.7251181604824188,-0.7851071477764779,-0.7984063667597067,-0.6935068102285795,-0.7418086013133388,-0.7256497837472571,-0.7463842798961083,-0.7780160088572045,-0.7574274761797236,-0.7671953354833633,-0.7017176043329031,-0.7854210900028299,-0.7541979068108051,-0.7853139130432663,-0.794329825597894,-0.7403612510142794,-0.77550522838433,-0.7266066043001366,-0.7582248441845892,-0.7963222346898616,-0.7619140723786715,-0.7609579167914109,-0.7397236032953776,-0.760176975779811,-0.7066517897135898,-0.7576904753725218,-0.7382103374847903,-0.7989597731068426,-0.7605241010212593,-0.7614727409725057,-0.7601762993443388,-0.7981882875083389,-0.7312440679749567,-0.7749804850549631,-0.744312504654695,-0.7659782246675249,-0.11066426808372769,-0.77580851967832,-0.7290888091189697,-0.7833621906168214
409,1519071159,-0.7090102544894851,-0.7778700181710747,-0.7519951988261988,-0.7861951687542027,-0.7564478850987443,-0.730360585249153,-0.7092630314212633,-0.7569005309409921,-0.6952484261764863,-0.726626734399578,-0.7514440396219508,-0.7545202875869108,-0.747639457148536,-0.7086631005391505,-0.7516466210176773,-0.7507878086356403,-0.7053155754781564,-0.7587764687028113,-0.7895398066860448,-0.7939157231709091,-0.7585949828706067,-0.7527446145246899,-0.08572961197044983,-0.7562519918472844,-0.7582742975641835,-0.744737466084749,-0.7584201331165246,-0.6861683161828858,-0.7086923979511465,-0.7524464173595524,-0.772816508951001,-0.7483302462062947,-0.7543434821881772,-0.15392073935589148,-0.6990926212641482,-0.772869551192592,-0.7258509762251774,-0.7300504764073392,-0.7583221868368514,-0.6926043415552939,-0.5567771649665584,-0.7418032799570132,-0.7232081946146206,-0.693070482509108,-0.042223416015498456,-0.7600195844611556,-0.7583553610390362,-0.7597396659174036,-0.7532771437589144,-0.7388293137607874,-0.7592708498974667,-0.7545928980705048,-0.6813619788334457,-0.730014562859199,-0.6867344488950111,-0.7543399174799655,-0.7738200370644136,-0.7618930942410489,-0.7384983418411857,-0.7359868552604548,-0.7592800141815174,-0.7599856121907622,-0.7532356101716471,0.6362675169892843,-0.7476555675110074,-0.7711783956823247,-0.7235942207895752,-0.7731073419971533,-0.7286393441093623,-0.7577085990539857,-0.7439514028059484,-0.6836157844627757,-0.7680793746500937,-0.754188493971962,-0.727516899794204,-0.7357952273025458,-0.7607357647954976,-0.6990933348593181,-0.7408574098615818,-0.7723831610810459,-0.6867828877179438,-0.7607444083856845,-0.7438825341772636,-0.9264917158333783,-0.7370306553215396,-0.7522713631119663,-0.7570703617657674,-0.47613480974286043,-0.7002017641070014,-0.7974330595176479,-0.7236193988255438,-0.7811707876333631,-0.795236330522942,-0.692012559611282,-0.7403824629463381,-0.7249240500789034,-0.7438046718998379,-0.7754684777214572,-0.7546780626723884,-0.7647006071197506,-0.6985205545129823,-0.7814874388894344,-0.7522198090757329,-0.7819433932947919,-0.7909461173478577,-0.7396469104013994,-0.7730099736829765,-0.7243560666151841,-0.756498593545946,-0.7940631890317242,-0.7600482235512727,-0.7588608798184824,-0.7376725408054755,-0.7581970515327093,-0.7061745220989254,-0.7543807397356588,-0.7350720846054328,-0.7951555579886235,-0.7575731989266435,-0.7597333415457028,-0.7578163387831129,-0.7950134700924445,-0.7303191187665433,-0.772437754288506,-0.7432017566404835,-0.7634902180474687,-0.11066426808372769,-0.7726918206807626,-0.72666516784578,-0.7799876676203065
410,1519071165,-0.7062206817773533,-0.773224123083461,-0.7475398785718981,-0.7805750307227908,-0.7523123851270344,-0.7274960311619814,-0.705075906033904,-0.7522933773751184,-0.6918053553283535,-0.7229902341238091,-0.7484950978650178,-0.7498180811510892,-0.745428090667603,-0.7051742384597779,-0.7476878277491118,-0.7450617596798506,-0.7019470802845429,-0.7557905120477864,-0.7851043760730312,-0.7901049455627087,-0.7543996433909805,-0.7478033770312856,-0.17069114333744284,-0.7498624736555257,-0.753321597010334,-0.7399298564469076,-0.752969678846865,-0.6833872903872124,-0.7059042322202431,-0.7494710532436636,-0.769076201130442,-0.7436235747218344,-0.7493740042464737,-1.4872823248605411,-0.6958995083511237,-0.7688003552916292,-0.7216014106990764,-0.7260353567770825,-0.7544038973738827,-0.6896167256821313,-0.5567771649665584,-0.7376066429023288,-0.7202031379967685,-0.6885845599296632,-0.042223416015498456,-0.7548046017471982,-0.7559683875794594,-0.7567583794942679,-0.7494919684396925,-0.7360301777644151,-0.755686400766337,-0.7501941211474021,-0.6785919210460452,-0.726008139896896,-0.6825521393651506,-0.7499274805809744,-0.7693036571378957,-0.7563720824943724,-0.7343898750056952,-0.73232092588209,-0.755551088248508,-0.7547741222114047,-0.7481359208961577,0.28667218029234903,-0.7441335604003221,-0.766593617073911,-0.7213412824422302,-0.768737806149012,-0.7259608807925695,-0.7525369017859276,-0.7408538805067217,-0.6813884708826274,-0.7630741172388341,-0.7497736699037215,-0.7244940072657411,-0.7326562945715807,-0.7557784864733104,-0.6953677466767342,-0.7365692799685863,-0.7677472024957137,-0.6839980053218447,-0.7571963657782036,-0.7402787404076873,-0.9261033787873648,-0.7333721593453194,-0.7487282622332198,-0.7530427445085647,-0.47611153546777496,-0.69701649491029,-0.7974330595176479,-0.7213712563402314,-0.7761097531636442,-0.7914322870388243,-0.689771183685336,-0.7368171170288367,-0.7212953817371349,-0.7407091423043134,-0.7713924279042617,-0.7497291183591849,-0.7597111503925253,-0.6942578214197547,-0.7769918376169825,-0.7477690891718206,-0.7768876136720805,-0.7858705549728033,-0.736789547949879,-0.7692670916309462,-0.720605170473597,-0.7530460922686593,-0.7878508134718465,-0.7550726266782091,-0.7541425466293931,-0.7345959470706225,-0.7532472409149549,-0.705538165279373,-0.7499677588865081,-0.7319338317260755,-0.7913513428704044,-0.7540321164131045,-0.7550949430742286,-0.7542763979412741,-0.7905687257101923,-0.7280067457455098,-0.7683693850621746,-0.7404248866049548,-0.7591362064623707,-0.11066426808372769,-0.7689517818836936,-0.7236356162542927,-0.7754883036249532
411,1519071171,-0.7062206817773533,-0.773224123083461,-0.7475398785718981,-0.7794510031165085,-0.7523123851270344,-0.7274960311619814,-0.705075906033904,-0.7522933773751184,-0.6918053553283535,-0.7223841507445143,-0.7479053095136312,-0.7487731463875733,-0.7429111723778291,-0.7051742384597779,-0.7476878277491118,-0.7444255320180961,-0.7019470802845429,-0.7551933207167814,-0.7839955184197778,-0.7901049455627087,-0.7533508085210741,-0.7473092532819453,-0.17069114333744284,-0.7492235218363499,-0.753321597010334,-0.7393289052421774,-0.752969678846865,-0.6833872903872124,-0.7052071907875173,-0.7494710532436636,-0.7684528164936821,-0.7430352407862768,-0.7493740042464737,-0.04280727389717069,-0.6943029518946114,-0.7688003552916292,-0.7203872491201904,-0.7260353567770825,-0.7544038973738827,-0.6896167256821313,-0.5567771649665584,-0.7364076037438475,-0.7202031379967685,-0.6885845599296632,-0.042223416015498456,-0.7548046017471982,-0.7547749008496709,-0.7561621222096409,-0.748230243333285,-0.733241144347045,-0.7544915843892936,-0.7496442740320143,-0.6785919210460452,-0.726008139896896,-0.6825521393651506,-0.7499274805809744,-0.7693036571378957,-0.7563720824943724,-0.733876316651259,-0.7307498132913621,-0.7549296005930065,-0.7547741222114047,-0.7474984597367215,0.6362675169892843,-0.7441335604003221,-0.766593617073911,-0.7213412824422302,-0.768737806149012,-0.7259608807925695,-0.7519622687561434,-0.7403376267901839,-0.6813884708826274,-0.7630741172388341,-0.7492218168951914,-0.7238894287600485,-0.731609983661259,-0.7557784864733104,-0.6943032929102817,-0.7365692799685863,-0.7677472024957137,-0.6839980053218447,-0.7571963657782036,-0.7390774758178285,-0.9260062945258615,-0.732326874780685,-0.7481377454200954,-0.7530427445085647,-0.47611153546777496,-0.6959547385113863,-0.7974330595176479,-0.7198724946833562,-0.7761097531636442,-0.7914322870388243,-0.689771183685336,-0.7368171170288367,-0.7212953817371349,-0.7401932207050593,-0.7713924279042617,-0.7497291183591849,-0.7597111503925253,-0.6931921381464478,-0.776429887457926,-0.7477690891718206,-0.7768876136720805,-0.7847426522227912,-0.736789547949879,-0.7692670916309462,-0.720605170473597,-0.7530460922686593,-0.7867212906427777,-0.7550726266782091,-0.7530940281429288,-0.734083181448147,-0.7532472409149549,-0.705538165279373,-0.7499677588865081,-0.7308877474329564,-0.7907173070173679,-0.7540321164131045,-0.7550949430742286,-0.7542763979412741,-0.7905687257101923,-0.7280067457455098,-0.7683693850621746,-0.7404248866049548,-0.7591362064623707,-0.11066426808372769,-0.7689517818836936,-0.7224237956176979,-0.7754883036249532
412,1519071176,-0.7048258954212874,-0.7709011755396541,-0.7455597362366534,-0.7772029479039437,-0.7505400279963015,-0.7260637541183955,-0.703680197571451,-0.7505656947879157,-0.6897395128194738,-0.72056590060663,-0.7455461561080847,-0.7461608094787835,-0.740513367505061,-0.7037786936280289,-0.7452135819562584,-0.7425168490328329,-0.7005996822070975,-0.7534017467237664,-0.7812233742866443,-0.7869292975558752,-0.7512531387812609,-0.7453327582845836,-0.17069114333744284,-0.7473066663788223,-0.7508452467334091,-0.7375260516279869,-0.7504921996333834,-0.6813015210404574,-0.7038131079220655,-0.7464956891277749,-0.7665826625834027,-0.7418585729151618,-0.7460610189520047,-0.04280727389717069,-0.691642024467091,-0.7667657573411477,-0.7185660067518613,-0.724696983566997,-0.7514651802766561,-0.6888698217138406,-0.5567771649665584,-0.7340095254268849,-0.7194518738423055,-0.6870892524031815,-0.042223416015498456,-0.7519073891283329,-0.7523879273900941,-0.7531808357865052,-0.7457067931204704,-0.7304181951287392,-0.7521019516352071,-0.7474448855704631,-0.6772068921523448,-0.7246726655761283,-0.6811580361885303,-0.7477212621314788,-0.7667945571787191,-0.7541636777957018,-0.73233564158795,-0.7281312923068158,-0.7530651376265018,-0.7530369588849523,-0.7455860762584129,0.6328401117275496,-0.7423725568449795,-0.7645559376923938,-0.719839323544,-0.7649924897077481,-0.7239520333049749,-0.7502383696667906,-0.7382726119240328,-0.6799035951625286,-0.7610720142743302,-0.7470144048610712,-0.720261957725893,-0.7295173618406157,-0.7535752516634493,-0.6921743853773766,-0.7351399033375878,-0.7660087180262142,-0.6826055641237952,-0.7554223444744631,-0.7372755789330403,-0.925763583872103,-0.7297136633690993,-0.7457756781675977,-0.7513166228269064,-0.47609407976146084,-0.6927694693146751,-0.7974330595176479,-0.7191231138549188,-0.7732980673471336,-0.7869942363073537,-0.6875298077593898,-0.735390978661836,-0.7191181807320739,-0.738129534308043,-0.7693544029956639,-0.7475295875533167,-0.757840104119816,-0.6910607715998339,-0.773058186503587,-0.7457909914367484,-0.7735170939236061,-0.782486846722767,-0.7346465261112388,-0.7673956506049311,-0.7191048120169621,-0.7501690078709203,-0.7844622449846403,-0.7532067778508102,-0.7509969911700003,-0.7325448845807205,-0.7512673166678532,-0.7050608976647086,-0.7466580232496451,-0.7282725367001586,-0.7869130918991488,-0.7510812143184887,-0.7521959440295571,-0.7525064275203547,-0.7873939082942979,-0.7270817965370964,-0.7653181081424261,-0.739869512597849,-0.7572702014973286,-0.11066426808372769,-0.7658350828861361,-0.7193942440262107,-0.7726762011278575
413,1519071182,-0.7034311090652215,-0.7691589648817989,-0.7435795939014086,-0.774954892691379,-0.7481768851553244,-0.7253476155966027,-0.7022844891089979,-0.7488380122007131,-0.6876736703105941,-0.7187476504687456,-0.7431870027025383,-0.7440709399517517,-0.738185477029231,-0.7023831487962798,-0.7432341853219756,-0.7406081660475696,-0.6992522841296521,-0.7516101727307515,-0.7784512301535108,-0.785023908751775,-0.7491554690414478,-0.7428621395378815,-0.17069114333744284,-0.7453898109212946,-0.7488641665118694,-0.734521295604336,-0.7485102162625982,-0.6792157516937024,-0.7024190250566139,-0.7450080070698305,-0.7640891240363633,-0.7395052371729316,-0.7433001978732805,-0.04280727389717069,-0.6895132825250746,-0.7637138604154255,-0.7167447643835323,-0.7233586103569114,-0.7495060355451717,-0.6858822058406779,-0.5567771649665584,-0.7322109666891631,-0.7179493455333793,-0.6863415986399407,-0.042223416015498456,-0.7501690615570138,-0.7505976972954114,-0.7501995493633695,-0.7425524803544521,-0.7276269968730114,-0.749114910692599,-0.744145802878136,-0.6758218632586445,-0.7233371912553607,-0.6797639330119102,-0.7449634890696094,-0.7647872772113778,-0.7508510707476959,-0.7297678498157685,-0.7255127713222694,-0.749957699348994,-0.7512997955584998,-0.7430362316206682,0.6294127064658149,-0.7394375509194084,-0.7620088384654974,-0.7183373646457699,-0.7624956120802389,-0.7219431858173804,-0.7479398375476537,-0.7367238507744195,-0.6791611573024792,-0.7590699113098264,-0.7442551398184208,-0.7184482222088152,-0.7274247400199723,-0.750821208151123,-0.6900454778444716,-0.7344252150220887,-0.7642702335567145,-0.6798206817276963,-0.7536483231707226,-0.7354736820482521,-0.9255208732183446,-0.7271004519575135,-0.7445946445413488,-0.7484397533574758,-0.4760824426239181,-0.6906459565168676,-0.7974330595176479,-0.7176243521980438,-0.770486381530623,-0.7850922145652948,-0.6852884318334436,-0.7339648402948354,-0.7169409797270129,-0.7355499263117725,-0.7673163780870661,-0.7453300567474485,-0.7547216936653002,-0.6889294050532201,-0.7708103858673611,-0.7433183692679083,-0.7712700807579566,-0.7796670898477368,-0.7325035042725986,-0.7642765822282392,-0.7176044535603272,-0.7484427572322769,-0.782203199326503,-0.7513409290234114,-0.7483756949538396,-0.729981056468343,-0.7492873924207514,-0.7047427192549324,-0.7444515328250698,-0.7261803681139203,-0.7850109843400392,-0.7493106730617193,-0.7504565446027543,-0.7495564768188223,-0.7842190908784035,-0.726156847328683,-0.7632839235292603,-0.7387587645836375,-0.7547821948772725,-0.11066426808372769,-0.7639650634876016,-0.7175765130713184,-0.7704265191301809
414,1519071188,-0.7013389295311226,-0.7674167542239437,-0.7411044159823528,-0.7727068374788142,-0.7464045280245916,-0.722483061509431,-0.7008887806465447,-0.7465344354177762,-0.686296441971341,-0.7169294003308612,-0.740827849296992,-0.741458603042962,-0.7355364982119073,-0.7002898315486563,-0.7407599395291222,-0.7386994830623064,-0.697231187013484,-0.7480270247447215,-0.7756790860203773,-0.7824833903463081,-0.7465333818666815,-0.7408856445405197,-0.17069114333744284,-0.7428340036445911,-0.7468830862903295,-0.7321174907854153,-0.7465282328918129,-0.6778252387958656,-0.7010249421911622,-0.7430244309925713,-0.7609722008525642,-0.7377402353662589,-0.7410915410103012,0.1794196570202709,-0.6873845405830583,-0.7616792624649441,-0.7149235220152034,-0.7220202371468258,-0.7470571046308162,-0.683641493935806,-0.5567771649665584,-0.7298128883722005,-0.7156955530699902,-0.6848462911134591,-0.042223416015498456,-0.7484307339856946,-0.7476139804709403,-0.7484107775094881,-0.7400290301416375,-0.7248112637825642,-0.747322686127034,-0.7419464144165848,-0.673744319918094,-0.7213339797742092,-0.6783698298352899,-0.74220571600774,-0.7627799972440367,-0.7486426660490253,-0.7282271747524596,-0.7234179545346324,-0.7480932363824894,-0.7495626322320472,-0.7404863869829236,0.6259853012040802,-0.7370895461789516,-0.7599711590839803,-0.7168354057475398,-0.7606229538596069,-0.7206039541589839,-0.746215938458301,-0.735175089624806,-0.6761914058622815,-0.7565672826041966,-0.7414958747757705,-0.7166344866917375,-0.7242858072890073,-0.7475163559363314,-0.6879165703115664,-0.7329958383910902,-0.761372759440882,-0.677732019930622,-0.7506916209978217,-0.7330711528685346,-0.9252781625645863,-0.7250098828282447,-0.7434136109151,-0.7461382577819314,-0.47606498691760396,-0.68852244371906,-0.7974330595176479,-0.7161255905411688,-0.7682370328774145,-0.783190192823236,-0.6837941812161461,-0.7318256327443345,-0.7162152460586592,-0.7334862399147561,-0.7647688469513189,-0.7431305259415802,-0.7528506473925907,-0.6867980385066063,-0.7680006350720786,-0.7408457470990681,-0.769023067592307,-0.7768473329727066,-0.7310748230468385,-0.7611575138515473,-0.7168542743320098,-0.745565672834538,-0.7793793922538312,-0.7494750801960126,-0.7457543987376789,-0.7274172283559656,-0.7473074681736497,-0.704265451640268,-0.7411417971882067,-0.7235651573811225,-0.7824748409278932,-0.7475401318049498,-0.7487171451759516,-0.7477865063979029,-0.7823142004288668,-0.7243069489118562,-0.7612497389160946,-0.7365372685552145,-0.7516721866022025,-0.11066426808372769,-0.7602250246905327,-0.7157587821164261,-0.7676144166330852
415,1519071193,-0.6992467499970239,-0.7650938066801369,-0.7386292380632968,-0.7698967684631083,-0.7446321708938587,-0.721766922987638,-0.6980973637216386,-0.7436549644391052,-0.6849192136320879,-0.7151111501929768,-0.7396482725942187,-0.7388462661341721,-0.7329108241935629,-0.6988942867169072,-0.7382856937362687,-0.7355183447535343,-0.6958837889360386,-0.7462354507517065,-0.7734613707138704,-0.7805780015422079,-0.7439112946919151,-0.7384150257938177,-0.17069114333744284,-0.7402781963678876,-0.7449020060687896,-0.7303146371712248,-0.7445462495210277,-0.676434725898029,-0.6982367764602588,-0.741536748934627,-0.7591020469422847,-0.7353868996240287,-0.7388828841473218,0.2905331224789917,-0.685255798641042,-0.7591360150268424,-0.7124951988574313,-0.7200126773316975,-0.7450979598993318,-0.681400782030934,-0.5567771649665584,-0.727414810055238,-0.7141930247610642,-0.6811080222972551,-0.042223416015498456,-0.7466924064143755,-0.7458237503762577,-0.7466220056556067,-0.7381364424820265,-0.7219948090793312,-0.7455304615614692,-0.7397470259550335,-0.6723592910243937,-0.7199985054534415,-0.6755816234820495,-0.7399994975582445,-0.7602708972848601,-0.745882160175687,-0.7261729413347143,-0.7213231377469953,-0.7462287734159847,-0.747246414463444,-0.7372990811857426,0.619130490680611,-0.7359155438087233,-0.757933479702463,-0.7145824674001946,-0.758750295638975,-0.7192647225005876,-0.7433427733093798,-0.7336263284751927,-0.6754489680022321,-0.7545651796396927,-0.7392884627416503,-0.7142161726689672,-0.7221931854683639,-0.7453131211264704,-0.6857876627786613,-0.7308517734445925,-0.7596342749713824,-0.6756433581335478,-0.7489175996940813,-0.7300679913938878,-0.9250839940415795,-0.722396671416659,-0.7416420604757268,-0.7438367622063871,-0.4760533497800612,-0.6858680527218006,-0.7974330595176479,-0.7131280672274186,-0.765987684224206,-0.7812881710811771,-0.6830470559074975,-0.7303994943773339,-0.7147637787219517,-0.731938475116994,-0.7627308220427211,-0.740381112434245,-0.7497322369380749,-0.684133830323339,-0.7657528344358526,-0.738867649363996,-0.7662143011352451,-0.7740275760976764,-0.7296461418210782,-0.7592860728255322,-0.7131033781904225,-0.743264005316347,-0.7765555851811594,-0.746365332150348,-0.7436573617647504,-0.725878931488539,-0.7448325628647725,-0.7037881840256037,-0.7389353067636314,-0.7214729887948842,-0.7805727333687836,-0.7457695905481804,-0.7469777457491487,-0.745426545836677,-0.7804093099793301,-0.7229195250992362,-0.759215554302929,-0.7348711465338973,-0.7498061816371604,-0.11066426808372769,-0.7583550052919982,-0.7139410511615338,-0.7653647346354086
416,1519071199,-0.6964571772848921,-0.7616093853644266,-0.7346689533928074,-0.7665246856442612,-0.7410874566323931,-0.7181862303786734,-0.6953059467967323,-0.7401995992646998,-0.681476142783955,-0.7108685665379131,-0.7372891191886723,-0.7346665270801085,-0.7301427319592334,-0.6954054246375346,-0.7343269004677032,-0.7323372064447622,-0.6925152937424252,-0.7432494940966816,-0.7701347977541102,-0.7761320943326409,-0.7407647900821955,-0.7344620357990943,-0.08572961197044983,-0.7358055336336565,-0.74093984562571,-0.7279108323523041,-0.740582282779457,-0.6729584436534374,-0.6954486107293555,-0.7385613848187382,-0.7553617391217258,-0.7330335638817985,-0.7344655704213632,0.3460898552083521,-0.6815305002425134,-0.7550668191258795,-0.7088527141207733,-0.7166667443064836,-0.741179670436363,-0.6784131661577714,-0.5567771649665584,-0.7232181730005535,-0.7104367039887489,-0.6788650610075326,-0.042223416015498456,-0.7432157512717372,-0.7428400335517866,-0.743640719232471,-0.7349821297160082,-0.7191502114774494,-0.7419460124303393,-0.7347984019165431,-0.6682042043432928,-0.7166598196515224,-0.6727934171288091,-0.7344839514345055,-0.7562563373501775,-0.7414653507783459,-0.7236051495625327,-0.7176572083686305,-0.7418783598274737,-0.7426139789262374,-0.734749236547998,0.578001627539795,-0.7335675390682664,-0.7538581209394287,-0.7115785496037343,-0.755004979197711,-0.7165862591837948,-0.7398949751306744,-0.7300125524594282,-0.6709943408419357,-0.7505609737106851,-0.7348736386734098,-0.7111932801405043,-0.7190542527373989,-0.7398050341018177,-0.6815298477128512,-0.7272783318670963,-0.7561573060323833,-0.6728584757374488,-0.7447782166520202,-0.7276654622141702,-0.9247441991263178,-0.719260817722756,-0.7380989595969802,-0.7403845188430704,-0.47603007550497567,-0.6826827835250894,-0.7974330595176479,-0.7108799247421062,-0.7614889869177891,-0.7774841275970594,-0.6793114293642538,-0.7268341484598323,-0.7111351103801833,-0.7293588671207235,-0.7581452659983761,-0.7354321681210415,-0.745990144392656,-0.6804039388667648,-0.7612572331634007,-0.7349114538938516,-0.761720274803946,-0.77064386784764,-0.727503119982438,-0.7542955634228251,-0.7101026612771527,-0.7398115040390603,-0.7720374938648846,-0.7426336344955502,-0.7405118063053575,-0.7233151033761616,-0.7403777333087935,-0.7031518272060512,-0.7345223259144807,-0.7183347359155269,-0.7767685182505646,-0.7416383276157182,-0.743498946895543,-0.741886604994838,-0.7765995290802568,-0.7210696266824094,-0.7546386389233061,-0.73320502451258,-0.7442081667420343,-0.11066426808372769,-0.7546149664949292,-0.7103055892517491,-0.7603029501406362
417,1519071204,-0.6936676045727603,-0.758705700934668,-0.7326888110575627,-0.7642766304316965,-0.7393150995016602,-0.7167539533350875,-0.6939102383342792,-0.7384719166774971,-0.6794103002750752,-0.7078381496414391,-0.7355197541345125,-0.7325766575530767,-0.7276542973126565,-0.6940098798057857,-0.7323475038334205,-0.7304285234594989,-0.6911678956649798,-0.7414579201036666,-0.7679170824476034,-0.7729564463258073,-0.7386671203423824,-0.7324855408017327,-0.08572961197044983,-0.7338886781761289,-0.7384634953487852,-0.7249060763286532,-0.7386002994086718,-0.6715679307556007,-0.693357486431178,-0.736577808741479,-0.7534915852114462,-0.7318568960106834,-0.7322569135583838,0.5127600533964333,-0.6788695728149929,-0.753032221175398,-0.7070314717524443,-0.715328371096398,-0.7387307395220075,-0.6776662621894807,-0.5567771649665584,-0.7214196142628316,-0.7089341756798229,-0.677369753481051,-0.042223416015498456,-0.741477423700418,-0.7404530600922097,-0.7418519473785896,-0.7337204046096009,-0.7163474674171478,-0.7401537878647745,-0.7320491663396039,-0.6668191754495925,-0.7153243453307546,-0.6713993139521889,-0.73227773298501,-0.753747237391001,-0.7387048449050075,-0.7220644744992238,-0.7155623915809934,-0.7387709215499659,-0.7408768155997848,-0.7328368530696894,0.6294127064658149,-0.7318065355129237,-0.7518204415579115,-0.7085746318072741,-0.753132320977079,-0.7152470275253984,-0.7381710760413217,-0.7274312838767393,-0.6695094651218367,-0.7485588707461812,-0.7326662266392895,-0.7081703876120414,-0.7169616309167555,-0.7376017992919567,-0.6788687132967198,-0.7258489552360978,-0.7544188215628836,-0.6714660345393993,-0.7430041953482797,-0.725863565329382,-0.924550030603311,-0.7171702485934873,-0.7351463755313581,-0.7392337710552983,-0.47601552908304723,-0.68002839252783,-0.7974330595176479,-0.7086317822567936,-0.7592396382645806,-0.7755821058550006,-0.6778171787469564,-0.7261210792763321,-0.7089579093751223,-0.7278111023229612,-0.7561072410897783,-0.7326827546137062,-0.7434954160290435,-0.6782725723201509,-0.7590094325271748,-0.7329333561587795,-0.7594732616382964,-0.7683880623476159,-0.7260744387566779,-0.75242412239681,-0.7093524820488353,-0.7380852534004169,-0.7697784482067472,-0.7401458360590185,-0.7378905100891969,-0.721776806508735,-0.7383978090616918,-0.7026745595913868,-0.7323158354899054,-0.7157195251827291,-0.774866410691455,-0.7386874255211024,-0.7411797476598059,-0.7401166345739186,-0.7746946386307202,-0.7201446774739959,-0.752095908156849,-0.7320942764983684,-0.7423421617769922,-0.11066426808372769,-0.7527449470963947,-0.707276037660262,-0.7574908476435404
418,1519071210,-0.6922728182166944,-0.7569634902768129,-0.7307086687223179,-0.7609045476128493,-0.7363611709504388,-0.7160378148132946,-0.6918166756405996,-0.7367442340902945,-0.6780330719358221,-0.7048077327449651,-0.7337503890803527,-0.728919385880771,-0.72490174161098,-0.6926143349740366,-0.7303681071991377,-0.7278836128124813,-0.6898204975875344,-0.7390691547796466,-0.7645905094878431,-0.7710510575217071,-0.7355206157326628,-0.730509045804371,-0.17069114333744284,-0.7306939190802495,-0.7364824151272453,-0.7213003691002722,-0.7356273243524939,-0.6694821614088456,-0.6919634035657264,-0.734098338644905,-0.7516214313011668,-0.7300918942040108,-0.7294960924796597,0.6794302515845145,-0.6756764599019685,-0.7504889737372963,-0.7039960678052293,-0.7139899978863125,-0.7362818086076521,-0.6761724542528994,-0.5567771649665584,-0.7178224967873877,-0.7081829115253598,-0.6758744459545695,-0.042223416015498456,-0.7380007685577797,-0.7374693432677386,-0.7394669182400812,-0.7305660918435826,-0.7135216317476984,-0.7377641551106879,-0.7298497778780527,-0.6654341465558921,-0.713988871009987,-0.6700052107755687,-0.7295199599231406,-0.7517399574236597,-0.736496440206337,-0.7200102410814786,-0.7124201663995378,-0.7369064585834613,-0.7391396522733323,-0.7296495472725085,0.6225578959423456,-0.7294585307724669,-0.7492733423310151,-0.707823652358159,-0.7500112239426925,-0.7132381800378038,-0.736447176951969,-0.7253662690105882,-0.6687670272617874,-0.7465567677816775,-0.7304588146051693,-0.7057520735892711,-0.7138226981857905,-0.7353985644820956,-0.675143125114136,-0.7251342669205986,-0.7526803370933841,-0.6700735933413499,-0.7412301740445392,-0.7228604038547352,-0.9242102356880493,-0.7140343948995844,-0.7333748250919848,-0.7363569015858678,-0.4760038919455045,-0.6768431233311186,-0.7974330595176479,-0.7071330205999186,-0.7564279524480702,-0.7724120696182358,-0.6755758028210103,-0.7246949409093314,-0.7075064420384148,-0.7257474159259448,-0.7540692161811805,-0.729933341106371,-0.741624369756334,-0.6750755225002302,-0.7567616318909488,-0.7304607339899393,-0.7566644951812345,-0.7650043540975797,-0.7239314169180376,-0.7505526813707948,-0.707101944363883,-0.7363590027617736,-0.7663898797195412,-0.7370360880133537,-0.734220695386572,-0.7192129783963574,-0.73641788481459,-0.7023563811816106,-0.7301093450653301,-0.7125812723033716,-0.7729643031323454,-0.736916884264333,-0.739440348233003,-0.7371666838723863,-0.7721547846980046,-0.7182947790571692,-0.7500617235436833,-0.7298727804699455,-0.7404761568119501,-0.11066426808372769,-0.7508749276978602,-0.7048523963870722,-0.7552411656458637
419,1519071216,-0.6908780318606286,-0.7552212796189577,-0.7287285263870732,-0.7586564924002847,-0.7339980281094617,-0.713173260726123,-0.6904209671781465,-0.7350165515030919,-0.6766558435965689,-0.7029894826070807,-0.7325708123775795,-0.7268295163537392,-0.722356339678009,-0.6905210177264131,-0.7278938614062843,-0.725974929827218,-0.6877994004713663,-0.7360831981246216,-0.7618183653547096,-0.7691456687176069,-0.7328985285578964,-0.7285325508070093,-0.17069114333744284,-0.7287770636227219,-0.7345013349057056,-0.7194975154860817,-0.7336453409817086,-0.668091648511009,-0.6898722792675488,-0.7326106565869607,-0.7485045081173676,-0.7283268923973382,-0.7272874356166804,0.6238735188551541,-0.6735477179599522,-0.7484543757868148,-0.7021748254369004,-0.7126516246762269,-0.7343226638761677,-0.6754255502846087,-0.5567771649665584,-0.7160239380496659,-0.7059291190619706,-0.6751267921913287,-0.042223416015498456,-0.7362624409864607,-0.735679113173056,-0.7364856318169455,-0.7280426416307679,-0.7107058986572513,-0.735971930545123,-0.7276503894165014,-0.6633566032153416,-0.7126533966892193,-0.6686111075989485,-0.7267621868612711,-0.7497326774563184,-0.7342880355076664,-0.7184695660181697,-0.7103253496119007,-0.7350419956169566,-0.7368234345047291,-0.7277371637942001,0.6122756801571416,-0.7271105260320101,-0.7467262431041186,-0.7063216934599289,-0.7481385657220606,-0.7118989483794074,-0.7347232778626163,-0.7238175078609749,-0.6657972758215897,-0.7440541390760477,-0.7276995495625189,-0.7039383380721933,-0.7112069209099863,-0.7331953296722347,-0.6730142175812309,-0.7237048902896002,-0.750362357800718,-0.6686811521433003,-0.7376821314370582,-0.7198572423800882,-0.9237248143805324,-0.7114211834879985,-0.732193791465736,-0.7340554060103234,-0.47599225480796176,-0.6747196105333112,-0.7974330595176479,-0.7056342589430435,-0.7541786037948617,-0.770510047876177,-0.6740815522037128,-0.7232688025423308,-0.7067807083700611,-0.7241996511281826,-0.7510121788182839,-0.7277338103005028,-0.7397533234836245,-0.6729441559536163,-0.7545138312547228,-0.7279881118210991,-0.7544174820155849,-0.7627485485975555,-0.7225027356922775,-0.7474336129941029,-0.7063517651355655,-0.7340573352435824,-0.7641308340614038,-0.7351702391859549,-0.7321236584136434,-0.7171619159064555,-0.7339429795057129,-0.7018791135669462,-0.7273512320346109,-0.7104891037171335,-0.771062195573236,-0.7351463430075635,-0.7377009488062002,-0.7353967134514668,-0.7702498942484679,-0.7145949822235156,-0.7480275389305175,-0.7270959104344167,-0.738610151846908,-0.11066426808372769,-0.7483815684998142,-0.70303466543218,-0.7529914836481871
420,1519071221,-0.6873910659704638,-0.752317595189199,-0.7262533484680173,-0.7552844095814375,-0.7322256709787288,-0.71245712220433,-0.6883274044844668,-0.732712974720155,-0.6752786152573158,-0.6993529823313119,-0.7302116589720331,-0.7247396468267073,-0.7212014574174749,-0.6884277004787894,-0.7259144647720015,-0.7221575638566915,-0.6864520023939209,-0.7336944328006018,-0.7596006500482028,-0.7672402799135069,-0.7308008588180833,-0.7260619320603072,-0.17069114333744284,-0.7268602081651943,-0.7315297145733958,-0.7176946618718911,-0.7306723659255308,-0.6667011356131723,-0.6884781964020972,-0.7306270805097015,-0.7466343542070881,-0.725973556655108,-0.7250787787537011,-0.7650447993788558,-0.6698224195614235,-0.745911128348713,-0.6985323407002423,-0.7113132514661413,-0.7318737329618122,-0.6724379344114461,-0.5567771649665584,-0.714225379311944,-0.7036753265985816,-0.6728838309016062,-0.042223416015498456,-0.7339446708913685,-0.7338888830783733,-0.7346968599630641,-0.726150053971157,-0.7079883049056819,-0.7335822977910365,-0.7254510009549501,-0.6619715743216413,-0.7113179223684517,-0.6665199528340182,-0.7240044137994017,-0.7467217575053066,-0.7315275296343281,-0.7164153326004244,-0.7077068286273545,-0.7331775326504519,-0.7333491078518241,-0.7251873191564553,0.4546150381173473,-0.7247625212915533,-0.7446885637226015,-0.7025667962143537,-0.7462659075014286,-0.710559716721011,-0.7318501127136952,-0.7222687467113614,-0.6650548379615403,-0.740550458888166,-0.7249402845198687,-0.7021246025551156,-0.7085911436341821,-0.7309920948623736,-0.669288629398647,-0.7222755136586017,-0.7463058940385524,-0.666592490346226,-0.7359081101333177,-0.7180553454953001,-0.9235306458575258,-0.7093306143587299,-0.7304222410263628,-0.7323292843286651,-0.47597479910164764,-0.6725960977355037,-0.7974330595176479,-0.7041354972861685,-0.7513669179783511,-0.7686080261341182,-0.6733344268950641,-0.7225557333588305,-0.7053292410333538,-0.7221359647311663,-0.748974153909686,-0.7249843967931675,-0.7366349130291088,-0.6692142644970421,-0.7511421303003839,-0.726010014086027,-0.7521704688499354,-0.7599287917225253,-0.7217883950793974,-0.7449383582927493,-0.7033510482222957,-0.732331084604939,-0.7618717884032664,-0.7326824407494231,-0.7300266214407148,-0.7151108534165534,-0.7304781120732847,-0.70156093515717,-0.7251447416100355,-0.7083969351308952,-0.7672579804550168,-0.7327856213318709,-0.7348019497615288,-0.7324467627499345,-0.7677100403157524,-0.7132075584108956,-0.7454848081640605,-0.7248744144059937,-0.7367441468818661,-0.11066426808372769,-0.7465115491012797,-0.7000051138406927,-0.7507418016505105
421,1519071227,-0.6846014932583321,-0.7488331738734888,-0.7217980282137166,-0.7519123267625905,-0.7286809567172632,-0.7095925681171583,-0.6848381333283341,-0.7281058211542812,-0.6725241585788095,-0.6969286488141326,-0.7266729288637135,-0.7210823751544017,-0.7185188161127365,-0.6856366108152914,-0.721955671503436,-0.7189764255479194,-0.6837572062390301,-0.7313056674765818,-0.7562740770884425,-0.7634295023053065,-0.7276543542083637,-0.7221089420655838,-0.17069114333744284,-0.7223875454309632,-0.7280628241857011,-0.7152908570529705,-0.7272038950266565,-0.663920109817499,-0.6856900306711938,-0.7276517163938128,-0.7428940463865291,-0.7230318869773202,-0.7206614650277424,-0.7650447993788558,-0.6676936776194072,-0.7418419324477501,-0.6967110983319132,-0.7079673184409274,-0.7279554434988434,-0.6701972225065741,-0.5567771649665584,-0.7112277814157408,-0.7006702699807293,-0.669893215848643,-0.042223416015498456,-0.7304680157487302,-0.7315019096187965,-0.7317155735399284,-0.7229957412051387,-0.7051639124618043,-0.729400440471385,-0.7210522240318474,-0.6592015165342406,-0.7079792365665325,-0.6637317464807778,-0.7195919769004105,-0.7432090175624594,-0.7271107202369869,-0.7133339824738066,-0.7035171950520803,-0.7294486067174426,-0.7298747811989191,-0.720725091040402,0.4306232012852047,-0.7224145165510965,-0.7406132049595672,-0.6995628784178934,-0.7425205910601648,-0.7078812534042183,-0.7284023145349897,-0.7191712244121348,-0.6620850865213426,-0.7375473044414101,-0.7205254604516281,-0.6984971315209602,-0.7054522109032171,-0.7260348165401862,-0.6666274949825156,-0.7187020720811055,-0.7439879147458863,-0.663807607950127,-0.7323600675258368,-0.7156528163155825,-0.9232393930730156,-0.7061947606648269,-0.7274696569607406,-0.7288770409653484,-0.47595734339533347,-0.6688799503393404,-0.7974330595176479,-0.701887354800856,-0.7468682206719341,-0.7648039826500005,-0.6703459256604692,-0.7189903874413289,-0.7031520400282927,-0.7190404351356418,-0.7448981040924905,-0.7205853351814311,-0.7328928204836899,-0.6670828979504283,-0.7460845788688755,-0.7220538186158826,-0.7476764425186363,-0.755981132097483,-0.7196453732407572,-0.7411954762407191,-0.7003503313090259,-0.7288785833276523,-0.7573536970869916,-0.7289507430946255,-0.7268810659813221,-0.712547025304176,-0.7270132446408567,-0.7009245783376176,-0.720180138154741,-0.7052586822515379,-0.7628197294837612,-0.729244538818332,-0.7313231509079231,-0.7289068219080956,-0.763900259416679,-0.7113576599940687,-0.741416438937729,-0.7232082923846764,-0.7317681336417539,-0.11066426808372769,-0.7421481705046993,-0.6981873828858004,-0.7462424376551573
422,1519071232,-0.6846014932583321,-0.7482524369875371,-0.7217980282137166,-0.7507882991563081,-0.7286809567172632,-0.7095925681171583,-0.6848381333283341,-0.7281058211542812,-0.6725241585788095,-0.695716482055543,-0.7260831405123269,-0.7200374403908858,-0.7158102805869099,-0.6856366108152914,-0.721955671503436,-0.718340197886165,-0.6837572062390301,-0.7301112848145718,-0.7546107906085624,-0.762159243102573,-0.7266055193384572,-0.7221089420655838,-0.17069114333744284,-0.7211096417926114,-0.7275675541303162,-0.7140889546435101,-0.7272038950266565,-0.663920109817499,-0.684992989238468,-0.7276517163938128,-0.7416472771130095,-0.7218552191062051,-0.7206614650277424,0.3460898552083521,-0.666629306648399,-0.7418419324477501,-0.6961040175424703,-0.7079673184409274,-0.7279554434988434,-0.6701972225065741,-0.5567771649665584,-0.7100287422572595,-0.7006702699807293,-0.669893215848643,-0.042223416015498456,-0.7304680157487302,-0.730308422889008,-0.7305230589706742,-0.7211031535455277,-0.7023525090480723,-0.7282056240943418,-0.7205023769164597,-0.6592015165342406,-0.7079792365665325,-0.6637317464807778,-0.7195919769004105,-0.7427071975706241,-0.7265586190623192,-0.712306865764934,-0.7024697866582618,-0.7282056314064395,-0.7298747811989191,-0.7200876298809659,0.6534045432979575,-0.7218275153659822,-0.7406132049595672,-0.6995628784178934,-0.7425205910601648,-0.7078812534042183,-0.7284023145349897,-0.718654970695597,-0.6620850865213426,-0.7375473044414101,-0.7199736074430981,-0.6978925530152675,-0.7044058999928954,-0.7260348165401862,-0.6655630412160631,-0.7187020720811055,-0.7439879147458863,-0.663807607950127,-0.7323600675258368,-0.7144515517257238,-0.9231423088115123,-0.7046268338178754,-0.7268791401476162,-0.7288770409653484,-0.47595734339533347,-0.6678181939404367,-0.7974330595176479,-0.7003885931439809,-0.7468682206719341,-0.7635359681552946,-0.6703459256604692,-0.7189903874413289,-0.7031520400282927,-0.7185245135363876,-0.7448981040924905,-0.7205853351814311,-0.7322691383927866,-0.6660172146771214,-0.7460845788688755,-0.7220538186158826,-0.7471146892272239,-0.7548532293474709,-0.7196453732407572,-0.7411954762407191,-0.7003503313090259,-0.7288785833276523,-0.7562241742579229,-0.7289507430946255,-0.7258325474948577,-0.7120342596817005,-0.7270132446408567,-0.7009245783376176,-0.720180138154741,-0.7042125979584187,-0.7628197294837612,-0.7280641779804856,-0.7301635512900545,-0.7289068219080956,-0.763900259416679,-0.7113576599940687,-0.7409078927844376,-0.7232082923846764,-0.7317681336417539,-0.11066426808372769,-0.7421481705046993,-0.6969755622492055,-0.7456800171557382
423,1519071238,-0.6832067069022663,-0.7465102263296819,-0.7198178858784718,-0.7479782301406022,-0.7269085995865303,-0.7088764295953655,-0.6834424248658809,-0.7263781385670786,-0.6690810877306768,-0.6938982319176586,-0.7249035638095537,-0.717425103482096,-0.7136532919702621,-0.6842410659835423,-0.7194814257105826,-0.7157952872391473,-0.6824098081615848,-0.7283197108215568,-0.7523930753020556,-0.7602538542984729,-0.7245078495986441,-0.7196383233188818,-0.17069114333744284,-0.7191927863350838,-0.7250912038533913,-0.7116851498245894,-0.7247264158131749,-0.6625295969196624,-0.6835989063730163,-0.7246763522779239,-0.73977712320273,-0.72067855123509,-0.7179006439490182,0.1238629242909105,-0.6639683792208786,-0.7398073344972687,-0.6942827751741413,-0.706628945230842,-0.7250167264016169,-0.6687034145699927,-0.5567771649665584,-0.7070311443610563,-0.6999190058262663,-0.6691455620854022,-0.042223416015498456,-0.7275708031298649,-0.7279214494294312,-0.7275417725475385,-0.7192105658859167,-0.6995678053074174,-0.7264133995287768,-0.7183029884549084,-0.6578164876405403,-0.705976025085381,-0.6623376433041576,-0.717385758450915,-0.7406999176032828,-0.7243502143636487,-0.7107661907016251,-0.7003749698706246,-0.7263411684399348,-0.7281376178724667,-0.7181752464026574,0.6396949222510189,-0.7206535129957539,-0.73857552557805,-0.6988118989687784,-0.7400237134326555,-0.7058724059166237,-0.726678415445637,-0.7165899558294458,-0.6613426486612931,-0.7345441499946544,-0.7177661954089778,-0.6948696604868047,-0.7017901227170912,-0.7238315817303252,-0.663434133683158,-0.7179873837656063,-0.7410904406300537,-0.6624151667520776,-0.7305860462220963,-0.7126496548409357,-0.9228995981577539,-0.7020136224062896,-0.7245170728951186,-0.7271509192836901,-0.47593988768901935,-0.6651638029431773,-0.7974330595176479,-0.6988898314871059,-0.7434941976921214,-0.7609999391658828,-0.6695988003518205,-0.716851179890828,-0.6995233716865242,-0.7169767487386254,-0.7428600791838926,-0.7183858043755629,-0.7303980921200772,-0.6638858481305075,-0.7432748280735929,-0.7200757208808105,-0.7443059227701619,-0.7525974238474467,-0.7167880107892369,-0.739324035214704,-0.698849972852391,-0.7260014989299135,-0.7539651285997855,-0.7270848942672267,-0.7232112512786971,-0.710495962814274,-0.7250333203937549,-0.7006063999278414,-0.7174220251240219,-0.7015973872256209,-0.7602835860716152,-0.7262936367237162,-0.7278443520543174,-0.7271368514871761,-0.7607254420007846,-0.7104327107856554,-0.738873708171272,-0.7220975443704649,-0.7299021286767118,-0.11066426808372769,-0.7390314715071418,-0.6945519209760158,-0.7434303351580616
424,1519071244,-0.6804171341901344,-0.7430258050139716,-0.7153625656241712,-0.744606147321755,-0.7221823139045761,-0.7052957369864008,-0.6806510079409748,-0.7229227733926733,-0.6663266310521705,-0.6914738984004795,-0.7225444104040073,-0.7153352339550642,-0.7109758295097413,-0.6814499763200442,-0.7150277832834464,-0.7126141489303752,-0.6790413129679713,-0.7241393715045219,-0.7490665023422953,-0.7564430766902726,-0.7224101798588309,-0.715191209574818,-0.08572961197044983,-0.7166369790583803,-0.7211290434103116,-0.7098822962103989,-0.7207624490716044,-0.6590533146750707,-0.6808107406421129,-0.7217009881620352,-0.736036815382171,-0.7183252154928598,-0.7140354944388044,0.2905331224789917,-0.6607752663078541,-0.7357381385963058,-0.6912473712269263,-0.7039521988106708,-0.7210984369386481,-0.6664627026651208,-0.5567771649665584,-0.7052325856233345,-0.6969139492084141,-0.6661549470324389,-0.042223416015498456,-0.7240941479872266,-0.7243409892400658,-0.7233679715551485,-0.7154253905666947,-0.6967455777018974,-0.722828950397647,-0.7144540586471936,-0.6543539154062895,-0.7033050764438457,-0.6595494369509172,-0.7135248761642978,-0.7366853576686002,-0.7204855061409751,-0.7081983989294435,-0.6967090404922598,-0.723233730162427,-0.7246632912195616,-0.7149879406054765,0.6328401117275496,-0.7171315058850686,-0.7339907469696363,-0.6958079811723181,-0.7362783969913915,-0.7025243267706327,-0.7220813512073632,-0.7140086872467569,-0.657630459361046,-0.7300394183245208,-0.7139032243492673,-0.6924513464640343,-0.6981280345309653,-0.7199759208130684,-0.6602407723838004,-0.7151286305036094,-0.737033976867888,-0.6596302843559786,-0.7270380036146153,-0.7108477579561475,-0.9227054296347471,-0.6978324841477523,-0.7221550056426208,-0.7225479281326014,-0.4759166134139339,-0.6619785337464661,-0.7974330595176479,-0.6966416890017934,-0.7395578375490067,-0.7578299029291181,-0.6658631738085768,-0.7147119723403271,-0.6966204370131095,-0.7143971407423549,-0.7387840293666971,-0.7145366254652935,-0.7272796816655615,-0.6606887983105869,-0.739903127119254,-0.7156250009768981,-0.7403736497302753,-0.7492137155974105,-0.7132163077248365,-0.7355811531626737,-0.6965994351674387,-0.7219735807730789,-0.7505765601125794,-0.723353196612429,-0.7211142143057685,-0.707419369079421,-0.7210734718995514,-0.6998109539034008,-0.713560666881015,-0.697936092199704,-0.7571134068064326,-0.7227525542101771,-0.7243655532007117,-0.7235969106453373,-0.7569156611017113,-0.7085828123688286,-0.7348053389449405,-0.7204314223491477,-0.7267921204016418,-0.11066426808372769,-0.7352914327100728,-0.6915223693845286,-0.7389309711627083
425,1519071249,-0.6783249546560356,-0.7412835943561165,-0.7128873877051153,-0.7423580921091902,-0.7204099567738432,-0.703863459942815,-0.6785574452472951,-0.7200433024140022,-0.6649494027129174,-0.6896556482625951,-0.7195954686470742,-0.7122004296645165,-0.7085210573505791,-0.6793566590724207,-0.7130483866491636,-0.710705465945112,-0.6776939148905259,-0.7217506061805019,-0.7462943582091618,-0.753267428683439,-0.718739257814158,-0.7132147145774563,-0.17069114333744284,-0.7147201236008527,-0.7191479631887718,-0.706877540186748,-0.718780465700819,-0.657662801777234,-0.6787196163439354,-0.7202133061040908,-0.732296507561612,-0.7165602136861872,-0.7107225091443354,0.2905331224789917,-0.6586465243658378,-0.733194891158204,-0.6894261288585972,-0.7019446389955425,-0.7191392922071638,-0.6627281828236674,-0.5567771649665584,-0.7028345073063719,-0.694660156745025,-0.6654072932691981,-0.042223416015498456,-0.7223558204159075,-0.7219540157804889,-0.7215791997012672,-0.7135328029070838,-0.6939428336415958,-0.7210367258320821,-0.7111549759548667,-0.6529688865125892,-0.7013018649626942,-0.6581553337742969,-0.7096639938776806,-0.734678077701259,-0.7177250002676369,-0.7066577238661346,-0.6946142237046228,-0.7201262918849192,-0.7223470734509584,-0.7124380959677318,0.6294127064658149,-0.7159575035148402,-0.7319530675881192,-0.6935550428249729,-0.733157299957005,-0.7011850951122364,-0.7203574521180105,-0.7124599260971436,-0.6561455836409472,-0.7280373153600169,-0.7100402532895569,-0.6906376109469565,-0.6955122572551611,-0.717221877300742,-0.6581118648508953,-0.7129845655571116,-0.7352954923983884,-0.6568454019598796,-0.7246726418762947,-0.7072439641865712,-0.9224141768502371,-0.6957419150184837,-0.7203834552032475,-0.720246432557057,-0.4759049762763911,-0.6598550209486586,-0.7974330595176479,-0.6943935465164808,-0.736183814569194,-0.7546598666923533,-0.6643689231912794,-0.7125727647898261,-0.6958947033447558,-0.7118175327460845,-0.7362364982309498,-0.7117872119579582,-0.7247849533019488,-0.6585574317639731,-0.7359694760058586,-0.7131523788080579,-0.737003129981801,-0.7463939587223802,-0.7125019671119565,-0.7318382711106434,-0.6943488974824864,-0.7202473301344356,-0.7483175144544421,-0.7214873477850302,-0.7179686588463757,-0.7058810722119945,-0.7185985665906742,-0.6994927754936244,-0.7102509312441521,-0.6953208814669062,-0.7533091916882135,-0.7209820129534077,-0.7226261537739089,-0.7212369500841114,-0.7537408436858168,-0.7076578631604151,-0.7327711543317748,-0.7193206743349362,-0.7243041137815857,-0.11066426808372769,-0.7327980735120269,-0.6897046384296364,-0.7355564481661935
426,1519071255,-0.6755353819439038,-0.7372184361544544,-0.7079370318670035,-0.7367379540777784,-0.7162744568021333,-0.7002827673338503,-0.6750681740911624,-0.7148602546523942,-0.6615063318647845,-0.6848069812282366,-0.7166465268901412,-0.7074982232286948,-0.7059031515985612,-0.6751700245771736,-0.7090895933805981,-0.7049794169893222,-0.6743254196969125,-0.7181674581944719,-0.7413044987695215,-0.7488215214738719,-0.7129706660296721,-0.7082734770840521,-0.17069114333744284,-0.7096085090474457,-0.7146905326903071,-0.7026708817536368,-0.7148164989592485,-0.6541865195326424,-0.6759314506130321,-0.7167420479688873,-0.7285561997410531,-0.7130302100728418,-0.7063051954183767,-0.9872717302962974,-0.653856854996301,-0.7291256952572411,-0.6839624017536102,-0.6979295193652858,-0.7147312165613239,-0.6604874709187954,-0.5567771649665584,-0.6980383506724468,-0.6901525718182467,-0.6601737169265125,-0.042223416015498456,-0.7188791652732692,-0.7177768122262295,-0.7180016559935044,-0.7091167650346581,-0.691109060231502,-0.716257460323909,-0.7062063519163763,-0.6495063142783384,-0.6972954420003912,-0.6539730242444364,-0.7052515569786895,-0.7301616977747412,-0.712756089695628,-0.7030628153850804,-0.6899008859324394,-0.7157758782964083,-0.7177146379137518,-0.7086133290111147,0.2695351539836758,-0.7130224975892692,-0.7273682889797055,-0.6913021044776277,-0.7294119835157411,-0.6985066317954436,-0.7151857548499524,-0.7083298963648413,-0.6524333943407001,-0.7240331094310093,-0.7056254292213164,-0.6858009829014159,-0.6913270136138744,-0.7117137902760895,-0.6533218229018589,-0.7086964356641163,-0.7318185234593892,-0.6540605195637805,-0.7211245992688137,-0.7018382735322067,-0.9219772976734719,-0.6915607767599463,-0.7162498375113766,-0.7162188152998543,-0.47588170200130564,-0.6550771171535916,-0.7974330595176479,-0.6913960232027307,-0.7316851172627771,-0.7508558232082356,-0.6606332966480358,-0.7082943496888243,-0.6922660350029874,-0.70872200315056,-0.7321604484137543,-0.7062883849432877,-0.7204191786656268,-0.6532290153974385,-0.7314738747334066,-0.7087016589041456,-0.7325091036505018,-0.7418823477223319,-0.7096446046604361,-0.7280953890586132,-0.6905980013408991,-0.716794828857149,-0.743234661723633,-0.7158898013028338,-0.7132503256572865,-0.7028044784771414,-0.7141437370346954,-0.6986973294691838,-0.7058379503950013,-0.6906135021478701,-0.7495049765699944,-0.7174409304398688,-0.7185675551113689,-0.7176970092422725,-0.7499310627867435,-0.7053454901393816,-0.7287027851054434,-0.7165438042994074,-0.7187060988864595,-0.11066426808372769,-0.7290580347149579,-0.6848573558832568,-0.7304946636714211
427,1519071260,-0.6748379887658709,-0.7372184361544544,-0.7079370318670035,-0.735613926471496,-0.7162744568021333,-0.7002827673338503,-0.6750681740911624,-0.7148602546523942,-0.6615063318647845,-0.6842008978489418,-0.7166465268901412,-0.706453288465179,-0.7032127420274963,-0.6751700245771736,-0.7090895933805981,-0.7043431893275678,-0.6743254196969125,-0.716973075532462,-0.7401956411162681,-0.7488215214738719,-0.7119218311597656,-0.7082734770840521,-0.17069114333744284,-0.7089695572282698,-0.7146905326903071,-0.7020699305489067,-0.7148164989592485,-0.6541865195326424,-0.6752344091803062,-0.7167420479688873,-0.7285561997410531,-0.7124418761372843,-0.7063051954183767,0.6238735188551541,-0.6527924840252929,-0.7291256952572411,-0.6827482401747242,-0.6979295193652858,-0.7147312165613239,-0.6604874709187954,-0.5567771649665584,-0.6974388310932061,-0.6901525718182467,-0.6601737169265125,-0.042223416015498456,-0.7188791652732692,-0.716583325496441,-0.7174053987088772,-0.7084859024814545,-0.688302708107271,-0.7156600521353874,-0.7056565048009884,-0.6495063142783384,-0.6972954420003912,-0.6539730242444364,-0.7052515569786895,-0.7301616977747412,-0.712756089695628,-0.7025492570306442,-0.6888534775386208,-0.7145329029854052,-0.7177146379137518,-0.7073384066922423,0.6396949222510189,-0.7124354964041549,-0.7273682889797055,-0.6898001455793976,-0.7294119835157411,-0.6985066317954436,-0.7151857548499524,-0.7078136426483035,-0.6524333943407001,-0.7240331094310093,-0.7056254292213164,-0.6851964043957234,-0.6902807027035527,-0.7117137902760895,-0.6522573691354063,-0.7086964356641163,-0.7318185234593892,-0.6540605195637805,-0.7211245992688137,-0.700637008942348,-0.9218802134119686,-0.690515492195312,-0.7156593206982522,-0.7162188152998543,-0.47588170200130564,-0.6540153607546879,-0.7974330595176479,-0.6906466423742932,-0.7316851172627771,-0.7508558232082356,-0.6606332966480358,-0.7082943496888243,-0.6922660350029874,-0.7082060815513058,-0.7321604484137543,-0.7062883849432877,-0.7204191786656268,-0.6521633321241316,-0.7314738747334066,-0.7087016589041456,-0.7325091036505018,-0.7407544449723198,-0.7096446046604361,-0.7280953890586132,-0.6905980013408991,-0.716794828857149,-0.7421051388945642,-0.7158898013028338,-0.7122018071708222,-0.702291712854666,-0.7141437370346954,-0.6986973294691838,-0.7058379503950013,-0.689567417854751,-0.7495049765699944,-0.7174409304398688,-0.7185675551113689,-0.7176970092422725,-0.7499310627867435,-0.7053454901393816,-0.7287027851054434,-0.7165438042994074,-0.7187060988864595,-0.11066426808372769,-0.7290580347149579,-0.6842514455649594,-0.7304946636714211
428,1519071266,-0.6720484160537391,-0.7325725410668407,-0.703976747196514,-0.7311178160463666,-0.7127297425406677,-0.6981343517684716,-0.6722767571662561,-0.711404889477989,-0.6580632610166516,-0.6787461474352886,-0.7136975851332082,-0.7017510820293573,-0.7005896574312608,-0.6723789349136755,-0.7046359509534619,-0.7005258233570413,-0.6716306235420217,-0.713389927546432,-0.7352057816766278,-0.7443756142643049,-0.7077264916801393,-0.7043204870893287,-0.17069114333744284,-0.7051358463132146,-0.7102331021918425,-0.6960604185016049,-0.7103570363749816,-0.6500149808391323,-0.6724462434494028,-0.7127748958143689,-0.7248158919204941,-0.7095002064594966,-0.7013357174766732,-0.5983746011907747,-0.648002814655756,-0.7245478498686578,-0.6791057554380663,-0.6952527729451147,-0.710323140915484,-0.6574998550456328,-0.5567771649665584,-0.6926426744592811,-0.6878987793548577,-0.65793075563679,-0.042223416015498456,-0.7148230676068579,-0.7124061219421814,-0.7138278550011145,-0.7040698646090289,-0.6854653266332479,-0.7120756030042575,-0.7012577278778859,-0.6467362564909378,-0.6946244933588559,-0.651184817891196,-0.7008391200796984,-0.7256453178482233,-0.7072350779489515,-0.6994679069040263,-0.6846638439633467,-0.7108039770523958,-0.7142403112608467,-0.7035136397356253,0.3380832592183689,-0.7095004904785839,-0.7232929302166712,-0.6875472072320524,-0.7250424476675998,-0.6944889368202544,-0.711737956671247,-0.7047161203490768,-0.6502060807605519,-0.7200289035020015,-0.701210605153076,-0.6797551978444901,-0.6855723036071052,-0.7073073206563674,-0.6469351003031436,-0.7065523707176186,-0.7283415545203902,-0.6512756371676816,-0.7163938757921724,-0.6970332151727717,-0.9214433342352034,-0.6863343539367748,-0.7132972534457546,-0.7116158241487655,-0.47585551844183444,-0.648706578760169,-0.7974330595176479,-0.6883984998889807,-0.7260617456297559,-0.7457837652294121,-0.6561505447961435,-0.7061551421383234,-0.688637366661219,-0.7051105519557813,-0.7275748923694093,-0.7013394406300842,-0.7148060398474984,-0.6479005990309039,-0.7269782734609547,-0.7042509390002333,-0.7274533240277904,-0.7362428339722714,-0.7060729015960358,-0.7243525070065828,-0.6875972844276294,-0.7127669107003145,-0.7375870475782894,-0.7109142044297702,-0.7064349554952687,-0.6992151191198129,-0.7101838885404919,-0.6979018834447432,-0.7014249695458507,-0.6848600385357149,-0.7457007614517753,-0.7127194870884834,-0.714508956448829,-0.7129770881198207,-0.7448513549213124,-0.7030331171183481,-0.7236173235725292,-0.7143223082709844,-0.7149740889563754,-0.11066426808372769,-0.7253179959178889,-0.67940416301858,-0.7254328791766487
429,1519071272,-0.6720484160537391,-0.7325725410668407,-0.703976747196514,-0.7311178160463666,-0.7109573854099348,-0.6981343517684716,-0.6722767571662561,-0.711404889477989,-0.6580632610166516,-0.6787461474352886,-0.7136975851332082,-0.7017510820293573,-0.6981814948700573,-0.6723789349136755,-0.7046359509534619,-0.7005258233570413,-0.6716306235420217,-0.713389927546432,-0.734651352850001,-0.7443756142643049,-0.7077264916801393,-0.7043204870893287,-0.17069114333744284,-0.7051358463132146,-0.7102331021918425,-0.6960604185016049,-0.7103570363749816,-0.649319724390214,-0.6724462434494028,-0.7127748958143689,-0.7248158919204941,-0.7095002064594966,-0.7013357174766732,0.6238735188551541,-0.648002814655756,-0.7245478498686578,-0.6791057554380663,-0.6952527729451147,-0.710323140915484,-0.6574998550456328,-0.5567771649665584,-0.6926426744592811,-0.6878987793548577,-0.65793075563679,-0.042223416015498456,-0.7148230676068579,-0.7124061219421814,-0.7126353404318602,-0.7028081395026216,-0.6826799012798072,-0.7120756030042575,-0.7012577278778859,-0.6467362564909378,-0.6946244933588559,-0.651184817891196,-0.7002875654673245,-0.725143497856388,-0.7072350779489515,-0.6994679069040263,-0.6846638439633467,-0.7108039770523958,-0.7142403112608467,-0.7035136397356253,0.6431223275127536,-0.7089134892934698,-0.7222740905259126,-0.6875472072320524,-0.7250424476675998,-0.6944889368202544,-0.711737956671247,-0.7047161203490768,-0.6502060807605519,-0.7200289035020015,-0.701210605153076,-0.6797551978444901,-0.6855723036071052,-0.7073073206563674,-0.6469351003031436,-0.7065523707176186,-0.7283415545203902,-0.6512756371676816,-0.7163938757921724,-0.6970332151727717,-0.9211520814506934,-0.6858117116544575,-0.7132972534457546,-0.7116158241487655,-0.47585551844183444,-0.648706578760169,-0.7974330595176479,-0.6883984998889807,-0.7260617456297559,-0.7457837652294121,-0.6561505447961435,-0.7061551421383234,-0.688637366661219,-0.7051105519557813,-0.7275748923694093,-0.7013394406300842,-0.7148060398474984,-0.6479005990309039,-0.7269782734609547,-0.7042509390002333,-0.7274533240277904,-0.7362428339722714,-0.7060729015960358,-0.7231048796559061,-0.6875972844276294,-0.7127669107003145,-0.7375870475782894,-0.7109142044297702,-0.7064349554952687,-0.6987023534973374,-0.7101838885404919,-0.6977427942398552,-0.7008733469397068,-0.6848600385357149,-0.7457007614517753,-0.7121293066695603,-0.714508956448829,-0.7129770881198207,-0.7448513549213124,-0.700258269493108,-0.7231087774192377,-0.7121008122425614,-0.7149740889563754,-0.11066426808372769,-0.7240713163188659,-0.67940416301858,-0.7254328791766487
430,1519071277,-0.6706536296976733,-0.7308303304089855,-0.7019966048612692,-0.7283077470306606,-0.7091850282792019,-0.6959859362030928,-0.670881048703803,-0.7096772068907863,-0.6566860326773984,-0.6769278972974042,-0.7113384317276619,-0.6996612125023255,-0.6954781381884484,-0.6695878452501773,-0.7021617051606085,-0.6979809127100236,-0.6696095264258536,-0.7098067795604021,-0.7324336375434942,-0.7424702254602047,-0.7045799870704198,-0.7023439920919671,-0.17069114333744284,-0.7019410872173352,-0.7077567519149177,-0.6942575648874144,-0.7083750530041963,-0.6479292114923774,-0.6703551191512254,-0.7117831077757394,-0.7223223533734549,-0.7083235385883815,-0.698574896397949,0.7349869843138749,-0.6453418872282357,-0.7220046024305561,-0.6772845130697372,-0.6932452131299863,-0.7083639961839996,-0.6545122391724701,-0.5567771649665584,-0.6908441157215591,-0.6848937227370054,-0.6564354481103084,-0.042223416015498456,-0.7130847400355388,-0.7106158918474988,-0.7108465685779788,-0.7009155518430106,-0.6798533439975719,-0.7102833784386927,-0.6990583394163346,-0.6446587131503874,-0.6932890190380882,-0.6497907147145757,-0.698081347017829,-0.7231362178890468,-0.7050266732502809,-0.6979272318407174,-0.6825690271757097,-0.7089395140858912,-0.7125031479343943,-0.7016012562573168,0.6431223275127536,-0.7077394869232413,-0.7202364111443954,-0.6860452483338223,-0.7225455700400906,-0.693149705161858,-0.7100140575818943,-0.7031673591994635,-0.6479787671804036,-0.7175262747963718,-0.6984513401104256,-0.6779414623274124,-0.6824333708761401,-0.7051040858465063,-0.6448061927702385,-0.7051229940866202,-0.7254440804045575,-0.6484907547715826,-0.7128458331846914,-0.6940300536981248,-0.9209579129276867,-0.6837211425251889,-0.7115257030063813,-0.7093143285732211,-0.47584388130429167,-0.6465830659623616,-0.7974330595176479,-0.6861503574036681,-0.7238123969765475,-0.7438817434873533,-0.6546562941788461,-0.7047290037713227,-0.6871858993245116,-0.7030468655587649,-0.7245178550065127,-0.699139909824216,-0.712934993574789,-0.6452363908476366,-0.7241685226656722,-0.701778316831393,-0.7252063108621408,-0.7339870284722473,-0.7046442203702755,-0.721233438629891,-0.6868471051993119,-0.7098898263025756,-0.7347632405056177,-0.7090483556023713,-0.7043379185223402,-0.697164056629911,-0.70820396429339,-0.6972655266251908,-0.6986668565151315,-0.6827678699494767,-0.7431646180396293,-0.7103587654127909,-0.7121897572130919,-0.7106171275585947,-0.7429464644717758,-0.6993333202846946,-0.721074592806072,-0.7109900642283499,-0.7131080839913334,-0.11066426808372769,-0.7222012969203314,-0.6769805217453901,-0.7231831971789721
431,1519071283,-0.6685614501635745,-0.7290881197511304,-0.6995214269422133,-0.7238116366055312,-0.7074126711484691,-0.694553659159507,-0.6687874860101234,-0.7073736301078495,-0.6553088043381453,-0.6751096471595198,-0.7095690666735021,-0.6975713429752937,-0.6932823082401682,-0.6681923004184284,-0.7001823085263257,-0.6928910914159883,-0.6682621283484083,-0.7080152055673872,-0.7302159222369874,-0.7405648366561045,-0.7014334824607001,-0.6993792495959246,-0.17069114333744284,-0.7000242317598075,-0.705775671693378,-0.6924547112732239,-0.7063930696334111,-0.6465386985945407,-0.6689610362857737,-0.7097995316984802,-0.7198288148264155,-0.7059702028461513,-0.6958140753192249,0.5127600533964333,-0.6426809598007153,-0.7194613549924542,-0.6736420283330792,-0.6919068399199008,-0.7064048514525152,-0.6530184312358889,-0.5567771649665584,-0.6890455569838373,-0.6833911944280794,-0.6541924868205861,-0.042223416015498456,-0.7113464124642196,-0.7088256617528161,-0.7090577967240974,-0.6990229641833996,-0.6770715267080605,-0.7084911538731278,-0.6968589509547832,-0.6425811698098368,-0.6912858075569367,-0.6476995599496455,-0.6958751285683334,-0.7211289379217055,-0.7022661673769426,-0.6958729984229721,-0.6804742103880725,-0.7070750511193865,-0.7101869301657909,-0.6990514116195721,0.6328401117275496,-0.7048044809976702,-0.7181987317628783,-0.6837923099864772,-0.7200486924125813,-0.6918104735034616,-0.7071408924329731,-0.7011023443333123,-0.6457514536002553,-0.715023646090742,-0.6956920750677753,-0.6761277268103346,-0.6803407490554968,-0.7029008510366452,-0.6426772852373335,-0.7036936174556216,-0.7225466062887249,-0.6464020929745083,-0.7104804714463708,-0.6910268922234779,-0.9207637444046799,-0.6816305733959203,-0.709754152567008,-0.7075882068915628,-0.4758322441667489,-0.644459553164554,-0.7974330595176479,-0.6846515957467931,-0.7215630483233391,-0.7419797217452944,-0.6531620435615486,-0.7033028654043222,-0.6857344319878041,-0.7014991007610027,-0.7219703238707654,-0.6952907309139467,-0.7098165831202732,-0.6420393410277159,-0.7219207220294462,-0.6998002190963208,-0.7229592976964913,-0.7311672715972171,-0.7032155391445154,-0.7193619976038758,-0.6838463882860422,-0.7081635756639322,-0.7325041948474803,-0.7053166579475737,-0.7022408815494117,-0.6951129941400089,-0.7057290589845129,-0.6969473482154146,-0.6964603660905562,-0.6806757013632384,-0.7412625104805197,-0.7074078633181751,-0.710450357786289,-0.7082571669973688,-0.7410415740222391,-0.6979458964720745,-0.7185318620396149,-0.7093239422070327,-0.7112420790262913,-0.11066426808372769,-0.7203312775217969,-0.6745568804722004,-0.7209335151812954
432,1519071289,-0.6657718774514427,-0.7244422246635166,-0.6955611422717239,-0.720439553786684,-0.7038679568870034,-0.6909729665505424,-0.6659960690852171,-0.7039182649334441,-0.6518657334900125,-0.6714731468837509,-0.706620124916569,-0.694436538684746,-0.6907006543976739,-0.6654012107549303,-0.6957286660991895,-0.6903461807689706,-0.6648936331547948,-0.7050292489123622,-0.7263349204506004,-0.7367540590479043,-0.6982869778509805,-0.6954262596012012,-0.08572961197044983,-0.6955515690255765,-0.7013182411949133,-0.6888490040448428,-0.7019336070491442,-0.6437576727988673,-0.6661728705548704,-0.7068241675825914,-0.7160885070058565,-0.702440199232806,-0.6913967615932662,0.2905331224789917,-0.6394878468876908,-0.7153921590914913,-0.6712137051753072,-0.6885609068946869,-0.7024865619895465,-0.6500308153627262,-0.5567771649665584,-0.6866474786668747,-0.6811374019646902,-0.6519495255308636,-0.042223416015498456,-0.7067108722740352,-0.7058419449283451,-0.7060765103009617,-0.6958686514173813,-0.6742428045874677,-0.704906704741998,-0.6924601740316807,-0.6398111120224362,-0.6879471217550175,-0.644911353596405,-0.6914626916693424,-0.7166125579951876,-0.6978493579796015,-0.6927916482963543,-0.6768082810097077,-0.7033461251863771,-0.7055544946285843,-0.695226644662955,0.5642920064928564,-0.7024564762572134,-0.714123372999844,-0.681539371639132,-0.7163033759713174,-0.6884623943574707,-0.7036930942542676,-0.6980048220340856,-0.643524140020107,-0.7105189144206083,-0.6912772509995347,-0.6731048342818717,-0.6772018163245318,-0.697943572714458,-0.6389516970547495,-0.7001201758781255,-0.7190696373497257,-0.6436172105784094,-0.7069324288388898,-0.6886243630437604,-0.9204724916201699,-0.6784947197020172,-0.7062110516882615,-0.7041359635282461,-0.47580606060727776,-0.6412742839678428,-0.7974330595176479,-0.6824034532614806,-0.7170643510169221,-0.7381756782611767,-0.6509206676356024,-0.6997375194868206,-0.6828314973143894,-0.6984035711654782,-0.7178942740535699,-0.6908916693022102,-0.7060744905748543,-0.6388422912077951,-0.7174251207569943,-0.6958440236261766,-0.7184652713651921,-0.7272196119721748,-0.700358176692995,-0.7156191155518455,-0.6815958506010897,-0.7041356575070977,-0.7279861035312055,-0.7015849602927761,-0.6985710668467867,-0.6925491660276315,-0.7012742294285339,-0.6963109913958621,-0.6920473852414054,-0.6775374484838811,-0.7374582953623007,-0.703866780804636,-0.7058119593148148,-0.70471722615553,-0.7372317931231658,-0.695633523451041,-0.7144634928132835,-0.7071024461786096,-0.7062660657861792,-0.11066426808372769,-0.716591238724728,-0.6721332391990107,-0.7164341511859422
433,1519071294,-0.6643770910953768,-0.7215385402337581,-0.6935809999364791,-0.7181914985741193,-0.7015048140460263,-0.6902568280287494,-0.6646003606227641,-0.7021905823462414,-0.6497998909811328,-0.6696548967458665,-0.7048507598624092,-0.6923466691577141,-0.6880879274898736,-0.6640056659231812,-0.6937492694649068,-0.6884374977837073,-0.6635462350773494,-0.7032376749193472,-0.7230083474908402,-0.7348486702438041,-0.6961893081111674,-0.6934497646038394,-0.17069114333744284,-0.6936347135680488,-0.6988418909179885,-0.6870461504306523,-0.699951623678359,-0.6423671599010307,-0.6640817462566928,-0.7048405915053323,-0.7148417377323368,-0.701263531361691,-0.6897402689460317,0.6238735188551541,-0.6368269194601703,-0.71335756114101,-0.6693924628069782,-0.6865533470795585,-0.700037631075191,-0.6492839113944355,-0.5567771649665584,-0.6848489199291528,-0.6796348736557641,-0.6489589104779004,-0.042223416015498456,-0.7049725447027161,-0.7034549714687682,-0.7042877384470804,-0.6920834760981593,-0.6714335660120934,-0.7031144801764331,-0.6902607855701294,-0.6384260831287359,-0.6866116474342498,-0.6421231472431645,-0.6903595824445945,-0.714103458036011,-0.6961930544555984,-0.6912509732330454,-0.6747134642220707,-0.7014816622198724,-0.7038173313021319,-0.6933142611846466,0.6362675169892843,-0.7012824738869851,-0.7115762737729474,-0.6800374127409019,-0.7144307177506855,-0.6871231626990743,-0.701969195164915,-0.6959398071679345,-0.6420392643000082,-0.7085168114561046,-0.6901735449824746,-0.6706865202591015,-0.6751091945038884,-0.6962911466070622,-0.6368227895218445,-0.6979761109316278,-0.7173311528802262,-0.6422247693803599,-0.7051584075351494,-0.6868224661589722,-0.9202783230971632,-0.6764041505727486,-0.7038489844357638,-0.7024098418465878,-0.4757886049009636,-0.6386198929705833,-0.7974330595176479,-0.6794059299477305,-0.7159396766903179,-0.735639649271765,-0.6494264170183051,-0.69831138111982,-0.6806542963093284,-0.6968558063677159,-0.715856249144972,-0.6892420211978091,-0.7048271263930479,-0.6367109246611813,-0.7163012204388813,-0.6938659258911044,-0.7162182581995427,-0.7249638064721505,-0.6989294954672349,-0.7149953018765072,-0.6800954921444549,-0.7024094068684544,-0.7257270578730681,-0.7003410610745101,-0.6964740298738581,-0.6910108691602049,-0.6992943051814322,-0.6959928129860858,-0.6909441400291177,-0.6749222377510833,-0.7361902236562275,-0.7015060591289435,-0.7034927600790776,-0.7029472557346106,-0.735961866156808,-0.6947085742426277,-0.7119207620468263,-0.7059916981643981,-0.7050220624761512,-0.11066426808372769,-0.7159678989252165,-0.6691036876075235,-0.7147468896876848
434,1519071300,-0.6629823047393109,-0.7197963295759029,-0.6916008576012345,-0.7159434433615546,-0.6991416712050492,-0.6888245509851636,-0.663204652160311,-0.7004628997590389,-0.6484226626418796,-0.6666244798493925,-0.7030813948082494,-0.6886893974854085,-0.6853819813861558,-0.6626101210914321,-0.6912750236720533,-0.6865288147984441,-0.662198836999904,-0.7008489095953272,-0.7207906321843334,-0.7316730222369704,-0.6930428035014478,-0.6914732696064778,-0.17069114333744284,-0.6917178581105212,-0.6968608106964487,-0.6834404432022713,-0.696978648622181,-0.6395861341053574,-0.6626876633912412,-0.7023611214087583,-0.7111014299117778,-0.6994985295550182,-0.6864272836515627,0.7349869843138749,-0.6336338065471459,-0.7113229631905286,-0.6663570588597632,-0.6852149738694729,-0.6975887001608355,-0.6477901034578541,-0.5567771649665584,-0.681251802453709,-0.6788836095013011,-0.646715949188178,-0.042223416015498456,-0.7014958895600778,-0.7004712546442972,-0.7007101947393175,-0.6901908884385484,-0.6686048438915005,-0.7007248474223465,-0.6875115499931902,-0.6370410542350355,-0.6852761731134822,-0.6400319924782343,-0.6864987001579773,-0.7120961780686699,-0.6934325485822602,-0.6891967398153002,-0.671571239040615,-0.6989957115978662,-0.7020801679756794,-0.6901269553874656,0.6328401117275496,-0.6995214703316424,-0.709029174546051,-0.6785354538426718,-0.7113096207162989,-0.6851143152114797,-0.7002452960755623,-0.6938747923017834,-0.6412968264399589,-0.7065147084916007,-0.6863105739227642,-0.6676636277306385,-0.6719702617729234,-0.6935371030947358,-0.6336294282224869,-0.6972614226161286,-0.7155926684107267,-0.6408323281823103,-0.7033843862314089,-0.6838193046843253,-0.9198899860511497,-0.6727456545965285,-0.7020774339963906,-0.7001083462710435,-0.4757769677634209,-0.635434623773872,-0.7974330595176479,-0.678656549119293,-0.7114409793839009,-0.7318356057876473,-0.6464379157837101,-0.6968852427528194,-0.679202828972621,-0.6947921199706996,-0.7138182242363742,-0.6864926076904738,-0.7023323980294354,-0.6335138748412605,-0.7123675693254858,-0.6913933037222643,-0.7122859851596559,-0.7221440495971203,-0.6967864736285947,-0.7112524198244768,-0.6793453129161374,-0.7001077393502633,-0.7234680122149307,-0.6978532626379783,-0.6928042151712331,-0.688959806670303,-0.6973143809343304,-0.6956746345763096,-0.6870827817861109,-0.6717839848717259,-0.7323860085380085,-0.699735517872174,-0.7017533606522748,-0.7011772853136912,-0.7308821582913769,-0.6937836250342143,-0.7098865774336607,-0.7054363241572924,-0.7025340558560951,-0.11066426808372769,-0.711604520328636,-0.6666800463343338,-0.7113723666911699
435,1519071305,-0.661587518383245,-0.7180541189180477,-0.6896207152659897,-0.7125713605427074,-0.6955969569435835,-0.6866761354197849,-0.6618089436978578,-0.6987352171718362,-0.6470454343026265,-0.6648062297115082,-0.7019018181054761,-0.6865995279583766,-0.6835227763120224,-0.6605168038438086,-0.6888007778791999,-0.683347676489672,-0.660177739883736,-0.6972657616092973,-0.7169096303979464,-0.7284973742301368,-0.6904207163266814,-0.6890026508597757,-0.17069114333744284,-0.6885230990146419,-0.6948797304749088,-0.6816375895880807,-0.6949966652513957,-0.6381956212075207,-0.6612935805257895,-0.7008734393508139,-0.7086078913647386,-0.6977335277483456,-0.6831142983570937,0.2349763897496313,-0.6315050646051295,-0.7087797157524267,-0.6639287357019912,-0.6838766006593874,-0.6956295554293511,-0.6455493915529822,-0.5567771649665584,-0.679453243715987,-0.6758785528834489,-0.6452206416616963,-0.042223416015498456,-0.6997575619887586,-0.6986810245496144,-0.698325165600809,-0.6864057131193264,-0.6658497262750661,-0.6977378064797384,-0.685312161531639,-0.634270996447635,-0.6832729616323306,-0.637940837713304,-0.6842924817084818,-0.7100888981013286,-0.6912241438835895,-0.6876560647519913,-0.6689527180560687,-0.6971312486313616,-0.7003430046492269,-0.6875771107497209,0.619130490680611,-0.6971734655911855,-0.7059726554737752,-0.6777844743935567,-0.7081885236819123,-0.6831054677238851,-0.6973721309266411,-0.6923260311521701,-0.6383270749997612,-0.7040120797859709,-0.683551308880114,-0.6664544707192533,-0.6688313290419583,-0.6913338682848749,-0.6315005206895818,-0.6958320459851302,-0.712695194294894,-0.638743666385236,-0.7004276840585081,-0.6808161432096784,-0.919695817528143,-0.6701324431849427,-0.7008964003701417,-0.697231476801613,-0.4757653306258781,-0.6333111109760645,-0.7974330595176479,-0.677157787462418,-0.7091916307306925,-0.7299335840455884,-0.6449436651664127,-0.6947460352023185,-0.6784770953042673,-0.6932443551729373,-0.7107611868734776,-0.6842930768846056,-0.7004613517567259,-0.6308496666579932,-0.71011976868926,-0.688920681553424,-0.7100389719940063,-0.7187603413470841,-0.6946434517899545,-0.7093809787984617,-0.6778449544595025,-0.6972306549525243,-0.7200794437277246,-0.6959874138105795,-0.6907071781983046,-0.6869087441804009,-0.6953344566872287,-0.6951973669616452,-0.6843246687553918,-0.6696918162854876,-0.7304839009788989,-0.6979649766154045,-0.7000139612254719,-0.6988173247524653,-0.7289772678418402,-0.6928586758258009,-0.707852392820495,-0.7043255761430809,-0.700668050891053,-0.11066426808372769,-0.70911116113059,-0.6648623153794415,-0.7085602641940741
436,1519071311,-0.6594953388491462,-0.7163119082601925,-0.6866505017631226,-0.7097612915270015,-0.6938245998128507,-0.6852438583761989,-0.6590175267729517,-0.6952798519974309,-0.6456682059633734,-0.6629879795736238,-0.6995426646999298,-0.6845096584313448,-0.6808815657610251,-0.6591212590120595,-0.6868213812449171,-0.6808027658426543,-0.6588303418062905,-0.6954741876162823,-0.7146919150914396,-0.7265919854260366,-0.6883230465868684,-0.687026155862414,-0.17069114333744284,-0.6866062435571143,-0.6928986502533689,-0.6798347359738902,-0.6925191860379141,-0.636805108309684,-0.6585054147948861,-0.6993857572928696,-0.7067377374544591,-0.6953801920061154,-0.6809056414941144,0.3460898552083521,-0.6293763226631132,-0.706236468314325,-0.6621074933336621,-0.681869040844259,-0.6936704106978667,-0.6425617756798195,-0.5567771649665584,-0.6776546849782652,-0.6751272887289859,-0.6429776803719739,-0.042223416015498456,-0.6974397918936664,-0.6956973077251434,-0.6959401364623005,-0.6845131254597154,-0.6630238906056168,-0.6959455819141734,-0.6831127730700877,-0.6321934531070844,-0.6812697501511792,-0.6358496829483736,-0.6815347086466124,-0.7080816181339873,-0.689015739184919,-0.685601831334246,-0.6668579012684316,-0.6952667856648569,-0.6980267868806236,-0.6850272661119763,0.6088482748954069,-0.695412462035843,-0.7039349760922581,-0.6755315360462115,-0.7063158654612803,-0.6817662360654887,-0.6956482318372884,-0.6907772700025566,-0.6360997614196129,-0.702009976821467,-0.6813438968459936,-0.6640361566964831,-0.666738707221315,-0.6891306334750138,-0.6293716131566767,-0.6936879810386324,-0.7109567098253945,-0.6359587839891371,-0.6980623223201874,-0.6790142463248903,-0.9195016490051362,-0.6675192317733568,-0.6991248499307684,-0.6955053551199547,-0.4757507842039497,-0.6311875981782571,-0.7974330595176479,-0.6741602641486679,-0.706942282077484,-0.7273975550561766,-0.644196539857764,-0.6926068276518176,-0.6770256279675599,-0.691180668775921,-0.7082136557377303,-0.6815436633772703,-0.6985903054840163,-0.6287183001113794,-0.7073100178939774,-0.6869425838183518,-0.7072302055369444,-0.7159405844720539,-0.6932147705641943,-0.7062619104217698,-0.6748442375462328,-0.6955044043138809,-0.7178203980695872,-0.6928776657649148,-0.6886101412253761,-0.6853704473129745,-0.6928595513783514,-0.694879188551869,-0.6821181783308164,-0.6665535634061303,-0.7273137217137164,-0.696194435358635,-0.6982745617986691,-0.6958673740509328,-0.7270723773923036,-0.6919337266173875,-0.7058182082073292,-0.7032148281288694,-0.698802045926011,-0.11066426808372769,-0.7072411417320555,-0.6630445844245492,-0.7057481616969784
437,1519071317,-0.6560083729589815,-0.7116660131725788,-0.682195181508822,-0.7063892087081545,-0.690279885551385,-0.6809470272454414,-0.6555282556168189,-0.6912485926272913,-0.6422251351152406,-0.6593514792978549,-0.6965937229429967,-0.6808523867590391,-0.678108294682478,-0.6549346245168124,-0.6823677388177809,-0.6776216275338822,-0.6547881475739544,-0.6924882309612573,-0.7113653421316793,-0.7227812078178364,-0.6846521245421954,-0.6825790421183503,-0.17069114333744284,-0.6827725326420591,-0.6884412197549044,-0.6774309311549696,-0.6885552192963436,-0.632633569616174,-0.655020207631257,-0.695914499157666,-0.7029974296339001,-0.6930268562638853,-0.6764883277681557,-0.26503420481461226,-0.6256510242645845,-0.7021672724133621,-0.6566437662286752,-0.6785231078190451,-0.6892623350520268,-0.6395741598066569,-0.5567771649665584,-0.6740575675028213,-0.6706197038022076,-0.6392394115557699,-0.042223416015498456,-0.6939631367510282,-0.6927135909006723,-0.6929588500391648,-0.6813588126936971,-0.6601771281653774,-0.6911663164060003,-0.6776143019162094,-0.6287308808728337,-0.67793106434926,-0.6323644250068231,-0.6771222717476213,-0.7030634182156341,-0.6840468286129101,-0.6830340395620644,-0.6626682676931575,-0.6896733967653428,-0.6939734057855678,-0.6818399603147953,0.41005876971479677,-0.6930644572953861,-0.6998596173292237,-0.6717766388006362,-0.7025705490200165,-0.6784181569194978,-0.6916258006287987,-0.68767974770333,-0.6323875721193658,-0.6980057708924594,-0.6769290727777532,-0.659804107156635,-0.6635997744903499,-0.6830717377478959,-0.6256460249740928,-0.6901145394611362,-0.7074797408863953,-0.6331739015930381,-0.6945142797127064,-0.675410452555314,-0.9191618540898745,-0.6643833780794539,-0.6961722658651464,-0.6920531117566381,-0.47572460064447847,-0.626940572582642,-0.7974330595176479,-0.6704133600064803,-0.7024435847710672,-0.723593511572059,-0.6397137880058716,-0.689041481734316,-0.6733969596257915,-0.6880851391803964,-0.7041376059205348,-0.6771446017655338,-0.6942245308476943,-0.6239227253814983,-0.7028144166215256,-0.6829863883482076,-0.7027361792056454,-0.7125568762220176,-0.690357408112674,-0.7025190283697396,-0.6710933414046455,-0.6914764861570465,-0.7138670681678467,-0.6891459681101172,-0.6854645857659832,-0.6828066192005969,-0.6884047218223726,-0.6940837425274284,-0.677153574875522,-0.6634153105267728,-0.7235095065954973,-0.6920631724261729,-0.6942159631361291,-0.692327433209094,-0.7232625964932302,-0.6891588789921473,-0.7012412928277064,-0.6998825840862348,-0.6925820293758708,-0.11066426808372769,-0.702877763135475,-0.6594091225147646,-0.7012487977016252
438,1519071322,-0.6553109797809485,-0.7110852762866271,-0.682195181508822,-0.7052651811018721,-0.690279885551385,-0.6809470272454414,-0.6555282556168189,-0.6912485926272913,-0.6422251351152406,-0.6587453959185601,-0.6960039345916101,-0.6798074519955232,-0.6755991446590306,-0.6549346245168124,-0.6818728896592102,-0.6769853998721278,-0.6541144485352317,-0.6918910396302523,-0.7102564844784259,-0.7215109486151029,-0.6836032896722889,-0.6825790421183503,-0.17069114333744284,-0.6821335808228831,-0.6879459496995194,-0.6762290287455092,-0.6885552192963436,-0.632633569616174,-0.655020207631257,-0.695914499157666,-0.7029974296339001,-0.6930268562638853,-0.6764883277681557,0.6794302515845145,-0.6245866532935764,-0.7021672724133621,-0.6560366854392322,-0.6778539212140023,-0.6892623350520268,-0.6395741598066569,-0.5567771649665584,-0.6728585283443401,-0.6706197038022076,-0.6392394115557699,-0.042223416015498456,-0.6939631367510282,-0.6909233608059896,-0.6923625927545377,-0.6807279501404935,-0.6573801570073627,-0.6905689082174787,-0.6770644548008216,-0.6287308808728337,-0.67793106434926,-0.6323644250068231,-0.6771222717476213,-0.7025615982237988,-0.6834947274382425,-0.6825204812076281,-0.661620859299339,-0.6890519091098413,-0.6939734057855678,-0.6812024991553591,0.6431223275127536,-0.6930644572953861,-0.6998596173292237,-0.6710256593515211,-0.7025705490200165,-0.6777485410902996,-0.6916258006287987,-0.6871634939867922,-0.6323875721193658,-0.6980057708924594,-0.6769290727777532,-0.6591995286509424,-0.6625534635800283,-0.6830717377478959,-0.6245815712076402,-0.689399851145637,-0.7074797408863953,-0.6331739015930381,-0.6945142797127064,-0.6748098202603846,-0.9190647698283712,-0.6633380935148195,-0.6955817490520219,-0.691477737862752,-0.47572460064447847,-0.6258788161837382,-0.7974330595176479,-0.6704133600064803,-0.7024435847710672,-0.723593511572059,-0.6397137880058716,-0.689041481734316,-0.6733969596257915,-0.6875692175811423,-0.7041376059205348,-0.6771446017655338,-0.692977166665888,-0.6228570421081914,-0.7028144166215256,-0.6824918639144395,-0.7027361792056454,-0.7114289734720055,-0.689643067499794,-0.7025190283697396,-0.6710933414046455,-0.6909010692774987,-0.7127375453387781,-0.6891459681101172,-0.684416067279519,-0.6822938535781214,-0.6884047218223726,-0.6940837425274284,-0.677153574875522,-0.6618461840870942,-0.7235095065954973,-0.6908828115883267,-0.6930563635182606,-0.692327433209094,-0.7232625964932302,-0.6891588789921473,-0.700732746674415,-0.6998825840862348,-0.6925820293758708,-0.11066426808372769,-0.702877763135475,-0.6581973018781697,-0.700686377202206
439,1519071328,-0.6539161934248827,-0.7093430656287719,-0.679720003589766,-0.7030171258893073,-0.6885075284206522,-0.6795147502018556,-0.6541325471543658,-0.6889450158443545,-0.6401592926063608,-0.6557149790220861,-0.6948243578888369,-0.6771951150867335,-0.6730718686808214,-0.6535390796850634,-0.6798934930249275,-0.6750767168868645,-0.6527670504577863,-0.6900994656372375,-0.7080387691719191,-0.7196055598110027,-0.6815056199324758,-0.6806025471209886,-0.17069114333744284,-0.6802167253653555,-0.6859648694779795,-0.6726233215171281,-0.6860777400828619,-0.630547800269419,-0.6536261247658053,-0.6939309230804068,-0.7011272757236207,-0.6912618544572126,-0.6737275066894316,0.6794302515845145,-0.621925725866056,-0.6996240249752602,-0.6542154430709032,-0.6765155480039168,-0.6868134041376713,-0.6388272558383662,-0.5567771649665584,-0.6698609304481369,-0.6691171754932815,-0.6377441040292883,-0.042223416015498456,-0.691645366655936,-0.6885363873464128,-0.6905738209006562,-0.6788353624808824,-0.6545701968192025,-0.6887766836519138,-0.6748650663392702,-0.6273458519791334,-0.6765955900284923,-0.630970321830203,-0.6749160532981257,-0.7005543182564575,-0.6812863227395719,-0.6809798061443192,-0.6595260425117019,-0.6871874461433366,-0.6922362424591153,-0.6792901156770507,0.6396949222510189,-0.6907164525549293,-0.6978219379477065,-0.669523700453291,-0.6994494519856299,-0.6750700777735068,-0.6899019015394461,-0.6856147328371788,-0.6316451342593163,-0.6960036679279555,-0.6747216607436329,-0.6561766361224795,-0.6604608417593849,-0.6803176942355696,-0.6219204367915089,-0.6879704745146386,-0.7057412564168958,-0.6317814603949886,-0.6927402584089659,-0.6730079233755965,-0.9188220591746127,-0.6612475243855509,-0.6944007154257731,-0.6897516161810937,-0.47571005422255,-0.622693546987027,-0.7974330595176479,-0.6689145983496053,-0.6996318989545566,-0.7204234753352942,-0.6374724120799256,-0.6883284125508157,-0.6712197586207304,-0.6860214527833801,-0.702099581011937,-0.6743951882581986,-0.6911061203931785,-0.6207256755615775,-0.7005666159852996,-0.6805137661793674,-0.6999274127485834,-0.7091731679719813,-0.6867857050482736,-0.7006475873437243,-0.6695929829480106,-0.6891748186388554,-0.7104784996806407,-0.6866581696735854,-0.6812705118201262,-0.6802427910882195,-0.6864247975752708,-0.6936064749127641,-0.6743954618448027,-0.6592309733542964,-0.7216073990363877,-0.6891122703315571,-0.6913169640914577,-0.6899674726478681,-0.7207227425605147,-0.6877714551795272,-0.6986985620612493,-0.6982164620649176,-0.6900940227558148,-0.11066426808372769,-0.7003844039374291,-0.6557736606049799,-0.6984366952045293
440,1519071334,-0.651126620712751,-0.7058586443130617,-0.6757597189192766,-0.7007690706767425,-0.6831904570284537,-0.675934057592891,-0.6513411302294596,-0.6854896506699492,-0.6374048359278546,-0.6526845621256121,-0.6924652044832905,-0.6751052455597016,-0.670389227376083,-0.6507479900215654,-0.6754398505977913,-0.6731680339016013,-0.6493985552641729,-0.6859191263202025,-0.7052666250387857,-0.7164299118041692,-0.6794079501926628,-0.6761554333769247,-0.08572961197044983,-0.6782998699078279,-0.6820027090348999,-0.6708204679029376,-0.6821137733412914,-0.6277667744737456,-0.6501409176021761,-0.690955558964518,-0.6967635832663018,-0.6889085187149824,-0.6704145213949626,0.7349869843138749,-0.6182004274675273,-0.6955548290742973,-0.6511800391236882,-0.6738388015837457,-0.6828951146747027,-0.6358396399652035,-0.5567771649665584,-0.668062371710415,-0.6668633830298925,-0.6355011427395659,-0.042223416015498456,-0.6881687115132977,-0.6855526705219417,-0.6869962771928935,-0.6756810497148641,-0.6517421963113956,-0.6863870508978273,-0.6704662894161677,-0.6231907652980324,-0.6739246413869571,-0.6281821154769626,-0.6705036163991346,-0.6965397583217751,-0.6774216145168983,-0.6784120143721377,-0.6563838173302463,-0.6828370325548256,-0.6881828613640595,-0.6767402710393059,0.6328401117275496,-0.6877814466293583,-0.6927277394939136,-0.6672707621059458,-0.6969525743581206,-0.672391614456714,-0.6858794703309564,-0.6830334642544899,-0.6271905070990199,-0.6914989362578219,-0.6703068366753924,-0.6531537435940166,-0.656798753573259,-0.6764620333183128,-0.618194848608925,-0.6858264095681409,-0.7011052978315636,-0.6289965779988896,-0.6886008753669048,-0.6712060264908083,-0.9182880957363442,-0.6575890284093308,-0.6914481313601509,-0.685723998923891,-0.47568677994746456,-0.6195082777903157,-0.7974330595176479,-0.6659170750358553,-0.6962578759747439,-0.7178874463458824,-0.6344839108453306,-0.6854761358168144,-0.6690425576156693,-0.6834418447871097,-0.697514024967592,-0.6705460093479292,-0.6879877099386628,-0.6175286257416568,-0.6971949150309605,-0.676063046275455,-0.696556893000109,-0.7063534110969512,-0.6846426832096334,-0.6962808916163558,-0.6673424452630583,-0.6851469004820209,-0.7082194540225033,-0.6835484216279206,-0.6791734748471976,-0.6771661973533665,-0.6819699680192919,-0.6928110288883235,-0.6705341036017959,-0.6555696783283794,-0.7190712556242417,-0.6855711878180182,-0.687838165237852,-0.6864275318060292,-0.7175479251446203,-0.6831467091374602,-0.6946301928349179,-0.6943288440151774,-0.6869840144807446,-0.11066426808372769,-0.6966443651403601,-0.6521381986951953,-0.6944997517085953
441,1519071339,-0.649034441178652,-0.7041164336552065,-0.6732845410002206,-0.6951489326453307,-0.6814180998977208,-0.6737856420275122,-0.6485497133045534,-0.6826101796912781,-0.6360276075886014,-0.649654145229138,-0.6895162627263576,-0.670925506505638,-0.6678023946893709,-0.6486546727739417,-0.6734604539635085,-0.6674419849458115,-0.6467037591092821,-0.6829331696651775,-0.700831194425772,-0.7132542637973355,-0.6746881932780833,-0.6736848146302227,-0.17069114333744284,-0.6744661589927726,-0.68002162881336,-0.6672147606745565,-0.6796362941278098,-0.626376261575909,-0.6487468347367245,-0.6894678769065736,-0.6936466600825026,-0.685378515101637,-0.6671015361004936,-0.04280727389717069,-0.6150073145545029,-0.6930115816361956,-0.6475375543870302,-0.6725004283736601,-0.6809359699432183,-0.6335989280603316,-0.5567771649665584,-0.6644652542349712,-0.6646095905665033,-0.6325105276866027,-0.042223416015498456,-0.6858509414182055,-0.6825689536974706,-0.6840149907697578,-0.6718958743956421,-0.6489077012885159,-0.6834000099552191,-0.6677170538392285,-0.6218057364043321,-0.6725891670661893,-0.6260909607120322,-0.6671942887248913,-0.6945324783544338,-0.6741090074688925,-0.6753306642455198,-0.6532415921487907,-0.6803510819328195,-0.6852875891533053,-0.6710031206043804,0.39634914866785814,-0.6848464407037873,-0.6906900601123964,-0.6650178237586007,-0.6938314773237341,-0.6710523827983177,-0.6830063051820352,-0.6809684493883388,-0.625705631378921,-0.6884957818110662,-0.666995718624212,-0.6507354295712463,-0.6531366653871332,-0.6737079898059865,-0.6150014873095674,-0.6843970329371424,-0.698207823715731,-0.6269079162018153,-0.6850528327594239,-0.6664009681313732,-0.9178512165595791,-0.6544531747154277,-0.6896765809207777,-0.6839978772422327,-0.4756751428099218,-0.6163230085936044,-0.7974330595176479,-0.6651676942074177,-0.692321515831629,-0.7147174101091177,-0.6337367855366819,-0.6847630666333141,-0.6675910902789619,-0.6808622367908392,-0.6944569876046953,-0.6672467131391269,-0.684869299484147,-0.6137987342850826,-0.6932612639175652,-0.6740849485403829,-0.6931863732516347,-0.7007138973468907,-0.6832140019838733,-0.6937856369150022,-0.6643417283497886,-0.6834206498433776,-0.7037013627062285,-0.679816723973123,-0.6749794009013406,-0.6746023692409889,-0.6794950627104146,-0.6924928504785473,-0.6672243679649329,-0.6524314254490221,-0.7152670405060226,-0.6832104661423255,-0.6860987658110492,-0.6834775811044969,-0.7143731077287259,-0.6817592853248402,-0.6920874620684607,-0.69266272199386,-0.6844960078606885,-0.11066426808372769,-0.6935276661428026,-0.6497145574220056,-0.6911252287120804
442,1519071345,-0.6462448684665203,-0.6925016959361721,-0.6693242563297312,-0.6906528222202013,-0.6701931714030795,-0.666624256809583,-0.6457582963796472,-0.6722440841680623,-0.6325845367404686,-0.6381385610225369,-0.678310284050012,-0.6662233000698163,-0.6653890532839498,-0.6451658106945691,-0.669501660694943,-0.6623521636517762,-0.6440089629543914,-0.6787528303481426,-0.6963957638127584,-0.7062678381823015,-0.6704928537984571,-0.669237700886159,-0.08572961197044983,-0.6667987371626621,-0.6750689282595105,-0.6563976389894134,-0.6751768315435429,-0.6235952357802357,-0.6452616275730952,-0.6800458905395925,-0.688659582988424,-0.6747885042616012,-0.662684222374535,-0.7650447993788558,-0.6112820161559743,-0.6884337362476123,-0.6372171809664992,-0.6684853087434034,-0.6770176804802495,-0.626129888377425,-0.5567771649665584,-0.6530743822293991,-0.6563456848674099,-0.6250339900541946,2.1555494069990258,-0.6742620909427446,-0.6783917501432111,-0.6792449324927408,-0.6668489739700129,-0.6460977411003557,-0.6780233362585244,-0.6627684298007381,-0.6183431641700813,-0.6685827441038864,-0.6226057027704817,-0.6627818518259002,-0.690016098427916,-0.6691400968968836,-0.6717357557644656,-0.6474808459827888,-0.6747576930333055,-0.6737065003102889,-0.6652659701694548,0.2763899645071451,-0.6748674205568458,-0.6861052815039829,-0.6575080292674501,-0.6888377220687155,-0.6683739194815249,-0.6720882776161348,-0.6773546733725743,-0.6175388149183774,-0.6839910501409325,-0.6625808945559715,-0.6398530164687798,-0.6479051108355248,-0.6687507114837992,-0.6107436722437573,-0.6758207731511516,-0.6866179272524005,-0.6241230338057163,-0.6744087049369809,-0.6555895868226443,-0.9158124470680085,-0.648704109609939,-0.6790472782845381,-0.6724903993645107,-0.47565186853483626,-0.6126068611974412,-0.7446615348656537,-0.6561751242661676,-0.6844487955453995,-0.7071093231408823,-0.6262655324501947,-0.6754931672478102,-0.6596080199270714,-0.6772507855960606,-0.6903809377874998,-0.6628476515273904,-0.6792561606660187,-0.6100688428285084,-0.6848320115317178,-0.6696342286364705,-0.6847600738804489,-0.6956383349718362,-0.6760705958550725,-0.6887951275122951,-0.6568399360666141,-0.6724877291319697,-0.6974889871463507,-0.6748411271000595,-0.6707853269554834,-0.6715257755061359,-0.6750402331544357,-0.6916974044541067,-0.6628113871157822,-0.6472010039834265,-0.7070245744165479,-0.6719970381827856,-0.6739229698234293,-0.6722677684386738,-0.7073885094137581,-0.6651101995733991,-0.6880190928421294,-0.6765568757877932,-0.6788979929655624,-0.08689855459740743,-0.6885409477467106,-0.6388081716926517,-0.6832513417202123
443,1519071350,-0.6462448684665203,-0.6925016959361721,-0.6693242563297312,-0.6906528222202013,-0.6701931714030795,-0.666624256809583,-0.6450604421484206,-0.6722440841680623,-0.6325845367404686,-0.6381385610225369,-0.678310284050012,-0.6662233000698163,-0.6626805177581232,-0.6451658106945691,-0.669501660694943,-0.6623521636517762,-0.6440089629543914,-0.6787528303481426,-0.6963957638127584,-0.7062678381823015,-0.6704928537984571,-0.669237700886159,-0.17069114333744284,-0.6667987371626621,-0.6750689282595105,-0.6563976389894134,-0.6746813357008467,-0.6235952357802357,-0.6452616275730952,-0.6800458905395925,-0.688659582988424,-0.6747885042616012,-0.6621320581587901,0.8461004497725957,-0.6112820161559743,-0.6884337362476123,-0.6366101001770561,-0.6684853087434034,-0.6770176804802495,-0.626129888377425,-0.5567771649665584,-0.6530743822293991,-0.6563456848674099,-0.6250339900541946,2.1555494069990258,-0.6736826484189715,-0.6783917501432111,-0.6792449324927408,-0.6668489739700129,-0.6431355206143778,-0.6780233362585244,-0.6627684298007381,-0.6183431641700813,-0.6685827441038864,-0.6226057027704817,-0.6627818518259002,-0.690016098427916,-0.6691400968968836,-0.6717357557644656,-0.6474808459827888,-0.6747576930333055,-0.6737065003102889,-0.6652659701694548,0.6773963801301002,-0.6748674205568458,-0.6861052815039829,-0.6575080292674501,-0.6882135026618382,-0.6683739194815249,-0.6720882776161348,-0.6773546733725743,-0.6175388149183774,-0.6839910501409325,-0.6625808945559715,-0.6398530164687798,-0.6479051108355248,-0.6687507114837992,-0.6107436722437573,-0.6758207731511516,-0.6866179272524005,-0.6241230338057163,-0.6744087049369809,-0.6555895868226443,-0.9158124470680085,-0.648704109609939,-0.6790472782845381,-0.6724903993645107,-0.47565186853483626,-0.6126068611974412,-0.7446615348656537,-0.6561751242661676,-0.6844487955453995,-0.7071093231408823,-0.6262655324501947,-0.6754931672478102,-0.6596080199270714,-0.6772507855960606,-0.6903809377874998,-0.6628476515273904,-0.6792561606660187,-0.6095360011918549,-0.6848320115317178,-0.6696342286364705,-0.6847600738804489,-0.6956383349718362,-0.6760705958550725,-0.6887951275122951,-0.6560897568382966,-0.6724877291319697,-0.6974889871463507,-0.6748411271000595,-0.6707853269554834,-0.6715257755061359,-0.6750402331544357,-0.6916974044541067,-0.6622597645096384,-0.6472010039834265,-0.7070245744165479,-0.6714068577638623,-0.6739229698234293,-0.6722677684386738,-0.7073885094137581,-0.6651101995733991,-0.6875105466888379,-0.6765568757877932,-0.6788979929655624,-0.08689855459740743,-0.6879176079471991,-0.6388081716926517,-0.6832513417202123
444,1519071356,-0.6434552957543885,-0.6878558008485584,-0.6653639716592418,-0.6872807394013541,-0.6666484571416138,-0.6637597027224114,-0.6422690252235145,-0.6687887189936569,-0.6291414658923358,-0.6357142275053576,-0.6753613422930791,-0.6625660283975107,-0.6601454735135875,-0.6423747210310711,-0.6655428674263775,-0.6591710253430041,-0.6413141667995006,-0.6787528303481426,-0.6925147620263714,-0.7049975789795682,-0.6673463491887375,-0.6652847108914356,-0.08572961197044983,-0.6642429298859587,-0.6706114977610458,-0.6527919317610323,-0.6702218731165798,-0.620118953535644,-0.6424734618421919,-0.6755828443657594,-0.6849192751678651,-0.6712585006482559,-0.6577147444328314,0.7905437170432352,-0.6075567177574457,-0.6843645403466494,-0.6341817770192841,-0.6658085623232323,-0.6721198186515385,-0.6238891764725529,-0.5567771649665584,-0.6494772647539553,-0.6540918924040207,-0.6220433750012313,2.1555494069990258,-0.6690471082287871,-0.6777950067783168,-0.6792449324927408,-0.6636946612039946,-0.6401639191621836,-0.6780233362585244,-0.6589194999930233,-0.6155731063826806,-0.665911795462351,-0.6198174964172413,-0.6589209695392829,-0.6854997185013981,-0.66527538867421,-0.6686544056378478,-0.6469571417858795,-0.6716502547557976,-0.6702321736573839,-0.6620786643722739,0.6876785959153041,-0.672519415816389,-0.6820299227409485,-0.6545041114709899,-0.6844681862205743,-0.6650258403355339,-0.6686404794374294,-0.6742571510733476,-0.6153115013382292,-0.6799868442119248,-0.658166070487731,-0.6356209669289318,-0.6479051108355248,-0.6648950505665423,-0.6080825378276259,-0.6736767082046539,-0.6831409583134014,-0.6213381514096173,-0.6708606623294999,-0.6525864253479974,-0.9154726521527468,-0.648704109609939,-0.6755041774057916,-0.6690381560011941,-0.4756227756909794,-0.6088907138012781,-0.7446615348656537,-0.6539269817808551,-0.6833241212187953,-0.7052073013988235,-0.6225299059069511,-0.6733539596973092,-0.655979351585303,-0.674155256000536,-0.6863048879703042,-0.6589984726171211,-0.6761377502115029,-0.6068717930085876,-0.6837081112136048,-0.6656780331663262,-0.6836365672976241,-0.6922546267218,-0.6724988927906721,-0.6856760591356033,-0.6538392191533443,-0.6690352278546831,-0.6941004186591446,-0.6717313790543947,-0.6671155122528585,-0.6689619473937585,-0.6710803846602322,-0.6910610476345542,-0.6572951610543438,-0.6466779618368669,-0.7057565027104749,-0.6672755948314003,-0.6698643711608894,-0.6687278275968349,-0.7054836189642214,-0.6632603011565723,-0.6829336313092151,-0.674890753766476,-0.6751659830354784,-0.08689855459740743,-0.6835542293506187,-0.6345667994645696,-0.6826889212207932
445,1519071362,-0.6420605093983227,-0.6861135901907032,-0.663383829323997,-0.6850326841887894,-0.6636945285903925,-0.6630435642006184,-0.6408733167610613,-0.6670610364064542,-0.6277642375530826,-0.6338959773674732,-0.6730021888875326,-0.6604761588704788,-0.6574861370078285,-0.640979176199322,-0.6625737724749534,-0.6572623423577408,-0.6399667687220552,-0.6787528303481426,-0.6897426178932379,-0.7049975789795682,-0.6652486794489244,-0.6628140921447334,-0.17069114333744284,-0.662326074428431,-0.668630417539506,-0.6497871757373815,-0.6682398897457945,-0.618033184188889,-0.6410793789767402,-0.6740951623078151,-0.6818023519840659,-0.6689051649060257,-0.6555060875698521,0.8461004497725957,-0.6059601613009334,-0.6818212929085476,-0.6323605346509551,-0.6644701891131467,-0.6701606739200541,-0.621648464567681,-0.5567771649665584,-0.6476787060162333,-0.6525893640950946,-0.6212957212379906,2.1555494069990258,-0.667308780657468,-0.6777950067783168,-0.6774561606388594,-0.6605403484379763,-0.6371879880332744,-0.6762311116929595,-0.6556204173006964,-0.6134955630421302,-0.6645763211415834,-0.6184233932406211,-0.6561631964774135,-0.6834924385340568,-0.6619627816262041,-0.6660866138656663,-0.6459097333920609,-0.6685428164782898,-0.6684950103309314,-0.6601662808939653,0.697960811700508,-0.6689974087057037,-0.679482823514052,-0.6537531320218748,-0.6825955279999423,-0.6630169928479394,-0.6657673142885082,-0.6727083899237343,-0.6130841877580809,-0.677484215506295,-0.6554068054450807,-0.6344118099175466,-0.6479051108355248,-0.6615901983517507,-0.6064858571779471,-0.6722473315736555,-0.6808229790207353,-0.6192494896125431,-0.6690866410257595,-0.6507845284632092,-0.9152784836297401,-0.6476588250453047,-0.6737326269664183,-0.6667366604256497,-0.4756111385534367,-0.6072980792029224,-0.7446615348656537,-0.65242822012398,-0.6827617840554931,-0.7052073013988235,-0.6202885299810049,-0.6719278213303086,-0.6552536179169492,-0.6715756480042656,-0.6842668630617064,-0.6567989418112529,-0.6730193397569871,-0.6052732680986272,-0.6831461610545483,-0.663205410997486,-0.6836365672976241,-0.6899988212217758,-0.6703558709520319,-0.6825569907589113,-0.6523388606967094,-0.6655827265773964,-0.6918413730010072,-0.6698655302269959,-0.6644942160366978,-0.6658853536589054,-0.6691004604131304,-0.690742869224778,-0.6545370480236247,-0.6466779618368669,-0.7051224668574384,-0.6655050535746307,-0.6681249717340865,-0.666367867035609,-0.7042136919978637,-0.662335351948159,-0.6808994466960494,-0.6737800057522645,-0.6726779764154223,-0.08689855459740743,-0.6804375303530612,-0.6333549788279748,-0.6826889212207932
446,1519071367,-0.6399683298642238,-0.6843713795328481,-0.6614036869887523,-0.6816606013699423,-0.6619221714596596,-0.6601790101134467,-0.6387797540673816,-0.6653333538192516,-0.6263870092138295,-0.6320777272295888,-0.6700532471305997,-0.6573413545799311,-0.6551893195973044,-0.6388858589516985,-0.6600995266820999,-0.6547174317107232,-0.6379456716058871,-0.6769612563551276,-0.6864160449334776,-0.7037273197768347,-0.6615777574042515,-0.6608375971473718,-0.08572961197044983,-0.6591313153325518,-0.6666493373179662,-0.6473833709184608,-0.6662579063750091,-0.6166426712910523,-0.6396852961112885,-0.6721115862305559,-0.6786854288002667,-0.6671401630993531,-0.6521931022753831,0.6238735188551541,-0.6038314193589172,-0.6792780454704458,-0.6305392922826261,-0.6631318159030611,-0.6677117430056987,-0.6179139447262277,-0.5567771649665584,-0.6446811081200302,-0.6503355716317055,-0.619800413711509,2.1555494069990258,-0.6655704530861488,-0.6777950067783168,-0.6774561606388594,-0.657386035671958,-0.6342459727053007,-0.6762311116929595,-0.6528711817237574,-0.6121105341484299,-0.6625731096604318,-0.6170292900640009,-0.6523023141907963,-0.6814851585667157,-0.6592022757528658,-0.664032380447921,-0.6459097333920609,-0.6660568658562835,-0.6667578470044789,-0.6563415139373483,0.697960811700508,-0.6666494039652469,-0.6774451441325349,-0.6515001936745296,-0.6788502115586784,-0.6616777611895429,-0.6640434151991556,-0.6706433750575831,-0.611599312037982,-0.6754821125417912,-0.6520956873939003,-0.6325980744004689,-0.6468587999252031,-0.6582853461369592,-0.604356949645042,-0.670817954942657,-0.6790844945512357,-0.6157683866174194,-0.6661299388528586,-0.647180734693633,-0.9148901465837266,-0.6476588250453047,-0.6719610765270451,-0.6638597909562192,-0.47559659213150823,-0.6051745664051149,-0.7446615348656537,-0.650929458467105,-0.6827617840554931,-0.7052073013988235,-0.6195414046723562,-0.6697886137798077,-0.6538021505802418,-0.6689960400079952,-0.6817193319259591,-0.6540495283039176,-0.6705246113933745,-0.6031419015520134,-0.6825842108954918,-0.6607327888286458,-0.6836365672976241,-0.6854872102217274,-0.6689271897262717,-0.6781902950315427,-0.650088323011757,-0.6632810590592052,-0.6884528045138011,-0.6673777317904641,-0.661348660577305,-0.6633215255465279,-0.6671205361660287,-0.6902656016101136,-0.6517789349929055,-0.6466779618368669,-0.7044884310044018,-0.6637345123178613,-0.6663855723072837,-0.664007906474383,-0.7042136919978637,-0.6609479281355388,-0.6788652620828837,-0.6721138837309473,-0.6695679681403521,-0.08689855459740743,-0.6779441711550153,-0.6315372478730825,-0.6815640802219548
447,1519071373,-0.637876150330125,-0.6820484319890412,-0.6584334734858852,-0.6788505323542364,-0.6601498143289267,-0.6594628715916538,-0.636686191373702,-0.6618779886448463,-0.6250097808745764,-0.6302594770917044,-0.6688736704278264,-0.6542065502893835,-0.6524652475388248,-0.6374903141199494,-0.6581201300478172,-0.6515362934019511,-0.6365982735284417,-0.6769612563551276,-0.6836439008003441,-0.7037273197768347,-0.6589556702294851,-0.6583669784006697,-0.08572961197044983,-0.6559365562366724,-0.6646682570964263,-0.6449795660995401,-0.6642759230042239,-0.6152521583932157,-0.6368971303803852,-0.6706239041726115,-0.6768152748899873,-0.6647868273571229,-0.6499844454124037,0.7349869843138749,-0.6022348629024049,-0.676734798032344,-0.6281109691248541,-0.6611242560879328,-0.6657525982742143,-0.6164201367896464,-0.5567771649665584,-0.6422830298030676,-0.6488330433227794,-0.6160621448953049,2.190997355757325,-0.6638321255148297,-0.6766015200485284,-0.6768599033542322,-0.6548625854591433,-0.631272206414749,-0.6762311116929595,-0.650671793262206,-0.6107255052547296,-0.6612376353396642,-0.6142410837107605,-0.6495445411289269,-0.6789760586075391,-0.6564417698795276,-0.6619781470301759,-0.6459097333920609,-0.6641924028897789,-0.6644416292358756,-0.6531542081401674,0.7082430274857121,-0.6654754015950184,-0.6754074647510176,-0.6492472553271844,-0.6769775533380464,-0.6603385295311466,-0.6617448830800186,-0.6690946139079698,-0.6101144363178832,-0.6734800095772874,-0.64988827535978,-0.6301797603776985,-0.6468587999252031,-0.6555313026246329,-0.602228042112137,-0.6686738899961593,-0.6773460100817361,-0.6143759454193699,-0.6643559175491182,-0.644177573218986,-0.9146959780607199,-0.6471361827629875,-0.6707800429007962,-0.6621336692745609,-0.4755820457095798,-0.6030510536073075,-0.7261915012374557,-0.6479319351533549,-0.6827617840554931,-0.7045732941514705,-0.6180471540550587,-0.668362475412807,-0.6523506832435345,-0.6674482752102329,-0.6796813070173613,-0.6513001147965823,-0.6674062009388587,-0.6010105350053996,-0.6825842108954918,-0.6587546910935737,-0.6830748140062117,-0.6826674533466972,-0.6674985085005115,-0.6756950403301891,-0.6478377853268047,-0.6615548084205618,-0.685064236026595,-0.6642679837447995,-0.6587273643611443,-0.6617832286791014,-0.6646456308571514,-0.6897883339954493,-0.6495724445683302,-0.6461549196903074,-0.7044884310044018,-0.6607836102232455,-0.6646461728804808,-0.6610579557728506,-0.7042136919978637,-0.6590980297187121,-0.6763225313164266,-0.6698923877025242,-0.6664579598652821,-0.11066426808372769,-0.6760741517564808,-0.6297195169181902,-0.6815640802219548
448,1519071379,-0.6357839707960262,-0.6791447475592826,-0.6564533311506404,-0.6766024771416717,-0.6571958857777054,-0.6551660404608963,-0.6345926286800223,-0.6589985176661752,-0.6215667100264435,-0.6266229768159356,-0.6653349403195068,-0.6515942133805936,-0.6503082589221771,-0.6346992244564513,-0.6561407334135344,-0.6489913827549334,-0.6339034773735509,-0.6715865343760827,-0.6814261854938373,-0.7018219309727346,-0.656858000489672,-0.656390483403308,-0.17069114333744284,-0.6521028453216171,-0.6621919068195016,-0.6419748100758892,-0.6617984437907424,-0.6124711325975423,-0.6341089646494819,-0.6681444340760375,-0.6736983517061881,-0.6618451576793352,-0.6466714601179347,0.1794196570202709,-0.5995739354748845,-0.6741915505942422,-0.6244684843881961,-0.6591166962728046,-0.6633036673598588,-0.612685616948193,-0.5567771649665584,-0.6386859123276238,-0.6443254583960011,-0.6130715298423417,2.190997355757325,-0.6609349128959644,-0.673021059859163,-0.670897330507961,-0.6523391352463287,-0.6283323559251329,-0.672049254373308,-0.6468228634544912,-0.6065704185736286,-0.6592344238585127,-0.6121499289458302,-0.6467867680670575,-0.6764669586483625,-0.6536812640061893,-0.6599239136124306,-0.6417200998167868,-0.6585990139902649,-0.6609673025829707,-0.6506043635024228,0.6396949222510189,-0.6625403956694474,-0.6728603655241212,-0.6462433375307243,-0.6726080174899053,-0.6589992978727501,-0.6588717179310974,-0.6654808378922052,-0.6049173712975373,-0.6709773808716576,-0.6471290103171298,-0.6271568678492356,-0.6416272453735947,-0.6522264504098413,-0.5995669076960056,-0.6651004484186631,-0.6744485359659035,-0.6115910630232708,-0.6608078749416372,-0.6417750440392685,-0.9129484613536594,-0.6408644753751815,-0.6660559083958009,-0.6598321736990165,-0.47556749928765135,-0.6009275408095,-0.7261915012374557,-0.6441850310111674,-0.6760137380958677,-0.6969652071832352,-0.6135644022031664,-0.6655101986788058,-0.6472705475650586,-0.6648686672139624,-0.6766242696544646,-0.6485507012892471,-0.6642877904843429,-0.5983463268221323,-0.6786505597820963,-0.6567765933585015,-0.6752102679264383,-0.6804116478466731,-0.6653554866618713,-0.6725759719534973,-0.6448370684135349,-0.6586777240228229,-0.6822404289539232,-0.6611582356991347,-0.6566303273882158,-0.6597321661891994,-0.6616757444864989,-0.6893110663807849,-0.646814331537611,-0.6430166668109499,-0.7006842158861828,-0.6578327081286297,-0.6617471738358094,-0.6581080050713183,-0.6984990206492536,-0.6433738931756844,-0.6737798005499694,-0.6576741595461977,-0.6621039482801839,-0.08689855459740743,-0.6729574527589233,-0.6260840550084056,-0.6793143982242782
449,1519071384,-0.6329943980838945,-0.676241063129524,-0.6544731888153957,-0.6743544219291069,-0.6554235286469725,-0.6537337634173105,-0.6331969202175692,-0.6572708350789725,-0.6195008675175638,-0.6241986432987563,-0.6641553636167337,-0.6489818764718038,-0.6474650734466918,-0.6333036796247024,-0.6541613367792517,-0.6470826997696701,-0.6325560792961056,-0.6703921517140727,-0.6792084701873304,-0.6967408941618007,-0.654760330749859,-0.6544139884059463,-0.08572961197044983,-0.6495470380449136,-0.6597155565425767,-0.6395710052569685,-0.6593209645772607,-0.6103853632507873,-0.6327148817840301,-0.6661608579987783,-0.6718281977959086,-0.66066848980822,-0.6439106390392105,0.7349869843138749,-0.5974451935328681,-0.6721569526437607,-0.6226472420198671,-0.657778323062719,-0.6608547364455033,-0.6119387129799024,-0.5567771649665584,-0.6362878340106614,-0.6435741942415381,-0.6115762223158601,2.190997355757325,-0.6586171428008722,-0.6682471129400094,-0.6697048159387067,-0.6504465475867177,-0.6253737435030844,-0.6690622134306998,-0.6446234749929399,-0.6051853896799283,-0.6578989495377451,-0.6100587741808998,-0.6445805496175618,-0.6739578586891859,-0.6509207581328511,-0.6583832385491216,-0.6385778746353312,-0.6567345510237602,-0.6592301392565182,-0.6486919800241142,0.7219526485326507,-0.6607793921141047,-0.6708226861426041,-0.642488440285149,-0.670111139862396,-0.6576600662143538,-0.6571478188417447,-0.6628995693095163,-0.6041749334374878,-0.6689752779071537,-0.6449215982830094,-0.6247385538264654,-0.6400577790081122,-0.6500232155999802,-0.5974380001631004,-0.6643857601031639,-0.6721305566732374,-0.6101986218252213,-0.6590338536378968,-0.6399731471544804,-0.9126086664383976,-0.63929654852823,-0.6636938411433032,-0.6581060520173582,-0.4755529528657229,-0.5988040280116924,-0.7261915012374557,-0.6426862693542923,-0.6743267266059614,-0.6956971926885293,-0.612070151585869,-0.6640840603118052,-0.6450933465599976,-0.6633209024162002,-0.6745862447458669,-0.6452514050804448,-0.6611693800298273,-0.5967478019121719,-0.6735930083505879,-0.6547984956234294,-0.6735250080522012,-0.6781558423466489,-0.6646411460489913,-0.6707045309274821,-0.6433367099569001,-0.6569514733841796,-0.6794166218812515,-0.65804848765347,-0.6540090311720551,-0.6581938693217729,-0.6596958202393971,-0.6888337987661205,-0.6446078411130357,-0.6388323296384735,-0.6956119290618906,-0.6554719864529371,-0.658848174791138,-0.6563380346503989,-0.6965941301997169,-0.6410615201546509,-0.6712370697835123,-0.6554526635177746,-0.660237943315142,-0.08689855459740743,-0.6710874333603888,-0.6236604137352159,-0.674815034228925
450,1519071390,-0.6309022185497956,-0.6744988524716689,-0.6524930464801509,-0.6721063667165421,-0.6530603858059953,-0.6530176248955175,-0.6311033575238896,-0.6555431524917699,-0.6181236391783107,-0.6217743097815771,-0.6623859985625739,-0.6463695395630141,-0.6450905733729031,-0.6319081347929533,-0.6521819401449689,-0.6451740167844069,-0.6312086812186601,-0.6232140365646784,-0.6769907548808236,-0.6935652461549672,-0.6526626610100459,-0.6524374934085846,-0.17069114333744284,-0.647630182587386,-0.6577344763210369,-0.6365662492333176,-0.6568434853637791,-0.6082995939040323,-0.6306237574858526,-0.6641772819215191,-0.6699580438856292,-0.659491821937105,-0.6417019821762312,0.5127600533964333,-0.5958486370763558,-0.669613705205659,-0.6214330804409811,-0.6564399498526334,-0.6584058055311478,-0.610444905043321,-0.5567771649665584,-0.6332902361144581,-0.642071665932612,-0.6100809147893784,2.190997355757325,-0.6562993727057801,-0.6217011304782604,-0.622004233168536,-0.6485539599271067,-0.6224375010773977,-0.6218669665374906,-0.6424240865313887,-0.6038003607862279,-0.6565634752169773,-0.6086646710042797,-0.6412712219433185,-0.6719505787218446,-0.6487123534341804,-0.6568425634858127,-0.6354356494538757,-0.6548700880572556,-0.6569139214879148,-0.6467795965458056,0.7150978380091814,-0.6596053897438764,-0.6682755869157077,-0.6409864813869188,-0.668238481641764,-0.6556512187267592,-0.655423919752392,-0.661350808159903,-0.602690057717389,-0.6669731749426498,-0.6427141862488892,-0.6235293968150801,-0.6363956908219863,-0.6478199807901193,-0.5953090926301954,-0.6629563834721655,-0.6709715670269044,-0.6088061806271718,-0.6572598323341563,-0.6381712502696922,-0.9123659557846392,-0.6351154102696928,-0.6619222907039299,-0.6552291825479277,-0.47554131572818015,-0.5972113934133367,-0.7261915012374557,-0.6404381268689798,-0.6709527036261488,-0.6925271564517645,-0.6098287756599229,-0.6626579219448046,-0.6436418792232902,-0.6617731376184379,-0.6725482198372691,-0.6425019915731095,-0.6592983337571178,-0.5951492770022115,-0.6707832575553054,-0.6523258734545891,-0.6701544883037268,-0.6759000368466247,-0.6617837835974709,-0.6675854625507902,-0.6410861722719478,-0.6552252227455362,-0.6771575762231141,-0.6555606892169382,-0.6513877349558944,-0.6566555724543465,-0.6572209149305199,-0.6885156203563443,-0.6424013506884603,-0.635694076759116,-0.6937098215027812,-0.6537014451961676,-0.6571087753643352,-0.6533880839488665,-0.6934193127838225,-0.6396740963420309,-0.6692028851703467,-0.6537865414964574,-0.6583719383500999,-0.08689855459740743,-0.6692174139618543,-0.622448593098621,-0.6714405112324101
451,1519071395,-0.6295074321937297,-0.6727566418138137,-0.6505129041449063,-0.6698583115039775,-0.650106457254774,-0.6508692093301388,-0.6297076490614365,-0.6538154699045673,-0.6167464108390575,-0.6205621430229875,-0.6612064218598006,-0.6437572026542243,-0.6425788339273468,-0.6298148175453298,-0.6497076943521155,-0.6432653337991436,-0.6291875841024921,-0.6208252712406586,-0.6742186107476901,-0.691659857350867,-0.6500405738352795,-0.650460998411223,-0.17069114333744284,-0.6457133271298584,-0.655753396099497,-0.6347633956191271,-0.6548615019929939,-0.6069090810061957,-0.629229674620401,-0.6626895998635748,-0.6662177360650702,-0.6577268201304323,-0.6394933253132519,0.5683167861257937,-0.5937198951343395,-0.6675791072551776,-0.6202189188620951,-0.6551015766425479,-0.6564466607996634,-0.6089510971067398,-0.5567771649665584,-0.6308921577974956,-0.6398178734692229,-0.6093332610261376,-0.042223416015498456,-0.6545610451344609,-0.6199109003835777,-0.6196192040300276,-0.6453996471610884,-0.6194853831704219,-0.6200747419719258,-0.6402246980698374,-0.6017228174456775,-0.6552280008962097,-0.6072705678276594,-0.639065003493823,-0.6699432987545033,-0.6465039487355099,-0.6553018884225038,-0.6333408326662385,-0.6530056250907509,-0.6551767581614624,-0.6448672130674972,0.7219526485326507,-0.6572573850034196,-0.6657284876888111,-0.6394845224886887,-0.666365823421132,-0.6543119870683628,-0.6537000206630393,-0.6598020470102897,-0.6004627441372408,-0.6644705462370201,-0.6394030681977089,-0.6217156612980024,-0.6337799135461821,-0.6456167459802582,-0.5937124119805166,-0.6615270068411669,-0.6680740929110718,-0.6074137394291224,-0.6537117897266753,-0.6351680887950454,-0.9118805344771224,-0.6325021988581069,-0.660741257077681,-0.6535030608662694,-0.4755296785906374,-0.5956187588149812,-0.6470342142594644,-0.6396887460405423,-0.6687033549729403,-0.6906251347097057,-0.6083345250426254,-0.6619448527613043,-0.6429161455549365,-0.6602253728206756,-0.6694911824743724,-0.6403024607672413,-0.6574272874844083,-0.5935507520922512,-0.6674115566009665,-0.6503477757195171,-0.6679074751380772,-0.6736442313466006,-0.6610694429845908,-0.6657140215247751,-0.6403359930436302,-0.6529235552273451,-0.6748985305649767,-0.6536948403895394,-0.6492906979829659,-0.6546045099644444,-0.6552409906834182,-0.6880383527416799,-0.6396432376577411,-0.6330788660263182,-0.689905606384562,-0.6519309039393981,-0.6553693759375323,-0.6516181135279471,-0.6915144223342858,-0.6359742995083772,-0.6671687005571809,-0.6510096714609287,-0.6565059333850578,-0.08689855459740743,-0.6661007149642968,-0.6200249518254312,-0.6686284087353143
452,1519071401,-0.626020466303565,-0.6692722204981034,-0.6460575838906056,-0.6653622010788479,-0.6465617429933084,-0.648004655242967,-0.6262183779053038,-0.6497842105344277,-0.6139919541605512,-0.6181378095058083,-0.657667691751481,-0.6406223983636766,-0.6412582286518481,-0.6270237278818316,-0.64574890108355,-0.6381755125051083,-0.6264927879476013,-0.6172421232546286,-0.6708920377879298,-0.6402143596401626,-0.6468940692255599,-0.6465080084164996,-0.08572961197044983,-0.6431575198531548,-0.6517912356564174,-0.6323595908002064,-0.6508975352514234,-0.6041280552105223,-0.6264415088894976,-0.6597142357476861,-0.663100812881271,-0.654196816517087,-0.6356281758030381,-0.26503420481461226,-0.5910589677068191,-0.6630012618665944,-0.6171835149148801,-0.6524248302223767,-0.6525283713366947,-0.6052165772652864,-0.5567771649665584,-0.6278945599012924,-0.6375640810058337,-0.6063426459731744,-0.042223416015498456,-0.6510843899918226,-0.6175239269240008,-0.6166379176068919,-0.6428761969482738,-0.6167021226553387,-0.6182825174063609,-0.6363757682621226,-0.5989527596582768,-0.6525570522546744,-0.604482361474419,-0.6352041212072058,-0.6659287388198208,-0.6426392405128363,-0.6517069799414497,-0.6307223116816922,-0.6498981868132431,-0.6517024315085573,-0.6410424461108801,0.697960811700508,-0.6537353778927343,-0.6616531289257768,-0.6357296252431134,-0.6632447263867455,-0.65163352375157,-0.6502522224843339,-0.6572207784276007,-0.5974929926970431,-0.6604663403080124,-0.6355400971379984,-0.6192973472752321,-0.6301178253600562,-0.6417610850630013,-0.5910512775643852,-0.6593829418946693,-0.6645971239720726,-0.6039326364339986,-0.6501637471191943,-0.6327655596153278,-0.9098417649855518,-0.6288437028818867,-0.6583791898251834,-0.6494754436090667,-0.4755064043155519,-0.5929643678177218,-0.6272448925149666,-0.6366912227267922,-0.6647669948298255,-0.638002533179411,-0.6060931491166792,-0.6590925760273031,-0.6400132108815217,-0.6571298432251511,-0.6654151326571769,-0.6359033991555049,-0.6543088770298926,-0.5908865439089839,-0.6640398556466276,-0.6458970558156046,-0.6639752020981906,-0.6696965717215583,-0.6582120805330706,-0.6625949531480831,-0.636585096902043,-0.6494710539500584,-0.6715099620777706,-0.6493411931256088,-0.646145142523573,-0.6510151506071159,-0.6512811421892146,-0.6874019959221275,-0.6357818794147343,-0.6304636552935204,-0.6379146664355678,-0.6472094605880129,-0.6518905770839266,-0.6474881825458016,-0.6388124532304382,-0.621175112173763,-0.6625917851775581,-0.6393468173117078,-0.6533959251099878,-0.06313284111108719,-0.6629840159667393,-0.6176013105522414,-0.6658163062382185
453,1519071407,-0.6239282867694662,-0.6634648516385862,-0.6435824059715497,-0.6619901182600009,-0.6412446716011098,-0.6444239626340025,-0.6248226694428507,-0.6440252685770855,-0.6119261116516715,-0.6108648089542706,-0.651769808237615,-0.6374875940731288,-0.6395336735273734,-0.6249304106342081,-0.6437695044492672,-0.6356306018580906,-0.6244716908314333,-0.6148533579306086,-0.6675654648281697,-0.637038711633329,-0.6437475646158403,-0.6440373896697975,-0.17069114333744284,-0.6380459052997479,-0.6488196153241076,-0.6263500787529047,-0.6484200560379417,-0.6020422858637673,-0.6243503845913201,-0.6552511895738529,-0.6599838896974719,-0.647725143225954,-0.6328673547243139,-1.4872823248605411,-0.5883980402792987,-0.6604580144284925,-0.6111127070204501,-0.6504172704072484,-0.6500794404223392,-0.6022289613921238,-0.5567771649665584,-0.621899364108886,-0.6330564960790555,-0.6018567233937295,-0.042223416015498456,-0.6452899647540922,-0.6145402100995297,-0.6136566311837562,-0.6397218841822555,-0.6139462834261183,-0.6135032518981878,-0.6325268384544078,-0.5968752163177263,-0.6505538407735229,-0.6016941551211786,-0.6318947935329625,-0.662917818868809,-0.6387745322901628,-0.6486256298148318,-0.6265326781064181,-0.6455477732247321,-0.6447537782027475,-0.6372176791542631,0.4511876328556127,-0.647278364856478,-0.6591060296988803,-0.6319747279975381,-0.6601236293523589,-0.6502942920931737,-0.6445058921864916,-0.654123256128374,-0.5945232412568454,-0.6574631858612566,-0.6327808320953481,-0.6132515622183063,-0.6269788926290912,-0.6379054241457446,-0.5873256893818014,-0.6550948120016739,-0.6582226809172409,-0.6018439746369244,-0.6448416832079729,-0.626759236666034,-0.9087738381090148,-0.6257078491879838,-0.6518835048808148,-0.6442970785640918,-0.47549185789362347,-0.5897790986210104,-0.6272448925149666,-0.6321949377561672,-0.6613929718500128,-0.6354665041899993,-0.6023575225734357,-0.6548141609263012,-0.6363845425397533,-0.6540343136296266,-0.6628676015214297,-0.6326041029467026,-0.6499431023935704,-0.5876894940890631,-0.6601062045332321,-0.6439189580805326,-0.6606046823497163,-0.665748912096516,-0.6553547180815502,-0.6588520710960528,-0.6328342007604558,-0.6442923020341284,-0.6669918707614958,-0.6456094954708111,-0.6429995870641803,-0.647938556872263,-0.6483112558185621,-0.6869247283074631,-0.6324721437778713,-0.6273254024141631,-0.6347444871703852,-0.6418978368177044,-0.6455127791856495,-0.6421782712830434,-0.6362725992977226,-0.611925620089629,-0.660049054411101,-0.6304608331980158,-0.6490419135248896,-0.06313284111108719,-0.6592439771696703,-0.6121481176875645,-0.6624417832417037
454,1519071412,-0.6225335004134003,-0.6605611672088276,-0.6416022636363049,-0.6597420630474361,-0.639472314470377,-0.6429916855904166,-0.622729106749171,-0.642297585989883,-0.6105488833124184,-0.609652642195681,-0.6500004431834552,-0.635397724546097,-0.636967556217532,-0.623534865802459,-0.6417901078149845,-0.6337219188728274,-0.6231242927539878,-0.6130617839375936,-0.6647933206950362,-0.6351333228292289,-0.6416498948760272,-0.6420608946724358,-0.08572961197044983,-0.6361290498422203,-0.6463432650471829,-0.6245472251387142,-0.6464380726671565,-0.6006517729659306,-0.6229563017258685,-0.6537635075159085,-0.6581137357871925,-0.6459601414192814,-0.6306586978613345,-0.37614767027333307,-0.5868014838227864,-0.6584234164780111,-0.609291464652121,-0.6490788971971628,-0.6481202956908548,-0.6007351534555424,-0.5567771649665584,-0.6207003249504047,-0.6315539677701294,-0.600361415867248,-0.042223416015498456,-0.643551637182773,-0.612749980004847,-0.613060373899129,-0.6371984339694409,-0.6111457042041744,-0.6129058437096662,-0.6303274499928566,-0.595490187424026,-0.6492183664527552,-0.6003000519445585,-0.6296885750834669,-0.6604087189096324,-0.6360140264168245,-0.6465713963970866,-0.6254852697125995,-0.6436833102582274,-0.643016614876295,-0.6353052956759545,0.6773963801301002,-0.6461043624862496,-0.6570683503173632,-0.6304727690993079,-0.6582509711317269,-0.6489550604347772,-0.6427819930971389,-0.6525744949787606,-0.5930383655367466,-0.6554610828967529,-0.6305734200612279,-0.6120424052069211,-0.6254094262636087,-0.6357021893358835,-0.5857290087321225,-0.6536654353706755,-0.6564841964477413,-0.6004515334388749,-0.6430676619042324,-0.6249573397812458,-0.9085796695860081,-0.6246625646233495,-0.6507024712545659,-0.6425709568824335,-0.47547731147169503,-0.5881864640226548,-0.6272448925149666,-0.6314455569277296,-0.6597059603601064,-0.6335644824479404,-0.6016103972647869,-0.6541010917428008,-0.6356588088713997,-0.6524865488318643,-0.6608295766128318,-0.6304045721408343,-0.6474483740299579,-0.5860909691791027,-0.6589823042151192,-0.6419408603454604,-0.6589194224754791,-0.6634931065964917,-0.6539260368557901,-0.6569806300700377,-0.631333842303821,-0.6425660513954851,-0.6647328251033584,-0.6437436466434123,-0.6409025500912516,-0.6464002600048364,-0.6463313315714603,-0.6866065498976869,-0.630265653353296,-0.6257562759744844,-0.6334764154643122,-0.6389469347230886,-0.6426137801409781,-0.640408300862124,-0.634367708848186,-0.6110006708812157,-0.6575063236446438,-0.6293500851838043,-0.6471759085598475,-0.06313284111108719,-0.6573739577711358,-0.6109362970509696,-0.6607545217434462
455,1519071418,-0.6211387140573345,-0.6588189565509724,-0.6396221213010602,-0.6574940078348713,-0.6376999573396441,-0.6422755470686237,-0.6213333982867179,-0.6405699034026803,-0.6071058124642855,-0.6084404754370915,-0.6488208664806819,-0.6327853876373073,-0.6342952726012289,-0.62213932097071,-0.639315862022131,-0.6318132358875641,-0.6217768946765425,-0.6112702099445787,-0.6625756053885293,-0.6332279340251287,-0.639552225136214,-0.6395902759257337,-0.17069114333744284,-0.6342121943846927,-0.644362184825643,-0.6215424691150633,-0.6439605934536748,-0.5985660036191757,-0.6215622188604167,-0.650292249380705,-0.6562435818769129,-0.6441951396126087,-0.6278978767826104,-0.0983640066265311,-0.5846727418807701,-0.6563888185275296,-0.608077303073235,-0.6477405239870773,-0.6451815785936282,-0.5992413455189611,-0.5567771649665584,-0.6177027270542016,-0.6308027036156664,-0.5996137621040072,-0.042223416015498456,-0.6406544245639078,-0.6109597499101644,-0.6100790874759935,-0.6353058463098299,-0.6083227549858685,-0.6111136191441012,-0.6281280615313053,-0.5941051585303257,-0.6472151549716038,-0.5989059487679382,-0.6274823566339713,-0.6584014389422911,-0.6338056217181539,-0.6450307213337777,-0.6233904529249625,-0.6418188472917228,-0.6412794515498424,-0.633392912197646,0.6671141643448961,-0.6449303601160212,-0.655030670935846,-0.6297217896501929,-0.6551298740973404,-0.6469462129471827,-0.6404834609780019,-0.6505094801126096,-0.5915534898166478,-0.6524579284499971,-0.6283660080271076,-0.6096240911841508,-0.6233168044429653,-0.6334989545260225,-0.5841323280824438,-0.6522360587396769,-0.6541662171550752,-0.5990590922408254,-0.6412936406004919,-0.6231554428964576,-0.9083369589322496,-0.6220493532117637,-0.6483404040020683,-0.6408448352007752,-0.4754627650497666,-0.5860629512248473,-0.6272448925149666,-0.6299467952708546,-0.6568942745435958,-0.6303944462111757,-0.598621896030192,-0.6519618841923,-0.6320301405296312,-0.6509387840341021,-0.6587915517042341,-0.6282050413349661,-0.6455773277572484,-0.5844924442691424,-0.6561725534198366,-0.6399627626103882,-0.6561106560184171,-0.6612373010964676,-0.6517830150171499,-0.6551091890440226,-0.629833483847186,-0.6402643838772939,-0.662473779445221,-0.6418777978160135,-0.638281253875091,-0.64486196313741,-0.6443514073243586,-0.6862883714879107,-0.6275075403225768,-0.6236641073882462,-0.6309402720521662,-0.6371763934663192,-0.6408743807141754,-0.6386383304412045,-0.6318278549154704,-0.6100757216728023,-0.6554721390314782,-0.6282393371695928,-0.6453099035948056,-0.08689855459740743,-0.6542572587735784,-0.6085126557777799,-0.6585048397457696
456,1519071423,-0.6197439277012685,-0.6570767458931173,-0.6371469433820043,-0.6552459526223067,-0.6347460287884228,-0.639410992981452,-0.6199376898242648,-0.6382663266197434,-0.6057285841250324,-0.6066222252992071,-0.6470515014265221,-0.6306955181102755,-0.631936309060093,-0.6200460037230864,-0.6368416162292776,-0.6299045529023009,-0.6197557975603744,-0.6041039139725187,-0.6598034612553958,-0.6281468972141949,-0.6369301379614477,-0.6371196571790316,-0.17069114333744284,-0.632295338927165,-0.6423811046041031,-0.6197396155008728,-0.6419786100828896,-0.597175490721339,-0.6201681359949651,-0.6488045673227606,-0.6525032740563539,-0.6430184717414936,-0.6251370557038862,-0.0983640066265311,-0.5830761854242579,-0.6543542205770482,-0.6068631414943491,-0.6464021507769917,-0.6432224338621438,-0.5984944415506704,-0.5567771649665584,-0.6159041683164796,-0.6277976469978142,-0.5981184545775255,-0.042223416015498456,-0.6389160969925887,-0.6037988295314338,-0.6017314854912136,-0.6321515335438116,-0.6055322783429267,-0.60334731269332,-0.625928673069754,-0.5920276151897752,-0.645879680650836,-0.597511845591318,-0.6247245835721019,-0.6563941589749498,-0.6315972170194833,-0.6434900462704688,-0.6192008193496884,-0.6399543843252181,-0.63954228822339,-0.6314805287193375,0.6534045432979575,-0.6425823553755644,-0.6524835717089496,-0.6282198307519629,-0.6520087770629538,-0.6449373654595881,-0.638184928858865,-0.6489607189629961,-0.5893261762364995,-0.6499552997443673,-0.6250548899759272,-0.6078103556670731,-0.6191315608016786,-0.6312957197161614,-0.582535647432765,-0.6515213704241777,-0.6512687430392425,-0.5976666510427758,-0.6395196192967514,-0.6201522814218108,-0.908142790409243,-0.6173455726709092,-0.646568853562695,-0.6385433396252308,-0.4754511279122238,-0.5844703166264916,-0.6272448925149666,-0.6284480336139796,-0.652395577237179,-0.626590402727058,-0.5978747707215434,-0.6505357458252994,-0.6305786731929238,-0.6493910192363398,-0.6567535267956363,-0.6260055105290979,-0.6437062814845389,-0.582893919359182,-0.6522389023064412,-0.6374901404415481,-0.6516166296871181,-0.6589814955964434,-0.6496399931785096,-0.6519901206673306,-0.6283331253905511,-0.637387299479555,-0.6602147337870836,-0.6400119489886147,-0.6361842169021624,-0.6428109006475079,-0.6423714830772568,-0.6858111038732463,-0.6247494272918576,-0.6194797702157697,-0.6277700927869836,-0.6354058522095497,-0.6391349812873725,-0.6368683600202851,-0.6273831105332183,-0.6091507724643889,-0.6534379544183124,-0.6276839631624871,-0.6434438986297635,-0.08689855459740743,-0.6517638995755324,-0.6066949248228876,-0.6534430552509972
457,1519071429,-0.6176517481671697,-0.6553345352352621,-0.6336816942953261,-0.6529978974097419,-0.6329736716576899,-0.6386948544596591,-0.6178441271305851,-0.6342350672496039,-0.6043513557857793,-0.6054100585406175,-0.6441025596695892,-0.6286056485832436,-0.6292148264237223,-0.6186504588913374,-0.6348622195949948,-0.6279958699170376,-0.618408399482929,-0.6011179573174938,-0.657585745948889,-0.6262415084100947,-0.6348324682216346,-0.63514316218167,-0.17069114333744284,-0.6303784834696374,-0.6404000243825633,-0.6179367618866822,-0.6399966267121043,-0.5957849778235023,-0.6180770116967875,-0.6473168852648162,-0.6500097355093146,-0.6418418038703785,-0.6229283988409069,0.1794196570202709,-0.5814796289677456,-0.6518109731389464,-0.60504189912602,-0.6450637775669061,-0.6412632891306594,-0.5947599217092171,-0.5567771649665584,-0.6141056095787578,-0.6270463828433511,-0.5966231470510439,-0.042223416015498456,-0.6371777694212695,-0.6014118560718569,-0.599346456352705,-0.6302589458842006,-0.6027064426734774,-0.601555088127755,-0.6231794374928149,-0.5906425862960749,-0.6438764691696846,-0.5961177424146978,-0.6219668105102325,-0.6543868790076086,-0.6293888123208127,-0.6419493712071598,-0.6171060025620513,-0.6374684337032119,-0.6378051248969375,-0.6282932229221566,0.6499771380362229,-0.6408213518202218,-0.6504458923274323,-0.6259668924046177,-0.6501361188423218,-0.6435981338011918,-0.6364610297695122,-0.6474119578133828,-0.5885837383764501,-0.6479531967798634,-0.6222956249332768,-0.606601198655688,-0.6165157835258744,-0.6290924849063003,-0.5809389667830861,-0.6500919937931793,-0.649530258569743,-0.5948817686466769,-0.6365629171238506,-0.6183503845370226,-0.9079486218862363,-0.6147323612593234,-0.6453878199364461,-0.6356664701558004,-0.47543949077468106,-0.5828776820281361,-0.6100941470030684,-0.626199891128667,-0.6501462285839705,-0.6246883809849991,-0.5963805201042459,-0.6483965382747984,-0.6291272058562164,-0.6468114112400694,-0.654205995659889,-0.6232560970217627,-0.6418352352118295,-0.5812953944492216,-0.6494291515111588,-0.6350175182727078,-0.6493696165214685,-0.6561617387214131,-0.6482113119527495,-0.6488710522906388,-0.6260825877055988,-0.6356610488409117,-0.6579556881289462,-0.6375241505520829,-0.6340871799292339,-0.6412726037800814,-0.6403915588301551,-0.6854929254634701,-0.6225429368672822,-0.6168645594829718,-0.624599913521801,-0.6336353109527803,-0.6373955818605697,-0.6339184093187528,-0.6254782200836816,-0.6082258232559755,-0.6514037698051467,-0.6265732151482756,-0.6415778936647214,-0.08689855459740743,-0.6498938801769979,-0.6054831041862927,-0.6511933732533206
458,1519071435,-0.614862175455038,-0.6512693770336001,-0.6297214096248366,-0.6468157455751888,-0.6294289573962242,-0.6322496077635228,-0.6143548559744524,-0.6307797020751986,-0.6009082849376465,-0.6011674748855538,-0.6417434062640427,-0.623903442147422,-0.6264855755210251,-0.6144638243960903,-0.6309034263264293,-0.6216335932994934,-0.6143662052505928,-0.5975348093314639,-0.6531503153358753,-0.6148091755854938,-0.6290638764371487,-0.6302019246882657,-0.17069114333744284,-0.6246279170970546,-0.6359425938840987,-0.6143310546583012,-0.6360326599705337,-0.5916134391299923,-0.6145918045331584,-0.6443415211489275,-0.6462694276887556,-0.6377234663214757,-0.6185110851149482,-1.0983851957550184,-0.577754330569217,-0.6472331277503631,-0.600185252810476,-0.6403794713316067,-0.6373449996676906,-0.5895315939311825,-0.5567771649665584,-0.6093094529448327,-0.6202850054531838,-0.5891466094186358,-0.042223416015498456,-0.6337011142786312,-0.5972346525175973,-0.5957689126449423,-0.6264737705649787,-0.5998604018460238,-0.5973732308081037,-0.6176809663389367,-0.5864874996149739,-0.6398700462073815,-0.5912383812965271,-0.6175543736112414,-0.6498704990810907,-0.6244199017488038,-0.6383544627261056,-0.6123926647898679,-0.6318750448036978,-0.63259363491758,-0.6244684559655396,0.2695351539836758,-0.6378863458946508,-0.6458611137190188,-0.6207100362608122,-0.646390802401058,-0.640919670484399,-0.6312893325014541,-0.6437981817976184,-0.5819017976360052,-0.6439489908508558,-0.6178808008650364,-0.6017645706101473,-0.6123305398845877,-0.6235843978816478,-0.5772133786005023,-0.6429451106381869,-0.6460532896307438,-0.5914006656515531,-0.6330148745163696,-0.6129446938826582,-0.9064438158329341,-0.6105512230007861,-0.6412542022445752,-0.6316388528985977,-0.4754162164995956,-0.578630656432521,-0.5942626896074702,-0.620204844501167,-0.6456475312775536,-0.6139102577799991,-0.5896563923264074,-0.6426919848067959,-0.6233213365093869,-0.6437158816445449,-0.649620439615544,-0.6188570354100262,-0.6374694605755075,-0.577032661355994,-0.6449335502387068,-0.6305667983687955,-0.6448755901901694,-0.6516501277213649,-0.643925268275469,-0.6451281702386085,-0.6200811538790593,-0.632208547563625,-0.6523080739836028,-0.6337924528972853,-0.6298931059833768,-0.6381960100452284,-0.6354417482124006,-0.6846974794390295,-0.6181299560181316,-0.6121571801639358,-0.6138213040201802,-0.6300942284392412,-0.633916783006964,-0.6303784684769138,-0.6146838408696405,-0.5957390089423947,-0.6468268544255239,-0.6149103609990547,-0.6359798787695953,-0.08689855459740743,-0.6461538413799289,-0.6018476422765081,-0.6461315887585481
459,1519071440,-0.614164782277005,-0.6512693770336001,-0.6297214096248366,-0.6468157455751888,-0.6294289573962242,-0.6322496077635228,-0.6143548559744524,-0.6307797020751986,-0.6009082849376465,-0.6011674748855538,-0.6417434062640427,-0.623903442147422,-0.6240825918040394,-0.6144638243960903,-0.6309034263264293,-0.6216335932994934,-0.6143662052505928,-0.5969376180004589,-0.6531503153358753,-0.6141740459841271,-0.6290638764371487,-0.6302019246882657,-0.17069114333744284,-0.6246279170970546,-0.6359425938840987,-0.6143310546583012,-0.6360326599705337,-0.5916134391299923,-0.6145918045331584,-0.6443415211489275,-0.6462694276887556,-0.6377234663214757,-0.6185110851149482,0.4016465879377125,-0.577754330569217,-0.6472331277503631,-0.600185252810476,-0.6403794713316067,-0.6373449996676906,-0.5895315939311825,-0.5567771649665584,-0.6093094529448327,-0.6202850054531838,-0.5891466094186358,-0.042223416015498456,-0.6337011142786312,-0.596041165787809,-0.5951726553603152,-0.6264737705649787,-0.5970793061692983,-0.5961784144310603,-0.6176809663389367,-0.5864874996149739,-0.6398700462073815,-0.5912383812965271,-0.6175543736112414,-0.6498704990810907,-0.6244199017488038,-0.6383544627261056,-0.6113452563960494,-0.6318750448036978,-0.63259363491758,-0.6244684559655396,0.6499771380362229,-0.6378863458946508,-0.6458611137190188,-0.6199590568116972,-0.646390802401058,-0.640919670484399,-0.6312893325014541,-0.6437981817976184,-0.5819017976360052,-0.6439489908508558,-0.6178808008650364,-0.6017645706101473,-0.611284228974266,-0.6235843978816478,-0.5772133786005023,-0.6429451106381869,-0.6460532896307438,-0.5914006656515531,-0.6330148745163696,-0.6129446938826582,-0.9064438158329341,-0.6095059384361518,-0.6412542022445752,-0.6316388528985977,-0.4754162164995956,-0.578630656432521,-0.5942626896074702,-0.620204844501167,-0.6445228569509494,-0.6132762505326461,-0.5896563923264074,-0.6426919848067959,-0.6233213365093869,-0.6437158816445449,-0.649620439615544,-0.6188570354100262,-0.6374694605755075,-0.577032661355994,-0.6438096499205939,-0.6305667983687955,-0.6437520836073446,-0.6516501277213649,-0.643925268275469,-0.6451281702386085,-0.6200811538790593,-0.632208547563625,-0.6523080739836028,-0.6337924528972853,-0.6298931059833768,-0.6381960100452284,-0.6354417482124006,-0.6846974794390295,-0.6181299560181316,-0.6111110958708167,-0.6125532323141072,-0.628913867601395,-0.633916783006964,-0.6303784684769138,-0.6134139139032827,-0.5957390089423947,-0.6463183082722325,-0.6149103609990547,-0.6359798787695953,-0.08689855459740743,-0.6461538413799289,-0.6018476422765081,-0.6450067477597099
460,1519071446,-0.6113752095648732,-0.6466234819459864,-0.6257611249543471,-0.6423196351500594,-0.6229303145835371,-0.630101192198144,-0.6115634390495461,-0.6273243369007933,-0.5974652140895136,-0.597530974609785,-0.6382046761557231,-0.6192012357116005,-0.6215449581373949,-0.6116727347325922,-0.6264497838992931,-0.6178162273289669,-0.6116714090957021,-0.593354470014429,-0.6476060270696082,-0.6090930091731933,-0.6248685369575224,-0.6262489346935424,-0.17069114333744284,-0.6207942061819993,-0.6314851633856341,-0.6077205914062693,-0.6315731973862668,-0.5867466439875639,-0.6111065973695292,-0.6403743689944091,-0.6425291198681967,-0.634781796643688,-0.6129894429574999,-0.8761582648375766,-0.5740290321706885,-0.6426552823617799,-0.596542768073818,-0.6377027249114355,-0.6324471378389798,-0.5865439780580198,-0.5567771649665584,-0.6051128158901482,-0.6180312129897946,-0.5869036481289135,-0.042223416015498456,-0.6296450166122198,-0.5924607055984437,-0.5921913689371795,-0.622057732692553,-0.5942505840487055,-0.5937887816769738,-0.613282189415834,-0.5837174418275733,-0.6371990975658463,-0.5884501749432867,-0.6125903820998764,-0.6448522991627376,-0.6188988900021273,-0.6347595542450515,-0.6082030312145937,-0.6281461188706885,-0.6291193082646751,-0.6206436890089225,0.32780104343316496,-0.6337773375988512,-0.6402574954198466,-0.617706118464352,-0.6413970471460394,-0.6369019755092098,-0.6278415343227488,-0.639668152065316,-0.5796744840558571,-0.639944784921848,-0.6134659767967958,-0.5981370995759918,-0.6076221407881401,-0.6191779282619256,-0.5734877904179183,-0.6408010456916892,-0.6425763206917448,-0.5879195626564294,-0.6294668319088886,-0.6093409001130818,-0.906006936656169,-0.6063700847422487,-0.6377111013658286,-0.6276112356413949,-0.4753900329401244,-0.5749145090363579,-0.5942626896074702,-0.6172073211874168,-0.6388994853179282,-0.6082041925538225,-0.585173640474515,-0.6398397080727947,-0.6204184018359722,-0.6401044304497662,-0.6455443897983485,-0.6133582083953557,-0.631856321757379,-0.5733027698994198,-0.6393140486481419,-0.6261160784648832,-0.6386963039846332,-0.6471385167213165,-0.6396392245981886,-0.6407614745112398,-0.6178306161941068,-0.6281806294067904,-0.647789982667328,-0.6281949064150888,-0.6236019950645912,-0.6340938850654244,-0.6314818997181971,-0.6837429442097007,-0.6137169751689809,-0.6074498008448997,-0.6087490171958881,-0.6247826046689329,-0.6292783845354897,-0.625658547354462,-0.6083342060378516,-0.5934266359213612,-0.6412328467393182,-0.612133490963526,-0.6322478688395111,-0.08689855459740743,-0.64241380258286,-0.597606270048426,-0.6399449632649375
461,1519071451,-0.6099804232088074,-0.6448812712881312,-0.6237809826191023,-0.641195607543777,-0.6211579574528043,-0.6279527766327653,-0.6101677305870931,-0.6255966543135906,-0.5960879857502605,-0.5963188078511954,-0.6370250994529499,-0.6181563009480845,-0.6192766243700678,-0.6102771899008431,-0.6239755381064397,-0.6171799996672125,-0.609650311979534,-0.592757278683424,-0.6459427405897281,-0.6090930091731933,-0.623819702087616,-0.6242724396961807,-0.08572961197044983,-0.6201552543628235,-0.6295040831640942,-0.6071196402015392,-0.6295912140154816,-0.5853561310897273,-0.6097125145040775,-0.6388866869364648,-0.6406589659579172,-0.6336051287725728,-0.6113329503102655,0.3460898552083521,-0.5729646611996803,-0.6406206844112985,-0.595935687284375,-0.63636435170135,-0.6304879931074954,-0.5850501701214386,-0.5567771649665584,-0.603913776731667,-0.6165286846808685,-0.5854083406024319,-0.042223416015498456,-0.6279066890409007,-0.5918639622335494,-0.5904025970832981,-0.6201651450329421,-0.5914658803080505,-0.5925939652999306,-0.6116326480696705,-0.5816398984870228,-0.6358636232450785,-0.5870560717666665,-0.6109357182627547,-0.6428450191953964,-0.6172425864781244,-0.6332188791817426,-0.6071556228207753,-0.6269031435596853,-0.6273821449382226,-0.6200062278494863,0.6534045432979575,-0.6331903364137371,-0.6382198160383293,-0.6162041595661218,-0.6401486083322848,-0.6355627438508135,-0.626117635233396,-0.6381193909157027,-0.5767047326156594,-0.6374421562162182,-0.6118104177712057,-0.5969279425646067,-0.6065758298778186,-0.6175255021545298,-0.5724233366514658,-0.6393716690606908,-0.6396788465759121,-0.5865271214583799,-0.6276928106051481,-0.6081396355232231,-0.9056185996101556,-0.6048021578952972,-0.6365300677395799,-0.6258851139597367,-0.4753783958025816,-0.573852752637454,-0.5942626896074702,-0.6157085595305418,-0.6388994853179282,-0.6082041925538225,-0.5836793898572177,-0.6391266388892944,-0.6189669344992648,-0.638556665652004,-0.6435063648897507,-0.6117085602909546,-0.6306089575755728,-0.5722370866261128,-0.6393140486481419,-0.624137980729811,-0.6386963039846332,-0.6460106139713044,-0.6382105433724283,-0.639513847160563,-0.616330257737472,-0.6258789618885994,-0.6466604598382593,-0.6269510071968228,-0.6225534765781269,-0.6330683538204734,-0.6295019754710954,-0.6834247657999245,-0.6115104847444056,-0.6064037165517806,-0.6087490171958881,-0.6230120634121634,-0.6275389851086869,-0.6238885769335426,-0.6083342060378516,-0.5897268390877076,-0.6391986621261525,-0.6093566209279973,-0.6310038655294832,-0.08689855459740743,-0.639920443384814,-0.5970003597301287,-0.6399449632649375
462,1519071457,-0.6078882436747085,-0.643139060630276,-0.6218008402838576,-0.6378235247249299,-0.6193856003220715,-0.6265204995891794,-0.6080741678934134,-0.623868971726388,-0.5947107574110073,-0.594500557713311,-0.6340761576960169,-0.6150214966575368,-0.616583625376894,-0.6074861002373451,-0.6219961414721569,-0.6139988613584404,-0.6083029139020886,-0.589771322028399,-0.6426161676299679,-0.6071876203690931,-0.620148780042943,-0.622295944698819,-0.08572961197044983,-0.6169604952669441,-0.6270277328871694,-0.6041148841778883,-0.6276092306446963,-0.5839656181918906,-0.6083184316386259,-0.6373990048785204,-0.6375420427741181,-0.6312517930303426,-0.6080199650157965,0.5127600533964333,-0.5708359192576639,-0.6380774369731966,-0.593507364126603,-0.6343567918862216,-0.628528848376011,-0.5820625542482759,-0.5567771649665584,-0.6015156984147044,-0.6135236280630164,-0.584660686839191,-0.042223416015498456,-0.6261683614695815,-0.5900737321388667,-0.5886138252294166,-0.6170108322669238,-0.5886371581874578,-0.5908017407343656,-0.6088834124927315,-0.5802548695933225,-0.6345281489243109,-0.5856619685900463,-0.6081779452008853,-0.6408377392280551,-0.6144820806047862,-0.6311646457639973,-0.6050608060331382,-0.6244171929376792,-0.6256449816117702,-0.6168189220523054,0.6431223275127536,-0.6314293328583944,-0.6361821366568122,-0.6139512212187767,-0.6370275112978983,-0.634223512192417,-0.6243937361440434,-0.6360543760495516,-0.5759622947556099,-0.6354400532517145,-0.6084992997200253,-0.5951142070475289,-0.6039600526020144,-0.6147714586422036,-0.5702944291185608,-0.6372276041141931,-0.6379403621064126,-0.5837422390622808,-0.6229620871285069,-0.6045358417536468,-0.9053273468256455,-0.6027115887660286,-0.6347585173002066,-0.6235836183841922,-0.4753667586650389,-0.5717292398396465,-0.5942626896074702,-0.6142097978736668,-0.6366501366647198,-0.6063021708117636,-0.582932264548569,-0.6377005005222938,-0.6175154671625575,-0.6359770576557335,-0.6399398212997045,-0.6089591467836193,-0.6281142292119601,-0.5695728784428455,-0.6365042978528594,-0.6216653585609708,-0.6364492908189836,-0.6426269057212681,-0.6374962027595483,-0.6370185924592096,-0.6140797200525197,-0.624152711249956,-0.6432718913510532,-0.624463208760291,-0.6194079211187341,-0.6310172913305714,-0.6275220512239936,-0.6829474981852601,-0.6087523717136863,-0.6043115479655423,-0.606212873783742,-0.6212415221553939,-0.6252197858729497,-0.6215286163723167,-0.6064293155883149,-0.5888018898792943,-0.6371644775129868,-0.6082458729137857,-0.6285158589094271,-0.08689855459740743,-0.637427084186768,-0.5945767184569389,-0.6376952812672609
463,1519071463,-0.6064934573186427,-0.6413968499724209,-0.6193256623648017,-0.6327654004966592,-0.6176132431913386,-0.6250882225455936,-0.6066784594309603,-0.6215653949434511,-0.5933335290717542,-0.5926823075754266,-0.6328965809932436,-0.612931627130505,-0.6139553619364408,-0.606090555405596,-0.6200167448378742,-0.6082728124026506,-0.6069555158246432,-0.587979748035384,-0.640398452323461,-0.605282231564993,-0.6164778579982702,-0.6193312022027765,-0.08572961197044983,-0.6150436398094165,-0.6250466526656296,-0.6023120305636978,-0.6256272472739111,-0.5818798488451357,-0.6069243487731741,-0.6359113228205759,-0.6350485042270787,-0.6288984572881124,-0.6058113081528171,0.5683167861257937,-0.5687071773156476,-0.6355341895350949,-0.591079040968831,-0.6323492320710933,-0.6265697036445266,-0.5805687463116945,-0.5567771649665584,-0.5997171396769825,-0.6120210997540902,-0.5809224180229869,-0.042223416015498456,-0.6244300338982625,-0.5882835020441841,-0.5868250533755353,-0.6151182446073128,-0.5858178170330812,-0.5890095161688007,-0.6066840240311802,-0.5781773262527721,-0.6325249374431594,-0.5828737622368059,-0.6059717267513898,-0.6388304592607138,-0.6117215747314478,-0.6291104123462521,-0.6029659892455012,-0.6225527299711745,-0.6233287638431668,-0.6142690774145607,0.6328401117275496,-0.6290813281179376,-0.634144457275295,-0.6124492623205465,-0.6351548530772663,-0.6328842805340207,-0.6215205709951223,-0.6334731074668627,-0.5737349811754617,-0.6329374245460847,-0.605740034677375,-0.5939050500361437,-0.601867430781371,-0.6120174151298773,-0.5681655215856556,-0.6350835391676953,-0.6356223828137465,-0.5823497978642314,-0.6205967253901863,-0.6009320479840705,-0.9051331783026387,-0.60062101963676,-0.6318059332345844,-0.6218574967025339,-0.47535512152749615,-0.570136605241291,-0.5942626896074702,-0.6134604170452294,-0.6344007880115113,-0.6044001490697049,-0.5806908886226227,-0.6355612929717929,-0.6167897334942037,-0.6344292928579712,-0.6373922901639573,-0.605659850574817,-0.6249958187574444,-0.5674415118962317,-0.6342564972166335,-0.6196872608258986,-0.634202277653334,-0.6398071488462379,-0.6360675215337881,-0.6351471514331944,-0.6125793615958848,-0.6224264606113127,-0.6410128456929158,-0.6213534607146264,-0.6173108841458056,-0.6289662288406694,-0.6250471459151165,-0.6826293197754839,-0.606545881289111,-0.6022193793793041,-0.6043107662246325,-0.6182906200607781,-0.6234803864461469,-0.6185786656707843,-0.6045244251387784,-0.5874144660666741,-0.6346217467465297,-0.6065797508924685,-0.6254058506343569,-0.08689855459740743,-0.6355570647882335,-0.5927589875020466,-0.6354455992695843
464,1519071468,-0.6050986709625767,-0.6384931655426623,-0.617345520029557,-0.6305173452840945,-0.6158408860606058,-0.6229398069802148,-0.6052827509685073,-0.6198377123562484,-0.5912676865628744,-0.5902579740582474,-0.6305374275876973,-0.6108417576034731,-0.6116326503048286,-0.604695010573847,-0.6180373482035915,-0.6063641294173874,-0.6049344187084752,-0.5849937913803591,-0.6376263081903275,-0.6027417131595261,-0.614380188258457,-0.6173547072054149,-0.17069114333744284,-0.6112099288943612,-0.6225703023887048,-0.5999082257447771,-0.6231497680604294,-0.5804893359472989,-0.6048332244749967,-0.6344236407626316,-0.6331783503167993,-0.6265451215458823,-0.6036026512898378,0.1238629242909105,-0.5671106208591353,-0.6334995915846134,-0.589257798600502,-0.6310108588610077,-0.6246105589130422,-0.5790749383751133,-0.5567771649665584,-0.5979185809392606,-0.6112698355996272,-0.5801747642597462,-0.042223416015498456,-0.6215328212793972,-0.585299785219713,-0.5838437669523996,-0.6125947943944982,-0.5829984758787048,-0.5854250670376709,-0.603934788454241,-0.5767922973590718,-0.6305217259620078,-0.5814796590601856,-0.6037655083018942,-0.6363213593015372,-0.6095131700327773,-0.6270561789285068,-0.5993000598671363,-0.6200667793491682,-0.6204334916324127,-0.6110817716173799,0.5540097907076524,-0.627320324562595,-0.6321067778937779,-0.6109473034223164,-0.6332821948566343,-0.6315450488756242,-0.6197966719057695,-0.6319243463172493,-0.5729925433154123,-0.6304347958404548,-0.6035326226432547,-0.592091314519066,-0.598728498050406,-0.6098141803200162,-0.5660366140527505,-0.6343688508521961,-0.6333044035210804,-0.5809573566661819,-0.6188227040864458,-0.5991301510992824,-0.9048904676488804,-0.597485165942857,-0.6300343827952112,-0.6201313750208757,-0.4753405751055677,-0.5685439706429353,-0.5942626896074702,-0.6112122745599168,-0.6310267650316986,-0.6018641200802931,-0.5791966380053253,-0.633422085421292,-0.6146125324891427,-0.6323656064609549,-0.6353542652553595,-0.6034603197689488,-0.6231247724847349,-0.5658429869862714,-0.6308847962622945,-0.6177091630908265,-0.6308317579048597,-0.6369873919712077,-0.634638840308028,-0.6332757104071792,-0.6118291823675673,-0.6207002099726693,-0.6376242772057097,-0.6194876118872276,-0.6146895879296449,-0.6274279319732429,-0.6225722406062393,-0.6823111413657077,-0.6043393908645357,-0.5990811264999467,-0.6011405869594499,-0.6165200788040086,-0.6205813874014755,-0.6168086952498649,-0.6013496077228838,-0.5860270422540541,-0.632587562133364,-0.6049136288711512,-0.623539845669315,-0.11066426808372769,-0.633687045389699,-0.5915471668654517,-0.6320710762730694
465,1519071474,-0.6037038846065109,-0.6361702179988554,-0.6153653776943122,-0.6282692900715298,-0.614068528929873,-0.6222236684584219,-0.6038870425060541,-0.6181100297690458,-0.5892018440539948,-0.5884397239203629,-0.6287680625335375,-0.6087518880764413,-0.6089474195779814,-0.6032994657420979,-0.615563102410738,-0.6044554464321241,-0.6035870206310298,-0.5826050260563391,-0.634854164057194,-0.5995660651526925,-0.6122825185186439,-0.6153782122080531,-0.17069114333744284,-0.6092930734368336,-0.62009395211178,-0.5981053721305866,-0.6206722888469478,-0.5790988230494623,-0.603439141609545,-0.630952382627428,-0.6313081964065197,-0.6253684536747671,-0.6008418302111136,0.6238735188551541,-0.5644496934316149,-0.631464993634132,-0.588043637021616,-0.6296724856509222,-0.6216718418158156,-0.5783280344068226,-0.5567771649665584,-0.5961200222015387,-0.6097673072907012,-0.5786794567332646,-0.042223416015498456,-0.618635608660532,-0.582316068395242,-0.5820549950985182,-0.6100713441816834,-0.580186350852187,-0.583632842472106,-0.6017353999926898,-0.5754072684653714,-0.6291862516412402,-0.5800855558835655,-0.6015592898523987,-0.6338122593423606,-0.6073047653341067,-0.6255155038651979,-0.5972052430794992,-0.6182023163826635,-0.6186963283059602,-0.6091693881390713,0.6465497327744882,-0.6261463221923667,-0.6300690985122607,-0.6101963239732014,-0.630785317229125,-0.6288665855588315,-0.6180727728164168,-0.6298593314510982,-0.5715076675953135,-0.628432692875951,-0.6013252106091345,-0.5896730004962957,-0.5961127207746018,-0.6076109455101552,-0.5644399334030717,-0.6329394742211977,-0.6315659190515808,-0.5795649154681324,-0.6170486827827053,-0.5973282542144942,-0.904647756995122,-0.5953945968135883,-0.6276723155427135,-0.6184052533392174,-0.4753231193992536,-0.5664204578451277,-0.5942626896074702,-0.6097135129030418,-0.628215079215188,-0.5986940838435283,-0.5777023873880279,-0.6319959470542913,-0.6124353314840816,-0.6308178416631927,-0.6333162403467617,-0.6007109062616135,-0.6212537262120255,-0.5642444620763111,-0.6286369956260686,-0.6157310653557543,-0.6280229914477978,-0.6347315864711836,-0.6317814778565077,-0.6314042693811641,-0.6103288239109325,-0.6183985424544781,-0.6353652315475723,-0.6169998134506958,-0.6125925509567163,-0.6258896351058164,-0.6205923163591375,-0.6819929629559315,-0.6021329004399604,-0.5964659157671489,-0.5992384794003404,-0.6135691767093928,-0.6182621881657384,-0.6150387248289454,-0.5988097537901683,-0.5851020930456408,-0.6300448313669068,-0.6043582548640455,-0.6216738407042729,-0.11066426808372769,-0.6318170259911645,-0.5885176152739645,-0.6292589737759736
466,1519071480,-0.602309098250445,-0.6338472704550485,-0.6133852353590675,-0.626021234858965,-0.6111146003786515,-0.6207913914148361,-0.602491334043601,-0.6163823471818431,-0.5878246157147416,-0.5872275571617733,-0.6275884858307642,-0.6061395511676515,-0.6062362946300459,-0.6019039209103488,-0.6130888566178845,-0.6025467634468609,-0.6022396225535844,-0.5808134520633241,-0.6326364487506871,-0.5976606763485923,-0.6101848487788308,-0.6134017172106915,-0.17069114333744284,-0.607376217979306,-0.6181128718902402,-0.5957015673116658,-0.6186903054761625,-0.5770130537027073,-0.6020450587440933,-0.6294647005694837,-0.6281912732227206,-0.624191785803652,-0.5986331733481343,0.7905437170432352,-0.5628531369751026,-0.6294303956836506,-0.58682947544273,-0.6276649258357938,-0.6197126970843312,-0.5768342264702413,-0.5567771649665584,-0.5931224243053356,-0.6082647789817751,-0.5756888416803013,-0.042223416015498456,-0.6168972810892128,-0.5805258383005593,-0.5796699659600096,-0.6081787565220724,-0.5773619584083094,-0.5818406179065412,-0.5995360115311384,-0.5740222395716711,-0.6278507773204726,-0.576600297942015,-0.5988015167905292,-0.631303159383184,-0.605096360635436,-0.623974828801889,-0.5951104262918622,-0.6163378534161589,-0.6169591649795078,-0.6072570046607628,0.6431223275127536,-0.624385318637024,-0.6265031595946057,-0.6086943650749713,-0.6289126590084931,-0.6275273539004351,-0.6163488737270642,-0.6283105703014848,-0.5700227918752145,-0.6264305899114472,-0.5985659455664841,-0.5884638434849105,-0.5940200989539584,-0.6048569019978289,-0.562843252753393,-0.6307954092747,-0.6298274345820812,-0.5781724742700829,-0.6152746614789648,-0.595526357329706,-0.9044535884721152,-0.5927813854020025,-0.6264912819164646,-0.6155283838697868,-0.4753114822617108,-0.5648278232467722,-0.5942626896074702,-0.6082147512461668,-0.6254033933986775,-0.5955240476067636,-0.5754610114620817,-0.6312828778707911,-0.6109838641473743,-0.6292700768654304,-0.631278215438164,-0.5985113754557453,-0.619382679939316,-0.5626459371663507,-0.6258272448307861,-0.6132584431869141,-0.6252142249907359,-0.6324757809711593,-0.6310671372436276,-0.6282852010044722,-0.6088284654542975,-0.6155214580567393,-0.6331061858894349,-0.615133964623297,-0.6099712547405557,-0.62435133823839,-0.6186123921120358,-0.6816747845461553,-0.5993747874092412,-0.5943737471809107,-0.5967023359881943,-0.6117986354526234,-0.6165227887389355,-0.613268754408026,-0.5956349363742739,-0.5841771438372273,-0.6280106467537412,-0.603247506849834,-0.6191858340842168,-0.11066426808372769,-0.6293236667931186,-0.5866998843190722,-0.627009291778297
467,1519071485,-0.6009143118943792,-0.6321050597971933,-0.6114050930238227,-0.6237731796464002,-0.6081606718274302,-0.6186429758494573,-0.6010956255811479,-0.6146546645946405,-0.5864473873754885,-0.5854093070238889,-0.6264089091279911,-0.6040496816406197,-0.6035044543052399,-0.5998106036627253,-0.6106146108250311,-0.6006380804615976,-0.6002185254374163,-0.5772303040772941,-0.629309875790927,-0.593849898740392,-0.6075627616040645,-0.6109310984639894,-0.17069114333744284,-0.6054593625217783,-0.6161317916687004,-0.5938987136974753,-0.6167083221053773,-0.5756225408048706,-0.6006509758786417,-0.6279770185115393,-0.6256977346756812,-0.6224267839969794,-0.5953201880536653,0.8461004497725957,-0.5612565805185904,-0.6268871482455487,-0.5844011522849579,-0.6263265526257082,-0.6177535523528469,-0.5753404185336599,-0.5567771649665584,-0.5913238655676136,-0.6060109865183859,-0.5741935341538197,-0.042223416015498456,-0.6151589535178937,-0.5787356082058767,-0.5766886795368741,-0.6043935812028505,-0.5745346795132883,-0.5782561687754113,-0.5973366230695871,-0.5712521817842705,-0.625847565839321,-0.5752061947653947,-0.5965952983410336,-0.6292958794158429,-0.6028879559367655,-0.6224341537385801,-0.5919682011104065,-0.6144733904496542,-0.6152220016530553,-0.604707160023018,0.6362675169892843,-0.6220373138965671,-0.6239560603677091,-0.6071924061767412,-0.6251673425672292,-0.6255185064128406,-0.6134757085781429,-0.6267618091518714,-0.5670530404350169,-0.6239279612058174,-0.5958066805238339,-0.5866501079678328,-0.5908811662229934,-0.6026536671879679,-0.5612465721037141,-0.6293660326437015,-0.6269299604662486,-0.5760838124730087,-0.612317959306064,-0.5931238281499885,-0.9042594199491085,-0.5901681739904168,-0.6253102482902159,-0.6132268882942424,-0.47529984512416806,-0.5632351886484165,-0.5942626896074702,-0.6074653704177292,-0.6220293704188647,-0.5923540113699989,-0.5739667608447843,-0.6291436703202901,-0.6102581304790206,-0.6277223120676682,-0.6282211780752672,-0.5963118446498771,-0.6175116336666066,-0.5605145706197369,-0.6218935937173906,-0.6107858210180739,-0.6212819519508491,-0.6296560240961291,-0.6282097747921073,-0.626413759978457,-0.60807828622598,-0.6132197905385481,-0.6308471402312975,-0.6132681157958981,-0.6078742177676271,-0.6223002757484879,-0.616632467864934,-0.6811975169314909,-0.5966166743785221,-0.5922815785946725,-0.5928981208699753,-0.6100280941958539,-0.6147833893121327,-0.6114987839871066,-0.5930950824415583,-0.583252194628814,-0.6259764621405755,-0.6021367588356225,-0.6173198291191747,-0.11066426808372769,-0.6262069677955611,-0.5854880636824773,-0.6230723482823629
468,1519071491,-0.5988221323602803,-0.6303628491393383,-0.6084348795209557,-0.6209631106306943,-0.6052067432762087,-0.6172106988058714,-0.5990020628874683,-0.610623405224501,-0.5850701590362354,-0.5829849735067097,-0.6228701790196715,-0.600914877350072,-0.6014976521709037,-0.5984150588309762,-0.6076455158736069,-0.5980931698145799,-0.598871127359971,-0.5748415387532743,-0.6270921604844202,-0.5919445099362919,-0.6044162569943449,-0.6079663559679469,-0.17069114333744284,-0.6035425070642507,-0.6131601713363906,-0.5908939576738245,-0.6142308428918957,-0.574232027907034,-0.5985598515804641,-0.6259934424342801,-0.623204196128642,-0.6194851143191916,-0.592559366974941,0.45720332066707287,-0.55859565309107,-0.6233266018322062,-0.581365748337743,-0.6243189928105799,-0.6148148352556203,-0.5716058986922066,-0.5567771649665584,-0.5883262676714104,-0.6045084582094599,-0.5719505728640973,-0.042223416015498456,-0.6128411834228015,-0.5757518913814055,-0.5743036503983655,-0.6025009935432395,-0.5717644080283507,-0.5758665360213248,-0.5945873874926481,-0.5698671528905701,-0.6238443543581695,-0.5731150400004644,-0.5932859706667903,-0.6272885994485016,-0.6001274500634272,-0.6193528036119623,-0.5888259759289509,-0.611987439827648,-0.6134848383266027,-0.6015198542258372,0.6259853012040802,-0.6196893091561103,-0.6208995412954335,-0.604939467829396,-0.6226704649397199,-0.6241792747544441,-0.6106025434292217,-0.6241805405691826,-0.5663106025749675,-0.6214253325001876,-0.5930474154811836,-0.5842317939450624,-0.5877422334920283,-0.5998996236756415,-0.5585854376875827,-0.6272219676972038,-0.6251914759967491,-0.5732989300769097,-0.6093612571331631,-0.5901206666753417,-0.9039681671645985,-0.5870323202965138,-0.6229481810377181,-0.6115007666125841,-0.4752882079866253,-0.5605807976511571,-0.5942626896074702,-0.6044678471039792,-0.6197800217656564,-0.59045198962794,-0.5732196355361355,-0.6270044627697892,-0.6088066631423131,-0.6246267824721435,-0.6251641407123706,-0.5930125484410748,-0.615640587393897,-0.5573175207998161,-0.6196457930811646,-0.6088077232830018,-0.6190349387851996,-0.6268362672210989,-0.6274954341792273,-0.6232946916017652,-0.6050775693127103,-0.6103427061408092,-0.6285880945731601,-0.6095364181411005,-0.6047286623082343,-0.6197364476361104,-0.6146525436178323,-0.6808793385217147,-0.5938585613478029,-0.5886202835687555,-0.5909960133108657,-0.6076673725201612,-0.6118843902674612,-0.6073688530049612,-0.5911901919920217,-0.5818647708161938,-0.622925185220827,-0.6004706368143052,-0.6148318224991187,-0.11066426808372769,-0.6237136085975151,-0.5830644224092876,-0.6208226662846863
469,1519071496,-0.5953351664701156,-0.6262976909376762,-0.6044745948504662,-0.6164670002055649,-0.6028436004352317,-0.6136300061969068,-0.5948149375001089,-0.6071680400500956,-0.5816270881881025,-0.5805606399895306,-0.6205110256141251,-0.5972576056777663,-0.5988849252631034,-0.5942284243357291,-0.6041815717636121,-0.5942758038440534,-0.5955026321663575,-0.5718555820982493,-0.6226567298714065,-0.5887688619294582,-0.600745334949672,-0.604507489722564,-0.17069114333744284,-0.5990698443300196,-0.6096932809486959,-0.5884901528549038,-0.6097713803076288,-0.5700604892135239,-0.5943776029841091,-0.6235139723377061,-0.6200872729448428,-0.6171317785769614,-0.5886942174647273,-0.43170440300269347,-0.5559347256635495,-0.6202747049064841,-0.577723263601085,-0.6203038731803232,-0.6113863319755226,-0.5686182828190439,-0.5567771649665584,-0.5853286697752073,-0.6007521374371446,-0.5682123040478932,-0.042223416015498456,-0.6087850857563901,-0.5721714311920402,-0.5707261066906028,-0.5987158182240175,-0.5689371291333296,-0.572282086890195,-0.5890889163387698,-0.5664045806563194,-0.6205056685562503,-0.5696297820589139,-0.5894250883801732,-0.6227722195219837,-0.595710640666086,-0.6172985701942171,-0.5851600465505861,-0.6057725632726324,-0.6088524027893961,-0.5976950872692202,0.38606693288265415,-0.6179283056007677,-0.6178430222231577,-0.6019355500329358,-0.6195493679053333,-0.6208311956084532,-0.6071547452505164,-0.6215992719864937,-0.5625984132747204,-0.6179216523123059,-0.5891844444214731,-0.5812089014165995,-0.5846033007610633,-0.5949423453534542,-0.5559243032714514,-0.6229338378042084,-0.6217145070577499,-0.5705140476808107,-0.6069958953948426,-0.5865168729057654,-0.9036283722493367,-0.5833738243202936,-0.619995596972096,-0.6074731493553814,-0.47526202442715415,-0.5573955284544458,-0.5942626896074702,-0.6007209429617916,-0.6164059987858437,-0.5866479461438223,-0.5687368836842432,-0.6234391168522876,-0.6051779948005447,-0.6220471744758731,-0.6221071033494739,-0.5891633695308054,-0.611274812757575,-0.5541204709798954,-0.6162740921268257,-0.6043570033790895,-0.6151026657453129,-0.6223246562210506,-0.6246380717277069,-0.6201756232250732,-0.6013266731711231,-0.6074656217430703,-0.623505241842351,-0.6064266700954357,-0.6015831068488414,-0.6176853851462084,-0.6097027330000778,-0.6800838924972741,-0.5894455804986521,-0.5849589885428386,-0.5878258340456831,-0.6041262900066223,-0.6089853912227898,-0.6050088924437353,-0.5880153745761272,-0.5795523977951603,-0.6193653621477869,-0.5982491407858822,-0.6098558092590065,-0.11066426808372769,-0.6199735698004462,-0.5800348708178004,-0.6168857227887523
470,1519071502,-0.5932429869360167,-0.6233940065079177,-0.6019994169314103,-0.6142189449930001,-0.6010712433044988,-0.6114815906315281,-0.5934192290376559,-0.605440357462893,-0.5795612456792228,-0.5787423898516462,-0.6193314489113518,-0.5951677361507345,-0.596318807953262,-0.5928328795039801,-0.6017073259707587,-0.5923671208587902,-0.5928078360114667,-0.5712583907672443,-0.6204390145648997,-0.586863473125358,-0.5986476652098589,-0.6025309947252022,-0.17069114333744284,-0.597152988872492,-0.6072169306717711,-0.5866872992407133,-0.6077893969368435,-0.5686699763156873,-0.5929835201186574,-0.6220262902797618,-0.6182171190345633,-0.6159551107058463,-0.586485560601748,0.6238735188551541,-0.5538059837215332,-0.6182401069560026,-0.5759020212327559,-0.6189654999702376,-0.6094271872440382,-0.5678713788507533,-0.5567771649665584,-0.5835301110374853,-0.5992496091282186,-0.5667169965214117,-0.042223416015498456,-0.607046758185071,-0.5703812010973576,-0.5701298494059756,-0.5968232305644066,-0.566140157975315,-0.5710872705131517,-0.5868895278772185,-0.565019551762619,-0.6191701942354827,-0.5682356788822938,-0.5872188699306776,-0.6202631195628071,-0.5929501347927477,-0.6157578951309082,-0.5841126381567675,-0.6045295879616293,-0.6071152394629437,-0.5957827037909116,0.6396949222510189,-0.6167543032305393,-0.6158053428416405,-0.5996826116855906,-0.6176767096847015,-0.6188223481208586,-0.6054308461611636,-0.6200505108368802,-0.5611135375546216,-0.615919549347802,-0.5869770323873529,-0.5793951658995218,-0.5835569898507416,-0.5927391105435932,-0.5543276226217726,-0.6222191494887092,-0.6199760225882504,-0.5691216064827611,-0.6052218740911021,-0.5847149760209772,-0.90343420372633,-0.5823285397556592,-0.6182240465327228,-0.6057470276737231,-0.4752474780052257,-0.5558028938560902,-0.5942626896074702,-0.5992221813049166,-0.6152813244592394,-0.5860139388964694,-0.5672426330669458,-0.622012978485287,-0.6030007937954837,-0.6204994096781109,-0.6200690784408761,-0.5869638387249372,-0.6081564023030592,-0.552521946069935,-0.6151501918087127,-0.6023789056440173,-0.6139791591624881,-0.6200688507210264,-0.6224950498890667,-0.6183041821990581,-0.5998263147144882,-0.6051639542248791,-0.6212461961842136,-0.6045608212680369,-0.5994860698759129,-0.616147088278782,-0.6077228087529761,-0.6797657140874978,-0.5872390900740768,-0.5833898621031599,-0.5871917981926466,-0.6017655683309296,-0.6060863921781184,-0.6032389220228159,-0.5873804110929484,-0.578627448586747,-0.6168226313813298,-0.5971383927716707,-0.6079898042939645,-0.11066426808372769,-0.6181035504019117,-0.5776112295446106,-0.6151984612904948
471,1519071508,-0.5918482005799509,-0.6216517958500625,-0.6000192745961656,-0.6119708897804353,-0.5987081004635217,-0.6100493135879422,-0.5920235205752027,-0.6037126748756904,-0.5781840173399697,-0.5763180563344669,-0.617562083857192,-0.5925553992419447,-0.5936050935832177,-0.591437334672231,-0.5997279293364759,-0.5904584378735269,-0.5914604379340214,-0.5682724341122194,-0.6182212992583929,-0.5830526955171578,-0.5965499954700458,-0.6005544997278406,-0.17069114333744284,-0.5952361334149644,-0.6052358504502312,-0.5830815920123322,-0.6053119177233619,-0.5665842069689323,-0.5908923958204799,-0.6195468201831879,-0.6163469651242839,-0.6147784428347313,-0.5837247395230237,0.012749458832189704,-0.552209427265021,-0.6156968595179009,-0.5746878596538699,-0.6176271267601521,-0.6069782563296827,-0.566377570914172,-0.5567771649665584,-0.5805325131412822,-0.5977470808192925,-0.5659693427581709,-0.042223416015498456,-0.6047289880899789,-0.5673974842728865,-0.5665523056982128,-0.5949306429047956,-0.5633006116629342,-0.5686976377590651,-0.5846901394156672,-0.5636345228689187,-0.6178347199147151,-0.5668415757056735,-0.5844610968688082,-0.6182558395954659,-0.5907417300940772,-0.6142172200675992,-0.5809704129753119,-0.6020436373396231,-0.6047990216943403,-0.5938703203126031,0.46146984864081664,-0.6138192973049683,-0.613258243614744,-0.5981806527873604,-0.6151798320571922,-0.616813500633264,-0.6037069470718109,-0.6185017496872669,-0.5596286618345228,-0.6139174463832981,-0.5847696203532325,-0.5769768518767515,-0.5804180571197766,-0.5899850670312669,-0.5521987150888675,-0.6207897728577108,-0.6182375381187507,-0.5677291652847116,-0.6034478527873616,-0.5829130791361891,-0.9031914930725715,-0.5786700437794391,-0.6170430129064739,-0.6028701582042927,-0.47523293158329727,-0.5531485028588308,-0.5942626896074702,-0.596974038819604,-0.6113449643161246,-0.5822098954123517,-0.5650012571409997,-0.6205868401182864,-0.6015493264587762,-0.6189516448803486,-0.6180310535322784,-0.5842144252176019,-0.6062853560303497,-0.5509234211599746,-0.6117784908543737,-0.599906283475177,-0.6100468861226014,-0.6178130452210022,-0.6203520280504264,-0.6151851138223662,-0.5983259562578532,-0.6034377035862358,-0.6189871505260762,-0.6020730228315051,-0.5963405144165201,-0.6135832601664044,-0.605247903444099,-0.6792884464728335,-0.5844809770433577,-0.579728567077243,-0.5840216189274641,-0.5999950270741602,-0.6043469927513156,-0.6002889713212836,-0.583570630193875,-0.5772400247741268,-0.6147884467681641,-0.5954722707503535,-0.6055017976739084,-0.11066426808372769,-0.6156101912038656,-0.5763994089080158,-0.6112615177945607
472,1519071513,-0.590453414223885,-0.6199095851922073,-0.5975440966771096,-0.6097228345678707,-0.5957541719123003,-0.6079008980225634,-0.5906278121127496,-0.6014090980927534,-0.5768067890007166,-0.5744998061965825,-0.6163825071544188,-0.5904655297149128,-0.5909923666754174,-0.5893440174246075,-0.5972536835436225,-0.5885497548882637,-0.5894393408178532,-0.5652864774571944,-0.6154491551252593,-0.5811473067130576,-0.5939279082952794,-0.5985780047304788,-0.08572961197044983,-0.5933192779574368,-0.6032547702286915,-0.5812787383981417,-0.6033299343525766,-0.5651936940710957,-0.5894983129550282,-0.6180591381252434,-0.6132300419404847,-0.6130134410280587,-0.5815160826600444,0.7349869843138749,-0.5506128708085087,-0.6136622615674194,-0.5734736980749839,-0.6162887535500665,-0.6050191115981983,-0.5648837629775907,-0.5567771649665584,-0.5787339544035602,-0.5954932883559033,-0.5644740352316893,-0.042223416015498456,-0.6029906605186597,-0.5644137674484154,-0.5647635338443314,-0.5917763301387773,-0.5604928163131316,-0.5669054131935003,-0.5824907509541158,-0.5608644650815181,-0.6164992455939474,-0.5654474725290533,-0.5817033238069387,-0.6162485596281246,-0.5885333253954065,-0.6126765450042903,-0.5788755961876749,-0.6008006620286199,-0.6030618583678878,-0.5913204756748583,0.619130490680611,-0.6126452949347398,-0.6107111443878476,-0.5966786938891303,-0.6133071738365602,-0.6154742689748677,-0.6019830479824583,-0.6169529885376536,-0.556658910394325,-0.6114148176776684,-0.5820103553105823,-0.5751631163596738,-0.5778022798439724,-0.5877818322214058,-0.5500698075559625,-0.6193603962267122,-0.6159195588260846,-0.5663367240866621,-0.6010824910490409,-0.5805105499564716,-0.902657529634303,-0.5765794746501705,-0.6158619792802251,-0.6011440365226344,-0.4752212944457545,-0.5515558682604751,-0.5942626896074702,-0.5962246579911665,-0.6090956156629161,-0.5803078736702928,-0.5635070065237022,-0.6198737709347861,-0.6000978591220689,-0.6174038800825864,-0.6154835223965311,-0.5820148944117337,-0.6044143097576403,-0.5493248962500142,-0.6095306902181478,-0.597928185740105,-0.6077998729569518,-0.614993288345972,-0.6189233468246663,-0.6126898591210127,-0.5975757770295358,-0.6005606191884969,-0.6167281048679388,-0.6002071740041063,-0.5942434774435915,-0.6120449632989778,-0.6032679791969972,-0.6788111788581691,-0.5817228640126385,-0.5771133563444452,-0.5821195113683545,-0.5982244858173907,-0.6026075933245127,-0.598519000900364,-0.5816657397443383,-0.5735402279404733,-0.6127542621549984,-0.5926954007148246,-0.6036357927088664,-0.11066426808372769,-0.6131168320058197,-0.5745816779531235,-0.6090118357968841
473,1519071519,-0.5883612346897862,-0.6181673745343521,-0.5950689187580538,-0.6074747793553059,-0.5939818147815674,-0.6057524824571847,-0.58853424941907,-0.5985296271140824,-0.5754295606614634,-0.5732876394379929,-0.6140233537488724,-0.588375660187881,-0.5884210705213583,-0.5879484725928584,-0.5952742869093397,-0.5866410719030004,-0.5867445446629624,-0.5634949034641794,-0.6132314398187525,-0.5792419179089574,-0.5918302385554663,-0.5966015097331172,-0.17069114333744284,-0.5914024224999092,-0.6012736900071516,-0.5794758847839512,-0.6013479509817914,-0.5638031811732589,-0.5881042300895766,-0.616571456067299,-0.6107365033934454,-0.6118367731569435,-0.5793074257970651,0.8461004497725957,-0.5484841288664923,-0.6111190141293176,-0.5716524557066549,-0.614950380339981,-0.6030599668667139,-0.5626430510727186,-0.5567771649665584,-0.5769353956658384,-0.5939907600469773,-0.5629787277052076,-0.042223416015498456,-0.6012523329473406,-0.5626235373537327,-0.56297476199045,-0.5898837424791663,-0.5576778048354702,-0.5651131886279354,-0.5802913624925646,-0.5594794361878177,-0.6151637712731797,-0.5640533693524331,-0.5794971053574431,-0.6142412796607833,-0.5863249206967359,-0.6111358699409813,-0.5767807794000378,-0.5983147114066137,-0.6013246950414354,-0.5887706310371137,0.6465497327744882,-0.6108842913793973,-0.6086734650063303,-0.5944257555417851,-0.6114345156159282,-0.6134654214872731,-0.6002591488931055,-0.6154042273880402,-0.5559164725342757,-0.6094127147131646,-0.579251090267932,-0.5739539593482886,-0.575709658023329,-0.5855785974115447,-0.5484731269062836,-0.618645707911213,-0.6141810743565851,-0.5642480622895879,-0.59753444844156,-0.5787086530716834,-0.9024633611112963,-0.5744889055209018,-0.6140904288408519,-0.5994179148409761,-0.47520965730821174,-0.5499632336621195,-0.5942626896074702,-0.5947258963342914,-0.6062839298464056,-0.578405851928234,-0.5627598812150535,-0.6184476325677855,-0.5993721254537152,-0.61534019368557,-0.6124264850336344,-0.5792654809043984,-0.6025432634849308,-0.5477263713400539,-0.6067209394228653,-0.5959500880050328,-0.6055528597913022,-0.6121735314709418,-0.6167803249860261,-0.6108184180949976,-0.594575060116266,-0.5988343685498536,-0.6144690592098014,-0.5970974259584416,-0.592146440470663,-0.6105066664315514,-0.6012880549498955,-0.6784930004483929,-0.5795163735880632,-0.5750211877582069,-0.5795833679562085,-0.595273583722775,-0.60086819389771,-0.5961590403391381,-0.5784909223284439,-0.5726152787320599,-0.6102115313885412,-0.5915846527006131,-0.6017697877438243,-0.11066426808372769,-0.6112468126072852,-0.5727639469982312,-0.6067621537992075
474,1519071524,-0.5855716619776544,-0.6141022163326901,-0.5911086340875643,-0.6018546413238941,-0.5898463148098575,-0.602887928370013,-0.5850449782629372,-0.5950742619396772,-0.5719864898133306,-0.5690450557829293,-0.6093050469377795,-0.5836734537520595,-0.5852438495938351,-0.5844596105134858,-0.5913154936407742,-0.5802787952854562,-0.5840497485080717,-0.5599117554781494,-0.6087960092057388,-0.5754311403007571,-0.5876348990758402,-0.5911661484903725,-0.17069114333744284,-0.5850129043081504,-0.596320989453302,-0.5746682751461097,-0.5963929925548281,-0.5610221553775856,-0.5846190229259474,-0.6135960919514103,-0.6069961955728864,-0.6065417677369256,-0.5748901120711064,-0.37614767027333307,-0.5452910159534679,-0.6065411687407344,-0.568009970969997,-0.6109352607097244,-0.5991416774037452,-0.5604023391678467,-0.5567771649665584,-0.5727387586111539,-0.590985703429125,-0.5584928051257628,-0.042223416015498456,-0.5960373502333831,-0.5590430771643674,-0.5588009609980601,-0.5860985671599444,-0.5542833382907589,-0.5603339231197623,-0.5747928913386864,-0.556016863953567,-0.6111573483108768,-0.5598710598225725,-0.5750846684584521,-0.6097248997342656,-0.5808039089500594,-0.6065138447510546,-0.5720674416278544,-0.5933428101626013,-0.5961132050620779,-0.5830334806021881,0.3415106644801036,-0.607362284268712,-0.6040886863979168,-0.5921728171944399,-0.6076891991746644,-0.6107869581704803,-0.5950874516250474,-0.6117904513722757,-0.5522042832340285,-0.603906931560779,-0.5748362661996914,-0.5709310668198256,-0.5710012589268815,-0.5806213190893574,-0.5447475387236997,-0.6143575780182177,-0.6083861261249198,-0.5614631798934889,-0.593986405834079,-0.5751048593021071,-0.9020264819345312,-0.5697851249800474,-0.6105473279621053,-0.5953902975837734,-0.47518638303312627,-0.5467779644654083,-0.5942626896074702,-0.5909789921921039,-0.6012228953766866,-0.5739678011967634,-0.5605185052891073,-0.6141692174667837,-0.5964691907803005,-0.6112128208915373,-0.6083504352164388,-0.574866419292662,-0.5975538067577056,-0.5439964798834797,-0.6022253381504133,-0.5914993681011205,-0.6004970801685908,-0.6065340177208813,-0.6146373031473858,-0.6070755360429673,-0.5915743432029963,-0.5953818672725669,-0.6082566836499236,-0.593365728303644,-0.5874281072815738,-0.6069173070742229,-0.596338244332141,-0.6776975544239523,-0.5751033927389124,-0.5708368505857304,-0.5757791528379893,-0.5911423207903128,-0.5962297954262357,-0.5920291093569928,-0.5746811414293705,-0.5703029057110264,-0.6056346160089184,-0.5888077826650844,-0.5974157761587262,-0.11066426808372769,-0.6075067738102162,-0.569734395406744,-0.6022627898038543
475,1519071530,-0.5855716619776544,-0.6141022163326901,-0.5911086340875643,-0.6018546413238941,-0.5898463148098575,-0.602887928370013,-0.5843471240317106,-0.5950742619396772,-0.5719864898133306,-0.5690450557829293,-0.6093050469377795,-0.5836734537520595,-0.5830790927108608,-0.5844596105134858,-0.5913154936407742,-0.5802787952854562,-0.5840497485080717,-0.5599117554781494,-0.6087960092057388,-0.573525751496657,-0.5876348990758402,-0.5911661484903725,-0.17069114333744284,-0.5850129043081504,-0.5958257193979171,-0.5746682751461097,-0.5958974967121319,-0.5610221553775856,-0.5846190229259474,-0.6135960919514103,-0.6069961955728864,-0.6065417677369256,-0.5748901120711064,0.9572139152313165,-0.5452910159534679,-0.6065411687407344,-0.568009970969997,-0.6109352607097244,-0.5991416774037452,-0.5604023391678467,-0.5567771649665584,-0.5727387586111539,-0.590985703429125,-0.5584928051257628,-0.042223416015498456,-0.59545790770961,-0.5590430771643674,-0.5588009609980601,-0.5860985671599444,-0.5520268551093576,-0.5597365149312407,-0.5747928913386864,-0.556016863953567,-0.6111573483108768,-0.5598710598225725,-0.5750846684584521,-0.6097248997342656,-0.5808039089500594,-0.6065138447510546,-0.5715437374309451,-0.5933428101626013,-0.5961132050620779,-0.5830334806021881,0.6499771380362229,-0.607362284268712,-0.6040886863979168,-0.5921728171944399,-0.6076891991746644,-0.6107869581704803,-0.5950874516250474,-0.6117904513722757,-0.5522042832340285,-0.603906931560779,-0.5748362661996914,-0.5709310668198256,-0.5710012589268815,-0.5806213190893574,-0.5447475387236997,-0.6143575780182177,-0.6083861261249198,-0.5614631798934889,-0.593986405834079,-0.5751048593021071,-0.9020264819345312,-0.5697851249800474,-0.6105473279621053,-0.5953902975837734,-0.47518638303312627,-0.5467779644654083,-0.5942626896074702,-0.5909789921921039,-0.6000982210500824,-0.5726997867020575,-0.5605185052891073,-0.6141692174667837,-0.5964691907803005,-0.6112128208915373,-0.6083504352164388,-0.574866419292662,-0.5975538067577056,-0.5439964798834797,-0.6005394876732439,-0.5914993681011205,-0.599373573585766,-0.6065340177208813,-0.6146373031473858,-0.6070755360429673,-0.5908241639746789,-0.5953818672725669,-0.6082566836499236,-0.593365728303644,-0.5874281072815738,-0.6069173070742229,-0.596338244332141,-0.6776975544239523,-0.5745517701327686,-0.5708368505857304,-0.5738770452788798,-0.5911423207903128,-0.5950701958083672,-0.5920291093569928,-0.5734112144630128,-0.5703029057110264,-0.6056346160089184,-0.5888077826650844,-0.5974157761587262,-0.11066426808372769,-0.6068834340107048,-0.569734395406744,-0.6005755283055968
476,1519071536,-0.5841768756215885,-0.6111985319029315,-0.5891284917523195,-0.5996065861113293,-0.5880739576791246,-0.6021717898482201,-0.5829514155692576,-0.5933465793524745,-0.5699206473044508,-0.5678328890243397,-0.6081254702350064,-0.5810611168432697,-0.5809246935163219,-0.5830640656817369,-0.5893360970064915,-0.578370112300193,-0.5827023504306263,-0.5569257988231245,-0.6060238650726053,-0.5716203626925568,-0.585537229336027,-0.5891896534930109,-0.17069114333744284,-0.5830960488506228,-0.5938446391763772,-0.5722644703271891,-0.5934200174986503,-0.559631642479749,-0.5832249400604957,-0.6106207278355216,-0.605126041662607,-0.6053650998658104,-0.5715771267766374,0.6238735188551541,-0.5426300885259474,-0.6045065707902529,-0.5661887286016679,-0.6095968874996388,-0.5962029603065186,-0.5589085312312654,-0.5567771649665584,-0.5703406802941914,-0.590234439274662,-0.557745151362522,-0.042223416015498456,-0.5931401376145179,-0.5554626169750021,-0.5564159318595515,-0.5835751169471297,-0.5492378216919874,-0.5573468821771541,-0.5725935028771351,-0.5546318350598667,-0.609821873990109,-0.5584769566459523,-0.5728784500089565,-0.607215799775089,-0.5785955042513888,-0.6049731696877456,-0.5684015122494895,-0.5914783471960966,-0.5943760417356254,-0.5811210971238796,0.6362675169892843,-0.6056012807133694,-0.6020510070163996,-0.5906708582962099,-0.6039438827334004,-0.6087781106828857,-0.5933635525356947,-0.6097254365061245,-0.5507194075139297,-0.6019048285962751,-0.5720770011570411,-0.5679081742913628,-0.5678623261959165,-0.5784180842794964,-0.543150858074021,-0.6129282013872192,-0.6066476416554203,-0.5600707386954394,-0.5922123845303385,-0.5733029624173189,-0.9017837712807728,-0.5666492712861444,-0.6081852607096077,-0.5936641759021151,-0.47516892732681215,-0.5441235734681488,-0.5942626896074702,-0.5894802305352289,-0.5972865352335718,-0.5688957432179398,-0.5590242546718098,-0.6134561482832833,-0.5935662561068856,-0.609665056093775,-0.6063124103078411,-0.5726668884867938,-0.5956827604849961,-0.5418651133368658,-0.5971677867189049,-0.5895212703660483,-0.5960030538372917,-0.6042782122208572,-0.6124942813087456,-0.6052040950169522,-0.5900739847463614,-0.5936556166339235,-0.6059976379917862,-0.5914998794762452,-0.5848068110654131,-0.6053790102067964,-0.5943583200850393,-0.677379376014176,-0.5712420344959056,-0.5671755555598135,-0.5700728301606607,-0.5893717795335434,-0.5933307963815643,-0.5902591389360734,-0.5702363970471184,-0.569377956502613,-0.6036004313957527,-0.5882524086579787,-0.5955497711936841,-0.11066426808372769,-0.6031433952136358,-0.5667048438152569,-0.5983258463079202
477,1519071541,-0.5813873029094567,-0.6077141105872212,-0.58516820708183,-0.5962345032924822,-0.5839384577074147,-0.5985910972392555,-0.5801599986443514,-0.5898912141780691,-0.5671661906259445,-0.5654085555071605,-0.6045867401266868,-0.577926312552722,-0.5782860723874333,-0.5802729760182387,-0.5843876054207846,-0.5758252016531753,-0.5793338552370129,-0.5545370334991045,-0.6021428632862184,-0.5690798442870899,-0.5823907247263075,-0.5847425397489471,-0.17069114333744284,-0.5799012897547434,-0.5898824787332975,-0.5692597143035382,-0.5894560507570797,-0.5554601037862389,-0.5804367743295924,-0.6076453637196327,-0.6007623492052881,-0.6012467623169077,-0.5677119772664236,0.6794302515845145,-0.5399691610984271,-0.60043737488929,-0.5631533246544529,-0.6069201410794677,-0.5922846708435499,-0.5566678193263933,-0.5567771649665584,-0.5673430823979881,-0.5872293826568099,-0.5555021900727996,-0.042223416015498456,-0.5896634824718796,-0.5536723868803195,-0.5522421308671616,-0.5797899416279078,-0.5464112644097523,-0.5537624330460242,-0.5681947259540324,-0.5511692628256158,-0.6071509253485737,-0.5556887502927119,-0.5684660131099654,-0.6032012398404064,-0.5741786948540476,-0.6008647028522552,-0.565259287068034,-0.5877494212630872,-0.5909017150827205,-0.5779337913266986,0.6328401117275496,-0.60149227241757,-0.5974662284079859,-0.5884179199488647,-0.6008227856990138,-0.6060996473660929,-0.5887664882974208,-0.6066279142068979,-0.547749656073732,-0.5974000969261415,-0.5676621770888006,-0.5654898602685925,-0.5652465489201123,-0.5740116146597742,-0.5404897236578896,-0.6107841364407215,-0.6020116830700881,-0.5572858562993405,-0.5886643419228575,-0.5702998009426721,-0.901443976365511,-0.5635134175922414,-0.6052326766439855,-0.5896365586449124,-0.4751456530517266,-0.5414691824708894,-0.5942626896074702,-0.5872320880499163,-0.5944748494170612,-0.566993721475881,-0.5545415028199175,-0.6106038715492821,-0.5913890551018246,-0.6060536048989964,-0.6022363604906456,-0.5688177095765244,-0.5919406679395772,-0.5392009051535985,-0.5943580359236225,-0.585070550462136,-0.5937560406716421,-0.6003305525958148,-0.6096369188572253,-0.6014612129649218,-0.5870732678330915,-0.5884768647179935,-0.6026090695045802,-0.5883901314305804,-0.5816612556060203,-0.6012768852269924,-0.5903984715908358,-0.6767430191946235,-0.566829053646755,-0.5650833869735752,-0.5675366867485147,-0.5852405166010812,-0.5898519975279586,-0.5867191980942346,-0.5676965431144029,-0.5675280580857862,-0.5990235160161299,-0.5860309126295556,-0.5918177612636001,-0.11066426808372769,-0.5987800166170553,-0.564281202542067,-0.5955137438108244
478,1519071547,-0.578597730197325,-0.6059718999293661,-0.5831880647465854,-0.5928624204736351,-0.5821661005766818,-0.5971588201956696,-0.5780664359506718,-0.5881635315908665,-0.5657889622866914,-0.563590305369276,-0.6016377983697537,-0.5758364430256901,-0.5755438743741921,-0.5781796587706152,-0.5819133596279311,-0.5726440633444032,-0.5779864571595674,-0.5515510768440796,-0.5982618614998314,-0.5659041962802563,-0.5797686375515411,-0.5827660447515854,-0.08572961197044983,-0.57734548247804,-0.5879013985117577,-0.5668559094846175,-0.5874740673862945,-0.5540695908884022,-0.5790426914641407,-0.6056617876423736,-0.5970220413847291,-0.5994817605102349,-0.5643989919719546,0.8461004497725957,-0.5383726046419148,-0.5973854779635679,-0.5619391630755669,-0.6055817678693821,-0.5898357399291944,-0.5514394915483587,-0.5567771649665584,-0.5655445236602663,-0.5849755901934207,-0.5540068825463179,-0.042223416015498456,-0.5879251549005604,-0.5518821567856368,-0.5504533590132802,-0.5760047663086858,-0.5435818206763736,-0.5519702084804594,-0.5648956432617055,-0.5497842339319156,-0.6051477138674223,-0.5542946471160917,-0.5651566854357221,-0.6011939598730652,-0.5708660878060416,-0.59881046943451,-0.5631644702803968,-0.5846419829855795,-0.589164551756268,-0.5747464855295178,0.6362675169892843,-0.5997312688622273,-0.5954285490264688,-0.5854140021524045,-0.5977016886646273,-0.6040907998784983,-0.5870425892080682,-0.6050791530572845,-0.5462647803536331,-0.5953979939616377,-0.5643510590376203,-0.5642807032572074,-0.5626307716443081,-0.5707067624449828,-0.5388930430082107,-0.609354759809723,-0.6002731986005886,-0.5531085327051919,-0.5857076397499568,-0.5672966394680251,-0.9012012657117526,-0.5614228484629727,-0.6040516430177367,-0.5867596891754818,-0.4751311066297982,-0.5398765478725338,-0.5942626896074702,-0.5857333263930413,-0.5922255007638527,-0.5650916997338221,-0.5530472522026201,-0.6084646639987812,-0.5899375877651173,-0.603473996902726,-0.5996888293548983,-0.5660682960691892,-0.5888222574850615,-0.5376023802436382,-0.59154828512834,-0.5825979282932957,-0.5915090275059927,-0.5963828929707725,-0.607493897018585,-0.5977183309128915,-0.5848227301481392,-0.5861751971998024,-0.599220501017374,-0.5859023329940486,-0.5790399593898596,-0.5992258227370904,-0.588418547343734,-0.6762657515799592,-0.5640709406160358,-0.562991218387337,-0.5650005433363686,-0.5834699753443118,-0.5881125981011558,-0.5837692473927022,-0.5657916526648662,-0.5661406342731662,-0.5969893314029642,-0.5849201646153441,-0.58870775298853,-0.11066426808372769,-0.5969099972185208,-0.5630693819054722,-0.5927016413137287
479,1519071553,-0.5772029438412591,-0.6042296892715109,-0.5802178512437183,-0.5900523514579292,-0.5803937434459491,-0.5957265431520837,-0.5759728732569921,-0.5847081664164612,-0.5644117339474383,-0.5611659718520968,-0.5998684333155939,-0.5727016387351425,-0.5729389157327183,-0.5767841139388661,-0.5799339629936484,-0.5700991526973855,-0.5766390590821221,-0.5497595028510647,-0.5960441461933246,-0.5639988074761562,-0.5760977155068682,-0.5802954260048834,-0.17069114333744284,-0.5754286270205123,-0.5859203182902178,-0.5644521046656968,-0.5854920840155091,-0.5526790779905656,-0.5762545257332373,-0.6041741055844292,-0.5951518874744497,-0.5965400908324472,-0.5616381708932304,0.8461004497725957,-0.5362438626998984,-0.594842230525466,-0.5589037591283519,-0.6035742080542538,-0.58787659519771,-0.5506925875800681,-0.5567771649665584,-0.5631464453433037,-0.5834730618844947,-0.5502686137301139,-0.042223416015498456,-0.5861868273292413,-0.54949518332606,-0.5480683298747717,-0.5741121786490748,-0.5407696956498558,-0.5501779839148945,-0.5626962548001543,-0.5483992050382152,-0.6038122395466545,-0.5515064407628513,-0.5623989123738526,-0.5991866799057239,-0.5681055819327034,-0.5962426776623284,-0.5610696534927598,-0.5827775200190747,-0.5868483339876647,-0.5715591797323369,0.6294127064658149,-0.5973832641217705,-0.5933908696449516,-0.5839120432541743,-0.5945805916302407,-0.602751568220102,-0.5847440570889312,-0.6024978844745956,-0.5447799046335343,-0.5933958909971339,-0.5621436470035,-0.5612578107287444,-0.5605381498236647,-0.5674019102301912,-0.5362319085920794,-0.6072106948632253,-0.5985347141310889,-0.5517160915071424,-0.5839336184462163,-0.5636928456984488,-0.9009100129272426,-0.558809637051387,-0.6010990589521146,-0.5850335674938235,-0.47511656020786974,-0.5372221568752744,-0.5942626896074702,-0.5827358030792912,-0.5899761521106442,-0.5625556707444104,-0.5523001268939713,-0.6070385256317805,-0.5892118540967636,-0.6014103105057096,-0.5976508044463005,-0.5633188825618539,-0.5857038470305457,-0.5349381720603709,-0.589300484492114,-0.5806198305582235,-0.5887002610489307,-0.5935631360957423,-0.6060652157928249,-0.595223076211538,-0.5825721924631869,-0.584448946561159,-0.5969614553592366,-0.5827925849483839,-0.5758944039304668,-0.5966619946247129,-0.5859436420348568,-0.675947573170183,-0.5618644501914605,-0.5603760076545392,-0.563098435777259,-0.5816994340875423,-0.5863731986743529,-0.5808192966911697,-0.5638867622153295,-0.5642907358563394,-0.5949551467897986,-0.5826986685869211,-0.5849757430584459,-0.11066426808372769,-0.5950399778199863,-0.5612516509505799,-0.5904519593160521
480,1519071558,-0.5751107643071603,-0.601906741727704,-0.5782377089084735,-0.5878042962453645,-0.5786213863152162,-0.593578127586705,-0.5745771647945389,-0.5829804838292586,-0.5623458914385586,-0.5587416383349176,-0.5986888566128208,-0.5690443670628367,-0.570284758071177,-0.5746907966912426,-0.5779545663593656,-0.5681904697121223,-0.574617961965954,-0.5467735461960397,-0.5938264308868177,-0.5614582890706893,-0.5740000457670551,-0.5783189310075216,-0.17069114333744284,-0.5709559642862813,-0.583939238068678,-0.5626492510515063,-0.5835101006447239,-0.5505933086438106,-0.5741634014350598,-0.6026864235264848,-0.5932817335641701,-0.5947750890257746,-0.5594295140302511,0.45720332066707287,-0.5341151207578821,-0.5928076325749846,-0.5564754359705799,-0.6015666482391254,-0.5859174504662256,-0.5491987796434867,-0.5567771649665584,-0.5589498082886193,-0.5812192694211056,-0.5487733062036323,-0.042223416015498456,-0.5844484997579221,-0.5465114665015889,-0.5456833007362631,-0.5722195909894638,-0.5379287061119034,-0.5465935347837647,-0.5593971721078272,-0.5456291472508146,-0.6018090280655031,-0.550112337586231,-0.5601926939243571,-0.5966775799465474,-0.5658971772340329,-0.5947020025990195,-0.557403724114395,-0.5790485940860653,-0.5839530617769105,-0.5696467962540284,0.5334453591372444,-0.5962092617515421,-0.5913531902634345,-0.5816591049068291,-0.5927079334096087,-0.6014123365617056,-0.5830201579995785,-0.6009491233249823,-0.5418101531933367,-0.59139378803263,-0.5599362349693797,-0.5594440752116666,-0.5573992170926997,-0.5646478667178648,-0.5341030010591743,-0.6050666299167275,-0.5967962296615894,-0.5503236503090929,-0.5821595971424758,-0.5618909488136606,-0.9006673022734841,-0.555673783357484,-0.5999180253258657,-0.5833074458121652,-0.475104923070327,-0.5356295222769187,-0.5942626896074702,-0.5804876605939787,-0.5866021291308315,-0.5600196417549985,-0.5500587509680253,-0.6048993180812796,-0.5863089194233488,-0.5998625457079474,-0.5951032733105532,-0.5611193517559857,-0.5838328007578363,-0.532806805513757,-0.5859287835377751,-0.5786417328231515,-0.5853297413004563,-0.5913073305957182,-0.6053508751799448,-0.5933516351855229,-0.581071834006552,-0.5827226959225157,-0.5930081254574961,-0.5809267361209851,-0.5737973669575382,-0.5951236977572864,-0.5834687367259797,-0.6754703055555186,-0.559657959766885,-0.5572377547751818,-0.5599282565120764,-0.5781583515740033,-0.5846337992475501,-0.5790493262702503,-0.5607119447994351,-0.563365786647926,-0.59190386987005,-0.5815879205727096,-0.5824877364383898,-0.11066426808372769,-0.5931699584214518,-0.5588280096773901,-0.5870774363195372
481,1519071564,-0.5730185847730614,-0.5995837941838972,-0.5762575665732288,-0.5855562410327997,-0.5768490291844833,-0.592861989064912,-0.5724836021008592,-0.5812528012420559,-0.5602800489296789,-0.5563173048177384,-0.5975092799100475,-0.566954497535805,-0.5680811598565704,-0.5732952518594935,-0.5759751697250829,-0.566281786726859,-0.5732705638885086,-0.5449819722030247,-0.591608715580311,-0.5582826410638556,-0.571902376027242,-0.57634243601016,-0.17069114333744284,-0.5690391088287536,-0.5814628877917533,-0.5596444950278554,-0.580537125588546,-0.549202795745974,-0.5727693185696081,-0.6002069534299108,-0.5914115796538907,-0.5935984211546596,-0.556668692951527,0.6238735188551541,-0.5319863788158657,-0.5907730346245031,-0.5552612743916939,-0.6002282750290399,-0.5834685195518702,-0.5477049717069055,-0.5567771649665584,-0.5571512495508973,-0.5797167411121794,-0.5480256524403915,-0.042223416015498456,-0.5809718446152838,-0.5441244930420119,-0.5438945288823818,-0.5703270033298529,-0.5351548265630364,-0.5448013102181998,-0.557197783646276,-0.5442441183571143,-0.6004735537447354,-0.5487182344096109,-0.5579864754748616,-0.5941684799873708,-0.5631366713606946,-0.5931613275357106,-0.5553089073267579,-0.5771841311195607,-0.5822158984504581,-0.5677344127757199,0.6362675169892843,-0.5938612570110853,-0.5893155108819172,-0.579406166559484,-0.5902110557820994,-0.599403489074111,-0.5812962589102258,-0.5983678547422934,-0.5403252774732378,-0.5893916850681262,-0.5577288229352595,-0.557630339694589,-0.5553065952720563,-0.5624446319080039,-0.5319740935262692,-0.6036372532857291,-0.5950577451920899,-0.5489312091110434,-0.5803855758387353,-0.5600890519288725,-0.9004245916197258,-0.5535832142282153,-0.597555958073368,-0.581581324130507,-0.47509037664839854,-0.5335060094791112,-0.5942626896074702,-0.5789888989371037,-0.5837904433143211,-0.5581176200129397,-0.5485645003507278,-0.6041862488977793,-0.5841317184182877,-0.5983147809101851,-0.5930652484019555,-0.5578200555471834,-0.5813380723942236,-0.5312082806037967,-0.5836809829015491,-0.5766636350880793,-0.5830827281348068,-0.589051525095694,-0.6032078533413046,-0.5914801941595077,-0.5795714755499172,-0.5809964452838723,-0.5907490797993588,-0.5784389376844533,-0.5711760707413776,-0.5930726352673844,-0.5814888124788778,-0.6749930379408543,-0.5574514693423097,-0.554622544042384,-0.5586601848060034,-0.5763878103172339,-0.582314600011813,-0.5772793558493309,-0.5581720908667195,-0.5624408374395126,-0.5898696852568842,-0.5804771725584981,-0.5806217314733477,-0.11066426808372769,-0.5912999390229173,-0.5564043684042004,-0.5842653338224414
482,1519071569,-0.5709264052389627,-0.597841583526042,-0.574277424237984,-0.5833081858202349,-0.573895100633262,-0.5914297120213262,-0.5710878936384062,-0.5795251186548532,-0.5582142064207992,-0.554499054679854,-0.5957399148558877,-0.5638196932452572,-0.5653752137528525,-0.5718997070277445,-0.5739957730908001,-0.5643731037415958,-0.5719231658110633,-0.5431903982100097,-0.5893910002738042,-0.5563772522597554,-0.569804706287429,-0.5743659410127983,-0.17069114333744284,-0.5664833015520501,-0.5794818075702134,-0.5572406902089347,-0.5785551422177607,-0.5471170263992189,-0.5713752357041565,-0.5987192713719665,-0.5895414257436112,-0.5924217532835444,-0.5544600360885477,0.5683167861257937,-0.5303898223593535,-0.5882297871864014,-0.5540471128128079,-0.5988899018189543,-0.5810195886375147,-0.5469580677386148,-0.5567771649665584,-0.5541536516546942,-0.5789654769577164,-0.5465303449139098,-0.042223416015498456,-0.5792335170439648,-0.5423342629473293,-0.5409132424592461,-0.5684344156702419,-0.5323196099273708,-0.5430090856526348,-0.5549983951847247,-0.5428590894634139,-0.5991380794239677,-0.5473241312329906,-0.5541255931882444,-0.5921612000200295,-0.560928266662024,-0.5916206524724017,-0.5532140905391209,-0.575319668153056,-0.5804787351240056,-0.5658220292974113,0.5951386538484683,-0.5915132522706285,-0.5867684116550208,-0.5771532282121388,-0.5883383975614676,-0.5980642574157147,-0.5795723598208731,-0.5963028398761422,-0.5395828396131884,-0.5873895821036224,-0.5555214109011393,-0.5558166041775112,-0.553213973451413,-0.5602413970981428,-0.5298451859933642,-0.6029225649702299,-0.5933192607225902,-0.5475387679129939,-0.5786115545349948,-0.5582871550440844,-0.9002304230967191,-0.5509700028166294,-0.5951938908208704,-0.5792798285549625,-0.47507873951085583,-0.5319133748807556,-0.5942626896074702,-0.5782395181086661,-0.5815410946611126,-0.5549475837761749,-0.5463231244247816,-0.6027601105307787,-0.5819545174132267,-0.5967670161124228,-0.5910272234933577,-0.5550706420398481,-0.5794670261215142,-0.5296097556938363,-0.5814331822653231,-0.5741910129192391,-0.5802739616777448,-0.5867957195956698,-0.6017791721155444,-0.5877373121074775,-0.5780711170932823,-0.579270194645229,-0.587925272726687,-0.5753291896387887,-0.5685547745252169,-0.5910215727774824,-0.5795088882317762,-0.674674859531078,-0.5546933563115906,-0.5525303754561457,-0.5561240413938574,-0.5746172690604644,-0.5805752005850101,-0.574919395288105,-0.5562672004171828,-0.5610534136268925,-0.5878355006437186,-0.5788110505371808,-0.5787557265083058,-0.11066426808372769,-0.5881832400253598,-0.5545866374493081,-0.5820156518247648
483,1519071575,-0.5695316188828967,-0.5960993728681868,-0.5718022463189282,-0.5810601306076703,-0.5709411720820405,-0.5892812964559475,-0.5696921851759531,-0.5772215418719164,-0.5568369780815461,-0.5532868879212645,-0.5945603381531145,-0.5612073563364673,-0.56272364551342,-0.5698063897801209,-0.5715215272979467,-0.5624644207563325,-0.5699020686948951,-0.5408016328859898,-0.5866188561406707,-0.5538367338542886,-0.5671826191126625,-0.5723894460154366,-0.17069114333744284,-0.5645664460945224,-0.5775007273486735,-0.5554378365947442,-0.5765731588469755,-0.5457265135013822,-0.5692841114059789,-0.5967356952947073,-0.586424502559812,-0.5906567514768718,-0.5522513792255683,0.7905437170432352,-0.5282610804173372,-0.58619518923592,-0.5522258704444789,-0.5975515286088687,-0.5790604439060303,-0.5454642598020334,-0.5567771649665584,-0.5517555733377316,-0.5767116844943273,-0.5450350373874283,-0.042223416015498456,-0.5774951894726456,-0.5405440328526466,-0.5391244706053647,-0.5659109654574273,-0.5295161442542833,-0.5412168610870699,-0.5527990067231734,-0.5407815461228634,-0.5978026051032,-0.5459300280563705,-0.5519193747387487,-0.5901539200526883,-0.5587198619633533,-0.5900799774090928,-0.5511192737514837,-0.5734552051865514,-0.5781625173554023,-0.5639096458191029,0.619130490680611,-0.5903392499004,-0.5842213124281244,-0.5764022487630237,-0.5864657393408356,-0.5967250257573182,-0.5778484607315204,-0.5947540787265289,-0.5373555260330402,-0.5848869533979926,-0.5522102928499588,-0.554607447166126,-0.5505981961756088,-0.5580381622882817,-0.5282485053436854,-0.6014931883392315,-0.5910012814299241,-0.5461463267149445,-0.5744721714929336,-0.5558846258643668,-0.8997450017892022,-0.5488794336873608,-0.5940128571946215,-0.5769783329794181,-0.47506710237331307,-0.5303207402824,-0.5942626896074702,-0.5759913756233536,-0.5781670716812999,-0.5524115547867632,-0.5448288738074842,-0.601333972163778,-0.581228783744873,-0.5952192513146606,-0.587970186130461,-0.5528711112339799,-0.5775959798488047,-0.5280112307838759,-0.5774995311519278,-0.5717183907503989,-0.5769034419292706,-0.5845399140956457,-0.6003504908897843,-0.5858658710814624,-0.5765707586366473,-0.5763931102474901,-0.5856662270685496,-0.5734633408113897,-0.5664577375522883,-0.5894832759100559,-0.577033982922899,-0.6741975919164137,-0.5524868658870152,-0.5504382068699075,-0.5523198262756382,-0.5728467278036949,-0.5788358011582073,-0.5731494248671856,-0.5530923830012884,-0.5573536167932389,-0.5858013160305529,-0.5760341805016521,-0.5768897215432637,-0.11066426808372769,-0.5863132206268253,-0.5527689064944158,-0.5786411288282499
484,1519071581,-0.5660446529927321,-0.5926149515524766,-0.5673469260646274,-0.5754399925762583,-0.5673964578205749,-0.5864167423687758,-0.5655050597885938,-0.5726143883060426,-0.5540825214030398,-0.5496503876454956,-0.5904318196934083,-0.5570276172824038,-0.5602844098869108,-0.5670153001166228,-0.5675627340293812,-0.5567383718005428,-0.5672072725400044,-0.5378156762309648,-0.582183425527657,-0.5519313450501885,-0.5629872796330364,-0.5679423322713728,-0.17069114333744284,-0.5607327351794672,-0.5735385669055939,-0.5518321293663632,-0.5726091921054048,-0.5429454877057089,-0.5664959456750756,-0.5937603311788185,-0.582684194739253,-0.5871267478635265,-0.5478340654996097,-0.0983640066265311,-0.5250679675043127,-0.5816173438473367,-0.5485833857078208,-0.5942055955836548,-0.5751421544430615,-0.5417297399605802,-0.5567771649665584,-0.5481584558622878,-0.5737066278764751,-0.5412967685712242,-0.042223416015498456,-0.5740185343300073,-0.5375603160281756,-0.5367394414668561,-0.5621257901382053,-0.5266888653592623,-0.5382298201444617,-0.5484002298000709,-0.5380114883354629,-0.5951316564616648,-0.54244477011482,-0.5469553832273838,-0.5861393601180057,-0.5537509513913446,-0.5864850689280385,-0.5474533443731189,-0.569726279253542,-0.5741091362603464,-0.5588099565436134,0.4306232012852047,-0.5862302416046006,-0.58014595366509,-0.5726473515174485,-0.5827204228995717,-0.5940465624405254,-0.5732513964932465,-0.5911403027107643,-0.5343857745928424,-0.5803822217278589,-0.5477954687817184,-0.5515845546376631,-0.5469361079894829,-0.5530808839660943,-0.5245229171611014,-0.5979197467617353,-0.586365322844592,-0.5426652237198207,-0.5709241288854526,-0.5522808320947906,-0.8993566647431888,-0.5457435799934579,-0.5898792395027506,-0.5735260896161015,-0.47504382809822754,-0.5271354710856887,-0.5942626896074702,-0.5737432331380411,-0.5753553858647893,-0.5505095330447043,-0.542587497881538,-0.5991947646132771,-0.5783258490714582,-0.5916078001198819,-0.5838941363132655,-0.5479221669207763,-0.5726065231215796,-0.5242813393273017,-0.5746897803566453,-0.5677621952802546,-0.574656428763621,-0.5794643517205912,-0.5982074690511441,-0.5814991753540937,-0.5720696832667427,-0.5729406089702034,-0.5811481357522749,-0.5691096935474592,-0.5622636636064312,-0.5858939165527274,-0.57257915336692,-0.6735612350968612,-0.5480738850378646,-0.5472999539905501,-0.5497836828634922,-0.5687154648712328,-0.5753570023046016,-0.5684295037447338,-0.5505525290685729,-0.5550412437722054,-0.5812244006509301,-0.5732573104661234,-0.5719137083031515,-0.11066426808372769,-0.5825731818297564,-0.5497393549029286,-0.5763914468305733
485,1519071586,-0.5639524734586332,-0.5897112671227179,-0.5653667837293828,-0.5731919373636937,-0.565624100689842,-0.5857006038469829,-0.5641093513261407,-0.57088670571884,-0.5527052930637867,-0.5472260541283164,-0.5880726662878619,-0.554937747755372,-0.5582801971746834,-0.5656197552848737,-0.5655833373950984,-0.5548296888152795,-0.565859874462559,-0.5348297195759398,-0.5799657102211502,-0.5487556970433548,-0.5608896098932233,-0.5659658372740112,-0.17069114333744284,-0.556899024264412,-0.5710622166286691,-0.5500292757521726,-0.5701317128919232,-0.5415549748078723,-0.5644048213768981,-0.5922726491208742,-0.5808140408289736,-0.5847734121212963,-0.5456254086366303,-0.5983746011907747,-0.5234714110478004,-0.5795827458968552,-0.5467621433394919,-0.5928672223735693,-0.572693223528706,-0.5409828359922895,-0.5567771649665584,-0.5463598971245659,-0.5729553637220121,-0.5405491148079834,-0.042223416015498456,-0.5717007642349151,-0.5351733425685987,-0.5337581550437205,-0.5602332024785943,-0.523922201938254,-0.5340479628248104,-0.5456509942231317,-0.5366264594417625,-0.5931284449805132,-0.5410506669381997,-0.5447491647778883,-0.5836302601588291,-0.5515425466926739,-0.5844308355102934,-0.5432637107978447,-0.5666188409760342,-0.5712138640495923,-0.5562601119058688,0.39292174340612346,-0.5850562392343721,-0.5781082742835728,-0.5703944131701033,-0.5808477646789397,-0.5927073307821291,-0.5715274974038939,-0.589591541561151,-0.5336433367327931,-0.578380118763355,-0.5455880567475981,-0.5497708191205853,-0.5437971752585179,-0.5508776491562334,-0.5223940096281964,-0.5964903701307368,-0.5846268383750924,-0.5412727825217711,-0.5691501075817123,-0.5504789352100025,-0.8991624962201821,-0.5426077262995549,-0.5886982058765018,-0.5717999679344432,-0.47503219096068483,-0.5250119582878812,-0.5942626896074702,-0.5714950906527285,-0.5719813628849766,-0.5473394968079396,-0.5410932472642406,-0.5970555570627762,-0.5776001154031045,-0.5895441137228656,-0.5818561114046676,-0.5457226361149081,-0.57073547684887,-0.5226828144173413,-0.5707561292432498,-0.5657840975451824,-0.5712859090151466,-0.576644594845561,-0.5967787878253838,-0.5796277343280786,-0.5713195040384252,-0.57121435833156,-0.5777595672650687,-0.5672438447200603,-0.5601666266335027,-0.5843556196853008,-0.5701042480580428,-0.673243056687085,-0.5453157720071454,-0.5441617011111928,-0.5466135035983096,-0.565764562776617,-0.5724580032599302,-0.5666595333238142,-0.5480126751358573,-0.5541162945637921,-0.5786816698844729,-0.5721465624519119,-0.5700477033381095,-0.11066426808372769,-0.5800798226317104,-0.5485275342663337,-0.5730169238340583
486,1519071592,-0.5625576871025674,-0.5868075826929593,-0.5633866413941381,-0.5709438821511289,-0.5638517435591092,-0.584268326803397,-0.5627136428636876,-0.5691590231316374,-0.5499508363852803,-0.5460138873697268,-0.5874828779364752,-0.553892812991856,-0.5556338077794685,-0.5642242104531248,-0.5636039407608157,-0.5529210058300162,-0.5645124763851136,-0.5336353369139298,-0.5771935660880166,-0.5468503082392546,-0.5598407750233168,-0.5639893422766494,-0.17069114333744284,-0.5549821688068843,-0.5685858663517442,-0.5488273733427123,-0.568149729521138,-0.5401644619100355,-0.5630107385114465,-0.5907849670629298,-0.5789438869186941,-0.5835967442501812,-0.543416751773651,0.6238735188551541,-0.5218748545912881,-0.5775481479463738,-0.5461550625500489,-0.5915288491634837,-0.5707340787972216,-0.5394890280557081,-0.5567771649665584,-0.5451608579660846,-0.571452835413086,-0.5390538072815019,-0.042223416015498456,-0.569962436663596,-0.533383112473916,-0.5331618977590934,-0.557078889712576,-0.5211093552989503,-0.532853146447767,-0.5434516057615804,-0.5352414305480622,-0.5917929706597456,-0.5396565637615796,-0.5425429463283927,-0.5811211601996525,-0.5493341419940033,-0.5834037188014207,-0.5422163024040262,-0.5647543780095295,-0.5694767007231398,-0.5543477284275602,0.6602593538214269,-0.5838822368641438,-0.5760705949020557,-0.5696434337209882,-0.5789751064583077,-0.5913680991237327,-0.5698035983145412,-0.5885590341280754,-0.5321584610126942,-0.5758774900577253,-0.5433806447134778,-0.5473525050978151,-0.5422277088930353,-0.5486744143463723,-0.5213295558617439,-0.5957756818152375,-0.5823088590824264,-0.5398803413237216,-0.5673760862779718,-0.5492776706201437,-0.8990654119586787,-0.5415624417349205,-0.5875171722502529,-0.570073846252785,-0.4750176445387564,-0.5234193236895255,-0.5942626896074702,-0.5699963289958535,-0.5702943513950702,-0.5454374750658807,-0.5395989966469431,-0.5956294186957756,-0.5746971807296898,-0.5885122705243574,-0.5798180864960699,-0.5435231053090399,-0.5688644305761607,-0.5216171311440344,-0.5696322289251369,-0.5638059998101103,-0.5696006491409095,-0.5743887893455368,-0.5960644472125038,-0.5777562933020634,-0.5698191455817904,-0.5694881076929167,-0.5755005216069313,-0.5653779958926615,-0.5591181081470384,-0.5833300884403498,-0.568124323810941,-0.6729248782773087,-0.54310928158257,-0.542592574671514,-0.5459794677452732,-0.5639940215198476,-0.570138804024193,-0.5648895629028948,-0.5461077846863207,-0.5531913453553787,-0.5766474852713072,-0.571591188444806,-0.5681816983730674,-0.11066426808372769,-0.578209803233176,-0.5467098033114415,-0.571329662335801
487,1519071597,-0.5611629007465014,-0.5850653720351042,-0.5614064990588933,-0.5686958269385641,-0.5620793864283764,-0.5828360497598112,-0.5613179344012345,-0.5674313405444347,-0.5485736080460272,-0.5441956372318424,-0.5857135128823154,-0.5502355413195503,-0.55290714629888,-0.5621308932055011,-0.5611296949679622,-0.551012322844753,-0.5631650783076683,-0.531843762920915,-0.5749758507815098,-0.5449449194351546,-0.5566942704135971,-0.5615187235299474,-0.17069114333744284,-0.5530653133493567,-0.5666047861302045,-0.5452216661143312,-0.5656722503076563,-0.5380786925632806,-0.5616166556459947,-0.5873137089277263,-0.5770737330084146,-0.581243408507951,-0.5406559306949268,0.7349869843138749,-0.5197461126492718,-0.5755135499958923,-0.5443338201817198,-0.5901904759533981,-0.567795361699995,-0.5379952201191268,-0.5567771649665584,-0.5415637404906408,-0.5691990429496968,-0.5375584997550202,-0.042223416015498456,-0.5670652240447307,-0.5315928823792334,-0.5301806113359577,-0.555186302052965,-0.5182813547911433,-0.5310609218822021,-0.5412522173000291,-0.5338564016543619,-0.5897897591785941,-0.5382624605849593,-0.5403367278788972,-0.5791138802323114,-0.546573636120665,-0.5808359270292393,-0.5401214856163892,-0.5628899150430249,-0.5671604829545366,-0.5524353449492516,0.6499771380362229,-0.5821212333088012,-0.5740329155205385,-0.5681414748227581,-0.5758540094239212,-0.5893592516361381,-0.5675050661954042,-0.5859777655453865,-0.5306735852925953,-0.5738753870932215,-0.5411732326793576,-0.5455387695807373,-0.540135087072392,-0.5464711795365113,-0.5192006483288387,-0.5943463051842391,-0.5805703746129267,-0.5384879001256722,-0.5656020649742313,-0.5468751414404261,-0.8987256170434169,-0.5389492303233347,-0.5845645881846308,-0.5683477245711267,-0.47500309811682795,-0.5212958108917181,-0.5942626896074702,-0.5684975673389785,-0.5674826655785598,-0.542267438829116,-0.537357620720997,-0.594203280328775,-0.5732457133929824,-0.586448584127341,-0.5777800615874721,-0.5413235745031717,-0.566369702212548,-0.5194857645974206,-0.5668224781298544,-0.5618279020750381,-0.5667918826838476,-0.5721329838455127,-0.5932070847609835,-0.5758848522760482,-0.5683187871251555,-0.5671864401747255,-0.5732414759487939,-0.5635121470652626,-0.5554482934444135,-0.5812790259504479,-0.5656494185020638,-0.6726066998675325,-0.5403511685518508,-0.5405004060852758,-0.5428092884800906,-0.562223480263078,-0.5683994045973902,-0.5631195924819754,-0.5435679307536051,-0.5522663961469653,-0.5746133006581415,-0.5704804404305945,-0.5663156934080253,-0.11066426808372769,-0.5750931042356184,-0.5442861620382516,-0.5690799803381243
488,1519071603,-0.5597681143904356,-0.583323161377249,-0.5589313211398373,-0.5664477717259995,-0.5597162435873992,-0.5806876341944324,-0.5599222259387814,-0.5651277637614979,-0.5465077655371475,-0.5429834704732528,-0.5839441478281556,-0.5481456717925185,-0.550247809793121,-0.5600375759578776,-0.5586554491751088,-0.5491036398594897,-0.5611439811915001,-0.52885780626589,-0.5722037066483763,-0.5417692714283209,-0.5540721832388308,-0.5590481047832453,-0.17069114333744284,-0.5511484578918291,-0.5641284358532797,-0.5434188125001407,-0.5636902669368711,-0.5366881796654439,-0.5602225727805431,-0.5858260268697819,-0.5733334251878557,-0.5800667406368358,-0.5378951096162026,0.7905437170432352,-0.5181495561927596,-0.5734789520454109,-0.5425125778133909,-0.5888521027433126,-0.5658362169685107,-0.5372483161508361,-0.5567771649665584,-0.5397651817529189,-0.5669452504863077,-0.5368108459917794,-0.042223416015498456,-0.5653268964734116,-0.5292059089196565,-0.5271993249128221,-0.5520319892869467,-0.515461292023981,-0.5286712891281156,-0.5390528288384778,-0.5317788583138114,-0.5884542848578264,-0.536868357408339,-0.5375789548170277,-0.5771066002649701,-0.5443652314219944,-0.5792952519659302,-0.5375029646318428,-0.5610254520765202,-0.565423319628084,-0.5505229614709432,0.6465497327744882,-0.5797732285683443,-0.571485816293642,-0.566639515924528,-0.5733571317964119,-0.5873504041485436,-0.5652065340762673,-0.5844290043957732,-0.5284462717124471,-0.5708722326464657,-0.5378621146281772,-0.5443296125693522,-0.5375193097965878,-0.5442679447266502,-0.51760396767916,-0.5929169285532406,-0.5776729004970942,-0.5370954589276227,-0.5638280436704908,-0.5438719799657792,-0.8985314485204102,-0.5358133766294317,-0.583383554558382,-0.5654708551016961,-0.4749914609792852,-0.5197031762933624,-0.5942626896074702,-0.5677481865105409,-0.5646709797620492,-0.5403654170870572,-0.5358633701036996,-0.5927771419617743,-0.5710685123879213,-0.5849008193295788,-0.5757420366788742,-0.5391240436973035,-0.5644986559398385,-0.5178872396874602,-0.5645746774936284,-0.5593552799061979,-0.5639831162267857,-0.5698771783454885,-0.5910640629223433,-0.5727657838993563,-0.567568607896838,-0.5643093557769866,-0.5709824302906565,-0.5616462982378638,-0.553351256471485,-0.5792279634605458,-0.5636694942549622,-0.6721294322528681,-0.5375930555211317,-0.537885195352478,-0.540907180920981,-0.5604529390063085,-0.5660802053616532,-0.561349622061056,-0.5403931133377107,-0.5513414469385519,-0.5725791160449758,-0.569369692416383,-0.5644496884429833,-0.11066426808372769,-0.5725997450375725,-0.5430743414016568,-0.5657054573416094
489,1519071609,-0.5576759348563367,-0.5815809507193939,-0.5559611076369703,-0.5636377027102935,-0.5579438864566664,-0.5792553571508465,-0.5578286632451017,-0.5616723985870925,-0.5451305371978944,-0.5411652203353684,-0.5809952060712227,-0.5460558022654867,-0.5475185588904238,-0.5586420311261285,-0.556676052540826,-0.5459225015507176,-0.5597965831140548,-0.52527465827986,-0.5699859913418694,-0.5385936234214873,-0.5519745134990177,-0.5570716097858835,-0.17069114333744284,-0.5492316024343015,-0.5621473556317398,-0.5416159588859502,-0.5617082835660858,-0.5352976667676073,-0.5581314484823655,-0.5843383448118374,-0.5714632712775761,-0.5783017388301632,-0.5356864527532232,0.901657182501956,-0.5165529997362474,-0.5709357046073091,-0.5412984162345048,-0.587513729533227,-0.5638770722370263,-0.5335137963093828,-0.5567771649665584,-0.537966623015197,-0.5654427221773817,-0.5353155384652978,-0.042223416015498456,-0.5635885689020924,-0.5256254487302913,-0.5242180384896864,-0.5501394016273358,-0.5126325699033882,-0.5256842481855074,-0.5363035932615386,-0.530393829420111,-0.5864510733766749,-0.5354742542317189,-0.5348211817551582,-0.5750993202976288,-0.5421568267233239,-0.5777545769026213,-0.5343607394503872,-0.5585395014545139,-0.5636861563016315,-0.5473356556737623,0.6362675169892843,-0.5785992261981159,-0.5694481369121249,-0.5643865775771828,-0.5714844735757799,-0.5860111724901471,-0.5634826349869145,-0.5828802432461598,-0.5269613959923483,-0.5688701296819618,-0.535654702594057,-0.5425158770522744,-0.5338572216104619,-0.5420647099167891,-0.5160072870294812,-0.5922022402377414,-0.5759344160275945,-0.5343105765315237,-0.5614626819321701,-0.542070083080991,-0.8983372799974034,-0.5326775229355287,-0.5822025209321331,-0.5625939856322657,-0.4749798238417424,-0.5181105416950067,-0.5942626896074702,-0.5647506631967909,-0.5612969567822365,-0.5371953808502924,-0.5351162447950508,-0.5906379344112734,-0.5703427787195676,-0.5823212113333084,-0.5731945055431271,-0.5363746301899682,-0.5626276096671291,-0.5162887147774998,-0.5606410263802329,-0.5568826577373577,-0.5606125964783113,-0.5670574214704582,-0.5896353816965831,-0.5702705291980028,-0.5645678909835682,-0.5625831051383433,-0.5687233846325191,-0.5585365501921992,-0.5512542194985564,-0.5776896665931194,-0.5616895700078604,-0.6718112538430919,-0.5353865650965564,-0.5342239003265611,-0.537102965802762,-0.5586823977495391,-0.5643408059348503,-0.5589896614998301,-0.5378532594049951,-0.5499540231259318,-0.5705449314318101,-0.5677035703950658,-0.5625836834779413,-0.11066426808372769,-0.570729725639038,-0.5418625207650619,-0.5623309343450945
490,1519071614,-0.554886362144205,-0.5775157925177319,-0.5515057873826696,-0.5574555508757405,-0.5543991721952007,-0.575674664541882,-0.554339392088969,-0.557641139216953,-0.5416874663497615,-0.5375287200595995,-0.5780462643142896,-0.5413535958296651,-0.5441833832142625,-0.5544553966308815,-0.5527172592722606,-0.5401964525949279,-0.5564280879204413,-0.5216915102938301,-0.5649961319022291,-0.5335125866105536,-0.5462059217145318,-0.5521303722924794,-0.17069114333744284,-0.5447589397000704,-0.5576899251332752,-0.537409300452839,-0.5577443168245153,-0.5318213845230155,-0.5546462413187364,-0.5813629806959487,-0.5670995788202573,-0.5747717352168179,-0.5312691390272646,-0.32059093754397266,-0.5128277013377187,-0.5668665087063463,-0.5364417699189609,-0.5828294232979275,-0.5599587827740575,-0.5297792764679295,-0.5567771649665584,-0.533170466381272,-0.5609351372506034,-0.530829615885853,-0.042223416015498456,-0.5601119137594541,-0.5214482451760317,-0.5200442374972964,-0.5463542263081138,-0.5090187330717738,-0.521502390865856,-0.5308051221076605,-0.5269312571858603,-0.5824446504143719,-0.5312919447018583,-0.5304087448561672,-0.570582940371111,-0.5366358149766474,-0.5741596684215672,-0.5296474016782038,-0.5529461125549999,-0.5590537207644249,-0.5435108887171451,0.3483654750035729,-0.5756642202725448,-0.5653727781490905,-0.5621336392298376,-0.5677391571345161,-0.5833327091733544,-0.5583109377188564,-0.5792664672303953,-0.5232492066921012,-0.5648659237529542,-0.5306880255172863,-0.5382838275124263,-0.5296719779691752,-0.5365566228921366,-0.5122816988468972,-0.5864847337137475,-0.5724574470885955,-0.5308294735364,-0.5579146393246891,-0.5366643924266267,-0.8979004008206384,-0.5279737423946743,-0.5780689032402622,-0.5591417422689491,-0.47495654956665695,-0.5138635160993917,-0.5942626896074702,-0.5617531398830409,-0.5567982594758195,-0.5333913373661747,-0.5313806182518073,-0.5863595193102716,-0.5667141103777992,-0.5792256817377838,-0.5691184557259314,-0.5319755685782318,-0.5576381529399038,-0.5120259816842722,-0.556145425107781,-0.5524319378334454,-0.5561185701470122,-0.56254581047041,-0.5874923598579429,-0.5665276471459725,-0.560816994841981,-0.5591306038610566,-0.56364053190171,-0.5548048525374015,-0.5465358863094671,-0.5746130728582663,-0.5572347404518815,-0.6710158078186513,-0.5309735842474057,-0.529516521007525,-0.5332987506845428,-0.5539609543981538,-0.5602822072723103,-0.5554497206579913,-0.5340434785059218,-0.5476416501048983,-0.5659680160521873,-0.5654820743666428,-0.5569856685828151,-0.11066426808372769,-0.566989686841969,-0.5376211485369798,-0.5567067293509029
491,1519071620,-0.5541889689661721,-0.5775157925177319,-0.5515057873826696,-0.5574555508757405,-0.5543991721952007,-0.575674664541882,-0.554339392088969,-0.557641139216953,-0.5416874663497615,-0.5375287200595995,-0.5780462643142896,-0.5413535958296651,-0.543323695074134,-0.5544553966308815,-0.5527172592722606,-0.5401964525949279,-0.5564280879204413,-0.5216915102938301,-0.5649961319022291,-0.5335125866105536,-0.5462059217145318,-0.5521303722924794,-0.17069114333744284,-0.5447589397000704,-0.5571946550778902,-0.537409300452839,-0.5577443168245153,-0.5318213845230155,-0.5546462413187364,-0.5813629806959487,-0.5670995788202573,-0.5747717352168179,-0.5312691390272646,0.1794196570202709,-0.5128277013377187,-0.5668665087063463,-0.5364417699189609,-0.5828294232979275,-0.5599587827740575,-0.5297792764679295,-0.5567771649665584,-0.533170466381272,-0.5609351372506034,-0.530829615885853,-0.042223416015498456,-0.5601119137594541,-0.5214482451760317,-0.5200442374972964,-0.5463542263081138,-0.5070747082266522,-0.521502390865856,-0.5308051221076605,-0.5269312571858603,-0.5824446504143719,-0.5312919447018583,-0.5304087448561672,-0.570582940371111,-0.5366358149766474,-0.5741596684215672,-0.5296474016782038,-0.5529461125549999,-0.5590537207644249,-0.5435108887171451,0.6225578959423456,-0.5756642202725448,-0.5653727781490905,-0.5606316803316075,-0.5677391571345161,-0.5833327091733544,-0.5583109377188564,-0.5792664672303953,-0.5232492066921012,-0.5648659237529542,-0.5306880255172863,-0.5382838275124263,-0.5296719779691752,-0.5365566228921366,-0.5122816988468972,-0.5864847337137475,-0.5724574470885955,-0.5308294735364,-0.5579146393246891,-0.5366643924266267,-0.8979004008206384,-0.5279737423946743,-0.5780689032402622,-0.5591417422689491,-0.47495654956665695,-0.5138635160993917,-0.5942626896074702,-0.5617531398830409,-0.5567982594758195,-0.5333913373661747,-0.5313806182518073,-0.5863595193102716,-0.5667141103777992,-0.5792256817377838,-0.5691184557259314,-0.5319755685782318,-0.5576381529399038,-0.5120259816842722,-0.556145425107781,-0.5524319378334454,-0.5561185701470122,-0.56254581047041,-0.5874923598579429,-0.5665276471459725,-0.560816994841981,-0.5591306038610566,-0.56364053190171,-0.5548048525374015,-0.5465358863094671,-0.5746130728582663,-0.5572347404518815,-0.6710158078186513,-0.5309735842474057,-0.529516521007525,-0.5332987506845428,-0.5539609543981538,-0.5591226076544418,-0.5554497206579913,-0.5340434785059218,-0.5476416501048983,-0.5659680160521873,-0.5654820743666428,-0.5569856685828151,-0.11066426808372769,-0.566989686841969,-0.5376211485369798,-0.5567067293509029
492,1519071626,-0.5513993962540403,-0.5734506343160698,-0.5475455027121802,-0.552959440450611,-0.5490821008030022,-0.5735262489765032,-0.5515479751640627,-0.5541857740425477,-0.5382443955016287,-0.5338922197838307,-0.5756871109087432,-0.5366513893938435,-0.5406980210557897,-0.5516643069673833,-0.5482636168451244,-0.5363790866244014,-0.5537332917655505,-0.5169139796457901,-0.559451843635962,-0.5284315497996197,-0.5414861647999523,-0.548177382297756,-0.17069114333744284,-0.5396473251466635,-0.5532324946348105,-0.5313997884055373,-0.5532848542402484,-0.5262593329316689,-0.5511610341551072,-0.5778917225607452,-0.5633592709996984,-0.5718300655390302,-0.5257474968698163,-1.209498661213739,-0.5091024029391902,-0.5622886633177631,-0.5327992851823028,-0.5801526768777564,-0.5555507071282176,-0.5275385645630575,-0.5567771649665584,-0.5289738293265874,-0.5586813447872142,-0.5278390008328897,-0.042223416015498456,-0.5560558160930429,-0.5160775548919837,-0.5146779219356523,-0.5406764633292808,-0.504248872557203,-0.5167231253576829,-0.5264063451845579,-0.5241611993984596,-0.5797737017728366,-0.5285037383486179,-0.5254447533448022,-0.5660665604445931,-0.5316669044046385,-0.5710783182949494,-0.5244103597091112,-0.5492171866219906,-0.55557939411152,-0.5396861217605281,0.2798173697688797,-0.5715552119767454,-0.5602785796952976,-0.5583787419842623,-0.5621211824726202,-0.5793150141981652,-0.5548631395401511,-0.5756526912146308,-0.5210218931119529,-0.5603611920828205,-0.5262732014490459,-0.5340517779725783,-0.523917267962406,-0.5321501532724144,-0.5085561106643134,-0.5843406687672499,-0.5678214885032633,-0.528044591140301,-0.553775256282628,-0.5324599663621209,-0.8974635216438732,-0.5222246772891855,-0.57511631917464,-0.5545387511178602,-0.47493036600718574,-0.5101473687032285,-0.5942626896074702,-0.5580062357408533,-0.5500502135161942,-0.5276852721399983,-0.5254036157826175,-0.5842203117597706,-0.5630854420360307,-0.5761301521422593,-0.5645328996815865,-0.5264767415635613,-0.5526486962126786,-0.508296090227698,-0.5505259235172161,-0.547981217929533,-0.549939283941476,-0.5580341994703616,-0.5832063161806624,-0.5615371377432655,-0.5585664571570287,-0.5551026857042222,-0.5585576791709009,-0.5498292556643379,-0.5407690346339137,-0.5710237135009378,-0.5532748919576779,-0.6702203617942107,-0.5260089807921111,-0.5237630573953699,-0.5282264638602507,-0.5498296914656917,-0.5556438088008361,-0.5507297995355394,-0.527693843674133,-0.5453292770838648,-0.560882554519273,-0.562705204331114,-0.553253658652731,-0.11066426808372769,-0.562002968445877,-0.5339856866271953,-0.5510825243567115
493,1519071631,-0.5500046098979744,-0.5717084236582147,-0.5455653603769355,-0.5518354128443286,-0.5473097436722694,-0.5713778334111245,-0.5501522667016097,-0.5524580914553451,-0.5368671671623756,-0.5320739696459463,-0.57450753420597,-0.5356064546303276,-0.5396415368353907,-0.5502687621356344,-0.5457893710522709,-0.535742858962647,-0.5517121946493825,-0.5157195969837802,-0.5583429859827086,-0.5284315497996197,-0.5404373299300457,-0.5462008873003944,-0.08572961197044983,-0.5390083733274875,-0.5512514144132707,-0.530798837200807,-0.5513028708694632,-0.5248688200338323,-0.5497669512896555,-0.5764040405028008,-0.5602423478158992,-0.5712417316034727,-0.5235388400068369,-0.7650447993788558,-0.5075058464826779,-0.5602540653672816,-0.5315851236034168,-0.5774759304575853,-0.5535915623967332,-0.5260447566264762,-0.5567771649665584,-0.5277747901681062,-0.5571788164782882,-0.5270913470696489,-0.042223416015498456,-0.5543174885217237,-0.5160775548919837,-0.5146779219356523,-0.5400456007760771,-0.5015457110613507,-0.5167231253576829,-0.5247568038383944,-0.5220836560579092,-0.577770490291685,-0.5271096351719977,-0.5232385348953067,-0.5640592804772518,-0.5300106008806356,-0.5700512015860767,-0.5244103597091112,-0.5479742113109874,-0.5538422307850676,-0.539048660601092,0.5505823854459178,-0.5709682107916312,-0.5582409003137805,-0.5568767830860322,-0.5602485242519882,-0.5773061667105707,-0.5531392404507983,-0.5746201837815553,-0.5187945795318046,-0.5583590891183167,-0.5235139364063955,-0.5334471994668857,-0.5233941125072451,-0.5304977271650188,-0.5069594300146345,-0.5821966038207522,-0.5660830040337637,-0.5266521499422514,-0.5520012349788875,-0.5312587017722622,-0.8970751845978597,-0.5222246772891855,-0.5739352855483912,-0.5522372555423158,-0.474918728869643,-0.5090856123043248,-0.5942626896074702,-0.5565074740839783,-0.5500502135161942,-0.5276852721399983,-0.52390936516532,-0.5820811042092697,-0.5616339746993234,-0.5750983089437511,-0.5624948747729887,-0.5248270934591601,-0.5514013320308723,-0.5066975653177376,-0.5505259235172161,-0.5455085957606929,-0.549939283941476,-0.5569062967203495,-0.5817776349549023,-0.5596656967172503,-0.5570660987003938,-0.552801018186031,-0.5574281563418322,-0.5479634068369391,-0.5397205161474494,-0.5699981822559869,-0.5512949677105762,-0.6697430941795464,-0.5243541129736796,-0.5237630573953699,-0.5282264638602507,-0.5480591502089223,-0.5539044093740332,-0.5489598291146199,-0.527693843674133,-0.5416294802502113,-0.5588483699061073,-0.5593729602884795,-0.552009655342703,-0.11066426808372769,-0.560756288846854,-0.532167955672303,-0.5510825243567115
494,1519071637,-0.5479124303638756,-0.5693854761144078,-0.5435852180416907,-0.5479013162223403,-0.5455373865415365,-0.5699455563675386,-0.54805870400793,-0.5507304088681424,-0.5354899388231225,-0.5314678862666515,-0.5715585924490371,-0.5335165851032958,-0.5369951474401758,-0.5474776724721363,-0.5438099744179881,-0.5319254929921204,-0.550364796571937,-0.5139280229907652,-0.5550164130229484,-0.5265261609955196,-0.5372908253203261,-0.5442243923030327,-0.08572961197044983,-0.5358136142316082,-0.5487750641363459,-0.5289959835866165,-0.5493208874986778,-0.5234783071359955,-0.5483728684242039,-0.5744204644255416,-0.5583721939056198,-0.5694767297968,-0.5213301831438576,-0.32059093754397266,-0.5064414755116697,-0.5577108179291798,-0.5303709620245308,-0.5761375572474997,-0.5511426314823777,-0.5230571407533136,-0.5567771649665584,-0.5259762314303843,-0.5541737598604359,-0.5255960395431672,-0.042223416015498456,-0.5525791609504046,-0.5142873247973011,-0.5128891500817709,-0.5368912880100588,-0.49873502926040464,-0.514930900792118,-0.5214577211460675,-0.5206986271642089,-0.5764350159709174,-0.5257155319953775,-0.521032316445811,-0.5615501805180753,-0.5272500950072972,-0.5685105265227678,-0.5223155429214741,-0.5454882606889813,-0.552105067458615,-0.5358613548039111,0.6259853012040802,-0.5692072072362886,-0.5562032209322633,-0.5546238447386871,-0.5583758660313564,-0.5759669350521742,-0.5514153413614457,-0.5730714226319419,-0.5173097038117058,-0.5563569861538129,-0.5213065243722753,-0.5316334639498079,-0.5213014906866018,-0.5277436836526924,-0.505894976248182,-0.5807672271897537,-0.5643445195642641,-0.5238672675461524,-0.5478618519368263,-0.5282555402976152,-0.896881016074853,-0.5201341081599169,-0.572163735109018,-0.5505111338606575,-0.4749070917321002,-0.5074929777059691,-0.5942626896074702,-0.5557580932555407,-0.5478008648629857,-0.5257832503979394,-0.5231622398566713,-0.5806549658422692,-0.5609082410309697,-0.5725187009474807,-0.559437837410092,-0.5220776799518249,-0.5489066036672597,-0.5056318820444307,-0.5477161727219336,-0.5435304980256207,-0.5476922707758264,-0.5535225884703132,-0.5803489537291421,-0.5577942556912352,-0.5548155610154414,-0.5510747675473876,-0.5540395878546261,-0.5460975580095403,-0.5376234791745208,-0.5684598853885603,-0.5493150434634744,-0.669265826564882,-0.5215959999429605,-0.5216708888091316,-0.5256903204481047,-0.5462886089521528,-0.5515852101382961,-0.546599868553394,-0.5257889532245963,-0.5407045310417978,-0.5568141852929416,-0.5588175862813738,-0.5495216487226469,-0.11066426808372769,-0.5582629296488081,-0.5315620453540055,-0.5488328423590348
495,1519071642,-0.5465176440078097,-0.5676432654565526,-0.5411100401226348,-0.543967219600352,-0.5437650294108037,-0.5692294178457457,-0.5466629955454769,-0.5484268320852055,-0.5341127104838693,-0.5290435527494723,-0.5697892273948773,-0.530381780812748,-0.5343850099544843,-0.5460821276403872,-0.5418305777837054,-0.5274718993598395,-0.5490173984944917,-0.5115392576667452,-0.5527986977164416,-0.5246207721914194,-0.5336199032756532,-0.5412596498069902,-0.08572961197044983,-0.5338967587740806,-0.546793983914806,-0.5259912275629657,-0.5473389041278925,-0.5220877942381589,-0.5469787855587521,-0.5729327823675973,-0.5565020399953403,-0.5665350601190122,-0.5185693620651335,-0.0983640066265311,-0.5043127335696534,-0.555167570491078,-0.5267284772878729,-0.5741299974323714,-0.5491834867508935,-0.5215633328167322,-0.5567771649665584,-0.5235781531134217,-0.5534224957059729,-0.5233530782534449,-0.042223416015498456,-0.5508408333790854,-0.5124970947026184,-0.5111003782278895,-0.5349987003504478,-0.4959106368165271,-0.5131386762265531,-0.5192583326845162,-0.5193135982705085,-0.5744318044897659,-0.5236243772304472,-0.5188260979963155,-0.5595429005507341,-0.524489589133959,-0.5659427347505863,-0.5202207261338371,-0.5436237977224765,-0.5497888496900117,-0.5333115101661664,0.6259853012040802,-0.5668592024958318,-0.5541655415507462,-0.553121885840457,-0.5558789884038471,-0.5746277033937779,-0.5485421762125244,-0.570490154049253,-0.5165672659516564,-0.5538543574481831,-0.5190991123381551,-0.5298197284327303,-0.5186857134107976,-0.5249896401403661,-0.503766068715277,-0.578623162243256,-0.562026540271598,-0.5224748263481029,-0.5460878306330859,-0.5252523788229684,-0.896589763290343,-0.5180435390306483,-0.5698016678565203,-0.5487850121789992,-0.4748954545945575,-0.5053694649081616,-0.5942626896074702,-0.5542593315986657,-0.5455515162097773,-0.5238812286558805,-0.5216679892393739,-0.5792288274752685,-0.5594567736942623,-0.5704550145504643,-0.5573998125014943,-0.5193282664444896,-0.545788193212744,-0.5024348322245099,-0.5454683720857076,-0.5415524002905485,-0.5454452576101768,-0.550702831595283,-0.5796346131162621,-0.5559228146652201,-0.554065381787124,-0.5493485169087443,-0.5517805421964888,-0.5429878099638755,-0.534477923715128,-0.5658960572761829,-0.5468401381545972,-0.6689476481551058,-0.5193895095183851,-0.5195787202228933,-0.5237882128889951,-0.543337706857537,-0.5498458107114932,-0.5442399079921681,-0.5238840627750596,-0.5393171072291778,-0.5542714545264845,-0.5565960902529508,-0.5464116404475768,-0.11066426808372769,-0.5563929102502736,-0.5297443143991132,-0.5465831603613582
496,1519071648,-0.5451228576517438,-0.564739581026794,-0.5391298977873901,-0.5411571505846461,-0.5408111008595823,-0.567081002280367,-0.5452672870830239,-0.5466991494980029,-0.5320468679749896,-0.526619219232293,-0.5674300739893308,-0.5282919112857162,-0.5316764744286577,-0.5446865828086381,-0.5398511811494227,-0.5255632163745763,-0.5469963013783237,-0.5085533010117202,-0.5500265535833081,-0.5220802537859526,-0.5309978161008868,-0.5392831548096285,-0.17069114333744284,-0.5300630478590254,-0.5443176336378813,-0.5235874227440449,-0.544861424914411,-0.5206972813403222,-0.5448876612605746,-0.5714451003096529,-0.5540085014483009,-0.564181724376782,-0.5163607052021542,-0.2094774720852519,-0.502183991627637,-0.5531329725405966,-0.5255143157089868,-0.5727916242222858,-0.5472243420194091,-0.5208164288484416,-0.5567771649665584,-0.5217795943756999,-0.5519199673970469,-0.5218577707269633,-0.042223416015498456,-0.5479436207602202,-0.5095133778781473,-0.5081190918047538,-0.5324752501376332,-0.4930725337297181,-0.5095542270954233,-0.5165090971075771,-0.5172360549299581,-0.5724285930086144,-0.5222302740538269,-0.51661987954682,-0.5570338005915575,-0.5222811844352884,-0.5638885013328411,-0.5165547967554722,-0.5405163594449688,-0.5468935774792576,-0.5294867432095494,0.5231631433520405,-0.5650981989404892,-0.5516184423238496,-0.5523709063913419,-0.5540063301832151,-0.5732884717353816,-0.5468182771231718,-0.5684251391831019,-0.5143399523715081,-0.5513517287425533,-0.5163398472955048,-0.528610571421345,-0.5155467806798325,-0.522786405330505,-0.5016371611823719,-0.5771937856122575,-0.559708560978932,-0.5210823851500535,-0.5443138093293454,-0.5228498496432509,-0.8963955947673362,-0.5149076853367452,-0.568030117417147,-0.547058890497341,-0.47488090817262907,-0.503776830309806,-0.5942626896074702,-0.5520111891133531,-0.5421774932299646,-0.5213451996664688,-0.5201737386220764,-0.5770896199247676,-0.5572795726892013,-0.568391328153448,-0.554852281365747,-0.5165788529371543,-0.5439171469400345,-0.5008363073145495,-0.5420966711313687,-0.5395743025554763,-0.5420747378617026,-0.5473191233452467,-0.5782059318905018,-0.5540513736392049,-0.5525650233304891,-0.5476222662701009,-0.5483919737092826,-0.5405000115273438,-0.5318566274989673,-0.5643577604087563,-0.54436523284572,-0.6686294697453296,-0.5171830190938098,-0.516440467343536,-0.5206180336238125,-0.5403868047629212,-0.5475266114757561,-0.5424699375712487,-0.521344208842344,-0.5379296834165577,-0.5517287237600274,-0.5554853422387392,-0.5445456354825348,-0.11066426808372769,-0.5545228908517391,-0.5273206731259235,-0.5432086373648433
497,1519071654,-0.5437280712956779,-0.5624166334829872,-0.5371497554521453,-0.5389090953720813,-0.5390387437288494,-0.5656487252367811,-0.5438715786205707,-0.5449714669108002,-0.5299810254661099,-0.5254070524737035,-0.5662504972865576,-0.5256795743769265,-0.5291776820936456,-0.5432910379768892,-0.5378717845151398,-0.523654533389313,-0.5456489033008782,-0.5067617270187054,-0.5472544094501746,-0.5189046057791189,-0.5289001463610737,-0.5373066598122668,-0.17069114333744284,-0.5281461924014977,-0.5418412833609565,-0.5217845691298544,-0.5423839457009294,-0.5193067684424856,-0.5434935783951229,-0.5684697361937641,-0.5521383475380215,-0.563005056505667,-0.5135998841234299,0.2905331224789917,-0.5000552496856208,-0.5510983745901151,-0.5243001541301008,-0.5707840644071575,-0.5442856249221825,-0.5193226209118602,-0.5567771649665584,-0.5187819964794966,-0.5504174390881208,-0.5203624632004816,-0.042223416015498456,-0.545046408141355,-0.5071264044185705,-0.5063303199508724,-0.5299517999248186,-0.49028277869956205,-0.5077620025298584,-0.5143097086460258,-0.5158510260362578,-0.5704253815274629,-0.5208361708772067,-0.5144136610973244,-0.5545247006323809,-0.5200727797366178,-0.5623478262695322,-0.5144599799678351,-0.538651896478464,-0.5451564141528051,-0.5275743597312408,0.6362675169892843,-0.5639241965702607,-0.5495807629423325,-0.5508689474931118,-0.5515094525557058,-0.5712796242477869,-0.5450943780338191,-0.5663601243169507,-0.5128550766514093,-0.5493496257780495,-0.5141324352613845,-0.5261922573985748,-0.5134541588591892,-0.5200323618181788,-0.500040480532693,-0.5750497206657599,-0.5579700765094323,-0.519689943952004,-0.542539788025605,-0.5210479527584627,-0.8961528841135779,-0.5128171162074766,-0.5650775333515249,-0.5453327688156827,-0.4748634524663149,-0.5016533175119985,-0.5942626896074702,-0.5505124274564781,-0.539365807413454,-0.518175163429704,-0.5194266133134277,-0.5749504123742667,-0.5551023716841401,-0.5668435633556858,-0.5528142564571492,-0.5143793221312861,-0.5420461006673251,-0.49923778240458916,-0.5398488704951427,-0.5375962048204043,-0.5392659714046406,-0.5450633178452226,-0.5760629100518616,-0.5521799326131898,-0.5510646648738542,-0.5458960156314576,-0.5461329280511452,-0.538634162699945,-0.5297595905260388,-0.5628194635413298,-0.5423853085986183,-0.6683112913355532,-0.5149765286692345,-0.5138252566107382,-0.518715926064703,-0.5386162635061517,-0.5446276124310847,-0.5406999671503293,-0.5181693914264496,-0.5370047342081443,-0.5496945391468616,-0.5543745942245277,-0.5420576288624787,-0.11066426808372769,-0.5526528714532046,-0.5248970318527337,-0.5403965348677475
498,1519071659,-0.5423332849396121,-0.560674422825132,-0.5351696131169006,-0.5366610401595167,-0.5349032437571395,-0.5642164481931953,-0.5424758701581176,-0.5432437843235975,-0.5286037971268567,-0.5229827189565243,-0.5644811322323978,-0.5235897048498946,-0.5265053984773425,-0.5418954931451401,-0.5349026895637157,-0.5217458504040497,-0.5443015052234329,-0.5049701530256904,-0.5450366941436677,-0.5169992169750188,-0.5268024766212607,-0.5353301648149051,-0.17069114333744284,-0.5262293369439701,-0.5398602031394166,-0.5193807643109337,-0.5404019623301441,-0.5172209990957306,-0.5420994955296713,-0.5669820541358197,-0.5496448089909821,-0.5618283886345519,-0.5113912272604506,0.45720332066707287,-0.49845869322910846,-0.5490637766396337,-0.5224789117617717,-0.5694456911970719,-0.5423264801906981,-0.5178288129752789,-0.5567771649665584,-0.5169834377417748,-0.5496661749336578,-0.5166241943842776,-0.042223416015498456,-0.5433080805700358,-0.5053361743238878,-0.5027527762431097,-0.5280592122652076,-0.48745910786847035,-0.5059697779642934,-0.5121103201844744,-0.5144659971425574,-0.5690899072066953,-0.5166538613473461,-0.511655888035455,-0.5525174206650396,-0.5178643750379472,-0.5608071512062232,-0.5123651631801981,-0.5367874335119593,-0.5434192508263526,-0.5256619762529323,0.6328401117275496,-0.5615761918298039,-0.5455054041792982,-0.5493669885948816,-0.5496367943350738,-0.5692707767601923,-0.5433704789444663,-0.5648113631673374,-0.5121126387913599,-0.5473475228135456,-0.5113731702187342,-0.524378521881497,-0.5113615370385458,-0.5178291270083177,-0.49791157299978794,-0.5743350323502606,-0.5562315920399328,-0.5182975027539545,-0.5407657667218645,-0.5192460558736746,-0.8959587155905712,-0.5096812625135736,-0.5638964997252761,-0.5430312732401382,-0.4748518153287722,-0.5000606829136428,-0.5942626896074702,-0.5497630466280407,-0.5365541215969434,-0.5150051271929392,-0.5171852373874816,-0.573524274007266,-0.5536509043474328,-0.5652957985579234,-0.5507762315485515,-0.5121797913254179,-0.5401750543946156,-0.4976392574946288,-0.5370391196998603,-0.535123582651564,-0.5364572049475786,-0.5428075123451984,-0.5739198882132214,-0.5490608642364979,-0.5503144856455368,-0.5424435143541709,-0.5438738823930078,-0.5367683138725461,-0.5271382943098781,-0.5607684010514279,-0.5404053843515165,-0.667993112925777,-0.5122184156385153,-0.5117330880244999,-0.5161797826525569,-0.5368457222493822,-0.5428882130042819,-0.5389299967294099,-0.5149945740105552,-0.536079784999731,-0.547660354533696,-0.553819220217422,-0.5401916238974367,-0.11066426808372769,-0.5501595122551587,-0.5236852112161389,-0.5381468528700709
499,1519071665,-0.5409384985835461,-0.5589322121672768,-0.5331894707816559,-0.5344129849469519,-0.5331308866264066,-0.5620680326278165,-0.5410801616956645,-0.541516101736395,-0.5272265687876035,-0.5217705521979347,-0.5633015555296246,-0.5214998353228628,-0.5237916841072981,-0.5398021758975166,-0.5324284437708623,-0.5198371674187865,-0.5422804081072647,-0.5013870050396604,-0.5422645500105342,-0.514458698569552,-0.5241803894464943,-0.5328595460682031,-0.17069114333744284,-0.5243124814864425,-0.5378791229178768,-0.5175779106967432,-0.5384199789593588,-0.5158304861978938,-0.5407054126642196,-0.5654943720778753,-0.546527885807183,-0.5600633868278793,-0.5080782419659816,0.6238735188551541,-0.4963299512870921,-0.5470291786891522,-0.5206576693934428,-0.5681073179869863,-0.5403673354592137,-0.5170819090069882,-0.5567771649665584,-0.5151848790040529,-0.5466611183158055,-0.515128886857796,-0.042223416015498456,-0.5415697529987167,-0.5035459442292052,-0.5009640043892283,-0.5249048994991893,-0.4846325505862352,-0.5029827370216853,-0.5099109317229231,-0.5116959393551568,-0.5677544328859275,-0.5152597581707259,-0.5094496695859595,-0.5505101406976983,-0.5156559703392766,-0.5592664761429142,-0.5097466421956517,-0.5349229705454547,-0.5416820874999001,-0.5237495927746237,0.6328401117275496,-0.5598151882744613,-0.5434677247977809,-0.5486160091457666,-0.54589147789381,-0.5672619292725978,-0.5404973137955452,-0.563262602017724,-0.5091428873511622,-0.5448448941079158,-0.5086139051760838,-0.5231693648701119,-0.5082226043075808,-0.5156258921984567,-0.49631489235010917,-0.5729056557192621,-0.5533341179241001,-0.516905061555905,-0.5372177241143835,-0.5162428943990276,-0.8957160049368127,-0.507590693384305,-0.5627154660990272,-0.5401544037707078,-0.4748401781912294,-0.4984680483152872,-0.5942626896074702,-0.5482642849711656,-0.5343047729437349,-0.5131031054508804,-0.5156909867701841,-0.5728112048237658,-0.5529251706790791,-0.5637480337601611,-0.5477191941856547,-0.5094303778180826,-0.5383040081219062,-0.49550789094801495,-0.5342293689045778,-0.5326509604827239,-0.5342101917819291,-0.5405517068451742,-0.5717768663745811,-0.5471894232104827,-0.5488141271889019,-0.5401418468359798,-0.5416148367348704,-0.5342805154360144,-0.5250412573369496,-0.5592301041840013,-0.5384254601044148,-0.6675158453111126,-0.5094603026077961,-0.5096409194382616,-0.5130096033873743,-0.5350751809926128,-0.541148813577479,-0.5371600263084905,-0.5130896835610185,-0.5351548357913175,-0.5456261699205303,-0.5527084722032105,-0.5383256189323946,-0.11066426808372769,-0.5470428132576012,-0.5212615699429491,-0.5353347503729752
500,1519071671,-0.5388463190494474,-0.5571900015094217,-0.5302192572787887,-0.531602915931246,-0.5313585294956739,-0.5613518941060235,-0.5389865990019849,-0.5380607365619896,-0.5258493404483504,-0.5205583854393451,-0.5609424021240782,-0.519409965795831,-0.5212152091090214,-0.5377088586498929,-0.5304490471365795,-0.5166560291100144,-0.5409330100298194,-0.49899823971564045,-0.5400468347040274,-0.5112830505627183,-0.5220827197066812,-0.5303889273215009,-0.17069114333744284,-0.5223956260289149,-0.535402772640952,-0.5157750570825527,-0.5364379955885735,-0.5144399733000572,-0.5379172469333162,-0.564006690019931,-0.5446577318969035,-0.5577100510856491,-0.5058695851030023,0.6238735188551541,-0.4947333948305799,-0.5439772817634301,-0.5182293462356707,-0.566099758171858,-0.5384081907277293,-0.5126004851972443,-0.5567771649665584,-0.5133863202663309,-0.5451585900068795,-0.5121382718048327,-0.042223416015498456,-0.5398314254273975,-0.4999654840398398,-0.49798271796609256,-0.5230123118395783,-0.4818233120108608,-0.5005931042675987,-0.5077115432613719,-0.5103109104614565,-0.5657512214047761,-0.5124715518174855,-0.50669189652409,-0.5485028607303571,-0.5128954644659384,-0.557212242725169,-0.5066044170141961,-0.53305850757895,-0.5393658697312969,-0.5205622869774429,0.6259853012040802,-0.5586411859042328,-0.5414300454162638,-0.5463630707984214,-0.544018819673178,-0.5659226976142013,-0.5381987816764082,-0.5617138408681107,-0.5076580116310634,-0.5428427911434119,-0.5064064931419636,-0.5219602078587267,-0.5050836715766157,-0.5134226573885956,-0.49471821170043034,-0.5707615907727644,-0.5515956334546006,-0.5134239585607813,-0.535443702810643,-0.5144409975142394,-0.895521836413806,-0.5039321974080848,-0.560943915659654,-0.5384282820890495,-0.47482854105368666,-0.49687541371693156,-0.5942626896074702,-0.5452667616574155,-0.5309307499639223,-0.5099330692141157,-0.5141967361528866,-0.5699589280897646,-0.5514737033423717,-0.5616843473631448,-0.545681169277057,-0.5066809643107474,-0.5358092797582935,-0.4933765244014011,-0.5308576679502389,-0.5306728627476517,-0.5302779187420423,-0.537731949970144,-0.570348185148821,-0.5446941685091292,-0.5465635895039496,-0.5384155961973365,-0.539355791076733,-0.5311707673903496,-0.522944220364021,-0.5576918073165749,-0.5359505547955375,-0.6671976669013364,-0.5072538121832207,-0.5059796244123447,-0.5104734599752283,-0.5333046397358433,-0.5388296143417419,-0.5336200854666515,-0.510549829628303,-0.5337674119786975,-0.5435919853073645,-0.5510423501818933,-0.5364596139673525,-0.11066426808372769,-0.5451727938590667,-0.5200497493063543,-0.5319602273764602
501,1519071676,-0.5353593531592826,-0.5531248433077597,-0.5257639370244881,-0.5271068055061164,-0.5278138152342081,-0.5577712014970589,-0.5347994736146255,-0.5340294771918501,-0.5224062696002176,-0.5163158017842815,-0.5574036720157586,-0.5147077593600093,-0.5188251725025798,-0.5342199965705203,-0.5259954047094433,-0.5128386631394879,-0.5375645148362059,-0.4960122830606155,-0.535056975264387,-0.5068371433531512,-0.5173629627921018,-0.5264359373267775,-0.17069114333744284,-0.5179229632946838,-0.5309453421424873,-0.5121693498541716,-0.5319785330043066,-0.5102684346065472,-0.5344320397696871,-0.5605354318847274,-0.5409174240763446,-0.5547683814078613,-0.5014522713770436,-0.5428178684614143,-0.4910080964320513,-0.5399080858624672,-0.5133726999201268,-0.5620846385416014,-0.5340001150818894,-0.5103597732923723,-0.5567771649665584,-0.5091896832116465,-0.5414022692345642,-0.5091476567518696,-0.042223416015498456,-0.5357753277609861,-0.4963850238504745,-0.49500143154295695,-0.5185962739671527,-0.47901768149941576,-0.4964112469479473,-0.5016632249921058,-0.5068483382272057,-0.5624125356028569,-0.5096833454642451,-0.5022794596250989,-0.5439864808038393,-0.5084786550685971,-0.5541308925985512,-0.502414783438922,-0.5268436310239345,-0.535312488636241,-0.5167375200208258,0.3620750960505115,-0.5557061799786618,-0.5373546866532295,-0.5426081735528461,-0.5402735032319141,-0.5619050026390122,-0.5347509834977029,-0.5581000648523462,-0.5039458223308163,-0.5388385852144043,-0.5019916690737231,-0.517123579813186,-0.5019447388456507,-0.507914570363943,-0.49099262351784645,-0.566473460879769,-0.5481186645156014,-0.5106390761646822,-0.531895660203162,-0.5102365714497338,-0.8950849572370408,-0.5007963437141818,-0.5574008147809074,-0.5344006648318468,-0.47480235749421545,-0.49262838812131654,-0.5942626896074702,-0.5415198575152279,-0.5275567269841096,-0.506129025729998,-0.5097139843009943,-0.566393582172263,-0.5478450350006032,-0.5580728961683662,-0.5416051194598615,-0.502281902699011,-0.5320671872128746,-0.4891137913081735,-0.5274859669958999,-0.5262221428437394,-0.5263456457021557,-0.5332203389700957,-0.5667764820844207,-0.5409512864570989,-0.5420625141340448,-0.5343876780405019,-0.5342729383459239,-0.527439069735552,-0.518750146418164,-0.5546152135817218,-0.5314957252395587,-0.666561310081784,-0.5022892087279263,-0.5023183293864278,-0.5073032807100457,-0.528583196384458,-0.5347710156792019,-0.5300801446248127,-0.5073750122124085,-0.531455038957664,-0.5385065237744503,-0.5488208541534703,-0.5308615990722264,-0.11066426808372769,-0.5408094152624862,-0.5164142873965696,-0.527460863381107
502,1519071682,-0.5332671736251838,-0.5496404219920493,-0.5237837946892434,-0.5259827778998342,-0.5260414581034754,-0.5556227859316801,-0.5334037651521725,-0.5323017946046474,-0.5203404270913379,-0.5157097184049867,-0.556813883664372,-0.5136628245964935,-0.516261644614847,-0.5328244517387714,-0.5235211589165899,-0.5122024354777335,-0.5355434177200379,-0.4954150917296105,-0.5339481176111336,-0.5062020137517845,-0.5163141279221952,-0.5244594423294159,-0.08572961197044983,-0.516645059656332,-0.5289642619209476,-0.5109674474447113,-0.5299965496335214,-0.5088779217087106,-0.5330379569042354,-0.5590477498267831,-0.5396706548028248,-0.5541800474723038,-0.4992436145140643,0.6238735188551541,-0.48941153997553904,-0.5378734879119857,-0.5127656191306837,-0.5607462653315158,-0.5320409703504051,-0.508865965355791,-0.5567771649665584,-0.5079906440531652,-0.5398997409256382,-0.5084000029886288,-0.042223416015498456,-0.5346164427134401,-0.49459479375579185,-0.4944051742583298,-0.517965411413949,-0.47621565905190005,-0.49521643057090403,-0.5000136836459423,-0.5054633093335054,-0.5610770612820892,-0.5082892422876248,-0.5006247957879773,-0.5409755608528274,-0.5062702503699266,-0.5531037758896786,-0.5013673750451034,-0.5256006557129314,-0.5335753253097886,-0.5161000588613897,0.6362675169892843,-0.5545321776084334,-0.5353170072717123,-0.5403552352055009,-0.5384008450112822,-0.5598961551514177,-0.5330270844083501,-0.5570675574192706,-0.5024609466107174,-0.5368364822499004,-0.5003361100481329,-0.5153098442961083,-0.500898427935329,-0.5062621442565473,-0.4899281697513939,-0.5650440842487706,-0.5463801800461019,-0.5092466349666327,-0.5301216388994215,-0.5090353068598751,-0.8949878729755375,-0.4997510591495475,-0.5562197811546586,-0.5326745431501885,-0.474787811072287,-0.49103575352296086,-0.5942626896074702,-0.5400210958583529,-0.5264320526575054,-0.5054950184826451,-0.5089668589923456,-0.5656805129887627,-0.5456678339955422,-0.5570410529698581,-0.5395670945512636,-0.5006322545946098,-0.529572458849262,-0.4880481080348666,-0.526362066677787,-0.5242440451086672,-0.5252221391193309,-0.5320924362200835,-0.5646334602457804,-0.5397036591064222,-0.54056215567741,-0.5320860105223109,-0.5331434155168552,-0.5261951705172861,-0.5177016279316997,-0.5535896823367709,-0.5295158009924569,-0.6660840424671196,-0.5006343409094948,-0.5007492029467491,-0.5066692448570093,-0.5268126551276885,-0.5330316162523991,-0.5283101742038933,-0.5067400487292296,-0.5305300897492505,-0.5364723391612846,-0.5477101061392587,-0.5296175957621984,-0.11066426808372769,-0.5395627356634632,-0.5139906461233799,-0.5263360223822687
503,1519071687,-0.5318723872691179,-0.5478982113341943,-0.5213086167701875,-0.522610695080987,-0.5224967438420096,-0.5541905088880943,-0.5320080566897193,-0.5299982178217105,-0.5189631987520847,-0.5126793015085126,-0.5550445186102122,-0.5100055529241878,-0.5135686456216734,-0.5314289069070223,-0.5215417622823071,-0.5090212971689614,-0.5335223206038697,-0.4924291350745855,-0.5300671158247466,-0.5023912361435842,-0.5131676233124756,-0.5224829473320542,-0.17069114333744284,-0.5140892523796285,-0.5269831816994077,-0.5067607890116,-0.5270235745773435,-0.5067921523619555,-0.5316438740387838,-0.5565682797302091,-0.5371771162557856,-0.552415045665631,-0.49648279343534013,-0.2094774720852519,-0.4872827980335227,-0.5353302404738839,-0.5109443767623547,-0.5594078921214303,-0.5295920394360496,-0.5073721574192096,-0.5567771649665584,-0.5043935265777214,-0.5391484767711752,-0.5069046954621471,-0.042223416015498456,-0.5311397875708018,-0.49101433356642654,-0.490827630550567,-0.5135493735415234,-0.4733717830628041,-0.4928267978168175,-0.4972644480690032,-0.5033857659929548,-0.5597415869613216,-0.5068951391110047,-0.49731546811373395,-0.5389682808854861,-0.5035097444965883,-0.5510495424719334,-0.49822514986364785,-0.5231147050909251,-0.531838161983336,-0.5122752919047726,0.437478011808674,-0.5515971716828624,-0.5322604881994365,-0.5388532763072708,-0.5359039673837729,-0.5578873076638231,-0.5313031853189975,-0.5550025425531195,-0.5009760708906186,-0.5343338535442707,-0.4975768450054826,-0.5134961087790306,-0.497759495204364,-0.5029572920417557,-0.48726703533526255,-0.5643293959332714,-0.5440622007534358,-0.5078541937685832,-0.5277562771611009,-0.5066327776801575,-0.8945995359295241,-0.49609256317332734,-0.5544482307152854,-0.529797673680758,-0.47477326465035863,-0.4889122407251534,-0.5942626896074702,-0.5385223342014779,-0.5213710181877863,-0.5004229605038215,-0.5067254830663994,-0.5642543746217621,-0.5442163666588348,-0.5549773665728417,-0.5370195634155164,-0.4973329583858075,-0.5270777304856493,-0.48591674148825276,-0.521866465405335,-0.521771422939827,-0.5201663594966194,-0.5281447765950412,-0.5624904384071402,-0.5359607770543918,-0.5398119764490925,-0.5303597598836675,-0.5297548470296491,-0.5230854224716214,-0.5135075539858426,-0.5505130886019178,-0.5275358767453552,-0.6656067748524552,-0.4973246052726317,-0.4970879079208322,-0.5028650297387901,-0.525042113870919,-0.5312922168255962,-0.5253602235023609,-0.5016603408637985,-0.5291426659366305,-0.5344381545481189,-0.5460439841179414,-0.5265075874871282,-0.11066426808372769,-0.5364460366659057,-0.5121729151684876,-0.5218366583869155
504,1519071693,-0.5304776009130521,-0.5461560006763391,-0.5193284744349428,-0.5203626398684222,-0.5207243867112767,-0.5513259548009226,-0.5306123482272662,-0.528270535234508,-0.5175859704128316,-0.5108610513706282,-0.5532751535560524,-0.507915683397156,-0.5119088260499192,-0.5293355896593988,-0.5190675164894537,-0.5071126141836981,-0.5315012234877017,-0.4906375610815706,-0.5278494005182398,-0.5017561065422175,-0.5105455361377093,-0.5205064523346925,-0.08572961197044983,-0.5121723969221009,-0.5250021014778679,-0.5049579353974095,-0.5250415912065582,-0.5054016394641189,-0.5295527497406062,-0.5550805976722647,-0.5340601930719864,-0.5506500438589584,-0.4942741365723608,0.1794196570202709,-0.48568624157701046,-0.5332956425234024,-0.5091231343940258,-0.5574003323063019,-0.5276328947045652,-0.506625253450919,-0.5567771649665584,-0.5025949678399995,-0.536143420153323,-0.5054093879356655,-0.042223416015498456,-0.5294014599994826,-0.4898208468366381,-0.4896351159813127,-0.5116567858819124,-0.47064769479616186,-0.4916319814397742,-0.4950650596074519,-0.5013082226524044,-0.55773837548017,-0.5055010359343844,-0.49510924966423836,-0.5369610009181449,-0.5013013397979177,-0.5489953090541881,-0.4971777414698293,-0.5212502421244204,-0.5295219442147328,-0.510362908426464,0.6396949222510189,-0.5498361681275198,-0.5302228088179194,-0.5381022968581557,-0.534031309163141,-0.5558784601762284,-0.5295792862296448,-0.5529375276869684,-0.49874875731047036,-0.5323317505797668,-0.49481757996283227,-0.5122869517676454,-0.4961900288388815,-0.5007540572318946,-0.4856703546855837,-0.5621853309867737,-0.5423237162839363,-0.5064617525705337,-0.5259822558573604,-0.5036296162055106,-0.8941141146220073,-0.495047278608693,-0.5526766802759121,-0.5280715519990997,-0.47476162751281586,-0.4873196061267977,-0.5942626896074702,-0.5370235725446029,-0.5213710181877863,-0.5004229605038215,-0.5052312324491021,-0.5628282362547614,-0.5434906329904812,-0.5534296017750794,-0.5349815385069187,-0.4951334275799393,-0.5252066842129399,-0.4843182165782924,-0.521866465405335,-0.5197933252047549,-0.5201663594966194,-0.5258889710950171,-0.5610617571813801,-0.5340893360283767,-0.5383116179924576,-0.5274826754859285,-0.5274958013715118,-0.5212195736442226,-0.5114105170129141,-0.5489747917344914,-0.525060971436478,-0.665129507237791,-0.4951181148480564,-0.49551878148115347,-0.5028650297387901,-0.5232715726141496,-0.5295528173987935,-0.5235902530814415,-0.5016603408637985,-0.5254428691029769,-0.5324039699349532,-0.542711740075307,-0.5246415825220863,-0.11066426808372769,-0.5345760172673713,-0.5109610945318928,-0.5212742378874964
505,1519071699,-0.5283854213789532,-0.5444137900184839,-0.5168532965158869,-0.5181145846558576,-0.518952029580544,-0.5491775392355439,-0.5285187855335866,-0.5253910642558368,-0.5162087420735785,-0.5090428012327438,-0.5509160001505059,-0.5058258138701242,-0.509164038614569,-0.5279400448276497,-0.5170881198551709,-0.5052039311984349,-0.5288064273328109,-0.4882487957575506,-0.525631685211733,-0.49858045853538385,-0.5084478663978962,-0.5185299573373309,-0.17069114333744284,-0.5102555414645733,-0.5230210212563281,-0.5019531793737587,-0.5230596078357729,-0.5040111265662822,-0.5281586668751546,-0.5535929156143203,-0.5315666545249471,-0.5488850420522858,-0.49206547970938147,0.4016465879377125,-0.4835574996349941,-0.5307523950853007,-0.5079089728151398,-0.5560619590962164,-0.5256737499730808,-0.504384541546047,-0.5567771649665584,-0.5007964091022776,-0.5353921559988599,-0.5046617341724248,-0.042223416015498456,-0.5276631324281635,-0.48683713001216705,-0.4872500868428042,-0.5097641982223015,-0.46781969428835496,-0.48924234868568767,-0.49231582403051277,-0.4999231937587041,-0.5564029011594024,-0.5041069327577643,-0.49235147660236894,-0.5349537209508036,-0.49909293509924707,-0.5474546339908792,-0.4940355162883737,-0.5187642915024142,-0.5277847808882803,-0.5078130637887194,0.6362675169892843,-0.5486621657572913,-0.5281851294364022,-0.5358493585108106,-0.532158650942509,-0.5545392285178321,-0.527855387140292,-0.551388766537355,-0.4972638815903715,-0.529829121874137,-0.492058314920182,-0.5098686377448751,-0.4930510961079165,-0.4985508224220336,-0.48354144715267866,-0.5614706426712744,-0.5400057369912702,-0.5043730907734595,-0.5224342132498795,-0.5018277193207225,-0.8939199460990005,-0.49191142491479006,-0.5514956466496632,-0.5263454303174414,-0.4747499903752731,-0.4851960933289902,-0.5942626896074702,-0.5355248108877279,-0.5174346580446715,-0.4978869315144097,-0.5037369818318046,-0.5614020978877609,-0.5420391656537737,-0.551365915378063,-0.5319245011440219,-0.492384014072604,-0.5233356379402304,-0.482719691668332,-0.5179328142919396,-0.5178152274696827,-0.5167958397481451,-0.5230692142199869,-0.5596330759556198,-0.5315940813270232,-0.5360610803075053,-0.5257564248472852,-0.5252367557133744,-0.5181098255985579,-0.5087892207967534,-0.5474364948670648,-0.5230810471893762,-0.6648113288280146,-0.49236000181733725,-0.4923805286017961,-0.49906081462057106,-0.5203206705195338,-0.5278134179719906,-0.5212302925202156,-0.4984855234479041,-0.5245179198945635,-0.529861239168496,-0.5421563660682012,-0.5227755775570442,-0.11066426808372769,-0.5320826580693253,-0.5091433635770004,-0.5178997148909814
506,1519071704,-0.5255958486668214,-0.5403486318168219,-0.5128930118453974,-0.5124944466244457,-0.514816529608834,-0.5470291236701651,-0.5243316601462272,-0.5219356990814316,-0.5127656712254457,-0.505406300956975,-0.5467874816907997,-0.5011236074343025,-0.5050727516826321,-0.5251489551641516,-0.5131293265866054,-0.4994778822426451,-0.5261116311779201,-0.48406845644051566,-0.5211962545987193,-0.4934994217244501,-0.5042525269182699,-0.5140828435932671,-0.17069114333744284,-0.5038660232728145,-0.5180683207024784,-0.49834747214537767,-0.5176091535661134,-0.5012301007706089,-0.5246734597115253,-0.5506175514984315,-0.5278263467043881,-0.5430017026967103,-0.4876481659834228,-0.04280727389717069,-0.4803643867219696,-0.5266831991843378,-0.5036594072890388,-0.5507084662558741,-0.521755460510112,-0.5013969256728843,-0.5567771649665584,-0.49659977204759315,-0.5331383635354707,-0.5001758115929799,-0.042223416015498456,-0.521868707190433,-0.48325666982280174,-0.4830762858504143,-0.5059790229030795,-0.46318910504145605,-0.48386567498899297,-0.4873671999920224,-0.49715313597130345,-0.5523964781970994,-0.49992462322790365,-0.4879390397033778,-0.5304373410242857,-0.49357192335257055,-0.5423190504465161,-0.48879847431928103,-0.5137923902584017,-0.5225732909089228,-0.5020759133537938,0.5060261170433672,-0.5451401586466061,-0.5236003508279886,-0.5328454407143504,-0.5284133345012452,-0.550521533542643,-0.5232583229020182,-0.5477749905215905,-0.4950365680102232,-0.5248238644628774,-0.4876434908519415,-0.5074503237221047,-0.48834269701146893,-0.49359354409984624,-0.47981585897009477,-0.5564678244627798,-0.5347902835827715,-0.5015882083773605,-0.5188861706423985,-0.49822392555114614,-0.8934830669222354,-0.4872076443739356,-0.5473620289577923,-0.5228931869541248,-0.4747267161001876,-0.4820108241322789,-0.5942626896074702,-0.5317779067455403,-0.5123736235749525,-0.4934488807829391,-0.5014956059058584,-0.557123682786759,-0.539136230980359,-0.5472385425840304,-0.5278484513268263,-0.4879849524608676,-0.5183461812130052,-0.4789898002117578,-0.5128752628604312,-0.5133645075657703,-0.5117400601254336,-0.5174297004699264,-0.5560613728912195,-0.5278511992749929,-0.532310184165918,-0.5223039235699986,-0.5190243801534965,-0.5143781279437601,-0.5045951468508962,-0.5438471355097363,-0.5181312365716219,-0.6641749720084622,-0.48794702096818654,-0.48819619142931964,-0.49462256364931545,-0.5161894075870717,-0.5220154198826478,-0.5176903516783766,-0.49404077906565186,-0.52220554687353,-0.5252843237888732,-0.5393794960326724,-0.5184215659719461,-0.11066426808372769,-0.5283426192722563,-0.5061138119855132,-0.5122755098967899
507,1519071710,-0.5255958486668214,-0.5403486318168219,-0.5128930118453974,-0.5124944466244457,-0.514816529608834,-0.5470291236701651,-0.5243316601462272,-0.5219356990814316,-0.5127656712254457,-0.505406300956975,-0.5467874816907997,-0.5011236074343025,-0.5040939501254978,-0.5251489551641516,-0.5131293265866054,-0.4994778822426451,-0.5261116311779201,-0.48406845644051566,-0.5211962545987193,-0.4934994217244501,-0.5042525269182699,-0.5140828435932671,-0.17069114333744284,-0.5038660232728145,-0.5180683207024784,-0.49834747214537767,-0.5176091535661134,-0.5012301007706089,-0.5246734597115253,-0.5506175514984315,-0.5278263467043881,-0.5430017026967103,-0.4876481659834228,0.5127600533964333,-0.4803643867219696,-0.5266831991843378,-0.5036594072890388,-0.5507084662558741,-0.521755460510112,-0.5013969256728843,-0.5567771649665584,-0.49659977204759315,-0.5331383635354707,-0.5001758115929799,-0.042223416015498456,-0.521868707190433,-0.48325666982280174,-0.4830762858504143,-0.5059790229030795,-0.46220049552482034,-0.48386567498899297,-0.4873671999920224,-0.49715313597130345,-0.5523964781970994,-0.49992462322790365,-0.4879390397033778,-0.5304373410242857,-0.49357192335257055,-0.5423190504465161,-0.48879847431928103,-0.5137923902584017,-0.5225732909089228,-0.5020759133537938,0.6259853012040802,-0.5451401586466061,-0.5236003508279886,-0.5328454407143504,-0.5284133345012452,-0.550521533542643,-0.5232583229020182,-0.5477749905215905,-0.4950365680102232,-0.5248238644628774,-0.4876434908519415,-0.5074503237221047,-0.48834269701146893,-0.49359354409984624,-0.47981585897009477,-0.5564678244627798,-0.5347902835827715,-0.5015882083773605,-0.5188861706423985,-0.49822392555114614,-0.8934830669222354,-0.4872076443739356,-0.5473620289577923,-0.5228931869541248,-0.4747267161001876,-0.4820108241322789,-0.5942626896074702,-0.5317779067455403,-0.5123736235749525,-0.4934488807829391,-0.5014956059058584,-0.557123682786759,-0.539136230980359,-0.5472385425840304,-0.5278484513268263,-0.4879849524608676,-0.5183461812130052,-0.4789898002117578,-0.5128752628604312,-0.5133645075657703,-0.5117400601254336,-0.5174297004699264,-0.5560613728912195,-0.5278511992749929,-0.532310184165918,-0.5223039235699986,-0.5190243801534965,-0.5143781279437601,-0.5045951468508962,-0.5438471355097363,-0.5181312365716219,-0.6641749720084622,-0.4873953983620427,-0.48819619142931964,-0.49462256364931545,-0.5161894075870717,-0.5220154198826478,-0.5176903516783766,-0.49404077906565186,-0.52220554687353,-0.5252843237888732,-0.5393794960326724,-0.5184215659719461,-0.11066426808372769,-0.5277192794727448,-0.5061138119855132,-0.5122755098967899
508,1519071715,-0.5242010623107556,-0.5374449473870633,-0.5109128695101526,-0.510246391411881,-0.5130441724781012,-0.5455968466265793,-0.5229359516837742,-0.5202080164942289,-0.5106998287165659,-0.5035880508190906,-0.5450181166366399,-0.4985112705255128,-0.5018981201772177,-0.523055637916528,-0.5111499299523227,-0.49756919925738186,-0.5247642331004748,-0.4810824997854907,-0.5184241104655858,-0.4903237737176165,-0.5021548571784569,-0.511612224846565,-0.17069114333744284,-0.5019491678152869,-0.5155919704255537,-0.49594366732645695,-0.5151316743526319,-0.4998395878727722,-0.5232793768460737,-0.5476421873825428,-0.5259561927941087,-0.5418250348255952,-0.48488734490469865,0.2905331224789917,-0.4782356447799533,-0.5246486012338564,-0.5024452457101527,-0.5493700930457885,-0.5188167434128854,-0.5006500217045937,-0.5567771649665584,-0.4942016937306306,-0.5308845710720816,-0.4986805040664983,-0.042223416015498456,-0.5195509370953408,-0.4802729529983306,-0.48069125671190577,-0.5034555726902649,-0.459412183720236,-0.4814760422349064,-0.48516781153047106,-0.4957681070776031,-0.5497255295555641,-0.49853052005128345,-0.4857328212538823,-0.5279282410651092,-0.4913635186539,-0.5407783753832072,-0.48565624913782546,-0.5119279272918971,-0.5208361275824703,-0.5001635298754853,0.6225578959423456,-0.5433791550912636,-0.5215626714464714,-0.5320944612652353,-0.5252922374668585,-0.5485126860550483,-0.5209597907828812,-0.5457099756554394,-0.4935516922901244,-0.5228217614983736,-0.4854360788178212,-0.5044274311936419,-0.4852037642805039,-0.49139030928998517,-0.47821917832041594,-0.5550384478317814,-0.5330517991132718,-0.500195767179311,-0.517112149338658,-0.496422028666358,-0.893240356268477,-0.4840717906800326,-0.5449999617052946,-0.5211670652724665,-0.47470926039387346,-0.4793564331350195,-0.5942626896074702,-0.5310285259171028,-0.5084372634318377,-0.4883768228041155,-0.5000013552885609,-0.554984475236258,-0.536959029975298,-0.5456907777862681,-0.5258104264182286,-0.4857854216549994,-0.5164751349402957,-0.4773912753017974,-0.5089416117470357,-0.5113864098306982,-0.5072460337941345,-0.5151738949699022,-0.5539183510525792,-0.5259797582489778,-0.5308098257092831,-0.5205776729313552,-0.5167653344953591,-0.5125122791163613,-0.5019738506347355,-0.5423088386423098,-0.51615131232452,-0.663856793598686,-0.4840856627251797,-0.4845348964034027,-0.49081834853109635,-0.5144188663303022,-0.520276020455845,-0.5159203812574572,-0.49023099816657856,-0.5212805976651167,-0.5232501391757075,-0.5382687480184609,-0.516555561006904,-0.11066426808372769,-0.5239792406756758,-0.5036901707123235,-0.508900986900275
509,1519071721,-0.5214114895986238,-0.533960526071353,-0.5069525848396632,-0.5068743085930338,-0.5089086725063912,-0.5420161540176146,-0.5201445347588679,-0.5167526513198236,-0.5079453720380597,-0.5011637173019113,-0.5426589632310935,-0.49537646623496506,-0.49969711138471995,-0.5202645482530299,-0.5062014383666158,-0.49438806094860976,-0.5213957379068613,-0.47869373446147073,-0.514543108679199,-0.48841838491351636,-0.49900835256873727,-0.5071651111025012,-0.17069114333744284,-0.4987544087194075,-0.511629809982474,-0.4929389113028061,-0.5111677076110612,-0.49636330562818054,-0.5204912111151704,-0.544666823266654,-0.5215925003367898,-0.53829503121225,-0.48047003117874,0.0683061915615501,-0.4750425318669288,-0.5200707558452732,-0.49940984176293773,-0.5466933466256174,-0.5148984539499167,-0.4969155018631404,-0.5567771649665584,-0.4912040958344274,-0.5286307786086926,-0.4964375427767758,-0.042223416015498456,-0.5160742819527026,-0.47848272290364796,-0.4765174557195158,-0.4996703973710429,-0.45662026385172244,-0.4778915931037766,-0.48131888172275633,-0.4916130203965022,-0.5470545809140287,-0.49574231369804306,-0.4813203843548912,-0.5239136811304267,-0.4863946080818911,-0.537183466902153,-0.48251402395636983,-0.5088204890143893,-0.5173618009295654,-0.4976136852377405,0.6157030854188763,-0.5398571479805783,-0.5169778928380577,-0.529090543468775,-0.5215469210255946,-0.5458342227382555,-0.5163627265446074,-0.5431287070727505,-0.48909706512982787,-0.51831702982824,-0.48046940174105063,-0.5020091171708716,-0.4825879870046997,-0.4869838396702631,-0.47555804390428463,-0.5528943828852837,-0.5284158405279397,-0.49671466418418725,-0.513564106731177,-0.4934188671917111,-0.8929491034839669,-0.48093593698612963,-0.5426378944527969,-0.5165640741213777,-0.474685986118788,-0.47670204213776013,-0.5942626896074702,-0.5280310026033527,-0.5056255776153271,-0.48647480106205665,-0.4962657287453174,-0.5528452676857571,-0.5340560953018831,-0.5431111697899976,-0.521734376601033,-0.48193624274473,-0.5121093603039737,-0.4741942254818767,-0.5055699107926968,-0.5069356899267858,-0.504999020628485,-0.511790186719866,-0.551775329213939,-0.5222368761969475,-0.5285592880243308,-0.5153989210154252,-0.5133767660081531,-0.5094025310706967,-0.4988282951753428,-0.5387194792849813,-0.5121914638303166,-0.6632204367791334,-0.479672681876029,-0.48244272781716446,-0.48701413341287725,-0.5108777838167633,-0.5167972216022393,-0.5117904502753119,-0.48705618075068413,-0.5194306992482899,-0.5191817699493761,-0.5366026259971437,-0.5128235510768199,-0.11066426808372769,-0.5196158620790954,-0.5006606191208363,-0.5066513049025984
510,1519071727,-0.519319310064525,-0.5322183154134978,-0.5049724425044184,-0.5046262533804691,-0.5071363153756584,-0.5405838769740288,-0.5180509720651884,-0.5150249687326209,-0.5065681436988065,-0.49995155054332174,-0.5397100214741605,-0.49328659670793323,-0.49713876234120497,-0.5181712310054064,-0.5037271925737623,-0.4924793779633465,-0.5200483398294159,-0.4757077778064458,-0.5123253933726921,-0.48524273690668274,-0.4963862653939709,-0.5046944923557991,-0.08572961197044983,-0.4968375532618799,-0.5096487297609341,-0.49113605768861557,-0.509185724240276,-0.49427753628142557,-0.5190971282497187,-0.5431791412087097,-0.5184755771529906,-0.5371183633411348,-0.477157045884271,0.1794196570202709,-0.4734459754104165,-0.5175275084071713,-0.49819568018405175,-0.5453549734155319,-0.5129393092184323,-0.49318098202168703,-0.5567771649665584,-0.48940553709670553,-0.5256257219908403,-0.49494223525029424,-0.042223416015498456,-0.5143359543813835,-0.4766924928089653,-0.47472868386563444,-0.49777780971143193,-0.4538066955996328,-0.4760993685382117,-0.4785696461458172,-0.49022799150280183,-0.5450513694328772,-0.49434821052142286,-0.47856261129302174,-0.5219064011630854,-0.4841862033832205,-0.5356427918388441,-0.48041920716873276,-0.506334538392383,-0.5156246376031128,-0.49442637944055967,0.6122756801571416,-0.5375091432401214,-0.5149402134565406,-0.5268376051214299,-0.5178016045843308,-0.543825375250661,-0.5140641944254705,-0.5415799459231371,-0.48761218940972906,-0.5163149268637361,-0.4777101366984003,-0.5001953816537938,-0.4799722097288955,-0.4842297961579368,-0.4739613632546058,-0.5514650062542852,-0.5266773560584401,-0.4932335611890635,-0.5111987449928563,-0.49101633801199357,-0.8926578506994568,-0.478845367856861,-0.5414568608265481,-0.5136872046519472,-0.47467143969685954,-0.4751094075394045,-0.5942626896074702,-0.5272816217749152,-0.5033762289621186,-0.4845727793199978,-0.4947714781280199,-0.5507060601352561,-0.5333303616335295,-0.5405315617937272,-0.5191868454652858,-0.4797367119388618,-0.5102383140312642,-0.4725957005719163,-0.5027601599974143,-0.5044630677579456,-0.5027520074628354,-0.5084064784698297,-0.5496323073752988,-0.5191178078202556,-0.5255585711110611,-0.513097253497234,-0.5111177203500157,-0.5075366822432978,-0.4967312582024142,-0.5366684167950793,-0.5102115395832149,-0.662584079959581,-0.4774661914514537,-0.4803505592309262,-0.4844779900007312,-0.5085170621410706,-0.5150578221754364,-0.509430489714086,-0.48515129030114745,-0.5180432754356697,-0.516639039182919,-0.5349365039758264,-0.5103355444567639,-0.11066426808372769,-0.5177458426805609,-0.49884288816594397,-0.5038392024055026
511,1519071732,-0.5165297373523933,-0.5304761047556427,-0.5020022290015513,-0.5006921567584808,-0.5053639582449255,-0.5398677384522359,-0.5159574093715087,-0.5115696035582157,-0.5051909153595534,-0.49813330040543735,-0.5373508680686141,-0.4901517924173855,-0.4944017431721813,-0.5167756861736573,-0.5017477959394796,-0.48866201199282,-0.5187009417519706,-0.47391620381343086,-0.5084443915863052,-0.48333734810258255,-0.492715343349298,-0.502223873609097,-0.17069114333744284,-0.49428174598517644,-0.5076676495393944,-0.4881313016649647,-0.5072037408694907,-0.49288702338358886,-0.5170060039515412,-0.5411955651314505,-0.5159820386059514,-0.5341766936633471,-0.47439622480554683,0.4016465879377125,-0.4713172334684002,-0.5144756114814492,-0.4951602762368367,-0.5426782269953607,-0.5104903783040768,-0.4916871740851057,-0.5567771649665584,-0.487007458779743,-0.5248744578363773,-0.4912039664340902,-0.042223416015498456,-0.5125976268100643,-0.47370877598449423,-0.4723436547271259,-0.49399263439221,-0.45097941670461184,-0.47430714397264684,-0.4752705634534903,-0.48884296260910154,-0.5437158951121096,-0.4915600041681824,-0.4758048382311523,-0.5198991211957441,-0.4808735963352146,-0.5330750000666625,-0.4783243903810957,-0.5032271001148753,-0.5138874742766604,-0.49060161248394263,0.6157030854188763,-0.5351611384996646,-0.5129025340750234,-0.5238336873249696,-0.5153047269568215,-0.5424861435922647,-0.5117656623063335,-0.5389986773404482,-0.48686975154967965,-0.5143128238992323,-0.47495087165575,-0.4971724891253309,-0.47787958790825213,-0.48037413524067996,-0.47183245572170074,-0.547891564676789,-0.5249388715889406,-0.491841119991014,-0.5094247236891158,-0.48741254424241726,-0.8923665979149468,-0.47623215644527517,-0.5385042767609259,-0.5119610829702889,-0.4746568932749311,-0.4724550165421451,-0.5942626896074702,-0.5242840984611652,-0.5011268803089102,-0.482036750330586,-0.4932772275107225,-0.5492799217682556,-0.5318788942968221,-0.5379519537974568,-0.517148820556688,-0.4764374157300595,-0.5071199035767484,-0.469931492388649,-0.5005123593611883,-0.5024849700228735,-0.4999432410057735,-0.5044588188447874,-0.5482036261495387,-0.516622553118902,-0.5233080334261087,-0.5113710028585907,-0.5077291518628095,-0.5044269341976331,-0.49306144349978925,-0.5341045886827018,-0.508231615336113,-0.6622659015498048,-0.47470807842073454,-0.4777353484981284,-0.48257588244162164,-0.5061563404653779,-0.5133184227486336,-0.5058905488722472,-0.4832463998516108,-0.5161933770188429,-0.5140963084164618,-0.5327150079474035,-0.5059815328716657,-0.11066426808372769,-0.5158758232820264,-0.49702515721105167,-0.501589520407826
512,1519071738,-0.5151349509963273,-0.5281531572118358,-0.5000220866663065,-0.49844410154591606,-0.5035916011141927,-0.5370031843650642,-0.5145617009090555,-0.509841920971013,-0.5017478445114205,-0.49510288350896337,-0.5361712913658409,-0.48701698812683775,-0.4932106090021237,-0.5146823689260338,-0.49976839930519684,-0.48675332900755675,-0.5160061455970798,-0.47093024715840587,-0.5062266762797983,-0.480161700095749,-0.49061767360948494,-0.5002473786117353,-0.08572961197044983,-0.4904480350701212,-0.5051912992624695,-0.4863284480507742,-0.5052217574987055,-0.4908012540368339,-0.5142178382206378,-0.5397078830735061,-0.5141118846956719,-0.533000025792232,-0.4721875679425675,-0.9317149975669371,-0.46918849152638387,-0.5124410135309677,-0.4927319530790647,-0.5413398537852752,-0.5085312335725924,-0.4901933661485244,-0.5567771649665584,-0.48341034130429916,-0.5226206653729881,-0.4904563126708494,-0.042223416015498456,-0.5108592992387452,-0.47072505916002316,-0.4699586255886174,-0.492100046732599,-0.4482524419868261,-0.470722694841517,-0.4719714807611633,-0.4860729048217009,-0.541712683630958,-0.4901659009915622,-0.47304706516928285,-0.5173900212365675,-0.478665191636544,-0.5315343250033536,-0.47465846100273085,-0.4994981741818659,-0.5104131476237554,-0.4886892290056341,0.48546168547295926,-0.5339871361294362,-0.5108648546935063,-0.5230827078758545,-0.5140562881430668,-0.5411469119338682,-0.5100417632169808,-0.5374499161908348,-0.483900000109482,-0.5123107209347284,-0.4727434596216297,-0.4959633321139457,-0.4747406551772871,-0.4776200917283537,-0.4691713213055694,-0.5464621880457906,-0.523200387119441,-0.4904486787929645,-0.5070593619507953,-0.4856106473576291,-0.8921238872611884,-0.4730963027513722,-0.5373232431346772,-0.5102349612886306,-0.47464525613738834,-0.4708623819437895,-0.5942626896074702,-0.521286575147415,-0.4977528573290975,-0.4795007213411742,-0.49103585158477636,-0.5471407142177547,-0.5282502259550537,-0.5364041889996944,-0.5146012894209407,-0.4742378849241913,-0.505248857304039,-0.4678001258420352,-0.49714065840684935,-0.5005068722878013,-0.4965727212572991,-0.5022030133447632,-0.5467749449237785,-0.5141272984175486,-0.5218076749694738,-0.5096447522199473,-0.5043405833756035,-0.5025610853702343,-0.49096440652686074,-0.5325662918152753,-0.5052617289654604,-0.6616295447302523,-0.47250158799615916,-0.474597095618771,-0.4800397390294756,-0.5032054383707621,-0.5104194237039622,-0.5041205784513277,-0.4807065459188952,-0.5148059532062229,-0.5115535776500048,-0.5316042599331919,-0.5034935262516097,-0.11066426808372769,-0.5140058038834919,-0.49460151593786195,-0.4976525769118919
513,1519071744,-0.5130427714622285,-0.525830209668029,-0.49754690874725066,-0.49619604633335135,-0.5018192439834599,-0.5355709073214784,-0.5117702839841494,-0.5075383441880761,-0.49968200200254087,-0.4926785499917841,-0.5349917146630677,-0.48388218383629006,-0.4906160080490852,-0.5132868240942847,-0.4977890026709141,-0.4848446460222935,-0.5146587475196344,-0.46913867316539093,-0.5040089609732915,-0.4776211816902821,-0.4885200038696718,-0.4982708836143736,-0.08572961197044983,-0.4878922277934177,-0.5032102190409297,-0.4833236920271233,-0.5022487824425276,-0.4894107411389972,-0.5128237553551861,-0.5372284129769321,-0.5122417307853924,-0.5312350239855593,-0.46942674686384334,-0.2094774720852519,-0.4670597495843675,-0.5104064155804863,-0.4915177915001787,-0.5400014805751896,-0.506082302658237,-0.48944646218023374,-0.5567771649665584,-0.480412743408096,-0.5211181370640621,-0.4889610051443678,-0.042223416015498456,-0.5073826440961069,-0.46833808570044627,-0.46816985373473596,-0.49020745907298796,-0.4454482547009528,-0.4689304702759521,-0.46977209229961203,-0.48468787592800056,-0.5403772093101904,-0.488771797814942,-0.47028929210741344,-0.514880921277391,-0.4759046857632057,-0.5299936499400447,-0.4725636442150938,-0.4976337112153612,-0.508675984297303,-0.48677684552732553,0.6157030854188763,-0.5328131337592078,-0.5088271753119891,-0.5200787900793943,-0.5109351911086802,-0.5391380644462737,-0.5083178641276281,-0.5353849013246837,-0.4824151243893831,-0.5103086179702246,-0.4705360475875095,-0.4935450180911754,-0.47264803335664374,-0.4754168569184926,-0.4670424137726643,-0.5457474997302914,-0.5214619026499414,-0.489056237594915,-0.5052853406470548,-0.483808750472841,-0.8918811766074299,-0.4710057336221035,-0.5349611758821794,-0.5085088396069722,-0.4746307097154599,-0.46873886914598195,-0.5942626896074702,-0.5205371943189776,-0.49494117151258693,-0.4775986995991154,-0.4895416009674789,-0.545714575850754,-0.5253472912816389,-0.5348564242019322,-0.5125632645123429,-0.471488471416856,-0.5021304468495232,-0.4662016009320748,-0.49489285777062336,-0.49852877455272915,-0.4943257080916496,-0.49994720784473906,-0.5446319230851383,-0.511632043716195,-0.5195571372845215,-0.5079185015813039,-0.5015167763029317,-0.5000732869337025,-0.48834311031070005,-0.5310279949478488,-0.5032818047183587,-0.661152277115588,-0.47029509757158383,-0.4719818848859732,-0.47813763147036603,-0.5014348971139927,-0.5086800242771593,-0.5023506080304082,-0.4775317285030008,-0.5138810039978096,-0.509519393036839,-0.5304935119189804,-0.5016275212865676,-0.11066426808372769,-0.5121357844849574,-0.49217787466467217,-0.4954028949142153
514,1519071749,-0.5109505919281296,-0.5240879990101738,-0.4955667664120059,-0.4939479911207866,-0.49886531543223844,-0.5334224917560996,-0.5096767212904697,-0.5058106616008735,-0.49830477366328774,-0.49086029985389973,-0.5332223496089079,-0.4807473795457423,-0.4880369436286996,-0.5118912792625357,-0.49531475687806065,-0.48293596303703024,-0.5126376504034663,-0.46734709917237593,-0.501236816840158,-0.4763509224875486,-0.48642233412985875,-0.496294388617012,-0.17069114333744284,-0.48597537233589005,-0.5012291388193898,-0.4809198872082026,-0.5002667990717422,-0.4873249717922422,-0.5114296724897345,-0.5357407309189878,-0.5103715768751129,-0.5300583561144443,-0.467218090000864,-0.26503420481461226,-0.4654631931278553,-0.5078631681423845,-0.48969654913184973,-0.538663107365104,-0.5036333717438815,-0.4879526542436524,-0.5567771649665584,-0.4774151455118928,-0.519615608755136,-0.48746569761788616,-0.042223416015498456,-0.5056443165247877,-0.4665478556057636,-0.4651885673116003,-0.4876840088601733,-0.4426180893547883,-0.4671382457103872,-0.4675727038380607,-0.4826103325874501,-0.5390417349894228,-0.4873776946383218,-0.46697996443317014,-0.5128736413100498,-0.47369628106453515,-0.5284529748767358,-0.4704688274274567,-0.49576924824885654,-0.5069388209708504,-0.484864462049017,0.5642920064928564,-0.5298781278336367,-0.5062800760850926,-0.5185768311811642,-0.5090625328880483,-0.5377988327878773,-0.5065939650382754,-0.5328036327419948,-0.48018781080923484,-0.5078059892645949,-0.4683286355533892,-0.49233586107979027,-0.4705554115360004,-0.4732136221086316,-0.4649135062397592,-0.5443181230992928,-0.5191439233572753,-0.48766379639686547,-0.5035113193433143,-0.48200685358805284,-0.8916870080844232,-0.4683925222105177,-0.5325991086296817,-0.5062073440314279,-0.47461907257791713,-0.4671462345476263,-0.5942626896074702,-0.5190384326621026,-0.4926918228593785,-0.4744286633623506,-0.48730022504153275,-0.5442884374837534,-0.5246215576132852,-0.5333086594041699,-0.5105252396037452,-0.4681891752080537,-0.5002594005768137,-0.4646030760221144,-0.4926450571343974,-0.49605615238388895,-0.49151694163458765,-0.4976914023447149,-0.5432032418593781,-0.5085129753395031,-0.5173065995995692,-0.5050414171835651,-0.49869296923025996,-0.49634158927890487,-0.48572181409453935,-0.5284641668354713,-0.5013018804712569,-0.6608340987058117,-0.4675369845408647,-0.46988971629973497,-0.4762355239112565,-0.49966435585722324,-0.5069406248503565,-0.49999064746918237,-0.4756268380534642,-0.5124935801851894,-0.5074852084236733,-0.5288273898976632,-0.49976151632152555,-0.11066426808372769,-0.5090190854873999,-0.4909660540280773,-0.4931532129165387
515,1519071755,-0.5095558055720638,-0.5223457883523186,-0.49358662407676124,-0.49169993590822186,-0.49591138688101705,-0.5319902147125137,-0.5082810128280166,-0.5040829790136708,-0.4969275453240346,-0.48904204971601534,-0.5308631962033614,-0.4786575100187105,-0.4854242167208993,-0.5091001895990376,-0.4933353602437779,-0.481027280051767,-0.5112902523260209,-0.464958333848356,-0.49901910153365114,-0.47381040408208175,-0.4838002469550924,-0.4943178936196503,-0.08572961197044983,-0.48405851687836243,-0.49924805859785004,-0.4791170335940121,-0.49828481570095695,-0.48593445889440556,-0.5086415067588311,-0.5342530488610434,-0.5078780383280735,-0.5282933543077716,-0.4650094331378847,0.1794196570202709,-0.46386663667134304,-0.5058285701919031,-0.4884823875529637,-0.5373247341550185,-0.5016742270123971,-0.4864588463070711,-0.5567771649665584,-0.4756165867741709,-0.5166105521372838,-0.48671804385464534,-0.042223416015498456,-0.5039059889534686,-0.46475762551108096,-0.4633997954577189,-0.48579142120056235,-0.4398146236817008,-0.46534602114482226,-0.46537331537650944,-0.4812253036937498,-0.5377062606686551,-0.4859835914617016,-0.46477374598367455,-0.5108663613427085,-0.47148787636586453,-0.5269122998134269,-0.46837401063981965,-0.4939047852823518,-0.5046226032022472,-0.4829520785707085,0.6225578959423456,-0.5281171242782942,-0.5037329768581962,-0.5170748722829341,-0.5071898746674164,-0.5364596011294809,-0.5048700659489227,-0.5312548715923815,-0.47870293508913603,-0.505803886300091,-0.46556937051073893,-0.4905221255627125,-0.4679396342601962,-0.47101038729877054,-0.4633168255900804,-0.5436034347837936,-0.5174054388877758,-0.486271355198816,-0.4999632767358333,-0.47900369211340593,-0.8912015867769064,-0.46630195308124905,-0.531418075003433,-0.5044812223497696,-0.4746074354403744,-0.46555359994927065,-0.5942626896074702,-0.51679029017679,-0.49044247420617004,-0.4725266416202918,-0.4858059744242353,-0.5435753683002531,-0.5231700902765778,-0.5312449730071536,-0.5074682022408485,-0.4659896444021855,-0.49838835430410433,-0.46300455111215405,-0.48983530633911493,-0.4940780546488168,-0.48926992846893813,-0.4954355968446907,-0.5424889012464981,-0.506641534313488,-0.5165564203712517,-0.5033151665449217,-0.49643392357212257,-0.494475740451506,-0.48362477712161084,-0.5269258699680448,-0.4988269751623797,-0.6603568310911474,-0.46533049411628935,-0.4677975477134967,-0.4730653446460739,-0.4978938146004538,-0.5052012254235536,-0.4982206770482629,-0.4737219476039275,-0.5087937833515358,-0.5054510238105077,-0.5260505198621344,-0.4978955113564835,-0.11066426808372769,-0.5071490660888655,-0.489148323073185,-0.4909035309188621
516,1519071760,-0.507463626037965,-0.5206035776944634,-0.4911114461577053,-0.4883278530893747,-0.49413902975028423,-0.5312740761907209,-0.506187450134337,-0.5012035080349997,-0.4955503169847814,-0.4878298829574257,-0.5296836195005883,-0.47656764049167866,-0.4827027340845286,-0.5077046447672886,-0.4913559636094951,-0.47720991408124047,-0.5099428542485756,-0.461972377193331,-0.4968013862271443,-0.4712698856766149,-0.4817025772152793,-0.49184727487294816,-0.17069114333744284,-0.4821416614208348,-0.4972669783763102,-0.47731417997982156,-0.4963028323301717,-0.48454394599656886,-0.5072474238933794,-0.5327653668030989,-0.5053844997810343,-0.5259400185655414,-0.46280077627490535,0.4016465879377125,-0.4617378947293267,-0.5032853227538012,-0.4860540643951917,-0.5359863609449329,-0.4997150822809127,-0.4842181344021991,-0.5567771649665584,-0.47381802803644896,-0.5158592879828208,-0.4837274288016821,-0.042223416015498456,-0.5021676613821494,-0.4617739086866099,-0.4610147663192104,-0.48389883354095137,-0.43698878801225155,-0.4623589802022141,-0.4631739269149581,-0.4798402748000495,-0.5363707863478874,-0.4838924366967713,-0.462567527534179,-0.5088590813753672,-0.4687273704925263,-0.5248580663956817,-0.4647080812614548,-0.49204032231584716,-0.5028854398757947,-0.4804022339329638,0.6225578959423456,-0.5269431219080657,-0.501695297476679,-0.514821933935589,-0.5053172164467844,-0.5351203694710845,-0.5019969008000015,-0.529706110442768,-0.47721805936903716,-0.5038017833355871,-0.4628101054680886,-0.4893129685513274,-0.46427754607407035,-0.46825634378644426,-0.4617201449404016,-0.5421740581527952,-0.5156669544182761,-0.48418269340174175,-0.4981892554320928,-0.4772017952286178,-0.8910074182538997,-0.4631660993873461,-0.5296465245640597,-0.5021797267742252,-0.47459579830283166,-0.463960965350915,-0.5942626896074702,-0.515291528519915,-0.4865061140630552,-0.46999061263088,-0.48505884911558655,-0.5421492299332524,-0.5224443566082242,-0.5296972082093914,-0.5054301773322507,-0.4632402308948502,-0.49526994384958856,-0.4608731845655402,-0.4859016552257195,-0.4916054324799766,-0.4858994087204638,-0.49261583996966046,-0.5410602200207378,-0.5047700932874728,-0.5143058826862993,-0.5015889159062784,-0.4941748779139852,-0.49198794201497426,-0.48152774014868227,-0.5253875731006183,-0.496847050915278,-0.6600386526813711,-0.46312400369171397,-0.4646592948341393,-0.4692611295278548,-0.4955330929247611,-0.5034618259967508,-0.4952707263467305,-0.46991216670485414,-0.5074063595389158,-0.5029082930440505,-0.5238290238337113,-0.4947855030814134,-0.11066426808372769,-0.505279046690331,-0.4873305921182927,-0.4875290079223472
517,1519071766,-0.5032792669697673,-0.5159576826068497,-0.4871511614872158,-0.4838317426642453,-0.49059431548881854,-0.5284095221035491,-0.5033960332094307,-0.49774814286059443,-0.4921072461366486,-0.4835872993023621,-0.525555101040882,-0.47238790143761505,-0.4799734831818314,-0.5049135551037904,-0.4873971703409296,-0.47339254811071396,-0.5072480580936848,-0.4583892292073011,-0.49236595561413066,-0.46745910806841456,-0.4775072377356531,-0.48789428487822484,-0.17069114333744284,-0.4757521432290761,-0.49181900776707566,-0.4737084727514405,-0.4918433697459048,-0.48176292020089556,-0.5037622167297502,-0.5292941086678954,-0.5016441919604753,-0.5218216810166386,-0.45838346254894663,-0.5428178684614143,-0.45854478181630215,-0.49921612685283834,-0.4830186604479767,-0.532640427919719,-0.4953070066350728,-0.4819774224973271,-0.5567771649665584,-0.4702209105610052,-0.5128542313649687,-0.4814844675119597,-0.042223416015498456,-0.49811156371573806,-0.459386935227033,-0.45803347989607474,-0.4801136582217294,-0.4341470768615132,-0.4581771228825627,-0.45822530287646773,-0.47707021701264885,-0.5330321005459683,-0.4811042303435309,-0.457603536022814,-0.5043427014488494,-0.4643105610951851,-0.5207495995601912,-0.46051844768618067,-0.48768990872733625,-0.4976739498964372,-0.4753025446574744,0.3552202855270422,-0.5228341136122663,-0.4976199387136446,-0.5110670366900136,-0.5015719000055205,-0.5324419061542918,-0.49854910262129615,-0.5260923344270036,-0.47499074578888895,-0.49879652592432755,-0.4583952813998481,-0.4856854975171719,-0.46061545788794445,-0.4638498741667222,-0.4574623298745914,-0.538600616575299,-0.5104515010097774,-0.4813978110056428,-0.4946412128246119,-0.47359800145904146,-0.8906190812078862,-0.4600302456934431,-0.5261034236853132,-0.4987274834109086,-0.47457252402774613,-0.46024481795475186,-0.5942626896074702,-0.5115446243777274,-0.48256975391994045,-0.4668205763941153,-0.4820703478809917,-0.538583884015751,-0.5188156882664557,-0.5255698354153586,-0.5013541275150551,-0.4588411692831138,-0.49152785130416965,-0.45767613474561947,-0.48196800411232404,-0.4876492370098323,-0.4825288889719895,-0.48754027759460605,-0.5389171981820976,-0.5004033975601042,-0.5113051657730295,-0.49813641462899166,-0.4885272637686417,-0.48825624436017656,-0.4773336662028252,-0.5217982137432898,-0.4918972402975236,-0.6594022958618186,-0.4581594002364195,-0.46152104195478194,-0.4660909502626723,-0.49081164957337586,-0.497663827907408,-0.4917307855048917,-0.4667373492889597,-0.505556461122089,-0.4983313776644277,-0.5221629018123941,-0.4910534931513293,-0.11066426808372769,-0.5009156680937504,-0.4843010405268055,-0.4835920644264131
518,1519071772,-0.5018844806137015,-0.5130539981770911,-0.4851710191519711,-0.4827077150579629,-0.4888219583580857,-0.5276933835817562,-0.5020003247469776,-0.49602046027339175,-0.4900414036277689,-0.4823751325437725,-0.5243755243381089,-0.47134296667409914,-0.47784756763048947,-0.5035180102720415,-0.48541777370664685,-0.47275632044895954,-0.5059006600162393,-0.4577920378762961,-0.49070266913425054,-0.4661888488656811,-0.4764584028657466,-0.48591778988086315,-0.17069114333744284,-0.4751131914099002,-0.4898379275455358,-0.4725065703419802,-0.48986138637511956,-0.48037240730305886,-0.5023681338642986,-0.527806426609951,-0.5003974226869556,-0.521233347081081,-0.4561748056859673,0.3460898552083521,-0.4569482253597899,-0.49718152890235695,-0.4818044988690907,-0.5313020547096334,-0.4933478619035885,-0.4804836145607458,-0.5567771649665584,-0.4690218714025239,-0.5121029672105055,-0.4799891599854781,-0.042223416015498456,-0.4963732361444189,-0.45759670513235035,-0.4574372226114476,-0.47822107056211843,-0.4313804134405049,-0.4569823065055194,-0.45657576153030427,-0.4756851881189485,-0.5316966262252006,-0.4797101271669107,-0.45594887218569236,-0.5018336014896728,-0.4626542575711821,-0.5197224828513186,-0.4594710392923621,-0.48644693341633316,-0.49593678656998474,-0.4746650834980382,0.6362675169892843,-0.522247112427152,-0.49558225933212746,-0.5103160572408986,-0.49907502237801127,-0.5311026744958953,-0.4968252035319434,-0.5250598269939281,-0.4735058700687901,-0.49679442295982373,-0.4567397223742579,-0.48387176200009413,-0.4595691469776228,-0.4621974480593264,-0.45639787610813887,-0.5371712399443005,-0.5087130165402779,-0.48000536980759323,-0.4928671915208714,-0.4729973691641121,-0.8905219969463829,-0.45898496112880877,-0.5249223900590643,-0.4970013617292503,-0.4745579776058177,-0.45865218335639624,-0.5942626896074702,-0.5107952435492898,-0.4814450795933362,-0.46491855465205645,-0.481323222572343,-0.5378708148322506,-0.5166384872613946,-0.5245379922168505,-0.49931610260645737,-0.45719152117871265,-0.49028048712236333,-0.45661045147231255,-0.48084410379421105,-0.4856711392747602,-0.4808436290977523,-0.486412374844594,-0.5374885169563375,-0.4991557702094274,-0.5105549865447121,-0.4964101639903483,-0.487397740939573,-0.4870123451419107,-0.47628514771636093,-0.5207726824983387,-0.4899173160504218,-0.6590841174520424,-0.456504532417988,-0.4599519155151033,-0.46545691440963577,-0.4890411083166064,-0.49592442848060514,-0.4899608150839722,-0.46610238580578084,-0.5046315119136756,-0.49629719305126196,-0.5210521537981826,-0.4898094898413013,-0.11066426808372769,-0.4996689884947275,-0.4824833095719132,-0.4824672234275748
519,1519071777,-0.5004896942576356,-0.511311787519236,-0.4831908768167264,-0.4793356322391158,-0.48704960122735286,-0.5262611065381704,-0.5006046162845246,-0.4942927776861891,-0.4879755611188892,-0.48055688240588806,-0.522606159283949,-0.4676856950017934,-0.47526591378799504,-0.5014246930244178,-0.4829435279137934,-0.46957518214018745,-0.504553261938794,-0.45600046388328114,-0.48737609617449035,-0.46428346006158094,-0.47331189825602693,-0.483447171134161,-0.17069114333744284,-0.47191843231402086,-0.487856847323996,-0.46890086311359913,-0.48738390716163793,-0.4782866379563039,-0.5009740509988468,-0.5248310624940623,-0.4979038841399163,-0.5188800113388509,-0.45341398460724314,0.45720332066707287,-0.45481948341777356,-0.4951469309518755,-0.4799832565007617,-0.5299636814995479,-0.4904091448063619,-0.47973671059245515,-0.5567771649665584,-0.4654247539270801,-0.5098491747471164,-0.47924150622223727,-0.042223416015498456,-0.4934760235255537,-0.4558064750376677,-0.4544559361883119,-0.47506675779610014,-0.4285589074477708,-0.45519008193995447,-0.45382652595336515,-0.4743001592252482,-0.5296934147440491,-0.4783160239902905,-0.45263954451144905,-0.49982632152233153,-0.4593416505231762,-0.517154691079137,-0.45737622250472504,-0.4839609827943269,-0.4941996232435322,-0.47147777770085736,0.6294127064658149,-0.5198991076866952,-0.4935445799506103,-0.5088140983426684,-0.496578144750502,-0.5290938270083008,-0.4945266714128065,-0.5224785584112391,-0.4727634322087407,-0.4942917942541939,-0.4539804573316076,-0.4820580264830164,-0.45747652515697945,-0.45944340454700006,-0.4542689685752338,-0.5364565516288013,-0.5069745320707784,-0.47861292860954374,-0.4910931702171309,-0.4699942076894652,-0.8901822020311211,-0.45637174971722294,-0.5219698059934422,-0.495275240047592,-0.47454343118388925,-0.4565286705585887,-0.5942626896074702,-0.5092964818924148,-0.4786333937768256,-0.4617485184152917,-0.4790818466463968,-0.5357316072817497,-0.5151870199246873,-0.5224743058198341,-0.4972780776978596,-0.4544421076713774,-0.48778575875875074,-0.4544790849256987,-0.4780343529989286,-0.483693041539688,-0.47803486264069034,-0.48302866659455773,-0.5353454951176972,-0.49541288815739715,-0.5090546280880772,-0.4941084964721572,-0.4840091724523669,-0.4845245467053789,-0.472615333013736,-0.5187216200084368,-0.4879373918033201,-0.6587659390422662,-0.45319479678112495,-0.457859746928865,-0.4622867351444532,-0.4872705670598369,-0.4941850290538023,-0.4881908446630528,-0.4629275683898864,-0.5032440881010555,-0.4942630084380963,-0.5199414057839711,-0.4873214832212452,-0.11066426808372769,-0.49655228949717,-0.4806655786170209,-0.4802175414298982
520,1519071783,-0.4990949079015697,-0.5095695768613808,-0.48071569889767046,-0.477087577026551,-0.48468645838637575,-0.5241126909727916,-0.4992089078220714,-0.49198920090325227,-0.48659833277963604,-0.47873863226800367,-0.5214265825811758,-0.46559582547476164,-0.47257032537271254,-0.4993313757767943,-0.48046928212094,-0.4676664991549242,-0.502532164822626,-0.45301450722825615,-0.4846039520413568,-0.46174294165611407,-0.4706898110812606,-0.48097655238745896,-0.17069114333744284,-0.47000157685649324,-0.4858757671024561,-0.4670980094994086,-0.4854019237908527,-0.4768961250584672,-0.4995799681333952,-0.5233433804361179,-0.49416357631935737,-0.5171150095321781,-0.450653163528519,0.5683167861257937,-0.4532229269612613,-0.49311233300139407,-0.4787690949218757,-0.5286253082894623,-0.4884500000748775,-0.4782429026558738,-0.5567771649665584,-0.46362619518935816,-0.5075953822837274,-0.4777461986957557,-0.042223416015498456,-0.49173769595423455,-0.45401624494298504,-0.45147464976517626,-0.4725433075832855,-0.4257323501655356,-0.4528004491858679,-0.4516271374918138,-0.4722226158846977,-0.5283579404232814,-0.4769219208136703,-0.45043332606195347,-0.4978190415549903,-0.4571332458245056,-0.5156140160158281,-0.45475770152017875,-0.4820965198278222,-0.49246245991707976,-0.4695653942225488,0.6294127064658149,-0.5181381041313526,-0.49099748072371385,-0.5073121394444383,-0.4940812671229927,-0.5270849795207062,-0.49222813929366954,-0.5209297972616258,-0.469793680768543,-0.4917891655485641,-0.45066933928042724,-0.4802442909659387,-0.45486074788117525,-0.45724016973713905,-0.452672287925555,-0.5350271749978028,-0.5040770579549457,-0.47722048741149425,-0.48813646804423005,-0.46759167850974764,-0.8899880335081144,-0.45323589602332,-0.5207887723671933,-0.4923983705781615,-0.47453179404634654,-0.4549360359602331,-0.5942626896074702,-0.5077977202355398,-0.4758217079603151,-0.45984649667323285,-0.4775875960290994,-0.5343054689147491,-0.5137355525879799,-0.5209265410220718,-0.49473054656211235,-0.45224257686550917,-0.4859147124860413,-0.45288056001573834,-0.47522460220364615,-0.4812204193708478,-0.47522609618362843,-0.48077286109453354,-0.533202473279057,-0.493541447131382,-0.5075542696314423,-0.4912314120744183,-0.4817501267942295,-0.4826586978779801,-0.4705182960408074,-0.5166705575185347,-0.4859574675562183,-0.6582886714276018,-0.4504366837504058,-0.45576757834262677,-0.4591165558792706,-0.48550002580306745,-0.49244562962699945,-0.48642087424213337,-0.459752750973992,-0.5023191388926421,-0.49222882382493055,-0.5188306577697596,-0.48545547825620317,-0.11066426808372769,-0.49343559049961255,-0.47945375798042605,-0.47740543893280246
521,1519071789,-0.49700272836747084,-0.5078273662035256,-0.4777454853948034,-0.4737154942077039,-0.4829141012556429,-0.5226804139292057,-0.4971153451283918,-0.48853383572884695,-0.4852211044403829,-0.4775264655094141,-0.5184776408242427,-0.4635059559477298,-0.47006635419348275,-0.4979358309450453,-0.4784898854866572,-0.4644853608461521,-0.5011847667451805,-0.4494313592422262,-0.48238623673485,-0.4592024232506472,-0.46806772390649426,-0.47900005739009727,-0.17069114333744284,-0.4680847213989656,-0.4838946868809163,-0.4652951558852181,-0.48341994042006736,-0.47550561216063053,-0.4974888438352177,-0.5218556983781736,-0.49229342240907786,-0.514761673789948,-0.44844450666553964,0.5683167861257937,-0.4516263705047491,-0.49056908556329226,-0.47694785255354666,-0.5272869350793767,-0.48649085534339315,-0.4745083828144205,-0.5567771649665584,-0.46182763645163627,-0.5060928539748012,-0.47699854493251487,-0.042223416015498456,-0.4899993683829154,-0.4498390413887255,-0.4484933633420406,-0.4706507199236745,-0.42292888449244814,-0.44981340824325977,-0.4488779019148747,-0.47083758699099737,-0.52635472894213,-0.47552781763705004,-0.44767555300008405,-0.495811761587649,-0.454924841125835,-0.5135597825980829,-0.4516154763387231,-0.47961056920581596,-0.49014624214847646,-0.46637808842536793,0.6259853012040802,-0.51637710057601,-0.4889598013421967,-0.5050592010970931,-0.4922086089023608,-0.5257457478623098,-0.4905042402043169,-0.5193810361120124,-0.4690512429084936,-0.4897870625840603,-0.44846192724630696,-0.4790351339545535,-0.45119865969504935,-0.455036934927278,-0.4510756072758762,-0.5335977983668043,-0.5023385734854462,-0.4744356050153953,-0.4863624467404896,-0.46518914933003014,-0.8897938649851077,-0.450100042329417,-0.5196077387409445,-0.4900968750026171,-0.4745201569088038,-0.45334340136187745,-0.5942626896074702,-0.5055495777502272,-0.4735723593071066,-0.457944474931174,-0.4760933454118019,-0.5321662613642482,-0.5122840852512726,-0.5183469330258014,-0.49269252165351457,-0.44949316335817385,-0.48404366621333184,-0.45128203510577797,-0.47297680156742017,-0.4787477972020076,-0.47297908301797886,-0.4779531042195033,-0.5317737920532969,-0.49104619243002845,-0.50530373194649,-0.48950516143577494,-0.4794910811360921,-0.4795489498323154,-0.46842125906787885,-0.5151322606511083,-0.48348256224734115,-0.6579704930178256,-0.4482301933258305,-0.4515832411701503,-0.45721444832016106,-0.48372948454629794,-0.4907062302001966,-0.4840609136809075,-0.4578478605244553,-0.5013941896842287,-0.49019463921176487,-0.5177199097555482,-0.4835894732911611,-0.11066426808372769,-0.49156557110107807,-0.4776360270255337,-0.47459333643570667
522,1519071794,-0.4942131556553391,-0.5037622080018637,-0.4732901651405027,-0.46865736997943325,-0.47936938699417725,-0.5190997213202412,-0.493626073972259,-0.4845025763587074,-0.4817780335922501,-0.47388996523364524,-0.5149389107159231,-0.4588037495119082,-0.4647399129156382,-0.49374919644979814,-0.4745310922180917,-0.45939553955211676,-0.4978162715515671,-0.4452510199251913,-0.4773963772952096,-0.45285112723697996,-0.4633479669919148,-0.4740588198966931,-0.17069114333744284,-0.46361205866473454,-0.4789419863270667,-0.46108849745210684,-0.47945597367849685,-0.47202932991603885,-0.49330659523886267,-0.5188803342622847,-0.48792972995175904,-0.5118200041121602,-0.444027192939581,0.8461004497725957,-0.4479010721062205,-0.4864998896623294,-0.47209120623800266,-0.5226026288440773,-0.48257256588042435,-0.4722676709095485,-0.5567771649665584,-0.4570314798177112,-0.5015852690480229,-0.47176496858982925,-0.042223416015498456,-0.4865227132402771,-0.445661837834466,-0.44491581963427784,-0.4662346820512489,-0.41732339637184496,-0.44563155092360834,-0.44337943076099645,-0.4673750147567466,-0.522348305979827,-0.47134550810718945,-0.443263116101093,-0.4912953816611312,-0.4494038293791585,-0.5099648741170287,-0.4469021385665397,-0.47401718030630197,-0.48551380661126986,-0.4625533214687509,0.6431223275127536,-0.513442094650439,-0.48488444257916236,-0.5028062627497479,-0.4884632924610969,-0.523067284545517,-0.48533254293625877,-0.5152510063797101,-0.46533905360824646,-0.4857828566550526,-0.4434952501695364,-0.47419850590901286,-0.4464902605986018,-0.4495288479026254,-0.4473500190932923,-0.5285949801583097,-0.498861604546447,-0.47165072261929625,-0.48281440413300863,-0.4603840909705951,-0.8893569858083425,-0.4459189040708797,-0.5154741210490735,-0.48606925774541443,-0.47449688263371825,-0.44909637576626243,-0.5942626896074702,-0.5010532927796022,-0.4673866505107834,-0.4528724169523504,-0.4723577188685583,-0.5278878462632464,-0.5086554169095041,-0.5147354818310228,-0.488616471836319,-0.44509410174643743,-0.4784305273952034,-0.4470193020125503,-0.46735729997685527,-0.4742970772980953,-0.467361550103855,-0.473441493219455,-0.5296307702146567,-0.4873033103779982,-0.5015528358049027,-0.48605266015848825,-0.47440822840528296,-0.47581725217751775,-0.46370292587878964,-0.5115429012937798,-0.47902773269136223,-0.657175046993385,-0.44381721247667977,-0.4468758618511142,-0.45277619734890545,-0.47959822161383586,-0.48548803191978807,-0.4805209728390686,-0.4527681526590242,-0.49908181666319523,-0.485617723832142,-0.5149430397200193,-0.47799145839603496,-0.11066426808372769,-0.4878255323040091,-0.4740005651157491,-0.46784429044267684
523,1519071800,-0.49351576247730616,-0.5037622080018637,-0.4732901651405027,-0.46865736997943325,-0.47936938699417725,-0.5190997213202412,-0.493626073972259,-0.4845025763587074,-0.4817780335922501,-0.47388996523364524,-0.5149389107159231,-0.4588037495119082,-0.46462079949863244,-0.49374919644979814,-0.4745310922180917,-0.45939553955211676,-0.4978162715515671,-0.4452510199251913,-0.4773963772952096,-0.45285112723697996,-0.4633479669919148,-0.4740588198966931,-0.17069114333744284,-0.46361205866473454,-0.4789419863270667,-0.46108849745210684,-0.47945597367849685,-0.47133407346712053,-0.49330659523886267,-0.5178885462236552,-0.48792972995175904,-0.5118200041121602,-0.444027192939581,0.7905437170432352,-0.4479010721062205,-0.4864998896623294,-0.47209120623800266,-0.5226026288440773,-0.48208277969755325,-0.4722676709095485,-0.5567771649665584,-0.4570314798177112,-0.5015852690480229,-0.47176496858982925,-0.042223416015498456,-0.4865227132402771,-0.445661837834466,-0.44491581963427784,-0.4662346820512489,-0.4172829860558365,-0.44563155092360834,-0.44337943076099645,-0.4673750147567466,-0.522348305979827,-0.47134550810718945,-0.443263116101093,-0.4912953816611312,-0.4494038293791585,-0.5099648741170287,-0.4469021385665397,-0.47401718030630197,-0.48551380661126986,-0.4625533214687509,0.619130490680611,-0.513442094650439,-0.48488444257916236,-0.5013043038515178,-0.4884632924610969,-0.523067284545517,-0.48533254293625877,-0.5152510063797101,-0.46533905360824646,-0.4857828566550526,-0.4434952501695364,-0.47419850590901286,-0.4464902605986018,-0.4495288479026254,-0.4473500190932923,-0.5285949801583097,-0.498861604546447,-0.47165072261929625,-0.48281440413300863,-0.4603840909705951,-0.8893569858083425,-0.4459189040708797,-0.5154741210490735,-0.48606925774541443,-0.47449688263371825,-0.44909637576626243,-0.5942626896074702,-0.5010532927796022,-0.4673866505107834,-0.4528724169523504,-0.47161059355990964,-0.5278878462632464,-0.5086554169095041,-0.5147354818310228,-0.488616471836319,-0.44509410174643743,-0.4784305273952034,-0.4470193020125503,-0.46735729997685527,-0.4742970772980953,-0.467361550103855,-0.473441493219455,-0.5296307702146567,-0.4873033103779982,-0.5015528358049027,-0.48605266015848825,-0.47440822840528296,-0.47581725217751775,-0.46370292587878964,-0.5115429012937798,-0.47902773269136223,-0.657175046993385,-0.44381721247667977,-0.4468758618511142,-0.45277619734890545,-0.47959822161383586,-0.48548803191978807,-0.4805209728390686,-0.4527681526590242,-0.49908181666319523,-0.485617723832142,-0.5149430397200193,-0.47799145839603496,-0.11066426808372769,-0.4878255323040091,-0.4740005651157491,-0.46784429044267684
524,1519071805,-0.4907261897651744,-0.4996970498002016,-0.4693298804700132,-0.46416125955430376,-0.47287074418149017,-0.5155190287112765,-0.4908346570473528,-0.4810472111843021,-0.47833496274411724,-0.4696473815785816,-0.5119899689589902,-0.4541015430760866,-0.4615549237217885,-0.4909581067863001,-0.46958260063238483,-0.45557817358159025,-0.4944477763579536,-0.43987629794614636,-0.47185208902894255,-0.4477700904260462,-0.45862821007733534,-0.4701058299019697,-0.17069114333744284,-0.4597783477496793,-0.474979825883987,-0.4550789854048051,-0.47499651109422997,-0.4671625347736105,-0.4905184295079593,-0.5144172880884517,-0.4841894221312001,-0.5088783344343725,-0.43850555078213266,-0.43170440300269347,-0.4441757737076919,-0.48192204427374613,-0.46905580229078764,-0.5199258824239061,-0.4776747040517134,-0.4685331510680952,-0.5567771649665584,-0.4528348427630267,-0.49933147658463384,-0.4695220073001068,-0.042223416015498456,-0.4824666155738658,-0.44029114755041804,-0.43954950407263366,-0.46055691907241597,-0.4144816852211066,-0.44085228541543525,-0.43898065383789386,-0.4639124425224958,-0.5196773573382916,-0.46855730175394905,-0.438299124589728,-0.48677900173461336,-0.44443491880714964,-0.5063699656359746,-0.44166509659744707,-0.47028825437329264,-0.4820394799583649,-0.4587285545121338,0.2592529381984718,-0.5093330863546396,-0.47928082427999014,-0.4990513655041727,-0.48284531779920103,-0.5190495895703279,-0.48188474475755333,-0.5111209766474079,-0.4616268643079994,-0.48127812498491895,-0.4390804261012959,-0.47057103487485735,-0.44073555059183256,-0.4451223782829033,-0.4436244309107084,-0.5264509152118121,-0.49422564596111485,-0.46816961962417253,-0.47926636152552765,-0.4561796649060894,-0.8889201066315774,-0.4401698389653909,-0.5113405033572026,-0.4814662665943256,-0.4744706990742471,-0.4453802283700993,-0.5942626896074702,-0.4988051502942897,-0.4612009417144601,-0.4471663517261739,-0.4671278417080173,-0.5257486387127454,-0.5050267485677357,-0.5116399522354983,-0.4845404220191234,-0.4395952747317669,-0.4734410706679782,-0.44328941055597615,-0.4617377983862903,-0.46984635739418296,-0.46118226389831873,-0.4689298822194066,-0.5253447265373762,-0.4823128009752911,-0.4993022981199504,-0.481449325122106,-0.4698901370890082,-0.4708416553044542,-0.4579360742032361,-0.5079535419364513,-0.47506788419715873,-0.6563796009689444,-0.43885260902138523,-0.44112239823895905,-0.44770391052461334,-0.47546695868137373,-0.48200923306618243,-0.4758010517166168,-0.4470534813104142,-0.49676944364216175,-0.48104080845251923,-0.5121661696844906,-0.47425944846595086,-0.11066426808372769,-0.4828388139079171,-0.46975919288766704,-0.4622200854484853
525,1519071811,-0.4893314034091085,-0.4985355760282981,-0.4683398093023909,-0.4635992457511626,-0.4722799584712459,-0.5140867516676907,-0.4894389485848997,-0.48047131698856793,-0.4769577344048641,-0.4690412981992868,-0.5114001806076036,-0.4530566083125707,-0.4599261772153402,-0.4888647895386765,-0.4685929023152434,-0.45557817358159025,-0.49310037828050823,-0.43987629794614636,-0.47129766020231584,-0.4477700904260462,-0.4575793752074288,-0.4691175824032889,-0.08572961197044983,-0.4591393959305034,-0.4739892857732171,-0.45447803420007493,-0.47400551940883734,-0.4657720218757739,-0.48912434664250765,-0.513425500049822,-0.48356603749444027,-0.5077016665632574,-0.4379533865663878,0.5683167861257937,-0.44311140273668376,-0.4809047452985054,-0.46784164071190165,-0.5185875092138206,-0.4766951316859712,-0.46778624709980454,-0.5567771649665584,-0.45163580360454547,-0.4970776841212447,-0.4680266997736252,-0.042223416015498456,-0.4813077305263197,-0.44029114755041804,-0.43954950407263366,-0.46055691907241597,-0.4116876005142354,-0.44085228541543525,-0.43788095960711826,-0.46252741362879546,-0.5183418830175239,-0.46716319857732885,-0.4377475699773541,-0.4857753617509427,-0.44333071645781436,-0.505342848927102,-0.44166509659744707,-0.4690452790622895,-0.48146042551621404,-0.4587285545121338,0.6259853012040802,-0.5087460851695254,-0.4782619845892315,-0.49754940660594255,-0.48284531779920103,-0.5177103579119315,-0.4813101117277691,-0.5100884692143323,-0.46014198858790056,-0.4802770735026671,-0.4385285730927658,-0.4693618778634722,-0.44073555059183256,-0.44402076087797276,-0.4425599771442559,-0.5250215385808136,-0.4936461511379483,-0.46677717842612304,-0.47808368065636736,-0.4549784003162306,-0.888823022370074,-0.4401698389653909,-0.5107499865440782,-0.48031551880655343,-0.4744648805054757,-0.4443184719711955,-0.5942626896074702,-0.49730638863741466,-0.4612009417144601,-0.4471663517261739,-0.46638071639936857,-0.5243225003457448,-0.504301014899382,-0.51060810903699,-0.48352140956482453,-0.4384955093288328,-0.47281738857707506,-0.44222372728266923,-0.4617377983862903,-0.46885730852664687,-0.46118226389831873,-0.4683659308444006,-0.5239160453116161,-0.48168898729995274,-0.49780193966331554,-0.4802984913630104,-0.46932537567447385,-0.4695977560861883,-0.45688755571677186,-0.5069280106915003,-0.4740779220736078,-0.65590233335428,-0.4383009864152414,-0.44112239823895905,-0.44770391052461334,-0.47428659784352745,-0.48142943325724813,-0.4746210714360038,-0.4470534813104142,-0.49584449443374834,-0.48002371614593636,-0.5116107956773849,-0.47363744681093684,-0.11066426808372769,-0.4828388139079171,-0.4691532825693696,-0.4622200854484853
526,1519071817,-0.4872392238750097,-0.49563189159853954,-0.4653695957995238,-0.46022716293231547,-0.4693260299200245,-0.5133706131458978,-0.48734538589122006,-0.47759184600989685,-0.475580506065611,-0.4672230480614024,-0.5090410272020571,-0.4509667387855389,-0.45749729927726623,-0.48677147229105294,-0.4656238073638193,-0.45239703527281816,-0.49175298020306285,-0.4380847239531314,-0.4685255160691823,-0.445864701621946,-0.4544328705977092,-0.4661528399072463,-0.08572961197044983,-0.4565835886537999,-0.4705223953855224,-0.4526751805858844,-0.4710325443526594,-0.46368625252901885,-0.487730263777056,-0.5114419239725628,-0.47982572967388126,-0.5059366647565847,-0.43464040127191883,0.45720332066707287,-0.44151484628017146,-0.4773441988851629,-0.46662747913301567,-0.5165799493986923,-0.4737564145887446,-0.4647986312266419,-0.5567771649665584,-0.4498372448668235,-0.49482389165785556,-0.4665313922471436,-0.042223416015498456,-0.4789899604312275,-0.4385009174557354,-0.4371644749341251,-0.45803346885960133,-0.4088877429050773,-0.4390600608498703,-0.43513172403017913,-0.46114238473509517,-0.5170064086967563,-0.46576909540070865,-0.43443824230311073,-0.48226262180809554,-0.4405702105844761,-0.503802173863793,-0.43957027980981,-0.4671808160957848,-0.4785651533054599,-0.45490378755551675,0.6157030854188763,-0.5069850816141827,-0.4752054655169558,-0.49529646825859736,-0.4797242207648144,-0.5163711262535351,-0.47843694657884794,-0.5085397080647189,-0.4593995507278511,-0.4772739190559113,-0.4346656020330554,-0.46815272085208703,-0.4386429287711892,-0.4412667173656465,-0.44096329649457705,-0.5228774736343159,-0.49074867702211566,-0.46468851662904875,-0.47335295717972603,-0.4519752388415837,-0.8883376010625572,-0.4375566275538051,-0.508978436104705,-0.47743864933712293,-0.4744474247991616,-0.4427258373728399,-0.5942626896074702,-0.4958076269805396,-0.45895159306125166,-0.4452643299841151,-0.4641393404734224,-0.5236094311622445,-0.5028495475626745,-0.5085444226399737,-0.4789358535204795,-0.43574609582149754,-0.4703226602134624,-0.44062520237270886,-0.45892804759100786,-0.4653956374902706,-0.45893525073266916,-0.46498222259436434,-0.523201704698736,-0.4791937325985992,-0.49555140197836317,-0.4779968238448193,-0.4665015686018021,-0.4677319072587895,-0.45479051874384335,-0.5053897138240738,-0.4711080357029552,-0.6554250657396157,-0.4349912507783784,-0.4390302296527208,-0.44516776711246725,-0.47133569574891165,-0.47795063440364244,-0.47108113059416495,-0.44514859086087755,-0.49214469760009477,-0.4764638930728964,-0.508833925641856,-0.4711494401908808,-0.11066426808372769,-0.47972211491035965,-0.4673355516144773,-0.4599704034508087
527,1519071822,-0.4858444375189438,-0.4938896809406844,-0.46289441788046787,-0.45516903870404485,-0.4675536727892916,-0.511938336102312,-0.48594967742876694,-0.47528826922695994,-0.4742032777263578,-0.465404797923518,-0.5072716621478973,-0.44783193449499115,-0.45500627520858056,-0.4853759274593039,-0.46364441072953655,-0.4466709863170284,-0.49040558212561747,-0.4362931499601164,-0.4646445142827954,-0.4439593128178459,-0.45076194855303625,-0.4631880974112038,-0.08572961197044983,-0.4521109259195688,-0.46854131516398256,-0.44906947335750336,-0.46905056098187414,-0.4622957396311822,-0.4863361809116043,-0.5099542419146185,-0.47733219112684194,-0.5035833290143545,-0.43132741597744984,0.2905331224789917,-0.4393861043381551,-0.4748009514470611,-0.46298499439635765,-0.514572389583564,-0.4717972698572602,-0.46330482329006056,-0.5567771649665584,-0.447439166549861,-0.49407262750339254,-0.46354077719418035,-0.042223416015498456,-0.47725163285990835,-0.43671068736105273,-0.4353757030802437,-0.4542482935403793,-0.4060626288484139,-0.43726783628430543,-0.43238248845324,-0.4597573558413948,-0.5150031972156047,-0.4629808890474682,-0.4316804692412413,-0.48025534184075425,-0.4372576035364702,-0.5012343820916115,-0.43747546302217294,-0.4646948654737786,-0.4750908266525549,-0.4517164817583359,0.5711468170163257,-0.5046370768737258,-0.47316778613543864,-0.4937945093603673,-0.47660312373042785,-0.5150318945951388,-0.4755637814299268,-0.5054421857654923,-0.4579146750077523,-0.4747712903502815,-0.43190633699040504,-0.46633898533500934,-0.43655030695054586,-0.4379618651508549,-0.438834388961672,-0.5207334086878181,-0.4884306977294496,-0.4625998548319745,-0.47157893587598554,-0.4489720773669368,-0.8880463482780472,-0.43546605842453645,-0.5060258520390828,-0.4757125276554646,-0.4744357876616188,-0.44060232457503234,-0.5942626896074702,-0.4950582461521021,-0.4567022444080432,-0.44336230824205625,-0.4633922151647737,-0.5214702236117436,-0.5013980802259672,-0.5064807362429574,-0.47689782861188174,-0.43189691691122817,-0.4672042497589467,-0.4374281525527881,-0.4566802469547819,-0.46341753975519845,-0.45668823756701965,-0.461034562969322,-0.5217730234729758,-0.47669847789724573,-0.4940510435217283,-0.47627057320617594,-0.4619834772855273,-0.4633782599948589,-0.4511207040412184,-0.5028258857116963,-0.4681381493323026,-0.6551068873298395,-0.43223313774765926,-0.43693806106648253,-0.4432656595533577,-0.46838479365429586,-0.4762112349768396,-0.46931116017324553,-0.44324370041134087,-0.4907572737874747,-0.47392116230643927,-0.5066124296134331,-0.4674174302607967,-0.11066426808372769,-0.47722875571231366,-0.465517820659585,-0.4577207214531321
528,1519071828,-0.4844496511628779,-0.4909859965109258,-0.46091427554522313,-0.4523589696883389,-0.4657813156585588,-0.510506059058726,-0.48455396896631386,-0.4735605866397573,-0.4721374352174781,-0.462374381027044,-0.5049125087423509,-0.4457420649679593,-0.4523184550596245,-0.4839803826275549,-0.4616650140952538,-0.44476230333176514,-0.4890581840481721,-0.4327100019740865,-0.4624267989762886,-0.4401485352096456,-0.44813986137826994,-0.4612116024138421,-0.17069114333744284,-0.44891616682368946,-0.4655696948316728,-0.4472666197433129,-0.4665730817683925,-0.4609052267333455,-0.48424505661342676,-0.5084665598566741,-0.4748386525798026,-0.5012299932721244,-0.4291187591144705,0.1238629242909105,-0.4372573623961388,-0.47276635349657964,-0.4617708328174716,-0.5132340163734784,-0.46983812512577583,-0.46181101535347924,-0.5567771649665584,-0.4456406078121391,-0.4925700991944664,-0.4620454696676987,-0.042223416015498456,-0.47435442024104313,-0.43372697053658166,-0.43239441665710804,-0.45235570588076834,-0.40323462834060697,-0.4336833871531756,-0.4296332528763009,-0.4576798125008444,-0.5129999857344533,-0.461586785870848,-0.4294742507917458,-0.47774624188157766,-0.4350491988377996,-0.4991801486738663,-0.4338095336438081,-0.46158742719627077,-0.47335366332610246,-0.448529175961155,0.5060261170433672,-0.5028760733183832,-0.4711301067539214,-0.4930435299112522,-0.4747304655097959,-0.5136926629367423,-0.47383988234057406,-0.5038934246158789,-0.455687361427604,-0.4722686616446517,-0.42914707194775475,-0.4645252498179316,-0.43288821876442,-0.4352078216385286,-0.4361732545455406,-0.520018720372319,-0.4861127184367835,-0.46120741363392503,-0.4692135741376649,-0.4465695481872193,-0.8878521797550405,-0.43233020473063344,-0.5042543015997095,-0.4739864059738063,-0.4744241505240761,-0.4390096899766767,-0.5942626896074702,-0.49281010366678957,-0.4533282214282305,-0.44082627925264445,-0.4618979645474763,-0.5193310160612427,-0.4999466128892598,-0.504417049845941,-0.4743502974761345,-0.42969738610535996,-0.46533320348623725,-0.43582962764282773,-0.45330854600044296,-0.46143944202012627,-0.4533177178185453,-0.45821480609429177,-0.5203443422472156,-0.47482703687123057,-0.49330086429341086,-0.4745443225675326,-0.4591596702128556,-0.46151241116746006,-0.44902366706828983,-0.5012875888442698,-0.46615822508520083,-0.6547887089200632,-0.4300266473230839,-0.43379980818712516,-0.44009548028817513,-0.4660240719786032,-0.4727324361232339,-0.4675411897523261,-0.4407038464786253,-0.4898323245790613,-0.4713784315399821,-0.5060570556063273,-0.4649294236407406,-0.11066426808372769,-0.4753587363137792,-0.4637000897046927,-0.45378377795719804
529,1519071833,-0.48305486480681203,-0.48866304896711893,-0.4589341332099784,-0.45011091447577417,-0.464008958527826,-0.5090737820151402,-0.48315826050386074,-0.4718329040525546,-0.4700715927085984,-0.4605561308891596,-0.5031431436881911,-0.44312972805916956,-0.44960991953379786,-0.4825848377958058,-0.45919076830240035,-0.4428536203465019,-0.487037086932004,-0.4309184279810715,-0.45965465484315504,-0.43951340560827884,-0.4460421916384568,-0.45923510741648044,-0.17069114333744284,-0.44699931136616183,-0.46358861461013295,-0.44546376612912236,-0.46409560255491095,-0.45951471383550885,-0.4828509737479751,-0.5054911957407854,-0.4729684986695232,-0.4994649914654517,-0.42635793803574634,0.7905437170432352,-0.4351286204541225,-0.4707317555460982,-0.45994959044914263,-0.5112264565583501,-0.4668994080285493,-0.4603172074168979,-0.5567771649665584,-0.4426430099159359,-0.49106757088554037,-0.46055016214121713,-0.042223416015498456,-0.4714572076221779,-0.43133999707700477,-0.43060564480322666,-0.4498322556679537,-0.400423224926875,-0.43189116258761073,-0.42743386441474956,-0.45629478360714404,-0.5116645114136856,-0.45949563110591773,-0.4272680323422502,-0.47523714192240113,-0.43284079413912896,-0.4976394736105573,-0.431714716856171,-0.4597229642297661,-0.47161649999964994,-0.44661679248284647,0.6396949222510189,-0.5017020709481549,-0.468583007527025,-0.4915415710130221,-0.47223358788228664,-0.5110141996199495,-0.47211598325122134,-0.5018284097497278,-0.4549449235675546,-0.4702665586801479,-0.4269396599136345,-0.46210693579516127,-0.4307955969437766,-0.43300458682866755,-0.4345765738958618,-0.5178746554258212,-0.4843742339672839,-0.45981497243587555,-0.4674395528339244,-0.4447676513024311,-0.887609469101282,-0.4302396356013648,-0.5018922343472119,-0.472260284292148,-0.47440378553337625,-0.4368861771788692,-0.5942626896074702,-0.49131134200991455,-0.45164120993832413,-0.43829025026323265,-0.4604037139301788,-0.517904877694242,-0.4977694118841987,-0.5028692850481787,-0.4723122725675367,-0.4269479725980247,-0.46346215721352774,-0.43423110273286736,-0.45218464568232997,-0.45946134428505414,-0.4516324579443082,-0.45595900059426764,-0.5174869797956954,-0.4729555958452154,-0.491800505836776,-0.4722426550493415,-0.4569006245547182,-0.45902461273092826,-0.44692663009536127,-0.49974929197684326,-0.4641783008380991,-0.654470530510287,-0.42782015689850855,-0.43118459745432736,-0.4394614444351386,-0.46425353072183373,-0.47099303669643106,-0.46577121933140664,-0.43816399254590976,-0.4884449007664412,-0.4693442469268164,-0.5043909335850101,-0.46306341867569856,-0.11066426808372769,-0.4734887169152447,-0.46127644843150295,-0.45265893695835974
530,1519071839,-0.48166007845074615,-0.4869208383092638,-0.45695399087473365,-0.4478628592632094,-0.459873458556116,-0.5076415049715544,-0.4817625520414076,-0.470105221465352,-0.46869436436934525,-0.45934396413057,-0.5019635669854179,-0.44103985853213773,-0.4470593387566093,-0.48118929296405677,-0.4567165225095469,-0.44094493736123863,-0.4856896888545586,-0.42912685398805656,-0.4568825107100215,-0.4363377576014452,-0.44394452189864375,-0.4572586124191188,-0.17069114333744284,-0.4450824559086342,-0.46160753438859314,-0.44305996131020164,-0.46211361918412563,-0.4574289444887539,-0.4814568908825234,-0.504003513682841,-0.47047496012248385,-0.4982883235943366,-0.424149281172767,0.7905437170432352,-0.43299987851210614,-0.46869715759561675,-0.45873542887025665,-0.5098880833482645,-0.4649402632970649,-0.4595703034486072,-0.5567771649665584,-0.440844451178214,-0.49031630673107734,-0.4575595470882539,-0.042223416015498456,-0.46971888005085877,-0.4295497669823221,-0.42702810109546385,-0.4466779429019354,-0.39761254312592886,-0.4300989380220458,-0.4252344759531983,-0.45490975471344375,-0.5096612999325341,-0.4567074247526773,-0.4245102592803808,-0.47322986195505984,-0.43063238944045834,-0.4960987985472484,-0.42961990006853396,-0.45785850126326144,-0.4698793366731975,-0.44470440900453795,0.6362675169892843,-0.499354066207698,-0.4650170686093699,-0.49003961211479197,-0.47036092966165466,-0.5096749679615532,-0.4703920841618687,-0.5002796486001144,-0.45346004784745575,-0.4677639299745181,-0.4241803948709842,-0.4608977787837761,-0.42870297512313327,-0.43080135201880654,-0.43297989324618297,-0.5164452787948228,-0.48147675985145133,-0.458422531237826,-0.4656655315301839,-0.44296575441764297,-0.8874153005782753,-0.42710378190746184,-0.500711200720963,-0.4699587887166036,-0.4743921483958335,-0.43529354258051356,-0.5942626896074702,-0.4898125803530395,-0.44770484979520936,-0.434486206779115,-0.45816233800423267,-0.5157656701437411,-0.49631794454749134,-0.5013215202504165,-0.47027424765893894,-0.4247484417921565,-0.4615911109408183,-0.432632577822907,-0.4482509945689345,-0.45698872211621394,-0.4477001849044214,-0.45370319509424345,-0.5167726391828152,-0.4698365274685235,-0.49030014738014105,-0.46936557065160256,-0.4546415788965808,-0.45715876390352944,-0.4443053338792006,-0.49769822948694126,-0.46219837659099733,-0.6541523521005107,-0.42451042126164557,-0.4290924288680891,-0.4356572293169195,-0.4624829894650643,-0.4692536372696282,-0.4640012489104872,-0.43498917513001534,-0.48751995155802785,-0.46731006231365074,-0.5032801855707986,-0.4611974137106565,-0.11066426808372769,-0.4697486781181757,-0.4588528071583132,-0.4492844139618448
531,1519071845,-0.4802652920946803,-0.4851786276514086,-0.4549738485394889,-0.4456148040506447,-0.4581011014253832,-0.5054930894061757,-0.48036684357895454,-0.46837753887814937,-0.4673171360300921,-0.4581317973719804,-0.4996044135798715,-0.4389499890051059,-0.44465635503962353,-0.4790959757164332,-0.4542422767166935,-0.4390362543759754,-0.48366859173839055,-0.4255437060020266,-0.4546647954035147,-0.43379723919597835,-0.4413224347238774,-0.4547879936724167,-0.17069114333744284,-0.4431656004511066,-0.4596264541670533,-0.4412571076960111,-0.4601316358133404,-0.45603843159091717,-0.48006280801707174,-0.5025158316248965,-0.4673580369386847,-0.4971116557232215,-0.420836295878298,0.6794302515845145,-0.4314033220555939,-0.46615391015751495,-0.4569141865019276,-0.508549710138179,-0.4629811185655805,-0.45658268757544457,-0.5567771649665584,-0.4390458924404921,-0.4873112501132251,-0.4568118933250131,-0.042223416015498456,-0.4679805524795396,-0.42775953688763946,-0.4252393292415825,-0.44478535524232443,-0.3948097990656273,-0.42711189707943764,-0.423035087491647,-0.4521396969260431,-0.5083258256117664,-0.4553133215760571,-0.42230404083088524,-0.4712225819877186,-0.4284239847417878,-0.4945581234839395,-0.4270013790839876,-0.4559940382967568,-0.468142173346745,-0.4427920255262294,0.6328401117275496,-0.4975930626523554,-0.46297938922785276,-0.4892886326656769,-0.4666156132203908,-0.5076661204739586,-0.4675189190129475,-0.49873088745050104,-0.4504902964072581,-0.46576182701001423,-0.42142112982833385,-0.45968862177239095,-0.4255640423921683,-0.4285981172089455,-0.4313832125965042,-0.5150159021638243,-0.47973827538195174,-0.455637648841727,-0.462117488922703,-0.43996259294299606,-0.8872211320552686,-0.4250132127781932,-0.4995301670947142,-0.4670819192471731,-0.4743805112582908,-0.4337009079821579,-0.5942626896074702,-0.489063199524602,-0.4454555011420009,-0.43258418503705615,-0.4566680873869352,-0.5150526009602407,-0.494866477210784,-0.49925783385340017,-0.46721721029604224,-0.4225489109862883,-0.45972006466810883,-0.43050121127629315,-0.4454412437736521,-0.45451609994737374,-0.4454531717387719,-0.45144738959421926,-0.5139152767312949,-0.4679650864425084,-0.4895499681518236,-0.46706390313341145,-0.4523825332384434,-0.4552929150761306,-0.44220829690627206,-0.4961599326195148,-0.4602184523438956,-0.6536750844858464,-0.4223039308370702,-0.4270002602818509,-0.432487050051737,-0.46071244820829477,-0.46751423784282536,-0.4616412883492613,-0.4324493211972998,-0.48659500234961445,-0.465275877700485,-0.5027248115636928,-0.45933140874561446,-0.11066426808372769,-0.46787865871964124,-0.45764098652171836,-0.446472311464749
532,1519071850,-0.4781731125605814,-0.48343641699355344,-0.45200363503662183,-0.4428047350349388,-0.4563287442946503,-0.5040608123625898,-0.4782732808852749,-0.46492217370374406,-0.465939907690839,-0.45631354723409595,-0.4978350485257117,-0.43686011947807407,-0.4430897546637869,-0.4770026584688097,-0.4522628800824107,-0.4358551160672033,-0.48232119366094517,-0.42315494067800663,-0.45244708009700785,-0.4306215911891447,-0.4392247649840643,-0.45231737492571455,-0.17069114333744284,-0.44124874499357897,-0.4571501038901285,-0.4394542540818206,-0.4581496524425551,-0.4546479186930805,-0.4772746422861684,-0.5010281495669522,-0.4654878830284052,-0.4941699860454338,-0.4186276390153187,-0.04280727389717069,-0.42980676559908165,-0.46361066271941315,-0.45448586334415564,-0.5065421503230506,-0.46102197383409615,-0.4535950717022819,-0.5567771649665584,-0.4372473337027702,-0.48580872180429907,-0.45307362450880906,-0.042223416015498456,-0.4662422249082205,-0.42417907669827415,-0.4222580428184468,-0.44289276758271345,-0.3920777730583405,-0.4247222643253511,-0.4208356990300957,-0.45075466803234276,-0.506322614130615,-0.4525251152228167,-0.41954626776901577,-0.4692153020203773,-0.4256634788684495,-0.491990331711758,-0.42385915390253204,-0.45412957533025206,-0.4658259555781417,-0.4396047197290485,0.6122756801571416,-0.4958320590970128,-0.4609417098463356,-0.48628471486921665,-0.4647429549997588,-0.5063268888155622,-0.46522038689381057,-0.4966658725843499,-0.44900542068715926,-0.4637597240455104,-0.4192137177942136,-0.4578748862553132,-0.4224251096612032,-0.4258440736966192,-0.42978653194682537,-0.5128718372173267,-0.47799979091245215,-0.4535489870446528,-0.4603434676189625,-0.4381606960582079,-0.8870269635322618,-0.42135471680197306,-0.49775861665534094,-0.4653557975655148,-0.47436596483636234,-0.43210827338380225,-0.5942626896074702,-0.48531629538241444,-0.44208147816218824,-0.4294141488002914,-0.4559209620782865,-0.5129133934097398,-0.49414074354243026,-0.4971941474563838,-0.46517918538744446,-0.419799497478953,-0.45660165421359306,-0.4283698447296793,-0.4420695428193131,-0.45253800221230156,-0.44152089869888517,-0.44862763271918904,-0.5132009361184149,-0.46546983174115486,-0.48654925123855386,-0.4653376524947681,-0.450123487580306,-0.4521831670304659,-0.4401112599333435,-0.49410887012961274,-0.45774354703501835,-0.6533569060760701,-0.42009744041249486,-0.42333896525593395,-0.4299509066395909,-0.4589419069515253,-0.4651950386070883,-0.4586913376477289,-0.42990946726458423,-0.48520757853699437,-0.46324169308731933,-0.5010586895423755,-0.45684340212555835,-0.11066426808372769,-0.46600863932110675,-0.45642916588512344,-0.4430977884682341
533,1519071856,-0.47468614667041675,-0.47995199567784314,-0.4475483147823212,-0.4383086246098093,-0.4527840300331846,-0.5004801197536252,-0.47478400972914214,-0.4608909143336045,-0.46249683684270615,-0.45267704695832717,-0.4942963184173921,-0.4321579130422525,-0.44148172353420917,-0.4735137963894371,-0.44780923765527453,-0.4320377500966768,-0.4789526984673317,-0.4201689840229817,-0.44745722065736754,-0.4261756839795777,-0.43450500806948483,-0.44836438493099123,-0.17069114333744284,-0.43677608225934783,-0.45269267339166386,-0.43584854685343954,-0.45369018985828824,-0.45117163644848884,-0.47378943512253924,-0.4975568914317487,-0.46174757520784626,-0.491228316367646,-0.41421032528936,-1.5983957903192618,-0.42608146720055307,-0.45954146681845026,-0.4502362978180546,-0.5025270306927939,-0.45661389818825626,-0.45135435979740995,-0.5567771649665584,-0.43305069664808576,-0.4820524010319838,-0.45083066321908666,-0.042223416015498456,-0.46218612724180913,-0.4200018731440146,-0.41927675639531115,-0.43847672971028784,-0.3893298715697647,-0.42054040700569967,-0.41478738076082966,-0.447292095798092,-0.5029839283286958,-0.4497369088695763,-0.4151338308700247,-0.4652007420856948,-0.4212466694711083,-0.4889089815851401,-0.4196695203272579,-0.4479146987752365,-0.4617725744830859,-0.4357799527724315,0.3312284486948996,-0.49348405435655596,-0.45686635108330126,-0.48328079707275645,-0.4609976385584949,-0.5029788096695712,-0.4617725887151051,-0.49305209656858545,-0.4460356692469616,-0.45925499237537676,-0.4147988937259731,-0.4536428367154651,-0.4192861769302382,-0.42088679537443185,-0.4260609437642415,-0.5085837073243312,-0.47394332715028653,-0.45076410464855377,-0.4567954250114815,-0.43395626999370224,-0.8865415422247451,-0.41821886310807005,-0.49362499896346995,-0.46132818030831213,-0.47433978127689114,-0.42786124778818724,-0.5942626896074702,-0.48156939124022685,-0.4387074551823755,-0.4268781198108796,-0.45218533553504286,-0.5093480474922383,-0.4905120752006618,-0.49358269626160517,-0.4611031355702489,-0.4154004358672166,-0.45285956166817415,-0.4246399532731051,-0.4386978418649741,-0.44808728230838923,-0.43815037895041087,-0.4441160217191407,-0.5096292330540144,-0.4617269496891246,-0.4827983550969666,-0.4613097343379336,-0.44504063484949685,-0.4484514693756682,-0.4359171859874864,-0.49103227639475977,-0.4532887174790394,-0.6527205492565177,-0.4151328369572004,-0.41915462808345744,-0.42678072737440836,-0.45422046360014007,-0.4611364399445483,-0.45515139680589006,-0.4273696133318687,-0.4828952055159609,-0.4586647777076965,-0.4982818195068468,-0.45186738888544625,-0.11066426808372769,-0.4616452607245263,-0.4521877936570414,-0.4385984244728809
534,1519071861,-0.4725939671363179,-0.47646757436213283,-0.44556817244707647,-0.4371845970035269,-0.4510116729024518,-0.4990478427100393,-0.473388301266689,-0.4591632317464019,-0.46043099433382645,-0.4514648801997376,-0.4937065300660055,-0.43111297827873657,-0.43950858388728764,-0.472118251557688,-0.4453349918624211,-0.43140152243492236,-0.47693160135116364,-0.4195717926919767,-0.4463483630041141,-0.425540554378211,-0.4334561731995783,-0.44638788993362954,-0.08572961197044983,-0.4354981786209961,-0.45071159317012405,-0.4346466444439792,-0.451708206487503,-0.4490858671017338,-0.47239535225708756,-0.4950774213351747,-0.4605008059343266,-0.49005164849653093,-0.4120016684263807,-0.7094880666494955,-0.42448491074404077,-0.4575068688679688,-0.4496292170286116,-0.5011886574827084,-0.45416496727390077,-0.44986055186082863,-0.5567771649665584,-0.43185165748960447,-0.48054987272305777,-0.449335355692605,-0.042223416015498456,-0.46044779967049,-0.41821164304933195,-0.418680499110684,-0.4378458671570842,-0.38656825943825746,-0.4193455906286564,-0.41313783941466614,-0.44590706690439164,-0.5016484540079281,-0.4483428056929561,-0.41347916703290305,-0.4621898221346829,-0.4190382647724377,-0.4878818648762675,-0.41862211193343934,-0.4466717234642334,-0.46003541115663343,-0.4351424916129953,0.619130490680611,-0.49231005198632755,-0.4548286717017841,-0.48102785872541126,-0.459124980337863,-0.5009699621819766,-0.46004868962575246,-0.49201958913550986,-0.4445507935268627,-0.45725288941087294,-0.4131433347003829,-0.4518291011983874,-0.41823986601991653,-0.41923436926703606,-0.42499648999778894,-0.507869019008832,-0.47220484268078694,-0.4493716634505043,-0.455021403707741,-0.4327550054038435,-0.8864444579632417,-0.41717357854343573,-0.49303448215034557,-0.4596020586266538,-0.4743252348549627,-0.4262686131898316,-0.5942626896074702,-0.48082001041178934,-0.4375827808557713,-0.4256101053161737,-0.4499439596090967,-0.5079219091252377,-0.4876091405272471,-0.492550853063097,-0.4590651106616511,-0.41375078776281543,-0.45036483330456156,-0.4235742699997982,-0.43757394154686113,-0.44610918457331705,-0.4370268723675861,-0.4429881189691286,-0.5082005518282543,-0.4604793223384478,-0.4820481758686492,-0.4590080668197425,-0.44391111202042816,-0.44720757015740237,-0.43486866750102215,-0.49000674514980874,-0.4513087932319377,-0.6522432816418533,-0.41347796913876883,-0.4175855016437788,-0.4261466915213718,-0.4518597419244474,-0.45939704051774544,-0.45338142638497064,-0.42609968636551093,-0.4819702563075475,-0.45612204694123937,-0.49772644549974104,-0.4506233855754182,-0.11066426808372769,-0.4603985811255033,-0.45037006270214913,-0.4374735834740426
535,1519071867,-0.471199180780252,-0.474144626818326,-0.44309299452802053,-0.4338125141846798,-0.4486485300614747,-0.49618328862286765,-0.47129473857300935,-0.45685965496346503,-0.4590537659945733,-0.44843446330326353,-0.4913473766604591,-0.4274557066064309,-0.4368906781352697,-0.47072270672593897,-0.44286074606956766,-0.42822038412615027,-0.47423680519627287,-0.41598864470594676,-0.4424673612177272,-0.42236490637137736,-0.4303096685898587,-0.44441139493626786,-0.17069114333744284,-0.4329423713442926,-0.4487305129485842,-0.42983903480613783,-0.44873523143132504,-0.44700009775497884,-0.47030422795891,-0.4935897392772303,-0.45800726738728725,-0.4882866466898583,-0.40924084734765653,-1.209498661213739,-0.4223561688020245,-0.454963621429867,-0.4472008938708396,-0.4998502842726228,-0.4522058225424164,-0.44911364789253794,-0.5567771649665584,-0.42825454001416063,-0.47979860856859474,-0.44784004816612344,-0.042223416015498456,-0.45755058705162477,-0.4152279262248609,-0.4151029554029212,-0.43342982928465856,-0.38374025893045055,-0.41695595787456985,-0.4103886038377271,-0.4438295235638412,-0.5003129796871605,-0.44694870251633584,-0.4101698393586597,-0.4596807221755063,-0.41627775889909946,-0.48582763145852226,-0.4154798867519838,-0.44418577284222716,-0.4577191933880301,-0.43195518581581444,0.40320395919132745,-0.4893750460607565,-0.45228157247488765,-0.47952589982718113,-0.4566281027103537,-0.4989611146943821,-0.45832479053639974,-0.48995457426935873,-0.44232347994671445,-0.45475026070524316,-0.4103840696577326,-0.4500153656813097,-0.41457777783379063,-0.4164803257547097,-0.4223353555816576,-0.5064396423778336,-0.4693073685649543,-0.4479792222524548,-0.45324738240400053,-0.4303524762241259,-0.8860561209172283,-0.4135150825672156,-0.49067241489784785,-0.45730056305110944,-0.47431359771741993,-0.4241451003920241,-0.5942626896074702,-0.47857186792647677,-0.4336464207126565,-0.4211720545847031,-0.4477025836831506,-0.506495770758237,-0.48688340685889336,-0.49048716666608067,-0.45702708575305334,-0.4104514915540131,-0.4478701049409489,-0.42144290345318436,-0.4342022405925222,-0.4436365624044769,-0.432532846036287,-0.4390404593440863,-0.5060575299896141,-0.4567364402864175,-0.4797976381836968,-0.45613098242200356,-0.44052254353322207,-0.44409782211173765,-0.43015033431193295,-0.48744291703743126,-0.4488338879230605,-0.6517660140271889,-0.41016823350190584,-0.4144472487644214,-0.42297651225618926,-0.45008920066767794,-0.4576576410909426,-0.45102146582374475,-0.4222899054664376,-0.4805828324949274,-0.4540878623280737,-0.495504949471318,-0.44813537895536215,-0.11066426808372769,-0.4572818821279458,-0.4485523317472568,-0.4340990604775277
536,1519071873,-0.46980439442418614,-0.4724024161604708,-0.4411128521927758,-0.4315644589721151,-0.4456946015102533,-0.4947510115792818,-0.4698990301105563,-0.45513197237626235,-0.4576765376553202,-0.44661621316537914,-0.4901677999576859,-0.42536583707939907,-0.43429866660434,-0.4686293894783154,-0.4408813494352849,-0.426311701140887,-0.4728894071188275,-0.41479426204393677,-0.44024964591122034,-0.42172977677001067,-0.42768758141509233,-0.44243489993890617,-0.08572961197044983,-0.43102551588676496,-0.44674943272704437,-0.4280361811919473,-0.4467532480605398,-0.4456095848571422,-0.46891014509345835,-0.49210205721928596,-0.4548903442034881,-0.48652164488318567,-0.4070321904846772,-0.0983640066265311,-0.4207596123455122,-0.4529290234793856,-0.44598673229195357,-0.4985119110625372,-0.45024667781093203,-0.44761983995595667,-0.5567771649665584,-0.42645598127643874,-0.4767935519507425,-0.4470923944028826,-0.042223416015498456,-0.4558122594803056,-0.41463118285996664,-0.41391044083366696,-0.4315372416250476,-0.380931741967862,-0.4157611414975266,-0.40818921537617575,-0.4417519802232907,-0.4989775053663928,-0.44555459933971564,-0.4074120662967903,-0.4576734422081651,-0.41406935420042884,-0.483773398040777,-0.4144324783581652,-0.4423213098757225,-0.4559820300615776,-0.4300428023375059,0.6328401117275496,-0.4882010436905281,-0.44973447324799115,-0.47877492037806607,-0.45475544448972177,-0.49695226720678753,-0.456600891447047,-0.4884058131197454,-0.44009616636656623,-0.4527481577407393,-0.40762480461508227,-0.4482016301642319,-0.413531466923469,-0.4142770909448487,-0.4202064480487525,-0.505010265746835,-0.46814837891862127,-0.4465867810544053,-0.45029068023109975,-0.427349314749479,-0.8855706996097115,-0.41246979800258127,-0.489491381271599,-0.45557444136945113,-0.47430196057987717,-0.42255246579366845,-0.5942626896074702,-0.47782248709803926,-0.4325217463860523,-0.41990404008999715,-0.4462083330658531,-0.5057827015747368,-0.485431939522186,-0.48893940186831836,-0.45397004839015664,-0.4082519607481449,-0.44599905866823947,-0.419844378543224,-0.4325163901153527,-0.4416584646694047,-0.4314093394534622,-0.4367846538440621,-0.5039145081509738,-0.454241185585064,-0.47904745895537937,-0.4544047317833602,-0.4382634978750847,-0.44223197328433883,-0.4280532973390044,-0.48590462017000474,-0.44685396367595875,-0.6512887464125247,-0.4079617430773305,-0.41340116447130226,-0.4210744046970797,-0.4483186594109085,-0.4559182416641398,-0.4492514954028253,-0.42101997850007983,-0.4768830356612738,-0.45205367771490795,-0.4927280794357893,-0.4462693739903201,-0.11066426808372769,-0.4554118627294113,-0.4467346007923645,-0.4329742194786894
537,1519071878,-0.4677122148900873,-0.47066020550261567,-0.4386376742737199,-0.42875438995640913,-0.44392224437952044,-0.49260259601390305,-0.4678054674168766,-0.45225250139759127,-0.45629930931606705,-0.44540404640678954,-0.48780864655213946,-0.42327596755236724,-0.43184389444517784,-0.46723384464656637,-0.43890195280100214,-0.4231305628321149,-0.4708683100026594,-0.41180830538891183,-0.4380319306047135,-0.4191892583645438,-0.42558991167527926,-0.4404584049415445,-0.17069114333744284,-0.42910866042923734,-0.4447683525055045,-0.4262333275777568,-0.4447712646897545,-0.4442190719593055,-0.4675160622280067,-0.49061437516134154,-0.4530201902932086,-0.48416830914095543,-0.4048235336216979,-0.04280727389717069,-0.41916305588899994,-0.4503857760412838,-0.4435584091341816,-0.49717353785245166,-0.44828753307944763,-0.44537912805108465,-0.5567771649665584,-0.42465742253871686,-0.4760422877962795,-0.445597086876401,-0.042223416015498456,-0.4540739319089865,-0.41105072267060133,-0.41152541169515844,-0.4296446539654366,-0.3781217817797018,-0.41337150874344003,-0.40598982691462443,-0.44036695132959036,-0.4976420310456251,-0.44416049616309544,-0.40520584784729474,-0.4556661622408238,-0.4118609495017582,-0.4817191646230318,-0.41129025317670964,-0.44045684690921777,-0.45424486673512515,-0.426855496540325,0.6294127064658149,-0.48585303895007126,-0.447696793866474,-0.4757710025816059,-0.45288278626908984,-0.49561303554839115,-0.45487699235769435,-0.486857051970132,-0.43861129064646737,-0.45074605477623547,-0.40541739258096204,-0.44638789464715417,-0.4098693787373431,-0.4115230474325224,-0.4186097673990737,-0.5042955774313359,-0.4658303996259552,-0.444498119257331,-0.4473339780581989,-0.4255474178646909,-0.8853765310867048,-0.4093339443086783,-0.4883103476453502,-0.4538483196877928,-0.47429032344233446,-0.4204289529958609,-0.5942626896074702,-0.47632372544116425,-0.4297100605695417,-0.4180020183479383,-0.44546120775720444,-0.5043565632077361,-0.48470620585383234,-0.48687571547130204,-0.4514225172544094,-0.40550254724080964,-0.44412801239553,-0.41771301199661015,-0.4302685894791268,-0.4396803669343326,-0.42916232628781265,-0.4339648969690319,-0.5024858269252137,-0.4523697445590489,-0.4760467420421096,-0.45267848114471687,-0.4360044522169473,-0.4391222252386741,-0.42595626036607587,-0.48385355768010274,-0.444874039428857,-0.6509705680027483,-0.4052036300466113,-0.4097398694453853,-0.41917229713797016,-0.4459579377352158,-0.45417884223733695,-0.4463015447012929,-0.4184801245673643,-0.4759580864528604,-0.44951094694845084,-0.4921727054286835,-0.443781367370264,-0.11066426808372769,-0.4529185035313653,-0.4455227801557696,-0.4301621169815936
538,1519071884,-0.4663174285340214,-0.4689179948447605,-0.4366575319384752,-0.4259443209407032,-0.44155910153854333,-0.4911703189703172,-0.4664097589544235,-0.45052481881038864,-0.4549220809768139,-0.4429797128896103,-0.48662906984936627,-0.4211860980253354,-0.42910428585404536,-0.46583829981481734,-0.4369225561667194,-0.42058565218509725,-0.4688472128864913,-0.41001673139589684,-0.4358142152982067,-0.41664873995907686,-0.42349224193546614,-0.4379877861948424,-0.17069114333744284,-0.425913901333358,-0.4427872722839647,-0.42443047396356626,-0.4427892813189692,-0.44282855906146884,-0.466121979362555,-0.4891266931033972,-0.45115003638292916,-0.4824033073342828,-0.4026148767587185,0.2349763897496313,-0.4170343139469836,-0.4483511780908024,-0.44113008597640957,-0.4951659780373233,-0.44632838834796323,-0.4438853201145033,-0.5567771649665584,-0.4228588638009949,-0.47453975948735344,-0.44260647182343776,-0.042223416015498456,-0.45233560433766734,-0.4092604925759187,-0.4091403825566499,-0.42775206630582563,-0.3752937812718949,-0.4103844678008319,-0.40379043845307316,-0.4382894079890399,-0.4956388195644736,-0.44137228980985505,-0.40299962939779915,-0.45365888227348256,-0.40910044362841996,-0.48017848955972287,-0.4086717321921633,-0.4385923839427131,-0.4507705400822202,-0.42303072958370797,0.6259853012040802,-0.48350503420961444,-0.44514969463957754,-0.4750200231324908,-0.45101012804845786,-0.49427380388999476,-0.4520038272087732,-0.4847920371039809,-0.43712641492636856,-0.4482434260706057,-0.4026581275383117,-0.445178737635769,-0.40777675691669973,-0.4087690039201961,-0.4164808598661686,-0.5021515124848381,-0.4635124203332891,-0.4431056780592815,-0.4455599567544585,-0.42374552097990276,-0.8851338204329463,-0.4067207328970925,-0.4859482803928525,-0.4521221980061345,-0.4742786863047917,-0.4188363183975053,-0.5942626896074702,-0.47482496378428923,-0.426336037589729,-0.4148319821111736,-0.44396695713990697,-0.5022173556572352,-0.4832547385171249,-0.4853279506735398,-0.4493844923458116,-0.40330301643494143,-0.44163328403191743,-0.4155816454499963,-0.4268968885247878,-0.4377022691992604,-0.42523005324792595,-0.43058118871899564,-0.5010571456994536,-0.4504983035330337,-0.4752965628137922,-0.4509522305060735,-0.4331806451442755,-0.43725637641127524,-0.4238592233931473,-0.48180249519020074,-0.44190415305820435,-0.6506523895929721,-0.402997139622036,-0.4076477008591471,-0.4166361537258241,-0.44418739647844635,-0.4524394428105341,-0.4445315742803735,-0.4159402706346487,-0.47457066264024034,-0.4474767623352851,-0.4899512094002605,-0.441293360750208,-0.11066426808372769,-0.45104848413283083,-0.44370504920087733,-0.4267875939850787
539,1519071890,-0.46492264217795554,-0.4654335735290502,-0.43467738960323044,-0.42369626572813845,-0.4397867444078105,-0.48973804192673137,-0.46431619626074383,-0.44879713622318596,-0.4528562384679342,-0.4411614627517259,-0.48426991644381984,-0.41857376111654565,-0.4263646772629129,-0.4644427549830683,-0.4349431595324366,-0.418676969199834,-0.4674998148090459,-0.4082251574028819,-0.43359649999169986,-0.4134730919522433,-0.42139457219565307,-0.4360112911974807,-0.17069114333744284,-0.42271914223747864,-0.43981565195165495,-0.42262762034937573,-0.4398163062627913,-0.4414380461636322,-0.46403085506437747,-0.4876390110454528,-0.44927988247264966,-0.4794616376564951,-0.40040621989573916,0.45720332066707287,-0.41543775749047135,-0.44631658014032094,-0.4399159243975236,-0.49382760482723775,-0.44436924361647884,-0.4431384161462127,-0.5567771649665584,-0.4204607854840324,-0.47303723117842733,-0.4411111642969562,-0.042223416015498456,-0.44885894919502906,-0.40687351911634184,-0.4073516107027685,-0.42585947864621465,-0.3724679456024456,-0.40799483504674533,-0.40104120287613404,-0.4369043790953396,-0.49430334524370595,-0.43997818663323485,-0.4007934109483036,-0.4506479623224707,-0.4063399377550817,-0.47761069778754134,-0.40605321120761695,-0.43548494566520535,-0.4490333767557677,-0.42111834610539944,0.6259853012040802,-0.482331031839386,-0.4431120152580604,-0.4735180642342607,-0.44913746982782593,-0.49293457223159837,-0.45027992811942047,-0.48324327595436756,-0.4356415392062697,-0.44574079736497585,-0.4004507155041915,-0.4433650021186913,-0.4056841350960564,-0.40656576911033504,-0.4148841792164898,-0.5007221358538397,-0.461194441040623,-0.44171323686123204,-0.443785935450718,-0.4219436240951146,-0.8849396519099396,-0.40463016376782385,-0.48417672995347927,-0.4503960763244762,-0.47426413988286326,-0.41724368379914967,-0.5942626896074702,-0.47257682129897666,-0.4240866889365206,-0.4129299603691148,-0.4424727065226095,-0.5007912172902346,-0.4810775375120639,-0.4832642642765234,-0.44734646743721385,-0.4011034856290732,-0.4391385556683048,-0.41398312054003594,-0.42408713772950535,-0.43572417146418824,-0.4229830400822764,-0.42832538321897146,-0.5003428050865735,-0.44862686250701855,-0.4730460251288398,-0.4492259798674302,-0.4297920766570694,-0.4353905275838764,-0.42176218642021873,-0.4802641983227743,-0.4399242288111026,-0.6503342111831959,-0.4002390265913168,-0.4050324901263493,-0.41410001031367805,-0.44123649438383056,-0.4489606439569284,-0.44276160385945407,-0.41403538018511205,-0.47364571343182693,-0.444934031568828,-0.48939583539315473,-0.4394273557851659,-0.11066426808372769,-0.44855512493478483,-0.441887318245985,-0.42397549148798297
540,1519071895,-0.46352785582188966,-0.46369136287119506,-0.4326972472679857,-0.42144821051557374,-0.43801438727707764,-0.48830576488314553,-0.4622226335670642,-0.4470694536359833,-0.45079039595905446,-0.4399492959931363,-0.48250055138966,-0.4159614242077559,-0.42380114937518026,-0.46234943773544473,-0.43296376289815386,-0.41676828621457074,-0.4661524167316005,-0.4064335834098669,-0.4308243558585663,-0.4102974439454097,-0.41929690245584,-0.4335406724507786,-0.17069114333744284,-0.420802286779951,-0.4373393016747301,-0.4196228643257249,-0.4368433312066134,-0.43935227681687716,-0.4626367721989258,-0.48466364692956404,-0.44740972856237016,-0.47828496978538,-0.397645398817015,0.5127600533964333,-0.413309015548455,-0.44377333270221914,-0.43870176281863754,-0.4918200450121094,-0.4414305265192523,-0.44164460820963136,-0.5567771649665584,-0.41806270716706984,-0.4715347028695012,-0.44036351053371536,-0.042223416015498456,-0.4459617365761638,-0.4050832890216592,-0.4055628388488871,-0.4233360284334,-0.3696529341247843,-0.4062026104811804,-0.3988418144145828,-0.4355193502016393,-0.49230013376255444,-0.43858408345661465,-0.3985871924988081,-0.4486406823551294,-0.40413153305641114,-0.47607002272423243,-0.4039583944199799,-0.4336204826987006,-0.4472962134293152,-0.4192059626270909,0.6259853012040802,-0.4811570294691576,-0.4410743358765432,-0.47201610533603056,-0.4460163727934393,-0.49092572474400376,-0.4479813960002835,-0.48117826108821643,-0.4341566634861709,-0.44373869440047203,-0.3982433034700712,-0.44094668809592097,-0.40359151327541304,-0.40436253430047403,-0.413287498566811,-0.498578070907342,-0.4594559565711234,-0.44032079566318255,-0.4420119141469775,-0.42014172721032644,-0.8846969412561813,-0.40253959463855515,-0.48181466270098156,-0.4480945807489318,-0.4742495934609348,-0.41512017100134213,-0.5942626896074702,-0.47107805964210164,-0.41958799163010363,-0.4078579023902912,-0.44023133059666336,-0.499365078923234,-0.4789003365070028,-0.48171649947876116,-0.44530844252861607,-0.398903954823205,-0.43726750939559533,-0.41238459563007557,-0.4201534866161099,-0.4332515492953481,-0.4184890137509773,-0.42606957771894727,-0.49819978324793324,-0.44675542148100345,-0.47154566667220493,-0.44749972922878684,-0.42753303099893203,-0.4335246787564776,-0.4191408902040581,-0.47872590145534777,-0.43794430456400085,-0.6500160327734197,-0.3974809135605976,-0.402940321540111,-0.41029579519545895,-0.4394659531270611,-0.44664144472119127,-0.4404016432982281,-0.40959063580285987,-0.4727207642234136,-0.4428998469556623,-0.4882850873789432,-0.4375613508201239,-0.11066426808372769,-0.4454384259372274,-0.43946367697279526,-0.42060096849146805
541,1519071901,-0.4607382831097579,-0.4607876784414365,-0.4297270337651186,-0.419200155303009,-0.43446967301561196,-0.48544121079597385,-0.45943121664215797,-0.44476587685304647,-0.4480359392805482,-0.43752496247595707,-0.479551609632727,-0.41282661991720815,-0.4218746193262175,-0.45886057565607213,-0.42900496962958834,-0.4148596032293075,-0.4627839215379871,-0.40285043542383697,-0.42805221172543284,-0.4077569255399428,-0.41615039784612035,-0.4295876824560553,-0.08572961197044983,-0.4188854313224234,-0.4343676813424204,-0.41661810830207396,-0.43387035615043545,-0.4365712510212038,-0.45984860646802245,-0.4821841768329901,-0.4430460361050514,-0.47534330010759224,-0.394332413522546,0.0683061915615501,-0.4101159026354305,-0.4402127862888766,-0.4356663588714226,-0.4891432985919383,-0.4384918094220257,-0.4386569923364687,-0.5567771649665584,-0.41506510927086665,-0.46777838209718603,-0.43737289548075214,-0.042223416015498456,-0.44306452395729856,-0.4026963155620823,-0.40079278057187007,-0.42018171566738166,-0.3668848274782042,-0.40202075316152897,-0.3955427317222558,-0.43205677796738845,-0.4896291851210191,-0.4357958771033742,-0.39527786482456473,-0.4456297624041175,-0.40081892600840524,-0.47298867259761457,-0.39976876084470575,-0.43051304442119287,-0.44440094121856105,-0.4172935791487824,0.6157030854188763,-0.47704802117335815,-0.43750839695888816,-0.46976316698868537,-0.4435194951659301,-0.48824726142721103,-0.4439589647917939,-0.4785969925055275,-0.43044447418592374,-0.4402350142125903,-0.39438033241036075,-0.43792379556745803,-0.39992942508928714,-0.40105768208568243,-0.41062636415067966,-0.4964340059608443,-0.4559789876321243,-0.4368396926680588,-0.43964655240865685,-0.41713856573567953,-0.8844056884716711,-0.3983584563800179,-0.4794525954484839,-0.4446423373856152,-0.4742321377546207,-0.4119349018046308,-0.5942626896074702,-0.4688299171567891,-0.41677630581359304,-0.40595588064823235,-0.4379899546707172,-0.49651280218923277,-0.47672313550194173,-0.4786209698832366,-0.44225140516571937,-0.39615454131586975,-0.43414909894107956,-0.4091875458101548,-0.41734373582082746,-0.4297898782589718,-0.41624200058532773,-0.42381377221892313,-0.49534242079641294,-0.44363635310431154,-0.4685449497589351,-0.4434718110719523,-0.42527398534079464,-0.4316588299290788,-0.41599533474466527,-0.47513654209801925,-0.4349744181933482,-0.6492205867489791,-0.3936195553175908,-0.39980206866075363,-0.4077596517833129,-0.4365150510324453,-0.4437424456765199,-0.4368617024563893,-0.4064158183869654,-0.47087086580658677,-0.43984857003591377,-0.486618965357626,-0.43445134254505374,-0.11066426808372769,-0.4416983871401584,-0.4364341253813081,-0.41778886599437226
542,1519071906,-0.4586461035756591,-0.45846473089762957,-0.4267568202622515,-0.41582807248416187,-0.43210653017463485,-0.48400893375238796,-0.45733765394847836,-0.4418864058743754,-0.44665871094129506,-0.4363127957173675,-0.4760128795244074,-0.4107367503901763,-0.41919974628780554,-0.4574650308243231,-0.42603587467816423,-0.4123146925822898,-0.4614365234605417,-0.399864478768812,-0.4247256387656726,-0.40521640713447593,-0.413528310671354,-0.42662293996001277,-0.08572961197044983,-0.41569067222654404,-0.43139606101011063,-0.41481525468788344,-0.43089738109425757,-0.43448548167444884,-0.4584545236025708,-0.4802006007557309,-0.4393057282844924,-0.4735782983009196,-0.39046726401233217,0.2905331224789917,-0.4085193461789183,-0.4361435903879137,-0.43384511650309354,-0.4878049253818527,-0.43555309232479916,-0.43417556852672473,-0.5567771649665584,-0.41326655053314476,-0.4662758537882599,-0.4366252417175113,-0.042223416015498456,-0.44074675386220635,-0.40090608546739964,-0.39900400871798863,-0.417658265454567,-0.36405899180875495,-0.4002285285959641,-0.3911439547991532,-0.43067174907368816,-0.4876259736398676,-0.434401773926754,-0.39141698253794754,-0.4426188424531056,-0.39695421778573164,-0.4709344391798693,-0.3976739440570687,-0.4267841184881835,-0.44208472344995775,-0.41283135103272917,0.6157030854188763,-0.47528701761801556,-0.4344518778866124,-0.4675102286413402,-0.4397741787246662,-0.4862384139396164,-0.4410857996428727,-0.4770482313559141,-0.42970203632587434,-0.43723185976583456,-0.3905173613506503,-0.4367146385560729,-0.39731364781348294,-0.3972020211684256,-0.40902968350100083,-0.49500462932984585,-0.45308151351629167,-0.43335858967293506,-0.43609850980117587,-0.41473603655596203,-0.8841144356871611,-0.3962678872507492,-0.478271561822235,-0.44119009402229864,-0.47420886347953517,-0.4103422672062752,-0.5942626896074702,-0.4673311554999141,-0.4145269571603846,-0.4040538589061735,-0.435748578744771,-0.4943735946387318,-0.47527166816523436,-0.4755254402877121,-0.43868486157567327,-0.3923053624056004,-0.43103068848656384,-0.40758902090019444,-0.41453398502554495,-0.4263282072225955,-0.4139949874196782,-0.4187382098438687,-0.4931993989577727,-0.43989347105228127,-0.4662944120739828,-0.44059472667421345,-0.42188541685358855,-0.42792713227428114,-0.4138982977717367,-0.47308547960811725,-0.4320045318226956,-0.6487433191343147,-0.3903098196807278,-0.3977099000745154,-0.4045894725181303,-0.4335641489378295,-0.44142324644078273,-0.4333217616145504,-0.40451092793742877,-0.46902096738976,-0.4362887469628738,-0.48439746932920297,-0.43134133426998367,-0.11066426808372769,-0.4392050279421124,-0.4352223047447132,-0.4149767634972765
543,1519071912,-0.45655392404156026,-0.4561417833538227,-0.4232915711755732,-0.4118939758621736,-0.43033417304390204,-0.4825766567088021,-0.45594194548602524,-0.43785514650423585,-0.44459286843241536,-0.4338884622001883,-0.4742435144702476,-0.40707947871787065,-0.41697802211843726,-0.456069485992574,-0.4235616288853108,-0.4078610989500089,-0.4600891253830963,-0.39807290477579704,-0.42084463697928565,-0.40331101833037575,-0.4098573886266811,-0.42415232121331065,-0.08572961197044983,-0.4118569613114888,-0.4294149807885708,-0.4118104986642326,-0.42891539772347226,-0.4330949687766122,-0.4556663578716674,-0.4782170246784717,-0.43681218973745306,-0.4706366286231318,-0.3871542787178632,0.1238629242909105,-0.40639060423690193,-0.4341089924374323,-0.43141679334532157,-0.4851281789616816,-0.43310416141044367,-0.4326817605901434,-0.5567771649665584,-0.4096694330577009,-0.4655245896337969,-0.4328869729013073,-0.042223416015498456,-0.4390084262908872,-0.39792236864292857,-0.3966189795794801,-0.41387309013534507,-0.3612735664553141,-0.39843630403039915,-0.3883947192222141,-0.42928672017998787,-0.48629049931909996,-0.4316135675735136,-0.3881076548637042,-0.44010974249392903,-0.39364161073772574,-0.4683666474076878,-0.3955791272694316,-0.42429816786617724,-0.43861039679705277,-0.40964404523554826,0.6122756801571416,-0.47293901287755874,-0.4324141985050952,-0.46525729029399504,-0.4366530816902796,-0.48489918228122003,-0.4387872675237358,-0.4744669627732252,-0.4282171606057755,-0.4352297568013307,-0.387758096308,-0.43369174602761,-0.3952210259928396,-0.3933463602511688,-0.40636854908486947,-0.49214587606784893,-0.45134302904679213,-0.43196614847488557,-0.4343244884974354,-0.4111322427863857,-0.8838231829026509,-0.3936546758391634,-0.4753189777566129,-0.43946397234064033,-0.47419722634199246,-0.4076878762090158,-0.5942626896074702,-0.464333632186164,-0.41227760850717615,-0.4015178299167617,-0.43500145343612234,-0.4929474562717312,-0.4730944671601733,-0.4734617538906957,-0.4366468366670755,-0.3895559488982651,-0.42791227803204807,-0.40492481271692715,-0.4117242342302625,-0.4243501094875234,-0.41118622096261626,-0.41535450159383247,-0.49177071773201253,-0.43677440267558937,-0.46479405361734794,-0.4382930591560223,-0.41793208695184814,-0.42543933383774934,-0.41022848306911175,-0.47052165149573977,-0.42903464545204295,-0.6482660515196503,-0.3875517066500086,-0.3950946893417176,-0.40205332910598424,-0.43120342726213684,-0.4396838470139799,-0.4309618010533245,-0.4026060374878921,-0.4676335435771399,-0.4337460161964167,-0.4827313473078857,-0.42698732268488554,-0.11066426808372769,-0.4367116687440664,-0.4334045737898209,-0.4127270814995999
544,1519071918,-0.4551591376854944,-0.45439957269596754,-0.4213114288403285,-0.40964592064960886,-0.42856181591316916,-0.48042824114342336,-0.45315052856111904,-0.43612746391703316,-0.44252702592353566,-0.43146412868300904,-0.4730639377674744,-0.403422207045565,-0.41590341194327657,-0.45397616874495045,-0.42158223225102803,-0.4059524159647456,-0.4580680282669282,-0.3950869481207721,-0.4186269216727788,-0.39950024072217544,-0.407759718886868,-0.42217582621594896,-0.17069114333744284,-0.4093011540347853,-0.426938630511646,-0.41000764505004206,-0.4264379185099907,-0.43100919942985716,-0.45357523357348994,-0.47672934262052735,-0.4349420358271736,-0.46945996075201674,-0.38494562185488385,-1.3206121266724598,-0.4042618622948856,-0.43207439448695084,-0.42898847018754954,-0.483789805751596,-0.43114501667895927,-0.4319348566218527,-0.5567771649665584,-0.40607231558225715,-0.46251953301594473,-0.43139166537482565,-0.042223416015498456,-0.43669065619579506,-0.39434190845356326,-0.3942339504409716,-0.4119805024757341,-0.35855525109095876,-0.39485185489926933,-0.38509563652988715,-0.4272091768394374,-0.48428728783794844,-0.4302194643968934,-0.38590143641420865,-0.4381024625265878,-0.3914332060390551,-0.4668259723443789,-0.39191319789106677,-0.4205692419331679,-0.4368732334706003,-0.40773166175723974,0.46146984864081664,-0.4705910081371019,-0.43037651912357805,-0.46450631084488,-0.4347804234696476,-0.48355995062282364,-0.4370633684343831,-0.47240194790707407,-0.42598984702562726,-0.4332276538368269,-0.38555068427387973,-0.4324825890162248,-0.39208209326187454,-0.3905923167388425,-0.4042396415519644,-0.4907164994368504,-0.44960454457729254,-0.430573707276836,-0.4325504671936949,-0.40933034590159756,-0.8835804722488926,-0.3905188221452604,-0.47295691050411526,-0.437737850658982,-0.474182679920064,-0.4060952416106602,-0.5942626896074702,-0.4620854897008515,-0.40890358552736344,-0.3989818009273499,-0.43201295220152747,-0.4908082487212303,-0.4709172661551122,-0.4719139890929335,-0.4346088117584777,-0.3873564180923969,-0.4260412317593386,-0.4027934461703133,-0.4083525332759236,-0.4223720117524512,-0.40781570121414196,-0.4130986960938083,-0.49105637711913247,-0.4349029616495742,-0.46179333670407813,-0.43656680851737895,-0.41454351846464205,-0.4235734850103505,-0.4081314460961832,-0.46847058900583777,-0.4270547212049412,-0.6479478731098741,-0.3853452162254333,-0.39143339431580065,-0.3995171856938382,-0.42825252516752105,-0.4367848479693085,-0.42978182077271154,-0.40006618355517654,-0.4667085943687265,-0.4312032854299595,-0.48162059929367423,-0.4244993160648295,-0.11066426808372769,-0.43484164934553193,-0.43098093251663117,-0.4087901380036658
545,1519071923,-0.4523695649733626,-0.4520766251521607,-0.4193312865050838,-0.40739786543704415,-0.42678945878243635,-0.4789959640998375,-0.4510569658674394,-0.43439978132983054,-0.44046118341465595,-0.42903979516582985,-0.4712945727133146,-0.40080987013677516,-0.41370240315077883,-0.4525806239132014,-0.4196028356167453,-0.4040437329794824,-0.45672063018948283,-0.3938925654587621,-0.416409206366272,-0.39759485191807525,-0.4056620491470549,-0.42019933121858727,-0.17069114333744284,-0.40738429857725766,-0.4249575502901062,-0.406401937821661,-0.42396043929650906,-0.42892343008310213,-0.45218115070803827,-0.47474576654326817,-0.4330718819168941,-0.4676949589453441,-0.3821848007761597,-1.042828463025658,-0.40213312035286924,-0.4300397965364694,-0.42716722781922056,-0.4824514325415105,-0.4286960857646038,-0.4304410486852714,-0.5567771649665584,-0.40307471768605396,-0.4617682688614817,-0.42989635784834407,-0.042223416015498456,-0.4337934435769298,-0.3925516783588806,-0.3924451785870902,-0.4100879148161231,-0.3557669392863745,-0.39305963033370445,-0.38289624806833583,-0.4251316334988869,-0.48295181351718075,-0.4288253612202732,-0.3836952179647131,-0.4355933625674112,-0.38867270016571687,-0.46528529728107,-0.3898183811034297,-0.41870477896666325,-0.43513607014414785,-0.4058192782789312,0.49231649599642857,-0.4694170057668735,-0.4283388397420609,-0.46075141359930466,-0.43165932643526106,-0.4815511031352291,-0.43533946934503037,-0.46982067932438515,-0.423762533445479,-0.43122555087232306,-0.3833432722397595,-0.4300642749934545,-0.3899894714412312,-0.38838908192898147,-0.40211073401905933,-0.48928712280585196,-0.44786606010779295,-0.42918126607878654,-0.43018510545537425,-0.4075284490168094,-0.8833377615951341,-0.38842825301599176,-0.47059484325161755,-0.4348609811895515,-0.47417104278252126,-0.40397172881285265,-0.5942626896074702,-0.46058672804397643,-0.4060918997108529,-0.3958117646905852,-0.42977157627558127,-0.4893821103542297,-0.4687400651500512,-0.4703662242951712,-0.43206128062273047,-0.38405712188359453,-0.42292282130482284,-0.40119492126035294,-0.4061047326396976,-0.419899389583611,-0.40500693475708,-0.4108428905937841,-0.4881990146676122,-0.43303152062355904,-0.4595427990191258,-0.4348405578787356,-0.41228447280650465,-0.4204637369646858,-0.4049858906367904,-0.46693229213841125,-0.42507479695783945,-0.6474706054952097,-0.38313872580085795,-0.3893412257295624,-0.3976150781347287,-0.4264819839107516,-0.43504544854250565,-0.42742186021148565,-0.3968913661392821,-0.4657836451603131,-0.4291691008167938,-0.4810652252865685,-0.42263331109978747,-0.11066426808372769,-0.43297162994699745,-0.4285572912434414,-0.4065404560059892
546,1519071929,-0.45097477861729673,-0.4503344144943055,-0.41735114416983904,-0.4051498102244794,-0.42383553023121495,-0.4782798255780446,-0.44966125740498625,-0.4326720987426279,-0.4390839550754028,-0.42722154502794546,-0.4701149960105414,-0.3987200006097434,-0.41126316752426956,-0.4511850790814524,-0.41712858982389184,-0.4021350499942191,-0.45537323211203745,-0.3915038001347421,-0.41363706223313845,-0.3956894631139751,-0.4035643794072418,-0.4182228362212256,-0.17069114333744284,-0.40546744311973004,-0.4229764700685663,-0.4045990842074705,-0.4219784559257238,-0.4275329171852655,-0.45009002640986073,-0.4732580844853238,-0.4312017280066146,-0.466518291074229,-0.37997614391318035,-0.5428178684614143,-0.400536563896357,-0.4274965490983676,-0.4259530662403345,-0.48111305933142495,-0.42673694103311943,-0.42894724074869006,-0.5567771649665584,-0.401276158948332,-0.4602657405525556,-0.42914870408510325,-0.042223416015498456,-0.43205511600561064,-0.39076144826419795,-0.38946389216395455,-0.4075644646033085,-0.3529721329667174,-0.3912674057681395,-0.38069685960678457,-0.4230540901583364,-0.4816163391964131,-0.427431258043653,-0.38093744490284365,-0.43358608260007,-0.3864642954670463,-0.463744622217761,-0.38772356431579263,-0.4168403160001586,-0.4328198523755445,-0.4039068948006227,0.6259853012040802,-0.4670690010264167,-0.42579174051516444,-0.4600004341501896,-0.4297866682146291,-0.4802118714768327,-0.4336155702556777,-0.4682719181747718,-0.4215352198653307,-0.4287229221666932,-0.3811358602056392,-0.42825053947637676,-0.38789684962058785,-0.3861858471191204,-0.4005140533693805,-0.48857243449035276,-0.44554808081512687,-0.42778882488073705,-0.42841108415163376,-0.4057265521320213,-0.8831435930721274,-0.38581504160440594,-0.4694138096253687,-0.43255948561400714,-0.4741594056449785,-0.402379094214497,-0.5942626896074702,-0.4590879663871014,-0.40384255105764444,-0.3939097429485263,-0.4290244509669326,-0.48866904117072935,-0.4672885978133438,-0.46881845949740897,-0.4300232557141327,-0.38130770837625927,-0.4210517750321134,-0.39959639635039257,-0.4038569320034716,-0.41742676741477086,-0.4027599215914304,-0.40858708509375996,-0.48748467405473206,-0.43053626592220556,-0.4587926197908083,-0.4325388903605445,-0.41002542714836726,-0.4173539889190211,-0.40288885366386185,-0.46488122964850925,-0.4225998916489623,-0.6471524270854335,-0.38038061277013874,-0.38724905714332414,-0.3957129705756191,-0.42471144265398214,-0.4333060491157028,-0.4250618996502597,-0.39498647568974543,-0.46439622134769304,-0.4271349162036281,-0.47884372925814545,-0.4207673061347454,-0.11066426808372769,-0.42985493094944,-0.4267395602885491,-0.4042907740083126
547,1519071935,-0.4488825990831979,-0.4485922038364504,-0.4153710018345943,-0.40290175501191466,-0.42088160167999356,-0.4754152714908729,-0.44756769471130664,-0.4309444161554252,-0.4377067267361497,-0.425403294890061,-0.467755842604995,-0.39610766370095357,-0.40858052621953117,-0.4490917618338288,-0.4151491931896091,-0.40022636700895586,-0.4533521349958694,-0.3891150348107222,-0.4114193469266317,-0.39378407430987494,-0.40094229223247546,-0.41624634122386395,-0.17069114333744284,-0.4029116358430266,-0.42050011979164154,-0.40279623059327996,-0.41999647255493855,-0.42614240428742883,-0.44869594354440906,-0.4712745084080646,-0.4287081894595753,-0.4653416232031139,-0.377767487050201,-0.2094774720852519,-0.39894000743984476,-0.42546195114788615,-0.42413182387200554,-0.4797746861213394,-0.42428801011876394,-0.4267065288438181,-0.5567771649665584,-0.39947760021061013,-0.45801194808916645,-0.4276533965586216,-0.042223416015498456,-0.4303167884342915,-0.3889712181695153,-0.3876751203100731,-0.4056718769436975,-0.3501484621356257,-0.3894751812025746,-0.37849747114523324,-0.4216690612646361,-0.4802808648756454,-0.4260371548670328,-0.37817967184097423,-0.4315788026327287,-0.3842558907683757,-0.4622039471544521,-0.38562874752815557,-0.41497585303365386,-0.431082689049092,-0.4019945113223142,0.6294127064658149,-0.4658949986561883,-0.42324464128826794,-0.45774749580284446,-0.42791400999399715,-0.4788726398184363,-0.431891671166325,-0.46672315702515843,-0.4200503441452319,-0.4267208192021894,-0.37837659516298894,-0.4270413824649916,-0.38528107234478365,-0.38398261230925934,-0.39838514583647544,-0.4871430578593543,-0.44380959634562733,-0.4257001630836628,-0.4248630415441528,-0.40272339065737434,-0.8826581717646106,-0.3837244724751373,-0.46764225918599545,-0.43083336393234883,-0.47414776850743573,-0.4007864596161414,-0.5942626896074702,-0.4575892047302264,-0.40159320240443597,-0.3920077212064675,-0.4275302003496351,-0.48724290280372873,-0.4658371304766364,-0.4667547731003926,-0.426966218351236,-0.37910817757039106,-0.41918072875940393,-0.3979978714404322,-0.40104718120818916,-0.4154486696796987,-0.4005129084257809,-0.4063312795937358,-0.48605599282897194,-0.42804101122085203,-0.45579190287753857,-0.43081263972190115,-0.4072016200756955,-0.41548814009162227,-0.4007918166909333,-0.46334293278108274,-0.42061996740186053,-0.6466751594707691,-0.3781741223455634,-0.3851568885570859,-0.3925427913104365,-0.42294090139721263,-0.4309868498799657,-0.4232919292293403,-0.39308158524020875,-0.46069642451403947,-0.4251007315904624,-0.4760668592226167,-0.41890130116970337,-0.11066426808372769,-0.4279849115509055,-0.42552773965195423,-0.402041092010636
548,1519071940,-0.4467904195490991,-0.4468499931785952,-0.4109156815802936,-0.3972816169805028,-0.41910924454926074,-0.47469913296908,-0.4461719862488535,-0.4263372625895515,-0.43632949839689655,-0.4241911281314714,-0.46362732414528873,-0.39192792464688997,-0.4044866498654854,-0.4476962170020798,-0.4131697965553263,-0.3945003180531661,-0.452004736918424,-0.38493469549368725,-0.406983916313618,-0.3887030374989412,-0.3967469527528493,-0.4137757224771618,-0.17069114333744284,-0.39780002128961955,-0.4185190395701017,-0.39919052336489896,-0.41801448918415324,-0.42475189138959213,-0.4473018606789574,-0.46978682635012026,-0.42621465091253596,-0.46122328565421106,-0.3755588301872217,-0.4872611357320539,-0.3968112654978284,-0.42291870370978435,-0.4217035007142335,-0.4784363129112538,-0.42232886538727954,-0.4259596248755274,-0.5567771649665584,-0.3958804827351663,-0.4565094197802404,-0.4254104352688992,-0.042223416015498456,-0.42857846086297235,-0.38539075798015,-0.38409757660231036,-0.40188670162447554,-0.3473377803346796,-0.3840985075058799,-0.37354884710674285,-0.42028403237093576,-0.4789453905548778,-0.4239460001021025,-0.3759734533914787,-0.42957152266538745,-0.3792869801963668,-0.458609038673398,-0.37986800136215365,-0.41062543944514296,-0.42934552572263956,-0.3962573608873886,0.619130490680611,-0.4617859903603888,-0.4212069619067508,-0.45549455745549927,-0.4260413517733652,-0.4775334081600399,-0.4290185060174038,-0.46310938100939397,-0.4193079062851825,-0.4247187162376856,-0.3756173301203386,-0.4240184899365287,-0.3805726732483361,-0.379025333987072,-0.3967884651867966,-0.4857136812283558,-0.44207111187612774,-0.42430772188561333,-0.42308902024041234,-0.3991195968877981,-0.8822698347185972,-0.37954333421659997,-0.46409915830724896,-0.4291072422506905,-0.474136131369893,-0.3976011904194301,-0.5942626896074702,-0.4568398239017889,-0.3954074936081127,-0.38756967047499685,-0.42603594973233766,-0.4858167644367281,-0.46511139680828273,-0.46314332190561397,-0.4249281934426382,-0.3741592332571876,-0.41481495412308184,-0.39586650489381836,-0.39430377929951127,-0.41347057194462655,-0.39489537551165704,-0.40069176584367533,-0.48462731160321176,-0.42616957019483687,-0.45504172364922113,-0.4290863890832578,-0.4021187673448864,-0.41113449282769166,-0.3965977427450762,-0.4597535734237542,-0.4186400431547588,-0.6463569810609929,-0.37376114149641276,-0.3809725513846094,-0.3868364686331079,-0.42058017972152,-0.42924745045316287,-0.4203419785278079,-0.3880018773747777,-0.4593090007014194,-0.4225580008240053,-0.47440073720129944,-0.4139252879295912,-0.11066426808372769,-0.42424487275383654,-0.42371000869706194,-0.39641688701644445
549,1519071946,-0.44330345365893437,-0.44104262431907804,-0.40893553924504894,-0.3944715479647969,-0.41556453028779505,-0.47183457888190833,-0.4433805693239473,-0.42460958000234883,-0.4328864275487637,-0.419342461097113,-0.46244774744251554,-0.38983805511985814,-0.4034534704440658,-0.4442073549227072,-0.4092110032867608,-0.3919554074061484,-0.44930994076353326,-0.38254593016966726,-0.4047662010071112,-0.386797648694841,-0.3946492830130362,-0.40982273248243845,-0.17069114333744284,-0.3946052621937402,-0.4135663390162521,-0.39738766975070844,-0.41355502659988636,-0.42197086559391883,-0.44381665351532823,-0.4663155682149167,-0.422474343091977,-0.4588699499119809,-0.37114151646126303,-0.9872717302962974,-0.3936181525848039,-0.41884950780882146,-0.4192751775564615,-0.4750903798860399,-0.4179207897414397,-0.42297200900236476,-0.5567771649665584,-0.3940819239974444,-0.45350436316238824,-0.422419820215936,-0.042223416015498456,-0.42452236319656106,-0.38240704115567886,-0.38230880474842893,-0.39999411396486456,-0.34450545015015754,-0.382306282940315,-0.37134945864519153,-0.4175139745835351,-0.47560670475295863,-0.4211577937488621,-0.3704579072677398,-0.4245533227470343,-0.37707857549769624,-0.45604124690121645,-0.3777731845745166,-0.4087609764786383,-0.42413403574328207,-0.39434497740908003,0.3346558539566343,-0.46002498680504617,-0.41713160314371645,-0.452490639659039,-0.4222960353321013,-0.47485494484324714,-0.4255707078386984,-0.46104436614324285,-0.4163381548449848,-0.41971345882642597,-0.3712025060520981,-0.422204754419451,-0.3779568959725319,-0.376822099177211,-0.3925306501209864,-0.48214023965085967,-0.436855658467629,-0.4215228394895143,-0.41954097763293136,-0.3973177000030099,-0.8820756661955904,-0.37745276508733133,-0.4623276078678757,-0.42565499888737396,-0.4741099478104218,-0.3954776776216226,-0.5942626896074702,-0.4530929197596013,-0.39372048211820637,-0.386301655980291,-0.4237945738063915,-0.4829644877027269,-0.46220846213486794,-0.4615955571078517,-0.42085214362544265,-0.3719597024513194,-0.4129439078503724,-0.39266945507389767,-0.3931798789813983,-0.40951437647448224,-0.39377186892883226,-0.39843596034365114,-0.48248428976457153,-0.42117906079212986,-0.45279118596426876,-0.4256338878059711,-0.3992949602722146,-0.40926864400029284,-0.3945007057721477,-0.4577025109338522,-0.4136902325370044,-0.6457206242414405,-0.37100302846569355,-0.3783573406518116,-0.3855683969270349,-0.41585873637013476,-0.42402925217275433,-0.416802037685969,-0.386096986925241,-0.4569966276803859,-0.41798108544438245,-0.47162386716577065,-0.41205928296454913,-0.11066426808372769,-0.42175151355579055,-0.4206804571055747,-0.394729625518187
550,1519071951,-0.4419086673028685,-0.43930041366122285,-0.4069553969098042,-0.3933475203585145,-0.4137921731570622,-0.4711184403601154,-0.4419848608614942,-0.4228818974151462,-0.430820585039884,-0.4169181275799338,-0.46126817073974236,-0.3887931203563422,-0.4021095603695878,-0.44281181009095816,-0.40723160665247804,-0.391319179744394,-0.4479625426860878,-0.3819487388386623,-0.40310291452723107,-0.3855273894921076,-0.39360044814312967,-0.4078462374850768,-0.17069114333744284,-0.39396631037456437,-0.41158525879471225,-0.39618576734124805,-0.4115730432291011,-0.4205803526960821,-0.44242257064987656,-0.46383609811834275,-0.4193574199081779,-0.4576932820408658,-0.36672420273530437,-0.5983746011907747,-0.38989285418627534,-0.41681490985834,-0.4162397736092465,-0.47375200667595435,-0.4154718588270842,-0.4222251050340741,-0.5567771649665584,-0.39288288483896316,-0.4520018348534621,-0.4216721664526952,2.0492055607241295,-0.4227840356252419,-0.3818102977907847,-0.3817125474638018,-0.3981015263052536,-0.3418058967182347,-0.3811114665632717,-0.36969991729902807,-0.41612894568983483,-0.47427123043219094,-0.4197636905722419,-0.36659702498112257,-0.42254604277969304,-0.37542227197369327,-0.4550141301923438,-0.376725776180698,-0.4075180011676352,-0.4223968724168296,-0.3937075162496439,0.619130490680611,-0.45885098443481775,-0.4150939237621993,-0.4509886807608089,-0.4179264994839601,-0.47351571318485075,-0.4238468087493457,-0.46001185871016725,-0.41559571698493536,-0.41771135586192215,-0.36733953499238764,-0.4185772833852955,-0.37691058506221026,-0.3751696730698152,-0.3893372888216288,-0.4814255513353604,-0.4351171739981295,-0.4201303982914648,-0.41776695632919086,-0.3967170677080805,-0.8817844134110804,-0.376407480522697,-0.4611465742416268,-0.42392887720571565,-0.47409831067287905,-0.39176153022545945,-0.5296175719087773,-0.4515941581027263,-0.3920334706283,-0.385667648732938,-0.4223003231890941,-0.48153834933572626,-0.4593055274614532,-0.46056371390934353,-0.4188141187168449,-0.3703100543469182,-0.41107286157766293,-0.3894724052539769,-0.3920559786632853,-0.40753627873941006,-0.3926483623460075,-0.3973080575936391,-0.48105560853881135,-0.4180599924154379,-0.4512908275076339,-0.42390763716732777,-0.3981654374431459,-0.40802474478202694,-0.3934521872856834,-0.45667697968890125,-0.4117103082899026,-0.6454024458316643,-0.36714167022268673,-0.3773112563586925,-0.38493436107399837,-0.41408819511336525,-0.4222898527459515,-0.4150320672650496,-0.38419209647570435,-0.4546842546593524,-0.41594690083121677,-0.46995774514445343,-0.41081527965452114,-0.11066426808372769,-0.4186348145582331,-0.41704499519579014,-0.3936047845193487
551,1519071957,-0.4391190945907367,-0.4276856759421885,-0.40497525457455946,-0.3899754375396674,-0.4019764589521766,-0.4625247780986003,-0.439193443936588,-0.41136401350046187,-0.42875474253100426,-0.4150998774420494,-0.4488826153606237,-0.38513584868403655,-0.3994062036879788,-0.44002072042746004,-0.4047573608596246,-0.3868655861121131,-0.44661514460864243,-0.37000491221856247,-0.3997763415674708,-0.3829868710866407,-0.39045394353341006,-0.4053756187383747,-0.17069114333744284,-0.3901325994595091,-0.40960417857317244,-0.38236388963245405,-0.4090955640156195,-0.4171040704514905,-0.4396344049189732,-0.4529264296934173,-0.41561711208761887,-0.4447499354585997,-0.3634112174408354,-0.26503420481461226,-0.387764112244259,-0.4147803119078586,-0.4150256120303605,-0.4724136334658688,-0.4130229279127287,-0.41176844947800484,-0.5567771649665584,-0.3784944149371879,-0.4414841366909795,-0.4112050137673239,2.0492055607241295,-0.4094568575784618,-0.3698754304929003,-0.36740237263275066,-0.3943163509860316,-0.338837181717184,-0.36916330279283904,-0.36695068172208894,-0.4133588879024342,-0.4722680189510394,-0.41697548421900144,-0.3627361426945054,-0.42053876281235175,-0.372661766100355,-0.45244633842016224,-0.37515466358997024,-0.4037890752346258,-0.4102367291316622,-0.38988274929302685,0.6431223275127536,-0.44652395954741947,-0.4130562443806821,-0.44047496847319806,-0.4148054024495735,-0.4715068656972562,-0.4117795151238768,-0.45691433641094054,-0.4052015869442435,-0.41520872715629237,-0.3640284169412073,-0.41676354786821773,-0.3753411186967277,-0.3724156295574889,-0.38720838128872376,-0.4721346032338704,-0.42294778271163247,-0.41734551589536584,-0.4053488072030075,-0.3829025249247047,-0.8801825230962749,-0.3737942691111112,-0.44756468753976514,-0.41127065154022147,-0.4740837642509506,-0.3896380174276519,-0.5296175719087773,-0.4411028265046011,-0.3897841219750916,-0.3805955907541144,-0.4110934435593633,-0.471555380766722,-0.4498709897728552,-0.4579841059130731,-0.41677609380824704,-0.36756064083958295,-0.40795445112314715,-0.3873410387073631,-0.38924622786800284,-0.40506365657056986,-0.3892778425975332,-0.3939243493436028,-0.4710548399584903,-0.41369329668806926,-0.44078831831118964,-0.41067304893772877,-0.39477686895593983,-0.4042930471272293,-0.3897823725830584,-0.4541131515765237,-0.4097303840428009,-0.645084267421888,-0.36328031197967986,-0.3757421299190138,-0.38049611010274276,-0.4016944063159789,-0.4101140567583316,-0.4032322644589201,-0.3816522425429888,-0.4426599149499783,-0.41391271621805104,-0.4549626469525981,-0.40770527137945106,-0.08689855459740743,-0.4142714359616526,-0.41522726424089784,-0.3913551025216721
552,1519071963,-0.43772430823467084,-0.42594346528433336,-0.4025000766555035,-0.38772738232710263,-0.3990225304009552,-0.45966022401142864,-0.4377977354741349,-0.409060436717525,-0.42737751419175113,-0.4150998774420494,-0.44711325030646387,-0.3830459791570047,-0.39662775376521403,-0.43792740317983647,-0.40228311506677117,-0.3849569031268498,-0.4445940474924744,-0.36761614689454253,-0.3970041974343373,-0.3810814822825405,-0.3878318563586437,-0.40290499999167256,-0.17069114333744284,-0.3882157440019815,-0.40762309835163263,-0.3805610360182635,-0.4071135806448342,-0.4157135575536538,-0.4382403220535215,-0.45143874763547287,-0.41312357354057955,-0.44298493365192704,-0.36285905322509054,0.0683061915615501,-0.387764112244259,-0.41274571395737714,-0.4150256120303605,-0.4710752602557832,-0.4110637831812443,-0.4102746415414235,-0.5567771649665584,-0.376695856199466,-0.4392303442275904,-0.4097097062408423,2.0492055607241295,-0.40771853000714264,-0.3680852003982176,-0.36561360077886923,-0.39116203822001333,-0.3358684667161334,-0.3667736700387525,-0.3647512932605377,-0.4112813445618837,-0.4709325446302718,-0.41558138104238124,-0.3627361426945054,-0.4185314828450105,-0.36990126022701675,-0.4498785466479807,-0.3730598468023332,-0.40192461226812115,-0.40849956580520974,-0.3879703658147183,0.6568319485596922,-0.4435889536218484,-0.41050914515378567,-0.438973009574968,-0.4135569636358189,-0.4694980182096616,-0.4089063499749556,-0.4548493215447894,-0.40297427336409525,-0.41270609845066253,-0.3623728579156171,-0.41615896936252517,-0.37324849687608436,-0.37021239474762785,-0.38720838128872376,-0.47070522660287195,-0.4200503085957999,-0.4159530746973163,-0.40239210503010664,-0.3804999957449872,-0.8799883545732682,-0.37170369998184255,-0.44579313710039187,-0.40954452985856316,-0.47407212711340785,-0.38910713922820006,-0.5296175719087773,-0.4396040648477261,-0.386972436158581,-0.3780595617647027,-0.4095991929420658,-0.47012924239972137,-0.44914525610450157,-0.4559204195160567,-0.41422856267249986,-0.36536111003371474,-0.40545972275953457,-0.3873410387073631,-0.3864364770727204,-0.40308555883549774,-0.3864690761404712,-0.39166854384357863,-0.46891181811985005,-0.41369329668806926,-0.43928795985455477,-0.40837138141953766,-0.39251782329780244,-0.4024271982998305,-0.3876853356101299,-0.4515493234641462,-0.4077504597956991,-0.6446069998072237,-0.36272868937353603,-0.37417300347933513,-0.37795996669059667,-0.39992386505920946,-0.4083746573315288,-0.4014622940380006,-0.37847742512709437,-0.4417349657415649,-0.41187853160488536,-0.4544072729454923,-0.405839266414409,-0.08689855459740743,-0.4130247563626296,-0.41522726424089784,-0.3891054205239955
553,1519071968,-0.4342373423445061,-0.42245904396862305,-0.3975497208173917,-0.38379328570511434,-0.3954778161394895,-0.4575118084460499,-0.43430846431800213,-0.403877388955917,-0.42462305751324486,-0.4150998774420494,-0.4429847318467577,-0.379911174866457,-0.3937975154002728,-0.4351363135163384,-0.39832432179820565,-0.38177576481807773,-0.4418992513375836,-0.3640329989085126,-0.39367762447457705,-0.37600044547160677,-0.38468535174892404,-0.39895200999694924,-0.08572961197044983,-0.385659936725278,-0.40366093790855295,-0.37755627999461266,-0.40314961390326365,-0.4129325317579805,-0.43545215632261813,-0.44846338351958415,-0.41312357354057955,-0.4388665961030242,-0.36285905322509054,0.3460898552083521,-0.387764112244259,-0.4081678685687939,-0.4150256120303605,-0.4683985138356121,-0.4071454937182756,-0.4050463137633889,-0.5567771649665584,-0.3742977778825034,-0.4362252876097382,-0.40746674495111984,2.0492055607241295,-0.40424187486450436,-0.3645047402088523,-0.3632285716403607,-0.3886385880071987,-0.33289470042558167,-0.36438403728466595,-0.3609023634528229,-0.40851128677448306,-0.46759385882835264,-0.41279317468914084,-0.3621845880821315,-0.414516922910328,-0.36658865317901085,-0.44628363816692657,-0.3704413258177868,-0.39881717399061334,-0.40502523915230476,-0.38414559885810123,0.6705415696066308,-0.4412409488813916,-0.40643378639075134,-0.43521811232939267,-0.4135569636358189,-0.46681955489286886,-0.40545855179625023,-0.45175179924556275,-0.40000452192389757,-0.4087018925216549,-0.3623728579156171,-0.41615896936252517,-0.3701095641451193,-0.3669075425328363,-0.38720838128872376,-0.46856116165637424,-0.4165733396568007,-0.41177575110316783,-0.3988440624226257,-0.3774968342703403,-0.8796971017887582,-0.3690904885702567,-0.4434310698478942,-0.40494153870747435,-0.4740488528383224,-0.38910713922820006,-0.5296175719087773,-0.43735592236241355,-0.3830360760154662,-0.3748895255279379,-0.40735781701611967,-0.4665638964822198,-0.4462423214310868,-0.451793046722024,-0.41015251285530424,-0.3615119311234454,-0.4029649943959219,-0.3873410387073631,-0.3825028259593249,-0.39863483893158536,-0.3825368031005845,-0.3877208842185363,-0.46605445566832976,-0.4124456693373925,-0.4355370637129675,-0.4049188801422509,-0.38912925481059635,-0.3986955006450328,-0.3845397801507371,-0.4484727297292932,-0.4037906113014956,-0.6439706429876711,-0.36272868937353603,-0.3705117084534182,-0.37478978742541413,-0.3963827825456705,-0.4048958584779231,-0.3967423729155488,-0.37530260771119994,-0.4394225927205314,-0.40781016237855394,-0.4516304029099636,-0.4027292581393389,-0.08689855459740743,-0.4130247563626296,-0.41522726424089784,-0.38404363602922315
554,1519071974,-0.43284255598844024,-0.42071683331076787,-0.39507454289833577,-0.37985918908312605,-0.3937054590087567,-0.45607953140246404,-0.43221490162432247,-0.40157381217298016,-0.42324582917399173,-0.41449379406275455,-0.4412153667925979,-0.37782130533942515,-0.39101906547750803,-0.43304299626871484,-0.3963449251639229,-0.3779583988475512,-0.44055185326013824,-0.3628386162465026,-0.39035105151481686,-0.37282479746477315,-0.38153884713920444,-0.3964813912502471,-0.17069114333744284,-0.38118727399104685,-0.4011845876316281,-0.37575342638042214,-0.4011676305324784,-0.4115420188601438,-0.4326639905917148,-0.4469757014616398,-0.41312357354057955,-0.4371015942963516,-0.36285905322509054,0.5683167861257937,-0.387764112244259,-0.40613327061831245,-0.4138114504514745,-0.46572176741544097,-0.4051863489867912,-0.4035525058268076,-0.5567771649665584,-0.3724992191447815,-0.43472275930081217,-0.4037284761349158,2.0492055607241295,-0.4025035472931852,-0.3621177667492755,-0.3620360570711065,-0.38548427524118034,-0.329925985424531,-0.3619944045305794,-0.35760328076049597,-0.40643374343393257,-0.4655906473472011,-0.41000496833590044,-0.3621845880821315,-0.4125096429429867,-0.36217184378166967,-0.4442294047491813,-0.36834650903014976,-0.3957097357131056,-0.40270902138370146,-0.3809582930609204,0.6842511906535694,-0.43947994532604895,-0.4043961070092341,-0.4344671328802776,-0.4135569636358189,-0.46548032323447247,-0.40258538664732907,-0.4491705306628738,-0.3977772083437493,-0.406699789557151,-0.3623728579156171,-0.41494981235114,-0.3685400977796368,-0.3625010729131142,-0.38667615440549746,-0.46498772007887806,-0.4148348551873012,-0.4096870893060936,-0.3970700411188852,-0.3744936727956934,-0.8795029332657514,-0.3675225617233052,-0.4404784857822721,-0.40321541702581604,-0.4740372157007796,-0.38857626102874815,-0.5296175719087773,-0.43435839904866347,-0.38022439019895565,-0.3723534965385261,-0.40586356639882226,-0.4644246889317189,-0.4455165877627331,-0.44972936032500765,-0.40811448794670646,-0.35821263491464306,-0.3979755376686967,-0.3868081970707096,-0.37969307516404244,-0.39665674119651323,-0.37972803664352256,-0.38433717596850003,-0.4653401150554497,-0.4124456693373925,-0.4332865260280152,-0.40319262950360757,-0.3851759249088559,-0.39620770220850104,-0.3824427431778085,-0.4464216672393912,-0.4013157059926184,-0.6436524645778949,-0.36272868937353603,-0.36841953986717996,-0.37225364401326805,-0.39461224128890104,-0.40257665924218594,-0.3949724024946294,-0.3727627537784844,-0.43849764351211806,-0.40577597776538826,-0.4505196548957521,-0.3983752465542408,-0.11066426808372769,-0.4130247563626296,-0.41522726424089784,-0.38066911303270823
555,1519071980,-0.43144776963237436,-0.41723241199505756,-0.3930944005630911,-0.37761113387056133,-0.3919331018780239,-0.4539311158370853,-0.4308191931618694,-0.39984612958577753,-0.421179986665112,-0.41449379406275455,-0.4382664250356649,-0.3741640336671195,-0.38837008666018424,-0.43094967902109127,-0.39436552852964013,-0.37604971586228797,-0.43853075614397014,-0.3604498509224826,-0.38813333620831003,-0.3702842790593063,-0.3783923425294848,-0.39401077250354505,-0.17069114333744284,-0.3792704185335193,-0.39870823735470334,-0.3733496215615015,-0.39918564716169314,-0.4087609930644705,-0.4305728662935373,-0.44548801940369537,-0.4112534196303001,-0.43474825855412136,-0.36120256057785605,0.6794302515845145,-0.3866997412732508,-0.404098672667831,-0.4125972888725885,-0.4637142076003126,-0.4032272042553068,-0.40205869789022625,-0.5567771649665584,-0.3689021016693377,-0.43246896683742303,-0.4022331686084342,2.120101458240727,-0.4007652197218661,-0.3597307932896986,-0.36024728521722504,-0.38359168758156936,-0.3269608784874097,-0.3602021799650145,-0.35430419806816904,-0.4050487145402323,-0.4635874358660496,-0.40861086515928025,-0.3621845880821315,-0.4094987229919748,-0.35996343908299905,-0.4411480546225635,-0.3662516922425127,-0.3919808097800962,-0.3998137491729473,-0.37904590958261186,0.6945334064387735,-0.43654493940047795,-0.40235842762771695,-0.4329651739820475,-0.41230852482206426,-0.4641410915760761,-0.40086148755797635,-0.4460730083636471,-0.3962923326236505,-0.4046976865926472,-0.3607172988900269,-0.41071776281129196,-0.3659243205038326,-0.36029783810325317,-0.38667615440549746,-0.4628436551323804,-0.4130963707178016,-0.40829464810804406,-0.39529601981514473,-0.3714905113210465,-0.8790660540889863,-0.3654319925940366,-0.4381164185297744,-0.40091392145027166,-0.47402266927885117,-0.3837983572336812,-0.4874003521871819,-0.43136087573491344,-0.37741270438244506,-0.3704514747964673,-0.40287506516422733,-0.4629985505647183,-0.4426136530893183,-0.44663383072948315,-0.4060764630381087,-0.35601310410877485,-0.39610449139598725,-0.3857425137974027,-0.37744527452781645,-0.39418411902767303,-0.37748102347787305,-0.38208137046847584,-0.4639114338296895,-0.4124456693373925,-0.4317861675713803,-0.4014663788649642,-0.3829168792507185,-0.3943418533811022,-0.3792971877184157,-0.4433450735045382,-0.3988408006837412,-0.6431751969632306,-0.3583157085243854,-0.3658043291343821,-0.3703515364541585,-0.3922515196132084,-0.40025746000644885,-0.3932024320737099,-0.37022289984576884,-0.43664774509529125,-0.4032332469989311,-0.4488535328744348,-0.3965092415891987,-0.11066426808372769,-0.40866137776604916,-0.4140154436043029,-0.37785701053561244
556,1519071985,-0.4279608037422097,-0.41316725379339553,-0.3891341158926016,-0.37255300964229066,-0.3854344590653368,-0.4453374535755702,-0.4280277762369632,-0.39523897601990376,-0.4177369158169792,-0.37994704144295083,-0.43413790657595863,-0.3689393598495399,-0.38352268847247156,-0.4281585893575932,-0.38941703694393326,-0.3703236669064982,-0.4351622609503567,-0.35567232027444273,-0.38148019028878954,-0.3652032422483725,-0.37314816817995206,-0.39005778250882167,-0.08572961197044983,-0.3728809003417605,-0.39474607691162367,-0.36493630469527905,-0.39472618457742625,-0.40458945437096044,-0.42778470056263396,-0.4410249732298622,-0.40439618862594195,-0.430041587069661,-0.3556809184204077,0.5683167861257937,-0.3803135154472018,-0.39901217779162745,-0.3913494612420834,-0.4610374611801415,-0.39881912860946694,-0.3945896582073196,-0.5567771649665584,-0.36290690587693136,-0.4249563252927926,-0.39475663097602615,2.120101458240727,-0.39555023700790864,-0.35555358973543905,-0.355477226940208,-0.37602133694312545,-0.32398855542242966,-0.3566177308338847,-0.34990542114506645,-0.4008936278591313,-0.4609164872245143,-0.4051256072177297,-0.3561174873460187,-0.4054841630572923,-0.35499452851099017,-0.437039587787073,-0.3631094670610571,-0.3876303961915853,-0.39576036807789156,-0.3726712979882501,0.31751882764796097,-0.4312619287344501,-0.39675480932854473,-0.42470440004178184,-0.4073147695670457,-0.4601233966008869,-0.39626442331970246,-0.44142672491480706,-0.38812551616310687,-0.40019295492251356,-0.35354320977913606,-0.36114232534450036,-0.36226223231770677,-0.3553405597810658,-0.3808216586900085,-0.45927021355488423,-0.40788091730930287,-0.40481354511292034,-0.38997395590392325,-0.366084820666682,-0.8772214531204224,-0.36177349661781644,-0.43280176721165464,-0.39573555640529673,-0.4739993950037657,-0.37848957523916243,-0.4874003521871819,-0.42461644827897577,-0.37235166991272606,-0.3647454095702908,-0.3939095614604427,-0.4594332046472167,-0.43390484906907406,-0.44250645793545046,-0.4009814007666142,-0.3505142770941043,-0.3904913525778589,-0.3809469390675216,-0.37294967325536454,-0.38973339912376065,-0.3724252438551615,-0.37644185671841546,-0.458911049539529,-0.4062075325840087,-0.4250345545165233,-0.3957122100694864,-0.377269265105375,-0.3881223572897728,-0.3724818175563979,-0.43873018290225874,-0.3948809521895377,-0.6422206617339019,-0.3522478598568032,-0.3626660762550247,-0.3652792496298664,-0.3875300762618231,-0.39561906153497456,-0.3873025306706452,-0.36450822849715886,-0.4213860831564703,-0.3986563316193083,-0.43330306067547375,-0.3909112266940726,-0.08689855459740743,-0.4030513195704457,-0.37947855546134907,-0.3733576465402592
557,1519071991,-0.4279608037422097,-0.41316725379339553,-0.3891341158926016,-0.37255300964229066,-0.3854344590653368,-0.4453374535755702,-0.4280277762369632,-0.39523897601990376,-0.4177369158169792,-0.37994704144295083,-0.43413790657595863,-0.3689393598495399,-0.3831524011109102,-0.42746081694171867,-0.38941703694393326,-0.3703236669064982,-0.4351622609503567,-0.35567232027444273,-0.38148019028878954,-0.3652032422483725,-0.3726237507449988,-0.39005778250882167,-0.08572961197044983,-0.3728809003417605,-0.39474607691162367,-0.36493630469527905,-0.39472618457742625,-0.4038941979220421,-0.42778470056263396,-0.4410249732298622,-0.4031494193524223,-0.430041587069661,-0.3551287542046629,0.7349869843138749,-0.3803135154472018,-0.39901217779162745,-0.3913494612420834,-0.4610374611801415,-0.39881912860946694,-0.3945896582073196,-0.5567771649665584,-0.36290690587693136,-0.42420506113832956,-0.39475663097602615,2.120101458240727,-0.39555023700790864,-0.35555358973543905,-0.355477226940208,-0.37602133694312545,-0.3210393239665974,-0.3566177308338847,-0.34990542114506645,-0.4008936278591313,-0.4609164872245143,-0.4051256072177297,-0.3561174873460187,-0.4054841630572923,-0.35499452851099017,-0.437039587787073,-0.3631094670610571,-0.3876303961915853,-0.39576036807789156,-0.3726712979882501,0.7116704327474468,-0.4312619287344501,-0.39675480932854473,-0.42470440004178184,-0.40669055016016836,-0.4601233966008869,-0.39626442331970246,-0.44142672491480706,-0.38812551616310687,-0.40019295492251356,-0.352991356770606,-0.36114232534450036,-0.36226223231770677,-0.3553405597810658,-0.3808216586900085,-0.45927021355488423,-0.40788091730930287,-0.40481354511292034,-0.38997395590392325,-0.36488355607682327,-0.8772214531204224,-0.36177349661781644,-0.43280176721165464,-0.39573555640529673,-0.4739993950037657,-0.37848957523916243,-0.4874003521871819,-0.42461644827897577,-0.37235166991272606,-0.3647454095702908,-0.39316243615179397,-0.4594332046472167,-0.43390484906907406,-0.44250645793545046,-0.4009814007666142,-0.3505142770941043,-0.3904913525778589,-0.3809469390675216,-0.37294967325536454,-0.38973339912376065,-0.3724252438551615,-0.37644185671841546,-0.458911049539529,-0.4062075325840087,-0.4250345545165233,-0.3957122100694864,-0.377269265105375,-0.3881223572897728,-0.3724818175563979,-0.43873018290225874,-0.3948809521895377,-0.6422206617339019,-0.3522478598568032,-0.3626660762550247,-0.3652792496298664,-0.38693989584289995,-0.39561906153497456,-0.3873025306706452,-0.36450822849715886,-0.4213860831564703,-0.39814778546601687,-0.43330306067547375,-0.3909112266940726,-0.08689855459740743,-0.4030513195704457,-0.37947855546134907,-0.3733576465402592
558,1519071996,-0.42586862420811084,-0.4108443062495887,-0.38715397355735687,-0.36974294062658475,-0.3836621019346039,-0.44390517653198436,-0.42593421354328354,-0.39351129343270114,-0.41635968747772606,-0.3775227079257716,-0.43118896481902563,-0.3668494903225081,-0.3814666873180678,-0.42606527210996964,-0.3874376403096505,-0.36777875625948053,-0.4338148628729113,-0.35388074628142774,-0.3792624749822827,-0.36329785344427235,-0.37000166357023245,-0.38808128751146,-0.08572961197044983,-0.3709640448842329,-0.39276499669008386,-0.3631334510810885,-0.39274420120664094,-0.40180842857528715,-0.4263906176971823,-0.43904139715260304,-0.4012792654421428,-0.42827658526298834,-0.3518157689101939,0.1238629242909105,-0.3781847735051855,-0.39646893035352565,-0.38892113808431145,-0.4590299013650132,-0.39637019769511145,-0.3923489463024476,-0.5567771649665584,-0.3611083471392094,-0.42270253282940345,-0.3940089772127853,2.120101458240727,-0.3938119094365895,-0.35436010300565063,-0.3536884550863266,-0.3741287492835145,-0.31815287282313537,-0.35482550626831977,-0.34770603268351513,-0.399508598965431,-0.45958101290374664,-0.4037315040411095,-0.3528081596717754,-0.40297506309811576,-0.3527861238123196,-0.4349853543693278,-0.36153835447032934,-0.3857659332250806,-0.39402320475143904,-0.3694839921910692,0.7150978380091814,-0.42950092517910743,-0.39471712994702757,-0.42245146169443665,-0.4035694531257818,-0.4587841649424905,-0.3945405242303498,-0.43936171004865593,-0.38664064044300805,-0.39819085195800974,-0.3507839447364858,-0.3593285898274226,-0.3606927659522242,-0.35313732497120476,-0.3776282973906509,-0.4578408369238858,-0.40614243283980334,-0.4027248833158461,-0.3864259132964423,-0.36248102689710576,-0.8766874896821539,-0.36020556977086493,-0.43103021677228137,-0.39343406082975235,-0.47398775786622294,-0.37636606244135495,-0.4874003521871819,-0.42311768662210075,-0.3701023212595176,-0.36284338782823194,-0.39166818553449656,-0.4580070662802161,-0.4331791154007204,-0.43992684993918,-0.39792436340371756,-0.34776486358676906,-0.38862030630514943,-0.3782827308842543,-0.3701399224600821,-0.3872607769549205,-0.370178230689512,-0.37362209984338524,-0.4574823683137688,-0.4030884642073168,-0.42278401683157096,-0.3939859594308431,-0.3750102194472376,-0.3850126092441081,-0.3703847805834694,-0.43667912041235674,-0.392901027942436,-0.6417433941192375,-0.35004136943222786,-0.36109694981534607,-0.3627431062177203,-0.3845791741672073,-0.39387966210817177,-0.38435257996911276,-0.3626033380476222,-0.41722381171861,-0.39560505469955975,-0.42997081663283926,-0.3890452217290305,-0.08689855459740743,-0.40118130017191117,-0.37766082450645677,-0.3711079645425826
559,1519072002,-0.42447383785204496,-0.4091020955917335,-0.38467879563830093,-0.36580884400459646,-0.38070817338338253,-0.44318903801019144,-0.4245385050808304,-0.3912077166497643,-0.4149824591384729,-0.3569158730297483,-0.4294195997648658,-0.3647596207954763,-0.3790429882242115,-0.42397195486234607,-0.38545824367536774,-0.3633251626271996,-0.43246746479546594,-0.35268636361941774,-0.3770447596757759,-0.36139246464017216,-0.3673795763954661,-0.3851165450154175,-0.17069114333744284,-0.3684082376075294,-0.390288646413159,-0.361330597466898,-0.3907622178358557,-0.3997226592285321,-0.4249965348317306,-0.4375537150946587,-0.3987857268951035,-0.42592324952075816,-0.34684629096849035,0.1238629242909105,-0.3739272896211528,-0.3944343324030442,-0.35553169466494633,-0.4563531549448421,-0.39441105296362705,-0.39010823439757564,-0.5567771649665584,-0.35930978840148753,-0.42120000452047734,-0.3910183621598221,-0.042223416015498456,-0.39207358186527036,-0.352569872910968,-0.3518996832324452,-0.3722361616239035,-0.3152079710440183,-0.3536306898912765,-0.34550664422196387,-0.3974310556248805,-0.4569100642622113,-0.40094329768786907,-0.34949883199753207,-0.40096778313077447,-0.35002561793898135,-0.43241756259714625,-0.3599672418796015,-0.38390147025857596,-0.3905488780985341,-0.3675716087127607,0.7116704327474468,-0.4271529204386506,-0.3921700307201311,-0.4209495027962065,-0.39857569787076325,-0.45744493328409414,-0.39109272605164436,-0.4362641877494292,-0.3851557647229092,-0.39568822325237996,-0.3474728266853054,-0.3575148543103449,-0.3591232995867417,-0.3503832814588785,-0.37443493609129325,-0.4542673953463896,-0.4032449587239707,-0.4006362215187718,-0.38465189199270183,-0.3606791300123176,-0.8764447790283955,-0.3581150006415963,-0.4280776327066593,-0.39170793914809404,-0.4739761207286802,-0.3742425496435474,-0.39241160781359236,-0.42236830579366325,-0.3678529726063091,-0.3609413660861731,-0.3894268096085504,-0.45515478954621486,-0.43172764806401304,-0.43786316354216365,-0.3958863384951198,-0.3450154500794338,-0.3861255779415368,-0.3729543145177197,-0.3678921218238561,-0.3852826792198483,-0.36793121752386243,-0.37136629434336105,-0.4560536870880087,-0.4005932095059633,-0.42128365837493603,-0.39225970879219973,-0.3721864123745659,-0.38314676041670925,-0.36828774361054084,-0.4341152922999792,-0.3899311415717833,-0.6414252157094613,-0.3478348790076525,-0.35952782337566735,-0.3608409986586108,-0.38162827207259153,-0.3915604628724346,-0.38258260954819334,-0.3606984475980855,-0.41537391330178325,-0.3930623239331026,-0.4277493206044162,-0.3859352134539604,-0.08689855459740743,-0.3993112807733767,-0.35705987368434394,-0.368858282544906
560,1519072008,-0.4216842651399132,-0.40387546361816806,-0.3807185109678115,-0.3607507197763258,-0.37716345912191684,-0.44032448392301976,-0.4217470881559242,-0.38775235147535897,-0.41222800245996666,-0.3526732893746847,-0.4252910813051596,-0.36057988174141264,-0.37648722860280526,-0.421180865198848,-0.3814994504068022,-0.3588715689949187,-0.4297726686405752,-0.3497004069643928,-0.3720549002361356,-0.3569465574306051,-0.36265981948088666,-0.3811635550206941,-0.17069114333744284,-0.3632966230541224,-0.38533594585930947,-0.35712393903378675,-0.3863027552515888,-0.3969416334328588,-0.4215113276681014,-0.4345783509787699,-0.34018757103967956,-0.42121657803629775,-0.34353330567402135,-0.32059093754397266,-0.3702019912226242,-0.38985648701446096,-0.35371045229661735,-0.45367640852467095,-0.3904927635006583,-0.387120618524413,-0.5567771649665584,-0.3557126709260437,-0.4181949479026252,-0.38728009334361807,-0.042223416015498456,-0.38801748419885906,-0.34898941272160267,-0.34891839680930953,-0.3678201237514779,-0.31237924892342556,-0.34944883257162507,-0.3405580201834734,-0.39396848339062973,-0.454239115620676,-0.3974580397463186,-0.3445348404861671,-0.3959495832124213,-0.3456088085416401,-0.4277955374072195,-0.35630131250123664,-0.3789295690145635,-0.38707455144562913,-0.36310938059670744,0.5540097907076524,-0.4236309133279654,-0.3880946719570968,-0.4186965644488614,-0.34114751243805014,-0.45476646996730136,-0.38764492787293897,-0.43213415801712696,-0.3821860132827115,-0.39168401732337227,-0.34305800261706487,-0.3538873832761894,-0.35598436685577667,-0.3459768118391564,-0.3701771210254831,-0.4521233303998919,-0.3997679897849716,-0.3971551185236481,-0.3805125089506407,-0.35647470394781194,-0.8740176724908115,-0.35497914694769334,-0.42453453182791273,-0.3882556957847775,-0.47394993716920897,-0.3699955240479324,-0.39241160781359236,-0.41862140165147566,-0.3633542752998922,-0.3571373226020554,-0.3871854336826042,-0.45301558199571396,-0.42955044705895196,-0.43321986914887683,-0.39130078245077476,-0.3406163884676974,-0.3823834853961179,-0.3702901063344524,-0.3633965205514042,-0.381326483749704,-0.36343719119256335,-0.36629073196830664,-0.45391066524936846,-0.3419547240241555,-0.4190331206899837,-0.38880720751491304,-0.36710355964375674,-0.37941506276191156,-0.36356941042145163,-0.4300131673201752,-0.3859712930775798,-0.6407888588899088,-0.3434218981585018,-0.35586652834975047,-0.3570367835403917,-0.37749700914012946,-0.3863422645920261,-0.3790426687063545,-0.3568886666990122,-0.3991873021545489,-0.3884854085534798,-0.41553109244808967,-0.3822032035238763,-0.06313284111108719,-0.34134067941880764,-0.35342441177455935,-0.36379649805013364
561,1519072013,-0.41889469242778143,-0.39458367344294054,-0.37873836863256677,-0.3596266921700434,-0.3677108877580084,-0.4345953757486764,-0.418955671231018,-0.3785380443436115,-0.4087849316118338,-0.3514611226160951,-0.4164442560343606,-0.3584900122143808,-0.373817534408611,-0.4183897755353499,-0.37952005377251946,-0.35823534133316426,-0.42775157152440707,-0.34014534566831295,-0.37039161375625546,-0.35440603902513823,-0.36056214974107353,-0.3791870600233324,-0.08572961197044983,-0.3626576712349466,-0.38285959558238464,-0.34810967096283413,-0.3833297801954109,-0.39416060763718547,-0.41872316193719805,-0.4246604705924741,-0.33831741712940006,-0.41239156900293455,-0.3407724845952972,0.45720332066707287,-0.36807324928060786,-0.3878218890639795,-0.3524962907177313,-0.4509996621044998,-0.3870642602205606,-0.3811453867780877,-0.5567771649665584,-0.3455208380789529,-0.40842851389460566,-0.3805512094744508,-0.042223416015498456,-0.3775875187709442,-0.33944151888329516,-0.33937828025527544,-0.3659275360918669,-0.309570731960837,-0.34048770974380055,-0.33945832595269776,-0.3911984256032291,-0.45156816697914065,-0.3939727818047681,-0.3423286220366715,-0.39394230324508006,-0.34450460619230483,-0.4262548623439106,-0.3542064957135996,-0.3783080813590619,-0.37723062592906503,-0.3618344582778351,0.697960811700508,-0.4148258955512523,-0.38554757273020035,-0.40818285216125055,-0.33802641540366357,-0.4514183908213104,-0.3790254324261755,-0.4300691431509758,-0.37550407254226675,-0.3891813886177425,-0.34085059058294465,-0.3508644907477265,-0.3538917450351333,-0.3448751944342259,-0.3685804403758043,-0.44640582387589806,-0.3904960726143072,-0.39437023612754907,-0.3710510619973581,-0.3468645872289418,-0.8727555770912678,-0.3528885778184247,-0.4144957460047976,-0.37904971348259986,-0.47393248146289485,-0.367341133050673,-0.36470655737129537,-0.4081300700533505,-0.3599802523200795,-0.35269927187058475,-0.38120843121341447,-0.4473110285277115,-0.42156737670706135,-0.4316721043511146,-0.389262757542177,-0.33951662306476327,-0.38175980330521475,-0.36869158142449204,-0.3605867697561217,-0.3793483860146319,-0.3595049181526766,-0.36516282921829457,-0.4467672591205677,-0.34008328299814033,-0.4085306114935395,-0.3796005374421485,-0.36597403681468804,-0.37817116354364566,-0.36147237344852307,-0.4284748704527487,-0.38349638776870265,-0.6403115912752444,-0.3412154077339265,-0.3537743597635122,-0.35450064012824567,-0.3680541224373589,-0.3770654676490776,-0.3696028264614508,-0.35307888579993885,-0.3880879116535882,-0.38645122394031406,-0.40386823829886886,-0.3815812018688623,-0.06313284111108719,-0.33947066002027315,-0.3510007705013696,-0.36098439555303785
562,1519072019,-0.41749990607171555,-0.3922607258991337,-0.37675822629732203,-0.3562546093511963,-0.36357538778629844,-0.43173082166150467,-0.41755996276856494,-0.3768103617564088,-0.40740770327258063,-0.3496428724782107,-0.41467489098020077,-0.356400142687349,-0.3721344100378774,-0.41699423070360087,-0.3760561096625247,-0.3556904306861466,-0.4250567753695163,-0.33895096300630295,-0.3659561831432418,-0.3525006502210381,-0.35846448000126047,-0.3772105650259708,-0.08572961197044983,-0.36010186395824306,-0.38038324530545986,-0.34510491493918327,-0.3808523009819293,-0.39207483829043044,-0.4173290790717464,-0.4226768945152149,-0.3352004939456009,-0.4106265671962619,-0.33856382773231786,-0.0983640066265311,-0.3664766928240956,-0.3852786416258777,-0.35067504834940233,-0.44966128889441426,-0.3846153293062051,-0.37965157884150635,-0.5567771649665584,-0.343722279341231,-0.40692598558567955,-0.3783082481847284,-0.042223416015498456,-0.375269748675852,-0.33824803215350674,-0.33580073654751263,-0.3615114982194413,-0.3068264385361905,-0.33869548517823567,-0.33670909037575864,-0.3891208822626786,-0.45023269265837296,-0.3911845754515277,-0.3395708489748021,-0.3914332032859035,-0.34174410031896657,-0.42420062892616534,-0.3526353831228718,-0.37582213073705567,-0.37549346260261257,-0.3599220747995266,0.6705415696066308,-0.41189088962568127,-0.38147221396716596,-0.4074318727121355,-0.3361537571830316,-0.4494095433337158,-0.37730153333682276,-0.42800412828482465,-0.3732767589621185,-0.3861782341709867,-0.3380913255402943,-0.34905075523064877,-0.3523222786696508,-0.34212115092189954,-0.36698375972612546,-0.4449764472448996,-0.38759859849847456,-0.3929777949294996,-0.36868570025903746,-0.34506269034415366,-0.872561408568261,-0.3502753664068389,-0.41272419556542433,-0.3767482179070555,-0.4739179350409664,-0.36521762025286547,-0.36470655737129537,-0.40663130839647543,-0.35773090366687105,-0.3507972501285259,-0.3782199299788196,-0.44588489016071087,-0.420115909370354,-0.42960841795409827,-0.38671522640642975,-0.33621732685596095,-0.3792650749416021,-0.36709305651453167,-0.35777701896083924,-0.3768757638457917,-0.3572579049870271,-0.36234307234326435,-0.4453385778948075,-0.33696421462144843,-0.4070302530369046,-0.37557261928531405,-0.36315022974201633,-0.37506141549798094,-0.3588510772323624,-0.4259110423403712,-0.3810214824598255,-0.6399934128654682,-0.33790567209706346,-0.3522052333238335,-0.3513304608630631,-0.3656934007616663,-0.37474626841334047,-0.3672428659002249,-0.3511739953504022,-0.3871629624451748,-0.38390849317385695,-0.4027574902846574,-0.37909319524880625,-0.06313284111108719,-0.33510728142369267,-0.3497889498647747,-0.35873471355536124
563,1519072024,-0.4154077265376167,-0.3905185152412785,-0.3747780839620773,-0.3528825265323492,-0.3618030306555656,-0.43029854461791883,-0.4154664000748853,-0.3750826791692062,-0.4060304749333275,-0.3484307057196211,-0.41113616087188115,-0.35326533839680124,-0.36984795031578854,-0.4149009134559773,-0.3740767130282419,-0.3525092923773745,-0.4237093772920709,-0.334173432358263,-0.36262961018348155,-0.34868987261283774,-0.35479355795658757,-0.37473994627926865,-0.08572961197044983,-0.35754605668153955,-0.37840216508392005,-0.3427011101202626,-0.37887031761114404,-0.3906843253925938,-0.4159349962062947,-0.42118921245727053,-0.3327069553985616,-0.4082732314540317,-0.33525084243784886,-0.15392073935589148,-0.3648801363675834,-0.3827353941877759,-0.3488538059810733,-0.4483229156843287,-0.3826561845747208,-0.37591705900005307,-0.5567771649665584,-0.34132420102426847,-0.4046721931222904,-0.3768129406582468,-0.042223416015498456,-0.37353142110453286,-0.3364578020588241,-0.33401196469363126,-0.358357185453423,-0.3040352402804628,-0.33570844423562746,-0.3334100076834317,-0.3870433389221281,-0.4488972183376053,-0.38979047227490743,-0.3373646305253066,-0.38942592331856224,-0.33843149327096067,-0.42111927879954747,-0.35001686213832545,-0.37333618011504943,-0.3737562992761601,-0.3567347690023457,0.6602593538214269,-0.40954288488522445,-0.3794345345856488,-0.40442795491567524,-0.333032660148645,-0.44740069584612124,-0.3744283681879016,-0.424906605985598,-0.37179188324201967,-0.38417613120648286,-0.335332060497644,-0.347237019713571,-0.3486601904835249,-0.338816298707108,-0.3653870790764467,-0.44426175892940034,-0.385860114028975,-0.38949669193437586,-0.3657289980861367,-0.34145889657457734,-0.872270155783751,-0.3481847972775702,-0.4103621283129266,-0.373871348437625,-0.47390629790342365,-0.36309410745505794,-0.36470655737129537,-0.4058819275680379,-0.3543568806870584,-0.3482612211391141,-0.37747280467017086,-0.44445875179371025,-0.4193901757020003,-0.42599696675931964,-0.38365818904353305,-0.33291803064715864,-0.37614666448708634,-0.36496168996791784,-0.3544053180065003,-0.3744031416769515,-0.3544491385299651,-0.3589593640932281,-0.4424812154432872,-0.3350927735954333,-0.40477971535195223,-0.3738463686466707,-0.35976166125481024,-0.3725736170614492,-0.3557055217729696,-0.4228344486055182,-0.37904155821272373,-0.6395161452508038,-0.33569918167248813,-0.35011306473759524,-0.3481602815978805,-0.3639228595048968,-0.3730068689865376,-0.36488290533899903,-0.3479991779345078,-0.3862380132367614,-0.38187430856069127,-0.4016467422704459,-0.3766051886287502,-0.06313284111108719,-0.3332372620251582,-0.3479712189098824,-0.3553601905588463
564,1519072030,-0.4140129401815508,-0.3887763045834234,-0.3718078704592102,-0.3500724575166433,-0.36003067352483276,-0.428866267574333,-0.41407069161243215,-0.37162731399480087,-0.40465324659407437,-0.3472185389610315,-0.40936679581772134,-0.35117546886976947,-0.3674320194882587,-0.41350536862422826,-0.37209731639395915,-0.3493281540686024,-0.42236197921462554,-0.3329790496962531,-0.3604118948769747,-0.3467844838087376,-0.3526958882167745,-0.37226932753256653,-0.17069114333744284,-0.3556292012240119,-0.3764210848623802,-0.3408982565060721,-0.3768883342403587,-0.38929381249475714,-0.41314683047539136,-0.4197015303993261,-0.33083680148828215,-0.40533156177624396,-0.33304218557486953,-0.0983640066265311,-0.36328357991107113,-0.3801921467496741,-0.3464254828233013,-0.44631535586920035,-0.3806970398432364,-0.37367634709518105,-0.5567771649665584,-0.3395256422865465,-0.40316966481336436,-0.37307467184204274,-0.042223416015498456,-0.3717930935332137,-0.3340708285992472,-0.33281945012437697,-0.356464597793812,-0.3012324962201612,-0.3345136278585842,-0.33121061922188044,-0.3856583100284278,-0.4468940068564538,-0.38700226592166703,-0.3346068574634371,-0.38741864335122095,-0.3356709873976224,-0.41855148702736594,-0.34844574954759766,-0.37147171714854477,-0.37144008150755675,-0.3535474632051648,0.6465497327744882,-0.4077818813298818,-0.37739685520413163,-0.4036769754665602,-0.3311600019280131,-0.44606146418772485,-0.37212983606876465,-0.4228415911194468,-0.3703070075219208,-0.38217402824197905,-0.33312464846352374,-0.34542328419649326,-0.3470907241180424,-0.33606225519478167,-0.36379039842676786,-0.4414030056674034,-0.38412162955947543,-0.3874080301373016,-0.3639549767823962,-0.33965699968978924,-0.8720759872607442,-0.34661687043061873,-0.40859057787355335,-0.3721452267559667,-0.47389466076588094,-0.36097059465725045,-0.36470655737129537,-0.4028844042542879,-0.3521075320338499,-0.3463591993970553,-0.37597855405287345,-0.44231954424320935,-0.4179387083652929,-0.42393328036230327,-0.38162016413493527,-0.3301686171398234,-0.37365193612347375,-0.362830323421304,-0.35215751737027434,-0.3724250439418793,-0.3522021253643156,-0.3561396072181979,-0.4417668748304071,-0.3325975188940798,-0.4040295361236348,-0.37212011800802736,-0.35750261559667285,-0.3694638690157845,-0.35360848480004103,-0.4207833861156162,-0.3765666529038465,-0.6391979668410276,-0.3334926912479128,-0.348020896151357,-0.34625817403877096,-0.3621523182481273,-0.3712674695597348,-0.36252294477777314,-0.3460942874849711,-0.3848505894241413,-0.37984012394752553,-0.3999806202491286,-0.3734951803536801,-0.08689855459740743,-0.3313672426266237,-0.34675939827328756,-0.3531105085611697
565,1519072036,-0.41052597429138615,-0.3841304094958096,-0.36735255020490953,-0.3455763470915138,-0.35648595926336707,-0.4252855749653684,-0.4105814204562994,-0.3675960546246614,-0.40052156157631497,-0.33630903813372504,-0.4052382773580151,-0.3464732624339478,-0.36515591745460513,-0.4093187341289811,-0.3671488248082523,-0.3455107880980759,-0.41899348402101205,-0.3299930930412281,-0.35597646426396107,-0.3417034469978038,-0.347976131302195,-0.3683163375378432,-0.17069114333744284,-0.35051758667060495,-0.3714683843085306,-0.33729254927769103,-0.3724288716560919,-0.38581753025016546,-0.40966162331176215,-0.4167261662834374,-0.32023926266336505,-0.40180155816289864,-0.32862487184891087,-1.2650553939430995,-0.3600904669980466,-0.3761229508487112,-0.3361051094027703,-0.44230023623894366,-0.3762889641973965,-0.3714356351903091,-0.5567771649665584,-0.33472948565262145,-0.3986620798865861,-0.37083171055232034,-0.042223416015498456,-0.36773699586680236,-0.32870013831519923,-0.32924190641661416,-0.35267942247459005,-0.29842614409593027,-0.33092917872745437,-0.32516230095261434,-0.38219573779417704,-0.4428875838941508,-0.38421405956842664,-0.33019442056444603,-0.38240044343286783,-0.3312541780002812,-0.4144430201918755,-0.3447798201692328,-0.3652568405935292,-0.36680764597035015,-0.34972269624854774,0.3415106644801036,-0.40425987421919657,-0.3733214964410973,-0.4006730576701,-0.3205482720110987,-0.4420437692125357,-0.36868203789005927,-0.41819530767060675,-0.3665948182216737,-0.37816982231297136,-0.32870982439528323,-0.33393629258833424,-0.3439517913870774,-0.3311049768725943,-0.3611292640106365,-0.43782956408990725,-0.3806446606204763,-0.3846231477412026,-0.3604069341749152,-0.3348519413303542,-0.8713963974302207,-0.3429583744543986,-0.40386644336855804,-0.368117609498764,-0.47386847720640973,-0.35778532546053915,-0.35679082867349626,-0.3991375001121003,-0.347608834727433,-0.34192114866558465,-0.37224292750962984,-0.4380411291422075,-0.4128585726868171,-0.41928998596901645,-0.3775441143177397,-0.32576955552808695,-0.36990984357805484,-0.3601661152380367,-0.3476619160978224,-0.367974324037967,-0.3471463457416041,-0.3516279962181495,-0.43819517176600675,-0.3219926864133273,-0.40027863998204755,-0.3675167829716451,-0.3524197628658637,-0.36573217136098685,-0.34941441085418395,-0.41668126113581216,-0.3721118233478676,-0.6385616100214752,-0.3285280877926183,-0.343313516832321,-0.34245395892055186,-0.3580210553156652,-0.36662907108826054,-0.35898300393593424,-0.34228450658589776,-0.38068831798628106,-0.37526320856790274,-0.3966483762064941,-0.369141168768582,-0.08689855459740743,-0.32077046603492826,-0.33524710222563625,-0.3474863035669782
566,1519072041,-0.4098285811133532,-0.3841304094958096,-0.36735255020490953,-0.3455763470915138,-0.35648595926336707,-0.4252855749653684,-0.4098835662250728,-0.3675960546246614,-0.40052156157631497,-0.33630903813372504,-0.4052382773580151,-0.3464732624339478,-0.3635375286365921,-0.4093187341289811,-0.3671488248082523,-0.3455107880980759,-0.4183197849822894,-0.3299930930412281,-0.35597646426396107,-0.3417034469978038,-0.347976131302195,-0.3683163375378432,-0.17069114333744284,-0.35051758667060495,-0.3714683843085306,-0.33729254927769103,-0.3714378799706992,-0.38581753025016546,-0.40966162331176215,-0.4157343782448078,-0.32023926266336505,-0.40180155816289864,-0.32807270763316604,-0.5983746011907747,-0.3600904669980466,-0.3761229508487112,-0.3361051094027703,-0.44230023623894366,-0.37579917801452545,-0.3714356351903091,-0.5567771649665584,-0.33472948565262145,-0.3986620798865861,-0.37083171055232034,-0.042223416015498456,-0.3659986682954832,-0.32870013831519923,-0.32924190641661416,-0.35267942247459005,-0.29569267486307177,-0.33092917872745437,-0.32516230095261434,-0.38219573779417704,-0.4428875838941508,-0.38421405956842664,-0.33019442056444603,-0.38240044343286783,-0.33070207682561353,-0.4144430201918755,-0.3447798201692328,-0.3652568405935292,-0.36680764597035015,-0.34972269624854774,0.6431223275127536,-0.40425987421919657,-0.3733214964410973,-0.39917109877186985,-0.31992405260422135,-0.4420437692125357,-0.36868203789005927,-0.41819530767060675,-0.3665948182216737,-0.37816982231297136,-0.32870982439528323,-0.3333317140826417,-0.3439517913870774,-0.3311049768725943,-0.3611292640106365,-0.43782956408990725,-0.3806446606204763,-0.3846231477412026,-0.3604069341749152,-0.3348519413303542,-0.871347855299469,-0.3429583744543986,-0.40386644336855804,-0.368117609498764,-0.47386847720640973,-0.3572544472610873,-0.3251279138822997,-0.3991375001121003,-0.3470464975641309,-0.34192114866558465,-0.37224292750962984,-0.4380411291422075,-0.4128585726868171,-0.41928998596901645,-0.3775441143177397,-0.32576955552808695,-0.3686624793962485,-0.3601661152380367,-0.3476619160978224,-0.367974324037967,-0.3471463457416041,-0.3516279962181495,-0.43819517176600675,-0.3219926864133273,-0.3995284607537301,-0.3675167829716451,-0.3524197628658637,-0.36573217136098685,-0.34941441085418395,-0.41668126113581216,-0.3721118233478676,-0.6385616100214752,-0.3285280877926183,-0.343313516832321,-0.34245395892055186,-0.3580210553156652,-0.36662907108826054,-0.35898300393593424,-0.34101457961954,-0.38068831798628106,-0.37526320856790274,-0.3966483762064941,-0.369141168768582,-0.08689855459740743,-0.32077046603492826,-0.33524710222563625,-0.3474863035669782
567,1519072047,-0.4070390084012214,-0.3800652512941476,-0.3624021943667977,-0.3410802366663843,-0.35175967358141286,-0.41669191270385336,-0.40709214930016663,-0.3629889010587876,-0.3977671048978087,-0.333278621237251,-0.4016995472496955,-0.34177105599812624,-0.36080309888967727,-0.4058298720496085,-0.3622003332225454,-0.3416934221275494,-0.41427759074995324,-0.32640994505519816,-0.35098660482432076,-0.3378926693896035,-0.3437807918225689,-0.3638692237937794,-0.08572961197044983,-0.3466838757555497,-0.36750622386545095,-0.3306820860256591,-0.3674739132291287,-0.38095073510773714,-0.4068734575808588,-0.412759014128919,-0.31649895484280605,-0.3982715545495534,-0.3236553939072074,-1.1539419284843786,-0.3579617250560303,-0.3710364559725076,-0.33306970545555525,-0.43895430321372975,-0.37188088855155665,-0.36396659550740246,-0.5567771649665584,-0.330532848597937,-0.39490575911427084,-0.36335517291991226,-0.042223416015498456,-0.36252201315284494,-0.3263131648556224,-0.3256643627088514,-0.3482633846021644,-0.2928502420995476,-0.3273447295963246,-0.32076352402951175,-0.37804065111307605,-0.43954889809223163,-0.3807288016268761,-0.325230429053081,-0.37788406350634995,-0.32628526742827235,-0.410334553356385,-0.3411138907908679,-0.3615279146605198,-0.36333331931744517,-0.3458979292919307,0.40320395919132745,-0.3995638647382829,-0.36822729798730436,-0.39691816042452466,-0.3161787361629575,-0.4380260742373465,-0.3646596066815696,-0.4140652779383045,-0.3576855639010807,-0.37316456490171174,-0.3242950003270427,-0.33091340005987135,-0.34028970320095153,-0.32669850725287225,-0.35846812959450514,-0.4306826809349149,-0.3754292072119776,-0.3811420447460789,-0.3562675511328541,-0.33124814756077786,-0.8702799284229321,-0.33929987847817844,-0.4003233424898115,-0.3635146183476752,-0.47383938436255285,-0.35513093446327976,-0.3251279138822997,-0.3961399767983503,-0.342547800257714,-0.33621508343940815,-0.3632774238058452,-0.4309104373072044,-0.4063269696716339,-0.41516261317498376,-0.3729585582733947,-0.3208206112148834,-0.3649203868508296,-0.3575019070547694,-0.34316631482537047,-0.3630290797002866,-0.3415288128274802,-0.3465524338430951,-0.4296230844114458,-0.31762599068595865,-0.39652774384046036,-0.3629134479352628,-0.3479016715495889,-0.36137852409705623,-0.34364755917863044,-0.4120663705335327,-0.3681519748536641,-0.6374479855872583,-0.3235634843373238,-0.3401752639529636,-0.33864974380233276,-0.35329961196427995,-0.36315027223465485,-0.35426308281348245,-0.33720479872046666,-0.3719013005063538,-0.37017774703498846,-0.3855408960643791,-0.3654091588384979,-0.08689855459740743,-0.3157837476388363,-0.3328234609524465,-0.34298693957162496
568,1519072053,-0.4070390084012214,-0.3800652512941476,-0.3624021943667977,-0.3410802366663843,-0.3505781021609243,-0.41669191270385336,-0.40709214930016663,-0.3629889010587876,-0.3977671048978087,-0.3320664544786614,-0.4016995472496955,-0.34177105599812624,-0.35821885562507405,-0.4058298720496085,-0.3622003332225454,-0.3416934221275494,-0.41427759074995324,-0.32640994505519816,-0.35098660482432076,-0.3372575397882368,-0.3432563743876156,-0.3638692237937794,-0.17069114333744284,-0.3466838757555497,-0.36750622386545095,-0.3306820860256591,-0.3674739132291287,-0.38095073510773714,-0.4068734575808588,-0.412759014128919,-0.3133820316590069,-0.3982715545495534,-0.32144673704422805,0.0683061915615501,-0.3568973540850221,-0.3710364559725076,-0.33185554387666927,-0.43895430321372975,-0.37188088855155665,-0.36396659550740246,-0.5567771649665584,-0.330532848597937,-0.39490575911427084,-0.36335517291991226,-0.042223416015498456,-0.36252201315284494,-0.32571642149072816,-0.3256643627088514,-0.3482633846021644,-0.2900547141671046,-0.3273447295963246,-0.32076352402951175,-0.37804065111307605,-0.43954889809223163,-0.3807288016268761,-0.3230242106035855,-0.37788406350634995,-0.32628526742827235,-0.410334553356385,-0.3411138907908679,-0.3615279146605198,-0.36333331931744517,-0.3458979292919307,0.6534045432979575,-0.3995638647382829,-0.3677178781419251,-0.39691816042452466,-0.3143060779423255,-0.4380260742373465,-0.3646596066815696,-0.4140652779383045,-0.3576855639010807,-0.37316456490171174,-0.32153573528439244,-0.3303088215541788,-0.34028970320095153,-0.32669850725287225,-0.3574036758280526,-0.4306826809349149,-0.3754292072119776,-0.3811420447460789,-0.35567621069827393,-0.33064751526584846,-0.8699401335076703,-0.33929987847817844,-0.4003233424898115,-0.3635146183476752,-0.47383938436255285,-0.354069178064376,-0.3251279138822997,-0.3961399767983503,-0.342547800257714,-0.33621508343940815,-0.3632774238058452,-0.4309104373072044,-0.4063269696716339,-0.41516261317498376,-0.37244905204624523,-0.3208206112148834,-0.3649203868508296,-0.3564362237814625,-0.34260436466631394,-0.3630290797002866,-0.3415288128274802,-0.3465524338430951,-0.4296230844114458,-0.3157545496599435,-0.39652774384046036,-0.3629134479352628,-0.3479016715495889,-0.36137852409705623,-0.34364755917863044,-0.4120663705335327,-0.3681519748536641,-0.6374479855872583,-0.3213569939127484,-0.33965222180640403,-0.33738167209625974,-0.35329961196427995,-0.36315027223465485,-0.35426308281348245,-0.33720479872046666,-0.3691264528811136,-0.37017774703498846,-0.3838747740430618,-0.3654091588384979,-0.08689855459740743,-0.31391372824030184,-0.3322175506341491,-0.34242451907220584
569,1519072058,-0.4035520425110567,-0.3765808299784373,-0.35794687411249704,-0.33546009863497245,-0.34644260218921435,-0.4131112200948887,-0.4036028781440339,-0.3589576416886481,-0.39501264821930243,-0.32842995420289256,-0.39698124043860267,-0.33759131694406264,-0.3554999624108121,-0.40303878238611046,-0.3582415399539799,-0.3359673731717596,-0.4102353965176171,-0.3228267970691682,-0.3465511742113071,-0.33281163257866975,-0.33906103490798944,-0.35942211004971564,-0.17069114333744284,-0.34157226120214274,-0.3635440634223713,-0.3270763787972781,-0.36350994648755813,-0.3781697093120638,-0.40338825041722964,-0.40978365001303024,-0.30964172383844796,-0.39356488306509296,-0.3170294233182694,-1.042828463025658,-0.3542364266575017,-0.36645861058392437,-0.32882013992945425,-0.4356083701885159,-0.36796259908858786,-0.3602320756659491,-0.5567771649665584,-0.3269357311224932,-0.39265196665088176,-0.3588692503404674,-0.042223416015498456,-0.35904535801020665,-0.3227327046662571,-0.3220868190010886,-0.3444782092829424,-0.2872137246291522,-0.3231628722766731,-0.31636474710640916,-0.37457807887882527,-0.4362102122903125,-0.3765464920970155,-0.3180602190922205,-0.3738695035716675,-0.32076425568159583,-0.40519896981202197,-0.33744796141250305,-0.3577989887275105,-0.3575427748959369,-0.34079824001644127,0.31066401712449165,-0.3948678552573693,-0.36313309953351147,-0.39316326317894934,-0.31056076150106166,-0.4353476109205538,-0.3600625424432957,-0.40941899448946445,-0.354715812460883,-0.36865983323157814,-0.3165690582076218,-0.32789050753140847,-0.33662761501482563,-0.32119042022821964,-0.354210314528695,-0.4271092393574188,-0.3707932486266454,-0.3776609417509551,-0.35035414678705246,-0.3270437214962722,-0.8695517964616568,-0.3356413825019583,-0.3961897247979405,-0.36006237498435856,-0.4738161100874674,-0.3514147870671166,-0.3251279138822997,-0.3931424534846002,-0.33748676578799497,-0.3317770327079375,-0.3602889225712503,-0.42734509138970284,-0.4041497686665728,-0.41051931878169695,-0.36735398977475076,-0.31587166690167995,-0.3599309301236044,-0.3537720155981952,-0.33810876339386203,-0.3590728842301423,-0.33647303320476873,-0.34147687146804073,-0.4274800625728056,-0.31138785393257484,-0.39352702692719055,-0.3594609466579761,-0.34281881881877974,-0.3564029272239927,-0.33945348523277336,-0.4069387143087777,-0.36270718317413425,-0.6368116287677058,-0.3158407678513101,-0.33651396892704666,-0.33357745697804064,-0.3491683490318178,-0.3596714733810492,-0.3495431616910306,-0.3327600543382145,-0.36681407986008013,-0.3656008316553656,-0.381097904007533,-0.3598111439433717,-0.08689855459740743,-0.30892700984420984,-0.3291879990426619,-0.33736273457743343
570,1519072064,-0.4021572561549908,-0.3748386193205821,-0.35596673177725235,-0.3343360710286901,-0.3446702450584815,-0.41167894305130287,-0.40220716968158077,-0.35722995910144545,-0.3936354198800493,-0.32842995420289256,-0.39639145208721605,-0.33602391479878874,-0.35291054030199126,-0.40164323755436143,-0.35626214331969713,-0.3353311455100052,-0.4088879984401717,-0.32163241440715823,-0.3454423165580537,-0.3315413733759363,-0.33801220003808286,-0.35744561505235395,-0.08572961197044983,-0.340294357563791,-0.3615629832008314,-0.3264754275925479,-0.3615279631167729,-0.37677919641422714,-0.40199416755177797,-0.4082959679550859,-0.30964172383844796,-0.3923882151939779,-0.3170294233182694,0.4016465879377125,-0.3542364266575017,-0.36442401263344293,-0.32882013992945425,-0.43426999697843033,-0.3660034543571035,-0.3587382677293678,-0.5567771649665584,-0.3251371723847713,-0.39114943834195565,-0.3573739428139858,-0.042223416015498456,-0.3573070304388875,-0.3215392179364686,-0.32149056171646145,-0.3432164841765351,-0.2844037644409919,-0.32196805589962985,-0.31526505287563356,-0.373193049985125,-0.4348747379695448,-0.3751523889203953,-0.3180602190922205,-0.3718622236043262,-0.31966005333226055,-0.40417185310314935,-0.33587684882177526,-0.3565560134165074,-0.3558056115694844,-0.33888585653813275,0.6499771380362229,-0.39369385288714087,-0.3610954201519943,-0.39166130428071927,-0.31056076150106166,-0.4340083792621574,-0.35833864335394305,-0.40838648705638886,-0.35323093674078415,-0.36665773026707427,-0.3165690582076218,-0.32789050753140847,-0.335581304104504,-0.3200888028232891,-0.354210314528695,-0.4256798627264203,-0.36905476415714583,-0.3762685005529056,-0.34858012548331196,-0.32584245690641345,-0.8694547122001535,-0.334596097937324,-0.3950086911716917,-0.3583362533027003,-0.4738044729499246,-0.3514147870671166,-0.3251279138822997,-0.3923930726561627,-0.3357997542980886,-0.3305090182132316,-0.3595417972626016,-0.4259189530227022,-0.40269830132986545,-0.4094874755831888,-0.365315964866153,-0.31477190149874584,-0.35868356594179807,-0.3537720155981952,-0.33586096275763605,-0.35709478649507015,-0.33478777333053156,-0.3397850173430226,-0.42605138134704545,-0.31138785393257484,-0.3920266684705557,-0.3577346960193328,-0.3411245345751767,-0.3557809776148597,-0.3384049667463091,-0.4059131830638267,-0.3607272589270325,-0.6364934503579296,-0.3158407678513101,-0.3354678846339275,-0.3316753494189311,-0.34739780777504836,-0.35793207395424637,-0.3477731912701112,-0.3314901273718567,-0.3658891306516668,-0.36356664704219993,-0.37998715599332156,-0.3591891422883577,-0.08689855459740743,-0.30892700984420984,-0.3291879990426619,-0.335675473079176
571,1519072069,-0.40076246979892494,-0.37077346111892007,-0.3539865894420076,-0.33096398820984296,-0.34289788792774867,-0.41024666600771703,-0.39941575275667457,-0.3555022765142428,-0.3915695773711696,-0.32782387082359776,-0.39226293362750986,-0.332889110508241,-0.35017869997718526,-0.4002476927226124,-0.3542827466854144,-0.3321500072012331,-0.4075406003627263,-0.3198408404141433,-0.34211574359829344,-0.32773059576773594,-0.33486569542836325,-0.35546912005499226,-0.08572961197044983,-0.33646064664873576,-0.35859136286852167,-0.32347067156889703,-0.3580594922178986,-0.37538868351639043,-0.39990304325360043,-0.4068082858971415,-0.30777156992816845,-0.38826987764507503,-0.31482076645529006,0.6238735188551541,-0.3526398702009894,-0.3623894146829615,-0.32821305914001125,-0.43293162376834476,-0.3640443096256191,-0.35799136376107715,-0.5567771649665584,-0.32273909406780876,-0.3903981741874926,-0.356626289050745,-0.042223416015498456,-0.3538303752962492,-0.31855550111199754,-0.31910553257795293,-0.34069303396372047,-0.28157648554597087,-0.32017583133406496,-0.31141612306791877,-0.3711155066445745,-0.43353926364877715,-0.37375828574377506,-0.31585400064272495,-0.3688513036533143,-0.3163474462842546,-0.40006338626765886,-0.3337820320341382,-0.352827087483498,-0.35406844824303196,-0.3356985507409519,0.6568319485596922,-0.39134584814668405,-0.35905774077047714,-0.39015934538248914,-0.30868810328042967,-0.432669147603761,-0.35661474426459033,-0.4052889647571622,-0.35174606102068534,-0.36465562730257045,-0.3143616461735016,-0.32547219350863815,-0.33348868228386064,-0.31678395060849757,-0.35314586076224247,-0.4242504860954218,-0.36731627968764624,-0.37487605935485613,-0.3468061041795715,-0.3234399277266959,-0.8691149172848918,-0.33250552880805534,-0.392646623919194,-0.356610131621042,-0.4737899265279962,-0.34982215246876097,-0.3251279138822997,-0.38939554934241266,-0.332988068481578,-0.32797298922381984,-0.35804754664530414,-0.42520588383920194,-0.40052110032480437,-0.4053601027891561,-0.3632779399575552,-0.3114726052899435,-0.3561888375781855,-0.3527063323248883,-0.3330512119623536,-0.35511668875999797,-0.33197900687346965,-0.3358373577179803,-0.4246227001212853,-0.3095164129065597,-0.3897761307856033,-0.35600844538068943,-0.33717120467343625,-0.352671229569195,-0.3352594112869163,-0.40283658932897365,-0.35874733467993075,-0.6360161827432652,-0.3136342774267347,-0.3328526739011297,-0.32913920600678503,-0.34444690568043257,-0.3538734752917064,-0.3460032208491918,-0.3289502734391411,-0.3649641814432534,-0.3610239162757428,-0.37887640797911004,-0.3560791340132876,-0.08689855459740743,-0.30705699044567536,-0.3273702680877696,-0.3323009500826611
572,1519072075,-0.39936768344285906,-0.36903125046106494,-0.3520064471067629,-0.32871593299727825,-0.3411255307970158,-0.4095305274859241,-0.3980200442942215,-0.35377459392704014,-0.38881512069266333,-0.32661170406500817,-0.39049356857335005,-0.33027677359945123,-0.34779384221496124,-0.39815437547498883,-0.3523033500511316,-0.33024132421596986,-0.40619320228528094,-0.3186464577521333,-0.3393435994651599,-0.3258252069636358,-0.3327680256885502,-0.3529985013082902,-0.17069114333744284,-0.33454379119120814,-0.3561150125915969,-0.3210668667499763,-0.355582013004417,-0.37330291416963546,-0.39850896038814876,-0.40383292178125274,-0.30527803138112913,-0.3865048758384024,-0.3120599453765659,0.5127600533964333,-0.35104331374447717,-0.36035481673248004,-0.32699889756112527,-0.4309240639532164,-0.3611055925283925,-0.3564975558244958,-0.5567771649665584,-0.3197414961716056,-0.3881443817241035,-0.35513098152426337,-0.042223416015498456,-0.350933162677384,-0.3173620143822091,-0.31791301800869864,-0.3375387211977022,-0.27877662793681274,-0.3183836067685,-0.30921673460636745,-0.36973047775087414,-0.43153605216762564,-0.37236418256715487,-0.3136477821932294,-0.3668440236859731,-0.31413904158558403,-0.39800915284991367,-0.3322109194434104,-0.35096262451699334,-0.35233128491657945,-0.3331487061032072,0.6465497327744882,-0.3895848445913414,-0.35702006138896,-0.3894083659333741,-0.3055670062460431,-0.42999068428696824,-0.3543162121454534,-0.4027076961744733,-0.3502611853005865,-0.36215299859694067,-0.31160238113085126,-0.32486761500294553,-0.3319192159183781,-0.3145807157986365,-0.35208140699578994,-0.42282110946442336,-0.36499830039498016,-0.3734836181568066,-0.345032082875831,-0.32163803084190773,-0.8688722066311333,-0.33093760196110383,-0.3896940398535719,-0.35430863604549756,-0.47377538010606773,-0.3487603960698572,-0.3251279138822997,-0.3886461685139751,-0.33017638266506744,-0.3241689457397021,-0.355806170719358,-0.423066676288701,-0.39761816565138963,-0.40329641639213976,-0.3612399150489574,-0.3092730744840753,-0.354317791305476,-0.3516406490515814,-0.3308034113261276,-0.35264406659115777,-0.3286084871249953,-0.3335815522179561,-0.421765337669765,-0.30764497188054457,-0.3882757723289684,-0.3542821947420461,-0.33491215901529886,-0.3508053807417962,-0.3326381150707556,-0.40078552683907165,-0.356767410432829,-0.635698004333489,-0.31087616439601556,-0.33128354746145106,-0.3272370984476755,-0.34208618400473995,-0.35213407586490353,-0.3442332504282723,-0.3264104195064256,-0.36403923223483997,-0.3584811855092857,-0.3783210339720043,-0.3542131290482456,-0.11066426808372769,-0.30456363124762936,-0.3261584474511747,-0.3300512680849845
573,1519072081,-0.3979728970867932,-0.36728903980320976,-0.34953126918770694,-0.32646787778471353,-0.3387623879560387,-0.40738211192054535,-0.39662433583176837,-0.3514710171441033,-0.3874378923534102,-0.3253995373064186,-0.38872420351919024,-0.3281869040724194,-0.34521736721668445,-0.39606105822736526,-0.3493342550997075,-0.3283326412307066,-0.40417210516911284,-0.31625769242811336,-0.33657145533202637,-0.32391981815953563,-0.33067035594873706,-0.35052788256158807,-0.17069114333744284,-0.3326269357336805,-0.354133932370057,-0.3192640131357858,-0.35360002963363174,-0.37191240127179875,-0.3971148775226971,-0.4023452397233084,-0.3015377235605702,-0.3841515400961722,-0.3087469600820969,0.5683167861257937,-0.349978942773469,-0.35781156929437824,-0.3257847359822392,-0.42958569074313085,-0.35914644779690813,-0.3542568439196238,-0.5567771649665584,-0.31794293743388363,-0.38589058926071435,-0.3536356739977818,-0.042223416015498456,-0.34919483510606486,-0.31616852765242065,-0.3143354743009359,-0.33501527098488754,-0.27596378129750904,-0.3159939740144135,-0.3070173461448162,-0.3676529344103237,-0.43020057784685795,-0.37097007939053467,-0.31089000913135995,-0.3648367437186318,-0.3113785357122458,-0.3954413610777321,-0.33011610265577335,-0.3490981615504887,-0.350594121590127,-0.33187378378433485,0.6396949222510189,-0.3866498386657704,-0.3544729621620635,-0.38790640703514395,-0.30244590921165654,-0.42865145262857185,-0.35201768002631645,-0.4006426813083221,-0.3480338717204382,-0.3596503698913109,-0.3082912630796709,-0.32305387948586783,-0.32982659409773474,-0.3123774809887755,-0.35101695322933735,-0.4213917328334249,-0.3626803211023141,-0.37139495635973235,-0.34325806157209054,-0.3198361339571196,-0.8686780381081266,-0.328324390549518,-0.38792248941419866,-0.3520071404699532,-0.4737608336841393,-0.3471677614715016,-0.3251279138822997,-0.3871474068571001,-0.3273646968485569,-0.3222669239976433,-0.35431192010206053,-0.42164053792170036,-0.3968924319830359,-0.4012327299951234,-0.35920189014035964,-0.3070735436782071,-0.3518230629418634,-0.350042124141621,-0.32799366053084517,-0.35017144442231757,-0.3263614739593458,-0.3313257467179319,-0.4203366564440048,-0.30452590350385267,-0.38677541387233355,-0.3508296934647594,-0.33265311335716147,-0.34893953191439736,-0.33054107809782707,-0.39822169872669416,-0.35478748618572725,-0.6352207367188246,-0.3075664287591526,-0.32971442102177234,-0.3247009550355294,-0.34031564274797044,-0.3503946764381007,-0.3418732898670464,-0.32323560209053115,-0.3626518084222199,-0.35644700089611997,-0.376654911950687,-0.3523471240832035,-0.11066426808372769,-0.3008235924505604,-0.32494662681457986,-0.32780158608730786
574,1519072086,-0.3958807175526944,-0.36554682914535463,-0.3475511268524622,-0.32421982257214876,-0.3369900308253059,-0.4059498348769595,-0.3945307731380887,-0.34974333455690065,-0.386060664014157,-0.3247934539271238,-0.3851854734108706,-0.3260970345453876,-0.34416088299628556,-0.39466551339561623,-0.34735485846542474,-0.32642395824544335,-0.40282470709166746,-0.31386892710409336,-0.3343537400255196,-0.32137929975406876,-0.3280482687739707,-0.3485513875642264,-0.17069114333744284,-0.3307100802761529,-0.3521528521485172,-0.31746115952159526,-0.3516180462628465,-0.3698266319250438,-0.3957207946572454,-0.40085755766536396,-0.2996675696502907,-0.38238653828949953,-0.30598613900337274,-0.4872611357320539,-0.3489145718024608,-0.3552683218562765,-0.32457057440335324,-0.4282473175330453,-0.3571873030654238,-0.35126922804646116,-0.5567771649665584,-0.31614437869616174,-0.38438806095178824,-0.35288802023454097,-0.042223416015498456,-0.3474565075347457,-0.314378297557738,-0.31254670244705446,-0.33312268332527656,-0.2732663927039438,-0.3142017494488486,-0.30426811056787706,-0.36626790551662336,-0.4281973663657065,-0.36957597621391447,-0.30813223606949053,-0.36282946375129055,-0.30917013101357516,-0.3933871276599869,-0.3280212858681363,-0.34661221092848243,-0.34885695826367447,-0.32804901682771775,0.6157030854188763,-0.38371483274019935,-0.3524352827805463,-0.38565346868779876,-0.29994903158414726,-0.42664260514097724,-0.35029378093696373,-0.39857766644217096,-0.3465489960003394,-0.357648266926807,-0.30608385104555064,-0.3224493009801752,-0.3277339722770914,-0.3090726287739839,-0.3499524994628848,-0.4206770445179257,-0.36094183663281454,-0.3686100739636334,-0.34089269983376985,-0.31683297248247266,-0.8684353274543682,-0.32623382142024937,-0.3861509389748254,-0.3491302710005227,-0.47374919654659653,-0.3461060050725978,-0.3251279138822997,-0.38564864520022507,-0.32511534819534843,-0.3197308950082315,-0.3528176694847631,-0.41950133037119947,-0.39544096464632855,-0.3981372003995989,-0.3566543590046124,-0.30432413017087184,-0.34995201666915393,-0.3489764408683141,-0.3246219595765062,-0.34769882225347737,-0.3235527075022838,-0.32794203846789566,-0.4181936346053646,-0.30203064880249914,-0.3845248761873812,-0.34910344282611605,-0.3303940676990241,-0.34582978386873264,-0.3284440411248985,-0.3951451049918412,-0.3528075619386255,-0.6349025583090484,-0.3053599383345772,-0.3281452945820937,-0.3208967399173104,-0.3379549210722778,-0.34865527701129784,-0.3395133293058205,-0.32133071164099447,-0.3617268592138065,-0.35390427012966286,-0.37609953794358125,-0.34923711580813344,-0.11066426808372769,-0.2989535730520259,-0.32373480617798495,-0.3249894835902121
575,1519072092,-0.3944859311966285,-0.36380461848749945,-0.3445809133495951,-0.32140975355644286,-0.335217673694573,-0.4045175578333737,-0.39313506467563564,-0.3457120751867611,-0.3846834356749039,-0.32236912040994453,-0.38282632000532424,-0.3240071650183558,-0.34149895706841765,-0.39326996856386714,-0.345375461831142,-0.3238790475984257,-0.4014773090142221,-0.3120773531110784,-0.33213602471901277,-0.3194739109499686,-0.32542618159920433,-0.3455866450681839,-0.17069114333744284,-0.32751532118027354,-0.35017177192697735,-0.31565830590740473,-0.3496360628920612,-0.36843611902720713,-0.39362967035906793,-0.3993698756074196,-0.2959272618297317,-0.3794448686117118,-0.3015688252774141,-0.2094774720852519,-0.34678582986044454,-0.35221642493055433,-0.3215351704561382,-0.42557057111287416,-0.3552281583339394,-0.3490285161415892,-0.5567771649665584,-0.31434581995843985,-0.3836367967973252,-0.34914975141833693,-0.042223416015498456,-0.3457181799634266,-0.31199132409816116,-0.3113541878778002,-0.3312300956656656,-0.27044560832399556,-0.3130069330718053,-0.30151887499093794,-0.36488287662292307,-0.426194154884555,-0.3667877698606741,-0.3031682445581255,-0.36082218378394926,-0.30585752396556926,-0.39030577753336904,-0.32645017327740844,-0.3441262603064762,-0.34654074049507116,-0.3254991721899731,0.6157030854188763,-0.38136682799974253,-0.35039760339902914,-0.38415150978956863,-0.29620371514288335,-0.4253033734825809,-0.34684598275825834,-0.39599639785948204,-0.3450641202802405,-0.3556461639623032,-0.30166902697731013,-0.31942640845171233,-0.3261645059116089,-0.30576777655919235,-0.34729136504675345,-0.41710360294042953,-0.35920335216331495,-0.3665214121665591,-0.3391186785300294,-0.31443044330275516,-0.8681926168006098,-0.32466589457329786,-0.3837888717223277,-0.3474041493188644,-0.4737346501246681,-0.3434516140753384,-0.3251279138822997,-0.38340050271491255,-0.32230366237883784,-0.31782887326617265,-0.35132341886746565,-0.4173621228206985,-0.3939894973096212,-0.39555759240332844,-0.3546163340960146,-0.30212459936500363,-0.346209924123735,-0.34631223268504685,-0.32237415894028026,-0.34572072451840524,-0.3213056943366343,-0.32512228159286544,-0.4167649533796044,-0.29766395307513044,-0.3830245177307463,-0.3473771921874727,-0.32757026062635236,-0.3439639350413338,-0.32634700415196993,-0.39258127687946365,-0.3503326566297483,-0.6345843798992722,-0.30094695748542655,-0.3260531259958554,-0.3189946323582008,-0.33618437981550836,-0.346915877584495,-0.3365633786042881,-0.318790857708279,-0.35987696079697973,-0.3518700855164972,-0.3733226679080525,-0.34612710753306336,-0.11066426808372769,-0.29521353425495694,-0.32191707522309265,-0.3227398015925355
576,1519072097,-0.3909989653064638,-0.35915872339988575,-0.34062062867910564,-0.31691364313131337,-0.3316729594331074,-0.4009368652244091,-0.3889479392882763,-0.3422567100123558,-0.38055175065714447,-0.31994478689276534,-0.3792875898970046,-0.31878249120077623,-0.3387981898089175,-0.38978110648449454,-0.34141666856257646,-0.32006168162789916,-0.3981088138206086,-0.30968858778705843,-0.3271461652793724,-0.31439287413903483,-0.3212308421195782,-0.3416336550734605,-0.17069114333744284,-0.3236816102652183,-0.3452190713731278,-0.31145164747429355,-0.3451766003077943,-0.36495983678261545,-0.3894474217627129,-0.39589861747221605,-0.2940571079194522,-0.3759148649983665,-0.29936016841443475,-0.5428178684614143,-0.3446570879184282,-0.34814722902959144,-0.31971392808780924,-0.42289382469270304,-0.3508200826880995,-0.3467878042367172,-0.5567771649665584,-0.30895014374527413,-0.37988047602501,-0.34690679012861453,-0.042223416015498456,-0.3422415248207883,-0.30841086390879585,-0.30837290145466456,-0.32681405779323996,-0.26760967007554415,-0.3088250757521539,-0.2954705567216719,-0.3607277899418221,-0.42352320624301965,-0.3639995635074337,-0.30096202610863,-0.35580398386559614,-0.3014407145682281,-0.38619731069787855,-0.3227842438990436,-0.3379113837514606,-0.3424873594000154,-0.321674405233356,0.4648972539025513,-0.37725781970394306,-0.3463222446359948,-0.38114759199310844,-0.2943310569222514,-0.4226249101657881,-0.34339818457955296,-0.391350114410642,-0.34135193097999345,-0.3516419580332955,-0.2994616149431899,-0.317008094428942,-0.32302557318064384,-0.300810498237005,-0.3456946843970747,-0.4142448496784326,-0.3557263832243158,-0.3637365297704601,-0.33497929548796823,-0.31082664953317884,-0.8677557376238447,-0.3215300408793949,-0.37906473721733236,-0.3433765320616617,-0.4737084665651969,-0.3418589794769828,-0.3251279138822997,-0.37890421774428745,-0.31780496507242095,-0.314024829782055,-0.34758779232422204,-0.4152229152701976,-0.3896350952994991,-0.3914302196092957,-0.3500307780516696,-0.2977255377532672,-0.3424678315783161,-0.3447137077750865,-0.31731660750877183,-0.3412700046144929,-0.31681166800533517,-0.3206106705928171,-0.4146219315409642,-0.29579251204911533,-0.37927362158915906,-0.343924690910186,-0.3230521693100776,-0.3402322373865362,-0.3216286709628807,-0.38796638627718416,-0.34587782707376935,-0.6337889338748316,-0.2987404670608512,-0.32239183096993845,-0.3145563813869452,-0.33146293646412306,-0.3416976793040865,-0.33302343776244925,-0.3149810768092056,-0.3580270623801529,-0.34729317013687433,-0.37165654588673525,-0.3411510942929512,-0.11066426808372769,-0.29334351485642246,-0.3188875236316055,-0.3176780170977631
577,1519072103,-0.3889067857723649,-0.3579972496279823,-0.3396305575114833,-0.31691364313131337,-0.3304913880126188,-0.40022072670261616,-0.3875522308258232,-0.3416808158166216,-0.37917452231789134,-0.31812653675488095,-0.378697801545618,-0.31617015429198647,-0.3362683244085995,-0.3883855616527455,-0.3399321210868644,-0.32006168162789916,-0.3967614157431632,-0.30849420512504844,-0.3271461652793724,-0.31375774453766814,-0.32018200724967166,-0.3406454075747797,-0.08572961197044983,-0.3230426584460424,-0.34422853126235786,-0.3084468914506427,-0.34369011277970535,-0.36356932388477875,-0.38805333889726124,-0.3944109354142717,-0.2921869540091727,-0.3747381971272514,-0.2965993473357106,0.2349763897496313,-0.34359271694742,-0.3471299300543507,-0.31849976650892325,-0.42155545148261747,-0.34935072413948626,-0.34529399630013585,-0.5567771649665584,-0.3065520654283116,-0.3783779477160839,-0.3454114826021329,-0.042223416015498456,-0.3399237547256961,-0.3072173771790074,-0.3071803868854103,-0.32681405779323996,-0.2648054827896708,-0.3076302593751106,-0.2954705567216719,-0.3593427610481218,-0.42218773192225195,-0.3626054603308134,-0.29875580765913445,-0.3548003438819255,-0.3008886133935604,-0.3851701939890059,-0.3217368355052251,-0.3379113837514606,-0.3413292505157137,-0.321674405233356,0.6362675169892843,-0.3766708185188289,-0.3453034049452362,-0.37889465364576325,-0.2912099598878648,-0.4206160626781935,-0.34224891851998446,-0.38980135326102866,-0.33986705525989463,-0.3506409065510436,-0.2972542029090696,-0.31640351592324945,-0.32197926227032214,-0.300810498237005,-0.34409800374739585,-0.41353016136293336,-0.3545673935779828,-0.3623440885724106,-0.33379661461880794,-0.3096253849433201,-0.8676101112315896,-0.3204847563147606,-0.3778837035910835,-0.3422257842738895,-0.47370264799642553,-0.340797223078079,-0.3251279138822997,-0.37815483691584995,-0.3166802907458167,-0.3127568152873491,-0.34609354170692463,-0.413796776903197,-0.38818362796279166,-0.39039837641078756,-0.3490117655973707,-0.29717565505180016,-0.34184414948741293,-0.34364802450177956,-0.3167546573497153,-0.3402809557469568,-0.3156881614225104,-0.3206106705928171,-0.412478909702324,-0.29392107102310017,-0.3777732631325242,-0.34219844027154267,-0.3219226464810089,-0.3402322373865362,-0.3195316339899522,-0.38694085503223313,-0.3448878649502185,-0.6333116662601672,-0.29653397663627584,-0.32134574667681937,-0.3139223455339087,-0.3308727560451999,-0.3405380796862179,-0.3318434574818363,-0.31371114984284787,-0.3571021131717395,-0.34627607783029146,-0.37054579787252373,-0.3411510942929512,-0.11066426808372769,-0.291473495457888,-0.31767570299501063,-0.317115596598344
578,1519072109,-0.38751199941629905,-0.3556743020841754,-0.3366603440086162,-0.3124175327061839,-0.3269466737511531,-0.3973561726154444,-0.3854586681321436,-0.3388013448379505,-0.3777972939786382,-0.31691436999629136,-0.375748859788685,-0.31251288261968074,-0.3337695320735874,-0.38629224440512194,-0.3364681769768696,-0.31624431565737265,-0.39474031862699516,-0.3055082484700235,-0.32215630583973204,-0.3105820965308345,-0.317035502639952,-0.3376806650787372,-0.08572961197044983,-0.3185699957118113,-0.3412569109300481,-0.306043086631722,-0.34071713772352746,-0.36078829808910545,-0.3859622145990837,-0.39193146531769774,-0.2903168000988932,-0.37238486138502125,-0.29439069047273125,-0.15392073935589148,-0.34252834597641185,-0.3435693836410082,-0.3172856049300372,-0.4202170782725319,-0.34641200704225966,-0.3438001883635546,-0.5567771649665584,-0.30295494795286776,-0.37612415525269477,-0.3439161750756513,-0.042223416015498456,-0.33760598463060393,-0.3054271470843247,-0.30479535774690175,-0.3217671573676107,-0.2619789255074357,-0.3058380348095457,-0.2910717797985693,-0.35657270326072116,-0.4208522576014843,-0.3612113571541932,-0.295998034597265,-0.3517894239309136,-0.2964718039962192,-0.3820888438623881,-0.319642018717588,-0.33418245781845124,-0.3384339783049596,-0.31784963827673895,0.5368727643989791,-0.37314881140814365,-0.3417374660275812,-0.3773926947475331,-0.28933730166723287,-0.4192768310197971,-0.3399503864008475,-0.38618757724526415,-0.33689730381969696,-0.34713722636316185,-0.2950467908749494,-0.31519435891186426,-0.31936348499451794,-0.29640402861728293,-0.3430335499809433,-0.4121007847319349,-0.3510904246389836,-0.3602554267753364,-0.3314312528804873,-0.3072228557636026,-0.8673188584470796,-0.31787154490317476,-0.3749311195254614,-0.3387735409105729,-0.4736851922901114,-0.33973546667917526,-0.3251279138822997,-0.37590669443053737,-0.3127439306027019,-0.30958677905058435,-0.34385216578097844,-0.4123706385361964,-0.3867321606260843,-0.387302846815263,-0.34595472823447404,-0.29167682803712963,-0.338102056941994,-0.34258234122847264,-0.31282100623631987,-0.33681928471058054,-0.3117558883826237,-0.31609905959276874,-0.4110502284765638,-0.29080200264640826,-0.37552272544757187,-0.338745938994256,-0.3168397937501997,-0.33463469090433967,-0.3163860785305594,-0.3833514956749047,-0.3414229975177904,-0.6328343986455028,-0.2937758636055567,-0.31925357809058114,-0.3107521662687261,-0.3279218539505841,-0.3382188804504808,-0.3283035166399974,-0.3105363324269534,-0.35571468935911943,-0.3432248009105429,-0.3688796758512065,-0.3374190843628671,-0.11066426808372769,-0.288980136259842,-0.3170697926767132,-0.3131786531024099
579,1519072114,-0.3847224267041673,-0.35393209142632026,-0.3346802016733715,-0.3101694774936192,-0.3239927451999317,-0.3966400340936515,-0.3833651054384639,-0.33707366225074786,-0.37642006563938507,-0.3157022032377017,-0.37338970638313856,-0.31042301309264897,-0.33116198401000474,-0.3848966995733729,-0.33448878034258683,-0.3143356326721094,-0.3933929205495498,-0.3043138658080135,-0.3199385905332252,-0.30867670772673433,-0.31441341546518564,-0.3357041700813755,-0.08572961197044983,-0.3166531402542837,-0.33927583070850825,-0.30424023301753145,-0.33873515435274215,-0.35939778519126875,-0.384568131733632,-0.3904437832597533,-0.2871998769150941,-0.3706198595783486,-0.29218203360975187,0.45720332066707287,-0.34146397500540365,-0.34153478569052675,-0.3166785241405942,-0.41887870506244634,-0.34396307612790417,-0.34155947645868256,-0.5567771649665584,-0.30115638921514587,-0.3746216269437687,-0.3431685213124105,-0.042223416015498456,-0.3358676570592848,-0.3042336603545363,-0.3030065858930204,-0.3198745697079997,-0.25917257338320476,-0.3046432184325024,-0.288872391337018,-0.3551876743670208,-0.4195167832807166,-0.359817253977573,-0.29324026153539556,-0.3497821439635723,-0.2942633992975486,-0.3800346104446429,-0.3180709061268602,-0.3323179948519466,-0.3366968149785071,-0.31593725479843043,0.6396949222510189,-0.371387807852801,-0.3391903668006847,-0.3743887769510729,-0.28746464344660094,-0.41793759936140074,-0.33822648731149485,-0.384122562379113,-0.3361548659596475,-0.34513512339865804,-0.29228752583229906,-0.3139852019004791,-0.31779401862903545,-0.29420079380742187,-0.3414368693312645,-0.41067140810093644,-0.34935194016948407,-0.3581667649782621,-0.3278832102730063,-0.3042196942889557,-0.8668334371395627,-0.31630361805622326,-0.3731595690860881,-0.33704741922891457,-0.47367355515256865,-0.3386737102802715,-0.3251279138822997,-0.37440793277366236,-0.3104945819494935,-0.3076847573085255,-0.342357915163681,-0.41165756935269604,-0.38600642695773063,-0.38472323881899256,-0.34289769087157734,-0.2894772972312614,-0.33623101066928457,-0.3415166579551657,-0.3100112554410374,-0.3348411869755084,-0.3095088752169741,-0.31384325409274455,-0.41033588786368375,-0.28830674794505473,-0.3732721877626195,-0.33701968835561263,-0.3145807480920623,-0.33276884207694085,-0.3142890415576308,-0.3813004331850027,-0.3394430732706887,-0.6325162202357266,-0.29156937318098136,-0.3176844516509024,-0.30758198700354356,-0.32615131269381464,-0.336479481023678,-0.326533546219078,-0.30863144197741676,-0.35201489252546586,-0.34119061629737724,-0.3661028058156777,-0.3355530793978251,-0.11066426808372769,-0.2871101168613075,-0.3158579720401183,-0.3109289711047333
580,1519072120,-0.3826302471700685,-0.3521898807684651,-0.33220502375431554,-0.306797394674772,-0.3222203880691989,-0.39520775705006567,-0.3819693969760108,-0.334770085467811,-0.37504283730013194,-0.3144900364791121,-0.37162034132897875,-0.30833314356561714,-0.32864247629812204,-0.3835011547416239,-0.3325093837083041,-0.30988203903982847,-0.3920455224721044,-0.30252229181499857,-0.3177208752267184,-0.3067713189226342,-0.3123157457253726,-0.33323355133467336,-0.17069114333744284,-0.3147362847967561,-0.33729475048696844,-0.3024373794033409,-0.3367531709819569,-0.3580072722934321,-0.38317404886818035,-0.38895610120180896,-0.28532972300481463,-0.36767818990056084,-0.28997337674677254,0.45720332066707287,-0.3403996040343955,-0.33899153825242495,-0.31485728177226524,-0.4175403318523608,-0.3420039313964198,-0.34006566852210124,-0.5567771649665584,-0.2993578304774239,-0.37387036278930563,-0.34017790625944727,-0.042223416015498456,-0.33412932948796564,-0.30244343025985365,-0.3018140713237661,-0.31798198204838873,-0.25635756190554343,-0.30285099386693753,-0.2866730028754667,-0.3538026454733205,-0.418181308959949,-0.35772609921264276,-0.29103404308590003,-0.3477748639962311,-0.2915028934242103,-0.37746681867246135,-0.3159760893392231,-0.3304535318854419,-0.3349596516520546,-0.3133874101606857,0.6328401117275496,-0.3696268042974584,-0.33715268741916754,-0.37213583860372773,-0.28559198522596896,-0.41659836770300435,-0.3359279551923579,-0.3815412937964241,-0.3346699902395487,-0.3431330204341542,-0.29008011379817883,-0.3133806233947865,-0.3157013968083921,-0.2914467502950956,-0.34037241556481196,-0.4099567197854372,-0.3476134556999845,-0.3567743237802126,-0.32610918896926583,-0.3024177974041675,-0.866639268616556,-0.31473569120927175,-0.370206985020466,-0.3353212975472563,-0.4736619180150259,-0.3376119538813677,-0.3251279138822997,-0.37365855194522485,-0.3076828961329829,-0.3057827355664667,-0.34086366454638356,-0.4102314309856954,-0.3845549596210232,-0.3826595524219762,-0.34085966596297956,-0.28672788372392616,-0.3331126002147688,-0.33991813304520535,-0.30720150464575496,-0.3328630892404362,-0.3072618620513246,-0.31102349721771433,-0.40890720663792357,-0.2864353069190396,-0.3717718293059846,-0.3352934377169693,-0.31232170243392493,-0.33028104364040906,-0.3121920045847023,-0.3792493706951007,-0.33746314902358693,-0.6321980418259504,-0.289362882756406,-0.31611532521122376,-0.30504584359139747,-0.323790591018122,-0.3347400815968751,-0.3235835955175456,-0.3060915880447012,-0.3506274687128458,-0.33864788553092007,-0.36443668379436045,-0.333065072777769,-0.11066426808372769,-0.285240097462773,-0.3146461514035234,-0.30867928910705666
581,1519072126,-0.37914328127990377,-0.34696324879489965,-0.32824473908382606,-0.3023012842496426,-0.3186756738077332,-0.3930593414846869,-0.3791779800511046,-0.3313147202934057,-0.37091115228237254,-0.31085353620334333,-0.36690203451788594,-0.3041534045115535,-0.3259520667270572,-0.38071006507812577,-0.32855059043973855,-0.30606467306930196,-0.3893507263172136,-0.29893914382896863,-0.3132854446137048,-0.3016902821117004,-0.3081204062457464,-0.32928056133995004,-0.17069114333744284,-0.3089857184241732,-0.33234204993311883,-0.2988316721749599,-0.33229370839769,-0.3545309900488404,-0.37968884170455114,-0.3854848430666054,-0.2809660305474958,-0.363559852351658,-0.28500389880506904,-0.653931333920135,-0.337206491121371,-0.33492234235146207,-0.3124289586144932,-0.41419439882714687,-0.33759585575057993,-0.3370780526489386,-0.5567771649665584,-0.29576071300198015,-0.37086530617145347,-0.3379349449697248,-0.042223416015498456,-0.3294937892977812,-0.29886297007048834,-0.2988327849006304,-0.3141968067291667,-0.2535144075292334,-0.29807172835876444,-0.28172437883697626,-0.3503400732390697,-0.41484262315802983,-0.35424084127109223,-0.286070051574535,-0.3427566640778779,-0.28708608402686914,-0.3728447934825346,-0.311786455763949,-0.32548163064142943,-0.32974816167269716,-0.30828772088519635,0.3243736381714303,-0.3649307948165447,-0.3330773286561332,-0.3691319208072675,-0.2805982299709504,-0.4139199043862116,-0.3324801570136525,-0.37741126406412184,-0.331700238799351,-0.3381277630228946,-0.28511343672140826,-0.3103577308663236,-0.3120393086222662,-0.2870402806753735,-0.33717905426545436,-0.406383278207941,-0.3429774971146523,-0.3532932207850889,-0.32256114636178485,-0.2988140036345912,-0.8662509315705426,-0.3115998375153688,-0.3666638841417195,-0.3318690541839397,-0.47363573445555474,-0.33495756288410833,-0.3251279138822997,-0.36991164780303726,-0.3026218616632639,-0.301978692082349,-0.3378751633117887,-0.4066660850681939,-0.3802005576109011,-0.37801625802868943,-0.336783616145784,-0.28232882211218974,-0.3293705076693499,-0.3377867664985915,-0.30214395321424653,-0.3289068937702919,-0.3027678357200255,-0.30594793484266,-0.40676418479928333,-0.2820686111916709,-0.36952129162103226,-0.3318409364396826,-0.30667408828858145,-0.3265493459856114,-0.3079979306388452,-0.37463448009282113,-0.3325133384058325,-0.631561685006398,-0.28494990190725533,-0.3124540301853068,-0.30124162847317837,-0.3190691476667367,-0.3295218833164666,-0.3200436546757067,-0.301646843662449,-0.348777570296019,-0.3340709701512973,-0.3622151877659375,-0.3293330628476849,-0.11066426808372769,-0.28150005866570404,-0.31161659981203627,-0.3036175046122843
582,1519072131,-0.37914328127990377,-0.34696324879489965,-0.32824473908382606,-0.3023012842496426,-0.3186756738077332,-0.3930593414846869,-0.3791779800511046,-0.3313147202934057,-0.37091115228237254,-0.31085353620334333,-0.36690203451788594,-0.3041534045115535,-0.32335746577401864,-0.38071006507812577,-0.32855059043973855,-0.30606467306930196,-0.3893507263172136,-0.29893914382896863,-0.31273101578707807,-0.3016902821117004,-0.3081204062457464,-0.32928056133995004,-0.17069114333744284,-0.3089857184241732,-0.33234204993311883,-0.2988316721749599,-0.3317982125549937,-0.3545309900488404,-0.37968884170455114,-0.3844930550279758,-0.280342645910736,-0.363559852351658,-0.28500389880506904,0.6794302515845145,-0.337206491121371,-0.33492234235146207,-0.3124289586144932,-0.41419439882714687,-0.33710606956770883,-0.3370780526489386,-0.5567771649665584,-0.29576071300198015,-0.37086530617145347,-0.3379349449697248,-0.042223416015498456,-0.3289143467740082,-0.29886297007048834,-0.2988327849006304,-0.31356594417596306,-0.2507094986305742,-0.29807172835876444,-0.28172437883697626,-0.3503400732390697,-0.41484262315802983,-0.35424084127109223,-0.28551849696216114,-0.3427566640778779,-0.28708608402686914,-0.3728447934825346,-0.311786455763949,-0.32548163064142943,-0.32974816167269716,-0.30828772088519635,0.6465497327744882,-0.3649307948165447,-0.3330773286561332,-0.3691319208072675,-0.2805982299709504,-0.4132502885570134,-0.3324801570136525,-0.37741126406412184,-0.331700238799351,-0.3381277630228946,-0.28456158371287815,-0.30975315236063106,-0.3120393086222662,-0.2870402806753735,-0.33717905426545436,-0.406383278207941,-0.3429774971146523,-0.3532932207850889,-0.32256114636178485,-0.2988140036345912,-0.8662023894397909,-0.3115998375153688,-0.3666638841417195,-0.3318690541839397,-0.47363573445555474,-0.3344266846846565,-0.3251279138822997,-0.36991164780303726,-0.30205952449996176,-0.301978692082349,-0.3378751633117887,-0.4066660850681939,-0.3802005576109011,-0.37801625802868943,-0.336783616145784,-0.28232882211218974,-0.3293705076693499,-0.3377867664985915,-0.30214395321424653,-0.3289068937702919,-0.3027678357200255,-0.30594793484266,-0.4053355035735232,-0.28144479751633256,-0.36952129162103226,-0.3318409364396826,-0.30667408828858145,-0.3265493459856114,-0.3079979306388452,-0.37463448009282113,-0.3325133384058325,-0.631561685006398,-0.2843982793011115,-0.3124540301853068,-0.30124162847317837,-0.3190691476667367,-0.3295218833164666,-0.3200436546757067,-0.30037691669609123,-0.348777570296019,-0.3340709701512973,-0.3622151877659375,-0.3293330628476849,-0.11066426808372769,-0.28087671886619253,-0.31161659981203627,-0.3036175046122843
583,1519072137,-0.3777484949238379,-0.34522103813704447,-0.3262645967485813,-0.3000532290370778,-0.31690331667700034,-0.39162706444110107,-0.3777822715886515,-0.329587037706203,-0.36884530977349284,-0.3090352860654589,-0.36513266946372613,-0.3015410676027637,-0.320721434067239,-0.37931452024637674,-0.3260763446468851,-0.3041559900840387,-0.38800332823976824,-0.29774476116695864,-0.30995887165394453,-0.2997848933076003,-0.3060227365059333,-0.3268099425932479,-0.17069114333744284,-0.3070688629666456,-0.330360969711579,-0.295826916151309,-0.32981622918420844,-0.35244522070208545,-0.37759771740637366,-0.38250947895071663,-0.276602338090177,-0.36179485054498534,-0.2805865850791104,0.7905437170432352,-0.3350777491793547,-0.3328877444009806,-0.31060771624616423,-0.4128560256170613,-0.33465713865335334,-0.33558424471235726,-0.5567771649665584,-0.2933626346850176,-0.37011404201699044,-0.33643963744324323,-0.042223416015498456,-0.3271760192026891,-0.2976694833406999,-0.29525524119286767,-0.31041163140994477,-0.2478814981227673,-0.29687691198172117,-0.279524990375425,-0.3489550443453694,-0.4128394116768783,-0.35284673809447203,-0.28055450545079613,-0.3407493841105367,-0.2848776793281985,-0.37079056006478933,-0.3102153431732212,-0.32361716767492477,-0.3280109983462447,-0.30637533740688777,0.6465497327744882,-0.36316979126120214,-0.33103964927461604,-0.36762996190903735,-0.27685291352968655,-0.411911056898617,-0.3301816248945156,-0.3748299954814329,-0.33021536307925214,-0.3356251343172648,-0.2801467596446377,-0.3067302598321682,-0.3104698422567837,-0.28483704586551245,-0.33505014673254924,-0.40495390157694255,-0.3406595178219862,-0.35190077958703936,-0.3207871250580444,-0.29701210674980305,-0.8660082209167842,-0.30898662610378297,-0.3643018168892218,-0.3295675586083953,-0.4736211880336263,-0.3317722936873971,-0.3251279138822997,-0.36766350531772474,-0.2998101758467533,-0.2975406413508784,-0.33563378738584254,-0.4052399467011933,-0.37874909027419373,-0.37595257163167306,-0.3347455912371862,-0.2801292913063215,-0.32749946139664043,-0.3356553999519777,-0.2993342024189641,-0.3264342716014517,-0.29939731597155117,-0.3036921293426358,-0.40390682234776304,-0.2770781017889639,-0.3680209331643974,-0.32896385204194367,-0.30441504263044405,-0.3246834971582126,-0.30537663442268453,-0.37258341760291913,-0.3305334141587308,-0.6312435065966217,-0.27943367584581696,-0.3108849037456281,-0.29807144920799583,-0.31729860640996727,-0.32778248388966374,-0.3182736842547873,-0.29847202624655456,-0.34739014648339894,-0.33203678553813154,-0.36110443975172596,-0.32746705788264285,-0.11066426808372769,-0.2758900004701006,-0.3091929585388465,-0.3013678226146077
584,1519072142,-0.376353708567772,-0.34347882747918934,-0.32378941882952544,-0.2978051738245131,-0.31454017383602323,-0.3894786488757223,-0.3763865631261984,-0.32728346092326616,-0.3674680814342397,-0.3078231193068693,-0.36218372770679313,-0.2994511980757319,-0.31799736200875944,-0.3765234305828787,-0.3236020988540317,-0.30224730709877545,-0.38598223112360014,-0.29535599584293865,-0.3077411563474377,-0.2978795045035001,-0.30340064933116695,-0.32433932384654585,-0.17069114333744284,-0.305152007509118,-0.32837988949003916,-0.2940240625371185,-0.32783424581342313,-0.35105470780424874,-0.376203634540922,-0.38102179689277227,-0.27286203026961803,-0.35944151480275516,-0.2778257640003862,0.8461004497725957,-0.3340133782083465,-0.3308531464504992,-0.3093935546672782,-0.4115176524069758,-0.332697993921869,-0.33409043677577593,-0.5567771649665584,-0.29156407594729566,-0.36635772124467525,-0.3349443299167616,-0.042223416015498456,-0.32543769163136993,-0.29587925324601727,-0.29346646933898624,-0.3085190437503338,-0.24505421922774628,-0.2944872792276346,-0.2773256019138737,-0.3468775010048189,-0.4115039373561106,-0.35145263491785184,-0.2783482870013006,-0.3387421041431954,-0.2815650722801926,-0.3682227682926078,-0.3081205263855841,-0.3217527047084201,-0.32627383501979224,-0.30446295392857925,0.6396949222510189,-0.3602347853356311,-0.3284925500477196,-0.3668789824599223,-0.2743560359021773,-0.40990220941102246,-0.3273084597455944,-0.3727649806152818,-0.32798804949910393,-0.33312250561163503,-0.2768356415934573,-0.30612568132647555,-0.30837722043614035,-0.2826338110556514,-0.3339856929660967,-0.40423921326144335,-0.3377620437061536,-0.3498121177899651,-0.31783042288514357,-0.29400894527515614,-0.8658140523937774,-0.30689605697451433,-0.36253026644984854,-0.327841436926737,-0.47360955089608353,-0.3307105372884933,-0.3251279138822997,-0.3661647436608497,-0.2969984900302427,-0.2956386196088195,-0.3341395367685451,-0.40381380833419267,-0.3772976229374863,-0.3733729636354026,-0.332198060101439,-0.2779297605004533,-0.32438105094212466,-0.33458971667867077,-0.2965244516236816,-0.3244561738663796,-0.29658854951448926,-0.3014363238426116,-0.4017638005091228,-0.27520666076294875,-0.3665205747077625,-0.32666218452375256,-0.30215599697230666,-0.3228176483308138,-0.30327959744975597,-0.37001958949054164,-0.328553489911629,-0.6307662389819574,-0.2766755628150978,-0.30931577730594945,-0.29490126994281324,-0.3155280651531978,-0.3260430844628609,-0.3165037138338679,-0.295932172313839,-0.34646519727498554,-0.33000260092496586,-0.35999369173751444,-0.3256010529176008,-0.11066426808372769,-0.2733966412720546,-0.30858704822054905,-0.2991181406169311
585,1519072148,-0.3728667426776073,-0.34057514304943076,-0.31982913415903597,-0.294433091005666,-0.31158624528480183,-0.38733023331034355,-0.3735951462012922,-0.32267630735739244,-0.3647136247557334,-0.3072170359275745,-0.35923478594986014,-0.29631639378518415,-0.3152965947492593,-0.37373234091938057,-0.3206330039026075,-0.29906616879000336,-0.3832874349687094,-0.2917728478569087,-0.3055234410409309,-0.2940687268952998,-0.3002541447214473,-0.3208804576011629,-0.17069114333744284,-0.30323515205159035,-0.3254082691577294,-0.29101930651346763,-0.32486127075724525,-0.34827368200857545,-0.37341546881001864,-0.3785423267961983,-0.2709918763593385,-0.35591151118940983,-0.2756171071374069,0.9572139152313165,-0.33294900723733833,-0.32729260003715666,-0.3075723122989492,-0.40884090598680467,-0.3297592768246424,-0.3288621089977413,-0.5567771649665584,-0.2885664780510925,-0.3641039287812861,-0.3327013686270392,-0.042223416015498456,-0.32254047901250466,-0.29229879305665196,-0.2910814402004777,-0.3066264560907228,-0.24222694033272524,-0.2920976464735481,-0.27457636633693455,-0.34410744321741826,-0.4081652515541915,-0.3486644285646114,-0.2755905139394312,-0.3357311841921835,-0.27880456640685436,-0.36462785981155366,-0.3055020054010378,-0.31926675408641386,-0.3233785628090381,-0.3012756481313984,0.6362675169892843,-0.35788678059517426,-0.3254360309754438,-0.363124085214347,-0.27248337768154535,-0.4072237460942297,-0.323860661566889,-0.3696674583160551,-0.32576073591895566,-0.3301193511648793,-0.274628229559337,-0.3049165243150904,-0.3052382877051753,-0.2798797675433251,-0.33292123919964417,-0.4013804599994464,-0.3354440644134875,-0.34563479419581666,-0.31546506114682293,-0.29160641609543864,-0.8655227996092674,-0.3042828455629285,-0.35957768238422644,-0.3238138196695343,-0.4735920951897694,-0.32964878088958954,-0.3251279138822997,-0.36391660117553715,-0.29418680421373217,-0.29310259061940774,-0.33189816084259893,-0.40024846241669115,-0.3751204219324253,-0.369761512440624,-0.3291410227385423,-0.27518034699311805,-0.3218863225785121,-0.3329911917687104,-0.2937147008283991,-0.3209945028300033,-0.2937797830574273,-0.2986165669675814,-0.39962077867048257,-0.27208759238625685,-0.3635198577944927,-0.32378510012601364,-0.29989695131416927,-0.31970790028514906,-0.30013404199036314,-0.3669429957556886,-0.3255836035409764,-0.6301298821624048,-0.2744690723905225,-0.3056544822800325,-0.2929991623837037,-0.31316734347750513,-0.3231440854181895,-0.312963772992029,-0.29339231838112345,-0.34415282425395205,-0.3269513240052173,-0.3572168217019857,-0.3224910446425307,-0.11066426808372769,-0.2715266218735201,-0.3073752275839542,-0.295181197120997
586,1519072154,-0.3714719563215414,-0.33825219550562385,-0.3163638850723577,-0.2904989943836777,-0.3092231024438247,-0.3858979562667577,-0.370803729276386,-0.31979683637872136,-0.36333639641648025,-0.3053987857896901,-0.3574654208957003,-0.2942265242581523,-0.31261654286662965,-0.37233679608763154,-0.3176639089511834,-0.29524880281947685,-0.381940036891264,-0.2905784651948987,-0.30219686808117063,-0.29089307888846616,-0.2971076401117277,-0.31791571510512034,-0.17069114333744284,-0.2994014411365351,-0.32243664882541967,-0.2892164528992771,-0.3218882957010673,-0.34688316911073874,-0.3713243445118411,-0.37655875071893913,-0.269121722449059,-0.35414650938273723,-0.27340845027442756,0.9572139152313165,-0.33188463626633014,-0.3242407031114345,-0.3063581507200632,-0.40616415956663354,-0.3268205597274158,-0.32736830106116,-0.5567771649665584,-0.2867679193133706,-0.36260140047236,-0.32896309981083516,-0.042223416015498456,-0.3202227089174125,-0.28991181959707507,-0.2898889256312235,-0.3041030058779082,-0.2393982182121325,-0.2897080137194616,-0.2712772836446076,-0.3413373854300176,-0.40616204007303996,-0.345876222211371,-0.2733842954899356,-0.3327202642411716,-0.27549195935884846,-0.3625736263938084,-0.3034071886134007,-0.3167808034644076,-0.3199042361561331,-0.2987258034936537,0.6328401117275496,-0.35612577703983167,-0.32237951190316805,-0.3616221263161169,-0.27061071946091336,-0.4058845144358333,-0.3209874964179678,-0.36708618973336615,-0.322790984478758,-0.32711619671812353,-0.2724208175252168,-0.30310278879801267,-0.3036688213396928,-0.2765749153285335,-0.3313245585499654,-0.39780701842195026,-0.3325465902976549,-0.3442423529977671,-0.3125083589739221,-0.2880026223258623,-0.8653286310862607,-0.302714918715977,-0.35662509831860434,-0.3215123240939899,-0.4735746394834553,-0.3280561462912339,-0.3251279138822997,-0.3616684586902246,-0.29081278123391946,-0.29056656162999595,-0.3311510355339502,-0.3981092548661902,-0.3736689545957179,-0.3676978260436077,-0.32608398537564565,-0.27188105078431574,-0.3187679121239963,-0.3319255084954035,-0.2903429998740602,-0.3180273562273951,-0.290409263308953,-0.2952328587175451,-0.3981920974447224,-0.2702161513602417,-0.36051914088122294,-0.32148343260782253,-0.2959436214124288,-0.31722010184861726,-0.29803700501743463,-0.3648919332657866,-0.3221187361085483,-0.6298117037526286,-0.2722625819659471,-0.3035623136937943,-0.2898289831185211,-0.31021644138288934,-0.32082488618245236,-0.3106038124308031,-0.2908524644484079,-0.34322787504553864,-0.32390004708546877,-0.3561060736877742,-0.32000303802247465,-0.11066426808372769,-0.26965660247498563,-0.30616340694735933,-0.29124425362506295
587,1519072159,-0.3700771699654755,-0.3353485110758653,-0.31438374273711295,-0.28712691156483056,-0.3074507453130919,-0.38374954070137896,-0.36940802081393287,-0.3180691537915187,-0.360581939737974,-0.30418661903110045,-0.3551062674901539,-0.29056925258584665,-0.31090234543059025,-0.3695457064241335,-0.31568451231690065,-0.2927038921724592,-0.37991893977509594,-0.2881896998708788,-0.2988702951214104,-0.28771743088163254,-0.2939611355020081,-0.3159392201077587,-0.17069114333744284,-0.29620668204065576,-0.3194650284931099,-0.2868126480803564,-0.31990631233028205,-0.34479739976398377,-0.3692332202136636,-0.37507106866099477,-0.26725156853877957,-0.3512048397049495,-0.2706476291957034,0.2349763897496313,-0.32975589432431385,-0.32220610516095305,-0.3045369083517342,-0.4041565997515052,-0.32486141499593146,-0.3266213970928693,-0.5567771649665584,-0.28317080183792676,-0.35959634385450784,-0.3274677922843536,-0.042223416015498456,-0.31848438134609336,-0.2875248461374982,-0.2875038964927149,-0.3009486931118899,-0.23665320317470015,-0.28791578915389665,-0.26687850672150504,-0.33995235653631733,-0.4048265657522723,-0.3444821190347508,-0.27117807704044006,-0.33021116428199504,-0.27217935231084256,-0.35949227626719055,-0.30131237182576365,-0.31180890222039515,-0.3181670728296806,-0.29553849769647283,0.6054208696336724,-0.3531907711142606,-0.3203418325216509,-0.36087114686700184,-0.2674896224265268,-0.4045452827774369,-0.3192635973286151,-0.36398866743413943,-0.3213061087586591,-0.32511409375361966,-0.2702134054910965,-0.3012890532809349,-0.3010530440638886,-0.2727192544112767,-0.3302601047835128,-0.3963776417909518,-0.3308081058281553,-0.34284991179971763,-0.31073433767018166,-0.2856000931461448,-0.8649888361709989,-0.30062434958670836,-0.3542630310661067,-0.3192108285184455,-0.47356009306152685,-0.3264635116928783,-0.3251279138822997,-0.3594203162049121,-0.28743875825410675,-0.28803053264058415,-0.3281625342993553,-0.3966831164991896,-0.37004028625394947,-0.3646022964480831,-0.3240459604670478,-0.2685817545755134,-0.31627318376038366,-0.3303269835854431,-0.2875332490787777,-0.3155547340585549,-0.28760049685189104,-0.29184915046750887,-0.3967634162189623,-0.2683447103342266,-0.3597689616529055,-0.3197571819691792,-0.2925550529252227,-0.31411035380295255,-0.2948914495580418,-0.36181533953093364,-0.32013881186144655,-0.6294935253428524,-0.2700560915413718,-0.3009471029609964,-0.2872928397063751,-0.3078557197071967,-0.31734608732884667,-0.3088338420098837,-0.2876776470325135,-0.34230292583712524,-0.3213573163190116,-0.35555069968066844,-0.31627102809239055,-0.11066426808372769,-0.26778658307645115,-0.3037397656741696,-0.28786973062854804
588,1519072165,-0.36659020407531084,-0.33128335287420324,-0.31042345806662347,-0.28206878733655993,-0.30272445963113764,-0.3801688480924143,-0.36661660388902667,-0.31461378861711337,-0.3578274830594677,-0.30115620213462646,-0.35156753738183427,-0.28586704615002506,-0.3060963779966187,-0.3660568443447609,-0.3107360207311938,-0.28825029854017825,-0.37655044458148246,-0.28400936055384385,-0.29277157802851667,-0.28390665327343223,-0.28819254371752207,-0.3114921063636949,-0.08572961197044983,-0.2923729711256005,-0.31550286805003025,-0.2802021848283245,-0.31544684974601517,-0.3413211175193921,-0.36644505448276027,-0.3706080224871616,-0.26226449144470093,-0.34767483609160416,-0.26623031546974474,0.4016465879377125,-0.3270949668967934,-0.3176282597723698,-0.3027156659834052,-0.40147985333133407,-0.31996355316722047,-0.32363378121970665,-0.5567771649665584,-0.27897416478324233,-0.35584002308219265,-0.3252248309946311,-0.042223416015498456,-0.31384884115590894,-0.2845411293130271,-0.28392635278495215,-0.29527093013305694,-0.2321445664886125,-0.2849287482112885,-0.26247972979840245,-0.3364897843020665,-0.4014878799503531,-0.3416939126815104,-0.26621408552907505,-0.3256947843554772,-0.2672104417388337,-0.3553838094317001,-0.2981701466443081,-0.3080799762873858,-0.31411369173462483,-0.2910762695804196,0.4820342802112246,-0.34908176281846115,-0.3157570539132373,-0.3571162496214265,-0.2637443059852629,-0.40052758780224773,-0.3158157991499097,-0.3593423839852994,-0.31759391945841203,-0.32060936208348606,-0.26524672841432595,-0.2988707392581646,-0.2973909558777627,-0.2683127847915546,-0.3275989703673815,-0.3942335768444541,-0.32675164206598967,-0.34006502940361866,-0.3071862950627007,-0.279593770196851,-0.8645519569942337,-0.2969658536104882,-0.3501294133742357,-0.3151832112612428,-0.4735368187864413,-0.32433999889507076,-0.3251279138822997,-0.356422792891162,-0.28237772378438775,-0.28295847466176055,-0.3244269077561117,-0.39383083976518835,-0.3678630852488884,-0.3604749236540504,-0.31996991064985225,-0.2630829275608429,-0.31128372703315843,-0.32819561703882927,-0.2830376478063258,-0.31110401415464256,-0.28254471722917956,-0.28677358809245446,-0.39319171315456186,-0.2633542009315195,-0.3567682447396357,-0.31457843005324915,-0.28803696160894793,-0.3085128073207561,-0.28860033863925616,-0.3572004489286541,-0.3156839823054676,-0.6283799009086356,-0.2650914880860773,-0.29780885008163904,-0.283488624588156,-0.30431463719365776,-0.31386728847524104,-0.30411392088743183,-0.28259793916708237,-0.3399905528160918,-0.31728894709268024,-0.3527738296451397,-0.31253901816230645,-0.11066426808372769,-0.2627998646803592,-0.3007102140826824,-0.2833703666331948
589,1519072170,-0.36659020407531084,-0.33128335287420324,-0.31042345806662347,-0.28206878733655993,-0.30213367392089335,-0.3801688480924143,-0.36661660388902667,-0.31461378861711337,-0.3578274830594677,-0.30115620213462646,-0.35156753738183427,-0.28586704615002506,-0.3060678943534217,-0.3660568443447609,-0.3107360207311938,-0.28825029854017825,-0.37655044458148246,-0.28400936055384385,-0.29277157802851667,-0.28390665327343223,-0.28819254371752207,-0.3114921063636949,-0.08572961197044983,-0.2923729711256005,-0.31550286805003025,-0.2802021848283245,-0.31544684974601517,-0.3413211175193921,-0.36644505448276027,-0.3706080224871616,-0.26226449144470093,-0.34767483609160416,-0.26623031546974474,0.2905331224789917,-0.3270949668967934,-0.3176282597723698,-0.3027156659834052,-0.40147985333133407,-0.31996355316722047,-0.32363378121970665,-0.5567771649665584,-0.27897416478324233,-0.35584002308219265,-0.3252248309946311,-0.042223416015498456,-0.31384884115590894,-0.2845411293130271,-0.28392635278495215,-0.29527093013305694,-0.23104338537738175,-0.2849287482112885,-0.26247972979840245,-0.3364897843020665,-0.4014878799503531,-0.3416939126815104,-0.26621408552907505,-0.3251929643636419,-0.2672104417388337,-0.3553838094317001,-0.2981701466443081,-0.3080799762873858,-0.31411369173462483,-0.2910762695804196,0.6122756801571416,-0.34908176281846115,-0.315247634067858,-0.3571162496214265,-0.2637443059852629,-0.40052758780224773,-0.3158157991499097,-0.3593423839852994,-0.31759391945841203,-0.32060936208348606,-0.26524672841432595,-0.2988707392581646,-0.2973909558777627,-0.2683127847915546,-0.3275989703673815,-0.3942335768444541,-0.32675164206598967,-0.34006502940361866,-0.3071862950627007,-0.279593770196851,-0.8645519569942337,-0.2969658536104882,-0.3501294133742357,-0.3151832112612428,-0.4735368187864413,-0.32433999889507076,-0.3251279138822997,-0.356422792891162,-0.28237772378438775,-0.28295847466176055,-0.3244269077561117,-0.39383083976518835,-0.3678630852488884,-0.3604749236540504,-0.31996991064985225,-0.2630829275608429,-0.31128372703315843,-0.32819561703882927,-0.2830376478063258,-0.31110401415464256,-0.28254471722917956,-0.28677358809245446,-0.39319171315456186,-0.2633542009315195,-0.3567682447396357,-0.31457843005324915,-0.28803696160894793,-0.3085128073207561,-0.28860033863925616,-0.3572004489286541,-0.3156839823054676,-0.6282208117037474,-0.2650914880860773,-0.29780885008163904,-0.283488624588156,-0.30431463719365776,-0.31386728847524104,-0.30411392088743183,-0.28259793916708237,-0.3399905528160918,-0.31728894709268024,-0.3527738296451397,-0.31253901816230645,-0.11066426808372769,-0.2627998646803592,-0.3007102140826824,-0.2833703666331948
590,1519072176,-0.364498024541212,-0.32954114221634806,-0.3079482801475676,-0.27982073212399516,-0.30036131679016054,-0.37873657104882846,-0.364523041195347,-0.3117343176384423,-0.3564502547202146,-0.29994403537603687,-0.3486185956249013,-0.28377717662299323,-0.3044210218922116,-0.3646612995130118,-0.308756624096911,-0.286341615554915,-0.3752030465040371,-0.28281497789183385,-0.29055386272200984,-0.28200126446933205,-0.286094873977709,-0.3095156113663332,-0.08572961197044983,-0.289817163848897,-0.3135217878284904,-0.27839933121413396,-0.31346486637522986,-0.3378448352748004,-0.3650509716173086,-0.3691203404292172,-0.2603943375344214,-0.34590983428493155,-0.26291733017527574,-0.26503420481461226,-0.32603059592578526,-0.315085012334268,-0.3002873428256332,-0.3994722935162057,-0.3180044084357361,-0.3213930693148347,-0.5567771649665584,-0.27717560604552044,-0.35508875892772956,-0.32372952346814954,-0.042223416015498456,-0.3121105135845898,-0.28275089921834445,-0.28273383821569786,-0.29337834247344596,-0.228300535178307,-0.2837339318342452,-0.26028034133685113,-0.3351047554083662,-0.4001524056295855,-0.3402998095048902,-0.2640078670795795,-0.32318568439630063,-0.26500203704016306,-0.35332957601395487,-0.2965990340535803,-0.3062155133208811,-0.31237652840817237,-0.2885264249426749,0.6054208696336724,-0.34732075926311856,-0.31320995468634083,-0.3541123318249663,-0.2612474283577536,-0.39918835614385134,-0.314091900060557,-0.35727736911914826,-0.3168514815983626,-0.3186072591189822,-0.2630393163802057,-0.29826616075247203,-0.2958214895122802,-0.26610954998169356,-0.3265345166009289,-0.3920895118979564,-0.3250131575964901,-0.3379763676065444,-0.30304691202063955,-0.27779187331206284,-0.864066535686717,-0.2953979267635367,-0.34835786293486243,-0.3128817156856984,-0.47352518164889856,-0.323278242496167,-0.3251279138822997,-0.3556734120627245,-0.2801283751311793,-0.2810564529197017,-0.32143840652151684,-0.3924047013981877,-0.366411617912181,-0.35789531565778,-0.31640336705980615,-0.26033351405350763,-0.309412680760449,-0.32606425049221543,-0.28022789701104334,-0.30863139198580236,-0.28029770406353,-0.28395383121742424,-0.39176303192880174,-0.2614827599055044,-0.3545177070546834,-0.3128521794146058,-0.2852131545362762,-0.3060250088842243,-0.2865033016663276,-0.3551493864387521,-0.3137040580583659,-0.6279026332939712,-0.2628849976615019,-0.2962397236419604,-0.2809524811760099,-0.30136373509904196,-0.3121278890484382,-0.30175396032620594,-0.2806930487175457,-0.3362907559824382,-0.3142376701729317,-0.3499969596096109,-0.31067301319726437,-0.11066426808372769,-0.26092984528182467,-0.29949839344608753,-0.2811206846355182
591,1519072182,-0.3631032381851461,-0.3266374577865895,-0.30596813781232285,-0.27644864930514806,-0.29799817394918343,-0.3773042940052426,-0.36312733273289394,-0.31000663505123965,-0.3543844122113349,-0.296307535100268,-0.34684923057074146,-0.2816873070959614,-0.30177981134121434,-0.3625679822653883,-0.30677722746262825,-0.2825242495843885,-0.37318194938786897,-0.2810234038988189,-0.288336147415503,-0.2800958756652319,-0.2839972042378959,-0.3065508688702907,-0.17069114333744284,-0.28662240475301765,-0.3100548974407957,-0.27659647759994344,-0.31049189131905197,-0.33645432237696377,-0.3636568887518569,-0.36763265837127285,-0.25603064507710266,-0.3435564985427013,-0.2585000164493171,-0.37614767027333307,-0.3233696684982648,-0.31305041438378656,-0.29785901966786116,-0.3967955470960346,-0.31604526370425173,-0.31989926137825336,-0.5567771649665584,-0.2753770473077985,-0.3528349664643405,-0.3214865621784271,-0.042223416015498456,-0.30979274348949765,-0.28155741248855604,-0.2809450663618165,-0.291485754813835,-0.22546171047871214,-0.2813442990801587,-0.25808095287529986,-0.33371972651466586,-0.39748145698805015,-0.33820865473995987,-0.2595954301805884,-0.32017476444528875,-0.26224153116682486,-0.35076178424177334,-0.2945042172659432,-0.30435105035437643,-0.3077440928709657,-0.28661404146436636,0.5128809275668366,-0.3443857533375475,-0.31066285545944433,-0.35336135237585126,-0.2575021119164897,-0.39784912448545495,-0.3106441018818516,-0.35469610053645934,-0.31536660587826376,-0.31510357893110047,-0.25807263930343516,-0.2958478467297017,-0.2942520231467977,-0.262804697766902,-0.3233411553015713,-0.38923075863595946,-0.3209566938343244,-0.3365839264084949,-0.30127289071689906,-0.2759899764272747,-0.8638723671637102,-0.29382999991658526,-0.34599579568236477,-0.3111555940040401,-0.47350772594258445,-0.32115472969835945,-0.3251279138822997,-0.3541746504058495,-0.2778790264779708,-0.2791544311776429,-0.31994415590421943,-0.3895524246641865,-0.3649601505754736,-0.3558316292607636,-0.31436534215120837,-0.2581339832476394,-0.30629427030593326,-0.32340004230894814,-0.27798009637481735,-0.3066532942507302,-0.2780506908978805,-0.28169802571740005,-0.39033435070304157,-0.2577398778534741,-0.35301734859804845,-0.31112592877596246,-0.28238934746360445,-0.3041591600568255,-0.2844062646933991,-0.3525855583263746,-0.3097442095641624,-0.6274253656793068,-0.25847201681235127,-0.29467059720228167,-0.2790503736169004,-0.29841283300442617,-0.30922889000376674,-0.2999839899052865,-0.278788158268009,-0.3344408575656114,-0.3116949394064745,-0.3477754635811879,-0.30694100326718027,-0.11066426808372769,-0.2571898064847557,-0.2970747521728978,-0.2788710026378416
592,1519072187,-0.36031366547301436,-0.3219915626989757,-0.30200785314183337,-0.2708285112737362,-0.29445345968771774,-0.37443973991807095,-0.3603359158079877,-0.30655126987683434,-0.3516299555328286,-0.29570145172097323,-0.34213092375964865,-0.2775075680418978,-0.2991696738555229,-0.35977689260189016,-0.30281843419406274,-0.27743442829035314,-0.3704871532329782,-0.2774402559127889,-0.28334628797586264,-0.2750148388542981,-0.2787530298883632,-0.3025978788755673,-0.17069114333744284,-0.2821497420187865,-0.306092736997716,-0.27238981916683225,-0.3070234204201777,-0.3336732965812904,-0.3601716815882277,-0.36465729425538407,-0.25416049116682315,-0.33884982705824096,-0.2557391953705929,-0.4872611357320539,-0.3217731120417526,-0.3084725689952033,-0.29664485808897517,-0.39411880067586347,-0.31212697424128294,-0.3169116455050907,-0.5567771649665584,-0.2717799298323547,-0.35058117400095135,-0.31849594712546386,-0.042223416015498456,-0.30631608834685936,-0.2779769522991907,-0.2779637799386808,-0.28706971694140937,-0.2226365964220487,-0.2783572581375505,-0.2531323288368094,-0.3302571542804151,-0.3948105083465148,-0.33472339679840935,-0.25738921173109286,-0.3161602045106062,-0.2578247217694836,-0.3461397590518466,-0.2913619920844876,-0.3000006367658655,-0.3054278751023624,-0.28151435218887694,0.46146984864081664,-0.3408637462268623,-0.30658749669641,-0.350357434579391,-0.25438101488210313,-0.3951706611686622,-0.3071963037031462,-0.3500498170876193,-0.3123968544380661,-0.3121004244843447,-0.2558652272693149,-0.29403411121262396,-0.2905899349606718,-0.25839822814717994,-0.3222767015351188,-0.38637200537396255,-0.3186387145416583,-0.33310282341337116,-0.2971335076748379,-0.2711849180678396,-0.8634840301176968,-0.29069414622268225,-0.34186217799049384,-0.3077033506407235,-0.473484451667499,-0.31956209510000383,-0.3251279138822997,-0.3504277462636619,-0.2733803291715539,-0.2753503876935252,-0.31770277997827323,-0.3874132171136856,-0.36205721590205886,-0.35118833486747686,-0.30977978610686335,-0.2531850389344359,-0.3025521777605143,-0.3223343590356412,-0.2734844951023654,-0.30269709878058587,-0.27355666456658134,-0.2766224633423457,-0.38819132886440133,-0.25586843682745897,-0.35076681091309614,-0.3076734274986757,-0.27730649473279534,-0.29980551279289486,-0.2796879315043098,-0.3484834333465706,-0.3067743231935097,-0.6269480980646425,-0.2562655263877759,-0.2910093021763648,-0.2752461584986813,-0.2942815700719641,-0.3045904915322925,-0.29585405892314115,-0.2749783773689357,-0.3325909591487846,-0.30711802402685173,-0.3455539675527649,-0.30320899333709617,-0.11066426808372769,-0.2553197870862212,-0.29525702121800546,-0.27380921814306924
593,1519072193,-0.36031366547301436,-0.3219915626989757,-0.30200785314183337,-0.2708285112737362,-0.29209031684674064,-0.37443973991807095,-0.3603359158079877,-0.30655126987683434,-0.3516299555328286,-0.29448928496238364,-0.34213092375964865,-0.2769851006601398,-0.29695571795248105,-0.35977689260189016,-0.30281843419406274,-0.27743442829035314,-0.3704871532329782,-0.2774402559127889,-0.28223743032260923,-0.2743797092529314,-0.2787530298883632,-0.3025978788755673,-0.17069114333744284,-0.2821497420187865,-0.306092736997716,-0.27178886796210205,-0.3065279245774814,-0.3329780401323721,-0.3601716815882277,-0.3626737181781249,-0.25229033725654365,-0.33884982705824096,-0.2535305385076136,0.1238629242909105,-0.3207087410707444,-0.30745527001996265,-0.2954306965100892,-0.39411880067586347,-0.31065761569266964,-0.3169116455050907,-0.5567771649665584,-0.2705808906738734,-0.35058117400095135,-0.3170006395989823,-0.042223416015498456,-0.30515720329931323,-0.2779769522991907,-0.2773675226540537,-0.2851771292817984,-0.21984900623025028,-0.2783572581375505,-0.2531323288368094,-0.3302571542804151,-0.3948105083465148,-0.33332929362178915,-0.2551829932815973,-0.3161602045106062,-0.2578247217694836,-0.3461397590518466,-0.2913619920844876,-0.3000006367658655,-0.3054278751023624,-0.28151435218887694,0.6396949222510189,-0.3408637462268623,-0.30454981731489283,-0.350357434579391,-0.2525083566614712,-0.394501045339464,-0.3071963037031462,-0.3495335633710815,-0.3123968544380661,-0.3121004244843447,-0.25365781523519465,-0.29282495420123883,-0.2905899349606718,-0.25839822814717994,-0.32121224776866625,-0.38637200537396255,-0.3186387145416583,-0.33310282341337116,-0.2971335076748379,-0.2711849180678396,-0.8634354879869451,-0.2901715039403651,-0.34068114436424496,-0.3077033506407235,-0.47348154238311324,-0.31850033870110006,-0.3251279138822997,-0.3504277462636619,-0.2728179920082518,-0.2728143587041134,-0.3162085293609758,-0.3874132171136856,-0.36205721590205886,-0.35118833486747686,-0.30977978610686335,-0.2531850389344359,-0.3025521777605143,-0.3212686757623343,-0.2729225449433089,-0.30269709878058587,-0.2718714046923442,-0.2766224633423457,-0.38676264763864115,-0.2539969958014438,-0.35076681091309614,-0.3076734274986757,-0.27730649473279534,-0.29980551279289486,-0.2791636722610777,-0.3484834333465706,-0.3067743231935097,-0.6269480980646425,-0.25405903596320056,-0.2910093021763648,-0.2746121226456448,-0.2942815700719641,-0.3045904915322925,-0.2952640687828347,-0.27434341388575684,-0.3325909591487846,-0.30711802402685173,-0.3455539675527649,-0.30320899333709617,-0.11066426808372769,-0.25344976768768673,-0.2940452005814106,-0.27324679764365006
594,1519072199,-0.3575240927608826,-0.3185071413832654,-0.2980475684713439,-0.2674564284548891,-0.28795481687503066,-0.37085904730910635,-0.3575444988830815,-0.30309590470242903,-0.3481868846846958,-0.29327711820379404,-0.3397717703541022,-0.27385029636959207,-0.29427566606985145,-0.3569858029383921,-0.2973750934497852,-0.27488951764333547,-0.3671186580393648,-0.274454299257764,-0.2783564285362223,-0.27183919084746455,-0.27560652527864354,-0.298644888880844,-0.17069114333744284,-0.27895498292290716,-0.3021305765546363,-0.2687841119384512,-0.30256395783591084,-0.33019701433669874,-0.35738351585732436,-0.3601942480815509,-0.24979679870950433,-0.3359081573804532,-0.25132188164463426,0.2905331224789917,-0.31964437009973623,-0.3044033730942405,-0.2948236157206462,-0.39144205425569234,-0.307229112412572,-0.3146709336002187,-0.5567771649665584,-0.26758329277767023,-0.3475761173830992,-0.314010024546019,-0.042223416015498456,-0.30168054815667494,-0.27558997883961384,-0.2731937216616638,-0.2813919539625764,-0.21702172733522926,-0.275967625383464,-0.2498332461444825,-0.3267945820461643,-0.3921395597049795,-0.3298440356802386,-0.25242522021972785,-0.3121456445759237,-0.2545121147214777,-0.3430584089252287,-0.2887434710999413,-0.2968931984883577,-0.30195354844945743,-0.2789645075511322,0.6362675169892843,-0.33734173911617704,-0.3004744585518585,-0.3481044962320458,-0.2506356984408392,-0.39115296619347306,-0.30374850552444077,-0.34643604107185483,-0.308684665137819,-0.30709516707308515,-0.2508985501925443,-0.2922203756955462,-0.28745100222970676,-0.25509337593238834,-0.3201477940022137,-0.38422794042746483,-0.31400275595632615,-0.33031794101727213,-0.29358546506735694,-0.2687823888881221,-0.863144235202435,-0.286513007964145,-0.33772856029862286,-0.3031003594896347,-0.47345826810802777,-0.3174385823021963,-0.3251279138822997,-0.3481796037783494,-0.268881631865137,-0.2702783297147016,-0.3139671534350297,-0.38456094037968436,-0.3591542812286441,-0.3480928052719523,-0.3057037362896678,-0.24933586002416655,-0.3000574493969017,-0.3202029924890274,-0.2689888938299135,-0.29824637887667355,-0.26850088494386987,-0.2732387550923094,-0.38390528518712086,-0.25150174110009027,-0.34851627322814377,-0.3019192587031979,-0.27391792624558925,-0.29669576474723014,-0.27601811680168487,-0.3448940739892421,-0.3028144746993062,-0.62631174124509,-0.2507493003263376,-0.288394091443567,-0.2708079075274257,-0.29074048755842513,-0.3011116926786868,-0.2923141180813023,-0.2711685964698624,-0.33074106073195786,-0.3030496548005203,-0.34388784553144763,-0.3007209867170401,-0.11066426808372769,-0.24970972889061777,-0.29343929026311316,-0.26987227464713515
595,1519072204,-0.35543191322678375,-0.3167649307254103,-0.2960674261360992,-0.264084345636042,-0.28618245974429785,-0.3694267702655205,-0.3554509361894019,-0.3013682221152264,-0.34680965634544264,-0.29267103482449924,-0.3362330402457826,-0.2707154920790444,-0.29257700516646495,-0.35489248569076853,-0.29539569681550243,-0.2717083793345634,-0.3657712599619194,-0.27146834260273905,-0.2750298555764621,-0.2680284132392642,-0.27193560323397065,-0.2961742701341419,-0.17069114333744284,-0.2763991756462037,-0.3001494963330965,-0.2663803071195305,-0.3005819744651256,-0.3288065014388621,-0.3559894329918727,-0.35870656602360657,-0.2466798755257052,-0.33355482163822303,-0.24800889635016524,-0.26503420481461226,-0.31857999912872803,-0.30236877514375904,-0.29300237335231716,-0.3901036810456068,-0.3052699676810876,-0.31243022169534673,-0.5567771649665584,-0.2651852144607077,-0.34532232491971004,-0.3125147170195374,-0.042223416015498456,-0.2999422205853558,-0.27320300538003695,-0.27140494980778235,-0.27886850374976174,-0.21427526907222516,-0.27298058444085577,-0.24653416345215556,-0.3247170387056138,-0.3908040853842118,-0.3284499325036184,-0.2502190017702323,-0.31013836460858246,-0.2511995076734718,-0.3399770587986109,-0.28612495011539496,-0.2944072478663515,-0.30021638512300497,-0.2757772017539514,0.619130490680611,-0.3349937343757202,-0.29843677917034134,-0.3458515578847007,-0.24751460140645265,-0.38914411870587845,-0.3014499734053039,-0.3433385187726281,-0.30645735155767073,-0.3050930641085813,-0.248139285149894,-0.2910112186841611,-0.2848352249539026,-0.2517885237175968,-0.3190833402357612,-0.3827985637964664,-0.31226427148682656,-0.3282292792201979,-0.29062876289445616,-0.2651785951185458,-0.862852982417925,-0.28442243883487633,-0.3353664930461252,-0.30079886391409033,-0.47344372168609933,-0.3163768259032926,-0.3251279138822997,-0.3466808421214743,-0.2655076088853243,-0.2677423007252898,-0.3124729028177322,-0.383847871196184,-0.35770281389193676,-0.3444813540771737,-0.3026466989267711,-0.24603656381536423,-0.29693903894238594,-0.318604467579067,-0.2656171928755745,-0.29577375670783335,-0.26569211848680796,-0.2698550468422731,-0.3817622633484806,-0.24963030007407513,-0.34626573554319146,-0.30019300806455457,-0.27052935775838316,-0.2935860167015654,-0.27287256134229204,-0.3418174802543891,-0.3008345504522045,-0.6258344736304257,-0.24854280990176222,-0.2863019228573287,-0.2676377282622431,-0.2889699463016557,-0.29937229325188397,-0.2905441476603829,-0.26735881557078905,-0.32981611152354445,-0.3010154701873546,-0.3427770975172361,-0.29761097844197004,-0.11066426808372769,-0.24783970949208328,-0.2922274696265183,-0.26649775165062023
596,1519072210,-0.35403712687071787,-0.3150227200675551,-0.2930972126332321,-0.2612742766203361,-0.284410102613565,-0.3687106317437276,-0.35405522772694875,-0.2979128569408211,-0.3454324280061895,-0.2914588680659096,-0.3344636751916228,-0.26862562255201256,-0.2899668676807735,-0.3534969408590195,-0.29341630018121967,-0.2685272410257913,-0.364423861884474,-0.27027395994072906,-0.27281214026995526,-0.26612302443516406,-0.2698379334941576,-0.2937036513874398,-0.17069114333744284,-0.2744823201886761,-0.29816841611155664,-0.26457745350533995,-0.2985999910943403,-0.3274159885410254,-0.35389830869369515,-0.3572188839656622,-0.24480972161542572,-0.3306131519604353,-0.2458002394871859,-0.04280727389717069,-0.3175156281577199,-0.2993168782180369,-0.2911811309839882,-0.3880961212304785,-0.3033108229496032,-0.3094426058221841,-0.5567771649665584,-0.2633866557229858,-0.34381979661078393,-0.3087764482033334,-0.042223416015498456,-0.29820389301403666,-0.2702192885555659,-0.26961617795390097,-0.27697591609015076,-0.2114573711434204,-0.2717857680638125,-0.24433477499060427,-0.3233320098119135,-0.38880087390306034,-0.32566172615037803,-0.2474612287083629,-0.30813108464124117,-0.24843900180013356,-0.3374092670264293,-0.2845538375246672,-0.2925427848998468,-0.2984792217965525,-0.27258989595677047,0.619130490680611,-0.3332327308203776,-0.29639909978882417,-0.34434959898647055,-0.2456419431858207,-0.38780488704748206,-0.29857680825638266,-0.3407572501899392,-0.3057149136976213,-0.30309096114407746,-0.24593187311577375,-0.2898020616727759,-0.28326575858842007,-0.2490344802052705,-0.3180188864693086,-0.38065449884996866,-0.310525787017327,-0.3254443968240989,-0.28885474159071567,-0.26337669823375764,-0.8626588138949182,-0.28285451198792483,-0.3324139089805031,-0.299072742232432,-0.47343208454855656,-0.3153150695043888,-0.3251279138822997,-0.3444326996361618,-0.26325826023211585,-0.265840278983231,-0.3117257775090835,-0.3817086636456831,-0.35625134655522933,-0.34241766768015736,-0.3006086740181733,-0.24328715030802897,-0.29444431057877335,-0.31700594266910664,-0.2633693922393485,-0.29379565897276116,-0.2634451053211584,-0.2670352899672429,-0.3803335821227205,-0.24651123169738323,-0.3447653770865566,-0.2984667574259112,-0.26827031210024577,-0.2904762686559007,-0.27077552436936353,-0.3397664177644871,-0.2988546262051027,-0.6255162952206494,-0.2463363194771869,-0.2836867121245309,-0.26573562070313356,-0.28719940504488617,-0.2976328938250812,-0.287004206818544,-0.2654539251212524,-0.32842868771092437,-0.2989812855741889,-0.3411109754959189,-0.29450097016689997,-0.11066426808372769,-0.2459696900935488,-0.29101564898992344,-0.2642480696529436
597,1519072215,-0.3505501609805532,-0.3109575618658931,-0.28864189237893145,-0.2567781661952066,-0.2808653883520993,-0.365129939134763,-0.3498681023395894,-0.29388159757068155,-0.34130074298843005,-0.2884284511694356,-0.3303351567319166,-0.26392341611619097,-0.28734896192875564,-0.34931030636377236,-0.2889626577540835,-0.2647098750552648,-0.3610553666908605,-0.2672880032857041,-0.2683767096569416,-0.26104198762423025,-0.26511817657957815,-0.28975066139271644,-0.17069114333744284,-0.26937070563526905,-0.2932157155577071,-0.2609717462769589,-0.2936450326673771,-0.32393970629643376,-0.34971606009734013,-0.35374762583045866,-0.24106941379486674,-0.32708314834708996,-0.2408307615454824,-1.0983851957550184,-0.3143225152446954,-0.295247682317074,-0.28753864624733017,-0.3840810016002218,-0.29890274730376337,-0.30645498994902143,-0.5567771649665584,-0.2585904990890607,-0.34006347583846874,-0.306533486913611,-0.042223416015498456,-0.2935683528238523,-0.2660420850013063,-0.2666348915307653,-0.2731907407709288,-0.20861854644382552,-0.26760391074416107,-0.2382864567213382,-0.31986943757766273,-0.38546218810114113,-0.3228735197971376,-0.2430487918093718,-0.30361470471472335,-0.24402219240279235,-0.3333008001909389,-0.28088790814630227,-0.28632790834483124,-0.293267731817195,-0.2687651290001534,0.30380920660102234,-0.32971072370969234,-0.29232374102578984,-0.3413456811900103,-0.24064818793080217,-0.3844568079014911,-0.2951290100776773,-0.33662722045763693,-0.30200272439737424,-0.2990867552150698,-0.24151704904753324,-0.2855700121329278,-0.280126825857455,-0.24407720188308316,-0.3153577520531773,-0.3763663689569733,-0.30704881807832785,-0.3226595144279999,-0.2853066989832347,-0.2585716398743226,-0.8622219347181531,-0.2791960160117047,-0.32887080810175656,-0.29504512497522933,-0.47340590098908536,-0.31159892210822565,-0.3251279138822997,-0.3399364146655367,-0.25875956292569896,-0.26140222825176035,-0.30799015096583987,-0.37814331772818155,-0.3518969445451072,-0.33777437328687054,-0.29653262420097776,-0.23888808869629255,-0.2907022180333544,-0.3138088928491859,-0.2588737909668966,-0.28934493906884884,-0.2583893256984469,-0.2625236789671946,-0.37747621967120015,-0.24276834964535296,-0.3402643017166519,-0.29443883926907677,-0.2631874593694366,-0.28674457100110307,-0.26658145042350645,-0.3356642927846831,-0.2939048155873484,-0.624879938401097,-0.24137171602189236,-0.2795023749520544,-0.26193140558491446,-0.2824779616935009,-0.2929944953536069,-0.28346426597670515,-0.2616441442221791,-0.3265787892940976,-0.29440437019456606,-0.3394448534746016,-0.29014695858180184,-0.11066426808372769,-0.24160631149696835,-0.2873801870801388,-0.2586238646587521
598,1519072221,-0.3498527678025202,-0.3109575618658931,-0.2866617500436867,-0.25453011098264183,-0.2808653883520993,-0.365129939134763,-0.3498681023395894,-0.2921539149834789,-0.34130074298843005,-0.2884284511694356,-0.3285657916777568,-0.26131107920740115,-0.2827190751981839,-0.34931030636377236,-0.2884678085955128,-0.2628011920700015,-0.3610553666908605,-0.26549642929268913,-0.26560456552380807,-0.2591365988201301,-0.263020506839765,-0.28975066139271644,-0.17069114333744284,-0.2674538501777414,-0.2932157155577071,-0.2561641366391175,-0.2931495368246808,-0.32393970629643376,-0.34971606009734013,-0.35275583779182906,-0.23919925988458726,-0.32531814654041735,-0.2408307615454824,0.1794196570202709,-0.3132581442736872,-0.295247682317074,-0.28753864624733017,-0.3840810016002218,-0.2984129611208923,-0.30645498994902143,-0.5567771649665584,-0.25619242077209814,-0.34006347583846874,-0.306533486913611,-0.042223416015498456,-0.2924094677763062,-0.2648485982715179,-0.2642498623922568,-0.2700364280049105,-0.2058287914136695,-0.2664090943671178,-0.2360870682597869,-0.31986943757766273,-0.38546218810114113,-0.3228735197971376,-0.2430487918093718,-0.30361470471472335,-0.2412616865294541,-0.33124656677319364,-0.2793167955555745,-0.2844634453783266,-0.293267731817195,-0.2668527455218449,0.6259853012040802,-0.32794972015434976,-0.29232374102578984,-0.33984372229178017,-0.24064818793080217,-0.3831175762430947,-0.2951290100776773,-0.33456220559148575,-0.30200272439737424,-0.2990867552150698,-0.23930963701341298,-0.2843608551215427,-0.2785573594919725,-0.24187396707322212,-0.3153577520531773,-0.3763663689569733,-0.30704881807832785,-0.3226595144279999,-0.2853066989832347,-0.2567697429895345,-0.861930681933643,-0.27710544688243605,-0.3270992576623833,-0.29504512497522933,-0.47340590098908536,-0.3105371657093219,-0.3251279138822997,-0.3399364146655367,-0.25594787710918837,-0.2575981847676427,-0.30799015096583987,-0.37814331772818155,-0.3518969445451072,-0.33571068688985417,-0.29653262420097776,-0.23613867518895726,-0.28758380757883867,-0.3138088928491859,-0.25662599033067063,-0.28934493906884884,-0.25501880594997256,-0.25970392209216436,-0.37604753844544003,-0.24276834964535296,-0.3402643017166519,-0.29386342238952895,-0.2609284137112992,-0.2842567725645713,-0.2629116357208815,-0.3336132302947811,-0.2939048155873484,-0.624879938401097,-0.23916522559731704,-0.2779332485123757,-0.26002929802580493,-0.2824779616935009,-0.2929944953536069,-0.28346426597670515,-0.25846932680628465,-0.3265787892940976,-0.29440437019456606,-0.3394448534746016,-0.28828095361675976,-0.11066426808372769,-0.23973629209843383,-0.28616836644354393,-0.2563741826610755
599,1519072227,-0.34845798144645435,-0.3080538774361345,-0.2866617500436867,-0.25453011098264183,-0.2785022455111222,-0.3629815235693842,-0.34847239387713635,-0.2921539149834789,-0.3399235146491769,-0.28539803427296156,-0.3285657916777568,-0.26131107920740115,-0.2824238810777783,-0.34791476153202333,-0.28648841196123004,-0.2628011920700015,-0.3590342695746925,-0.26549642929268913,-0.26560456552380807,-0.2591365988201301,-0.263020506839765,-0.28777416639535475,-0.17069114333744284,-0.2674538501777414,-0.2912346353361672,-0.2561641366391175,-0.2911675534538955,-0.3211586805007604,-0.34832197723188846,-0.35126815573388465,-0.23732910597430776,-0.32531814654041735,-0.23641344781952375,0.2349763897496313,-0.31219377330267906,-0.2927044348789722,-0.28511032308955814,-0.38274262839013623,-0.2964538163894079,-0.3057080859807308,-0.5567771649665584,-0.25619242077209814,-0.33856094752954263,-0.30503817938712935,-0.042223416015498456,-0.2906711402049871,-0.2648485982715179,-0.2642498623922568,-0.2700364280049105,-0.20300223413143437,-0.2664090943671178,-0.2360870682597869,-0.3170993797902621,-0.3834589766199897,-0.3214794166205174,-0.2380848002980068,-0.30060378476371147,-0.2412616865294541,-0.33124656677319364,-0.2793167955555745,-0.2844634453783266,-0.29153056849074255,-0.2668527455218449,0.6157030854188763,-0.32794972015434976,-0.28977664179889334,-0.3390927428426651,-0.23690287148953829,-0.38177834458469834,-0.29340511098832456,-0.33456220559148575,-0.29829053509712716,-0.29708465225056596,-0.23710222497929273,-0.2837562766158501,-0.2785573594919725,-0.24187396707322212,-0.3126966176370459,-0.37565168064147403,-0.3053103336088283,-0.3212670732299504,-0.2835326776794942,-0.2567697429895345,-0.8618821398028913,-0.27710544688243605,-0.3270992576623833,-0.29216825550579884,-0.473391354567157,-0.3094754093104181,-0.3251279138822997,-0.3384376530086617,-0.25594787710918837,-0.2575981847676427,-0.305001649731245,-0.37600411017768065,-0.35044547720839986,-0.33571068688985417,-0.29449459929238,-0.23613867518895726,-0.28758380757883867,-0.31167752630257206,-0.25662599033067063,-0.28687231690000864,-0.25501880594997256,-0.25970392209216436,-0.37461885721967986,-0.2384016539179843,-0.338763943260017,-0.2921371717508856,-0.2609284137112992,-0.2842567725645713,-0.2629116357208815,-0.3336132302947811,-0.2919248913402466,-0.6242435815815445,-0.23640711256659785,-0.2779332485123757,-0.26002929802580493,-0.2801172400178083,-0.29125509592680404,-0.2811043054154792,-0.25846932680628465,-0.3247288908772708,-0.29186163942810894,-0.33666798343907284,-0.28828095361675976,-0.11066426808372769,-0.23661959310087638,-0.28495654580694907,-0.2563741826610755
600,1519072232,-0.34706319509038847,-0.30631166677827937,-0.2841865721246308,-0.2522820557700771,-0.2755483169599008,-0.3594008309604196,-0.34707668541468323,-0.28985033820054207,-0.3385462863099238,-0.28418586751437197,-0.3256168499208238,-0.2592212096803693,-0.2797515974614752,-0.34582144428439976,-0.2840141661683766,-0.26089250908473827,-0.355665774381079,-0.2631076639686692,-0.26338685021730124,-0.25659608041466325,-0.26039841966499866,-0.28579767139799306,-0.17069114333744284,-0.2655369947202138,-0.2892535551146274,-0.254361283024927,-0.28918557008311024,-0.31976816760292376,-0.3469278943664368,-0.3497804736759403,-0.23483556742726844,-0.3235531447337447,-0.23420479095654442,0.45720332066707287,-0.31112940233167086,-0.29066983692849074,-0.28450324230011514,-0.38140425518005067,-0.2944946716579235,-0.30421427804414947,-0.5567771649665584,-0.25439386203437625,-0.3363071550661535,-0.30429052562388853,-0.042223416015498456,-0.28893281263366793,-0.26305836817683526,-0.26246109053837535,-0.26814384034529953,-0.20017639846198507,-0.2646168698015529,-0.2338876797982356,-0.3150218364497116,-0.382123502299222,-0.3200853134438972,-0.23587858184851127,-0.2985965047963702,-0.2390532818307835,-0.3291923333554484,-0.2777456829648467,-0.2825989824118219,-0.2897934051642901,-0.2649403620435364,0.6362675169892843,-0.3244277130436645,-0.2872295425719969,-0.337590783944435,-0.23503021326890633,-0.38043911292630195,-0.2916812118989719,-0.3324971907253346,-0.2968056593770283,-0.2945820235449361,-0.23434295993664242,-0.28254711960446494,-0.2764647376713292,-0.23911992356089581,-0.3116321638705934,-0.37422230401047557,-0.3024128594929957,-0.3198746320319009,-0.27998463507201327,-0.2543672138098169,-0.8613967184953745,-0.27553752003548454,-0.32532770722301,-0.2904421338241405,-0.4733797174296142,-0.30841365291151435,-0.3251279138822997,-0.3376882721802242,-0.2536985284559799,-0.25569616302558384,-0.3035073991139476,-0.37457797181068003,-0.3489940098716925,-0.33313107889358373,-0.2914375619294833,-0.23393914438308905,-0.2857127613061292,-0.31061184302926514,-0.2538162395353882,-0.2848942191649365,-0.25277179278432305,-0.2574481165921402,-0.37319017599391974,-0.23653021289196915,-0.3380137640316996,-0.2898355042326945,-0.2586693680531618,-0.28239092373717245,-0.26081459874795293,-0.3305366365599281,-0.2899449670931448,-0.6237663139668801,-0.23364899953587867,-0.276364122072697,-0.25685911876062234,-0.2783466987610388,-0.28951569650000125,-0.2793343349945598,-0.25656443635674797,-0.32102909404361724,-0.28982745481494326,-0.3338911134035441,-0.2857929469967037,-0.11066426808372769,-0.23412623390283038,-0.28435063548865164,-0.25356208016397974
601,1519072238,-0.3449710155562896,-0.3045694561204242,-0.2817113942055749,-0.24947198675437118,-0.27377595982916797,-0.35868469243862666,-0.34498312272100357,-0.28754676141760516,-0.33716905797067065,-0.2829737007557824,-0.323847484866664,-0.25713134015333755,-0.2771129763325867,-0.34442589945265073,-0.28203476953409384,-0.2583475984377206,-0.3543183763036336,-0.2619132813066592,-0.2611691349107944,-0.2540555620091963,-0.2583007499251856,-0.283327052651291,-0.17069114333744284,-0.2636201392626862,-0.28727247489308755,-0.2525584294107365,-0.28720358671232493,-0.31837765470508705,-0.3448367700682593,-0.3482927916179959,-0.23296541351698896,-0.3211998089915145,-0.2319961340935651,0.5683167861257937,-0.3100650313606627,-0.28812658949038894,-0.2820749191423431,-0.3800658819699651,-0.2925355269264391,-0.30197356613927745,-0.5567771649665584,-0.25259530329665436,-0.33480462675722744,-0.30279521809740695,-0.042223416015498456,-0.2871944850623488,-0.2612681380821526,-0.2612685759691211,-0.26625125268568856,-0.19735128440532163,-0.26342205342450964,-0.2316882913366843,-0.31363680755601125,-0.38078802797845435,-0.318691210267277,-0.23312080878664182,-0.29658922482902894,-0.23629277595744524,-0.32662454158326687,-0.2761745703741189,-0.2807345194453172,-0.28747718739568673,-0.2617530562463555,0.6362675169892843,-0.3226667094883219,-0.28519186319047973,-0.33533784559708985,-0.23315755504827437,-0.37909988126790556,-0.28880804675005073,-0.3304321758591835,-0.2953207836569295,-0.29207939483930634,-0.23213554790252217,-0.2807333840873872,-0.2748952713058467,-0.2363658800485695,-0.31003548322091457,-0.3727929273794771,-0.3000948802003296,-0.3177859702348267,-0.27702793289911243,-0.25256531692502876,-0.8612025499723678,-0.27396959318853303,-0.32355615678363675,-0.2887160121424822,-0.47336808029207145,-0.3068210183131587,-0.3251279138822997,-0.33544012969491166,-0.2514491798027715,-0.253794141283525,-0.3020131484966501,-0.3731518334436794,-0.3482682762033388,-0.3310673924965674,-0.28889003079373604,-0.23118973087575378,-0.2832180329425166,-0.30901331811930477,-0.2515684388991622,-0.28291612142986433,-0.2505247796186735,-0.25462835971710995,-0.3724758353810396,-0.23403495819061562,-0.3357632263467472,-0.28810925359405115,-0.2564103223950244,-0.27928117569150773,-0.25871756177502436,-0.3284855740700261,-0.28747006178426765,-0.6234481355571039,-0.23089088650515951,-0.2742719534864588,-0.2549570112015128,-0.27598597708534617,-0.2877762970731984,-0.2763843842930274,-0.2546595459072113,-0.31964167023099715,-0.2872847240484861,-0.33222499138222683,-0.28268293872163364,-0.11066426808372769,-0.2316328747047844,-0.2831388148520568,-0.25074997766688395
602,1519072243,-0.34218144284415786,-0.3010850348047139,-0.2777511095350854,-0.2455378901323829,-0.269640459857458,-0.35510399982966206,-0.34219170579609737,-0.2840913962431999,-0.3344146012921644,-0.281155450617898,-0.3208985431097309,-0.2539965358627898,-0.2744070302288689,-0.3416348097891526,-0.2780759762655283,-0.2545302324671941,-0.3509498811100201,-0.25892732465163426,-0.2578425619510342,-0.25087991400236276,-0.25515424531546593,-0.2793740626565676,-0.08572961197044983,-0.259786428347631,-0.2833103144500079,-0.2501546245918158,-0.2832396199707544,-0.31559662890941376,-0.34204860433735595,-0.34531742750210714,-0.23109525960670946,-0.3176698053781692,-0.22978747723058576,0.6794302515845145,-0.30900066038965457,-0.28405739358942605,-0.2814678383529001,-0.3767199489447512,-0.28861723746347034,-0.2989859502661148,-0.5567771649665584,-0.24959770540045118,-0.3325508342938383,-0.2983092955179621,-0.042223416015498456,-0.2837178299197105,-0.25888116462257577,-0.2588835468306126,-0.2637278024728739,-0.19452472712308647,-0.25924019610485816,-0.22838920864435738,-0.3108667497686106,-0.37744934217653514,-0.3145089007374164,-0.23091459033714626,-0.2925746648943464,-0.23242806773477168,-0.3230296331022127,-0.272508640995754,-0.27762708116780943,-0.2822656974163293,-0.25792828928973843,0.6328401117275496,-0.31914470237763665,-0.28060708458206607,-0.33308490724974466,-0.23128489682764242,-0.3757518021219146,-0.2853602485713453,-0.32681839984341904,-0.2930934700767812,-0.28757466316917274,-0.2299281358684019,-0.2801288055816946,-0.27175633857488163,-0.23306102783377794,-0.30843880257123574,-0.3699341741174802,-0.2954589216149974,-0.31500108783872766,-0.27347989029163144,-0.24956215545038188,-0.8609112971878577,-0.2713563817769472,-0.32001305590489026,-0.2852637687791656,-0.4733448060169859,-0.30575926191425495,-0.3251279138822997,-0.3331919872095991,-0.24695048249635454,-0.25062410504676025,-0.299771772570704,-0.3702995567096782,-0.34536534152992404,-0.3274559413017888,-0.2848139809765405,-0.22789043466695147,-0.27947594039709767,-0.30794763484599785,-0.24763478778576675,-0.27895992595972,-0.24659250657878676,-0.25068070009206767,-0.36890413231663927,-0.23216351716460049,-0.33276250943347746,-0.28465675231676446,-0.25245699249328396,-0.276793377254976,-0.2555720063156316,-0.3248962147126976,-0.2825202511665133,-0.6228117787375514,-0.22868439608058416,-0.271656742753661,-0.2517868319363302,-0.27185471415288404,-0.2842974982195927,-0.2728444434511885,-0.25148472849131687,-0.31779177181417034,-0.2827078086688633,-0.3305588693609096,-0.28019493210157753,-0.11066426808372769,-0.22976285530624993,-0.2819269942154619,-0.2468130341709499
603,1519072249,-0.340786656488092,-0.2976006134890036,-0.2757709671998407,-0.2421658073135358,-0.2678681027267252,-0.35438786130786915,-0.3400981431024177,-0.2823637136559972,-0.3316601446136581,-0.2799432838593084,-0.3173598130014113,-0.25033926419048413,-0.2717269783462393,-0.3402392649574036,-0.27609657963124556,-0.251349094158422,-0.34960248303257474,-0.25713575065861927,-0.254515988991274,-0.24706913639416242,-0.25200774070574633,-0.2773975676592059,-0.17069114333744284,-0.25531376561339986,-0.28033869411769813,-0.24714986856816493,-0.2802666449145765,-0.31420611601157705,-0.3399574800391784,-0.3438297454441628,-0.22860172105967017,-0.3141398017648239,-0.2270266561518616,0.6794302515845145,-0.3068719184476382,-0.2820227956389446,-0.28025367677401414,-0.37538157573466563,-0.28665809273198595,-0.29823904629782416,-0.5567771649665584,-0.246600107504248,-0.3310483059849122,-0.2975616417547213,-0.042223416015498456,-0.28082061730084523,-0.25589744779810464,-0.2564985176921041,-0.2605734897068556,-0.19168734564906334,-0.2568505633507716,-0.2245402788366426,-0.3094817208749103,-0.3761138678557675,-0.3131147975607962,-0.22870837188765072,-0.28956374494333453,-0.22911546068676578,-0.31943472462115857,-0.2698901200112077,-0.27389815523480004,-0.2805285340898768,-0.2547409834925576,0.6019934643719377,-0.3167966976371798,-0.2785694052005489,-0.33158294835151453,-0.22816379979325585,-0.3744125704635182,-0.2836363494819926,-0.3237208775441923,-0.29160859435668235,-0.2850720344635429,-0.2271688708257516,-0.27831507006461687,-0.2696637167542383,-0.22975617561898637,-0.3073743488047832,-0.36850479748648174,-0.2931409423223313,-0.31360864664067817,-0.271705868987891,-0.24715962627066435,-0.8605715022725959,-0.26874317036536144,-0.31765098865239255,-0.28353764709750734,-0.47333025959505753,-0.30416662731589933,-0.3251279138822997,-0.33094384472428656,-0.24413879667984398,-0.24745406880999551,-0.2982775219534065,-0.36887341834267756,-0.34246240685650925,-0.32384449010701016,-0.2827759560679427,-0.22459113845814915,-0.276981212033485,-0.30688195157269094,-0.2442630868314278,-0.2769818282246479,-0.24322198683031243,-0.24673304046702535,-0.36818979170375915,-0.23029207613858535,-0.33126215097684253,-0.2829305016781211,-0.2479389011770092,-0.2736836292093113,-0.25242645085623877,-0.3218196209778446,-0.2805403269194115,-0.6224936003277752,-0.22647790565600884,-0.26904153202086317,-0.24861665267114766,-0.26890381205826824,-0.2802388995570527,-0.2710744730302691,-0.24894487455860131,-0.316866822605757,-0.2801650779024062,-0.3294481213466981,-0.27708492382650746,-0.11066426808372769,-0.22789283590771542,-0.27950335294227213,-0.243438511174435
604,1519072255,-0.3393918701320261,-0.2958584028311484,-0.27379082486459594,-0.23991775210097105,-0.2660957455959923,-0.3529555842642833,-0.33800458040873804,-0.2806360310687946,-0.330282916274405,-0.27873111710071874,-0.31559044794725155,-0.24772692728169435,-0.2692204177449007,-0.33814594770978,-0.2741171829969628,-0.2494404111731587,-0.34825508495512936,-0.25594136799660927,-0.25174384485814044,-0.24516374759006226,-0.24991007096593323,-0.27492694891250385,-0.17069114333744284,-0.25339691015587223,-0.27786234384077335,-0.24474606374924424,-0.2772936698583986,-0.3121203466648221,-0.33856339717372674,-0.340854381328274,-0.22610818251263085,-0.31237479995815126,-0.22481799928888227,0.7349869843138749,-0.305275361991126,-0.27998819768846317,-0.27903951519512815,-0.37404320252458007,-0.28371937563475935,-0.29674523836124284,-0.5567771649665584,-0.2436025096080448,-0.32954577767598614,-0.2960663342282397,-0.042223416015498456,-0.27734396215820695,-0.2547039610683162,-0.2553060031228498,-0.2574191769408373,-0.18889253932940628,-0.25565574697372834,-0.2223408903750913,-0.30809669198121,-0.3747783935349998,-0.31172069438417593,-0.22595059882578128,-0.28755646497599324,-0.22690705598809519,-0.31738049120341333,-0.26831900742047987,-0.2720336922682954,-0.27879137076342436,-0.252828600014249,0.6259853012040802,-0.3150356940818372,-0.27653172581903174,-0.3300809894532844,-0.2262911415726239,-0.37240372297592367,-0.2813378173628557,-0.3211396089615034,-0.29086615649663294,-0.2830699314990391,-0.2244096057831013,-0.27710591305323173,-0.26809425038875573,-0.22755294080912533,-0.30630989503833067,-0.3670754208554833,-0.29140245785283175,-0.3122162054426287,-0.2699318476841505,-0.2453577293858762,-0.8603287916188376,-0.26717524351840993,-0.31469840458677045,-0.28181152541584903,-0.4733157131731291,-0.30310487091699556,-0.3251279138822997,-0.32944508306741155,-0.2413271108633334,-0.24365002532587784,-0.29603614602746037,-0.36744727997567694,-0.3417366731881556,-0.3217808037099938,-0.2807379311593449,-0.22239160765228094,-0.27511016576077557,-0.305816268299384,-0.24201528619520185,-0.2750037304895757,-0.2398514670818381,-0.24447723496700116,-0.36533242925223885,-0.22717300776189345,-0.3290116132918902,-0.28120425103947777,-0.2456798555188718,-0.27181778038191245,-0.24980515464007808,-0.3197685584879426,-0.27856040267230975,-0.6221754219179989,-0.22371979262528965,-0.26747240558118446,-0.2467145451120381,-0.2671332708014988,-0.2784995001302499,-0.2693045026093497,-0.2457700571427069,-0.3159418733973436,-0.27813089328924046,-0.3283373733324866,-0.27521891886146543,-0.11066426808372769,-0.22539947670966945,-0.27829153230567727,-0.24118882917675838
605,1519072260,-0.3379970837759602,-0.29411619217329327,-0.2718106825293512,-0.2376696968884063,-0.2637326027550152,-0.35080716869890455,-0.33660887194628497,-0.2789083484815919,-0.3282170737655253,-0.27812503372142394,-0.31382108289309174,-0.24563705775466252,-0.266599922570774,-0.33605263046215644,-0.2711480880455387,-0.24753172818789546,-0.3462339878389613,-0.25355260267258933,-0.2489717007250069,-0.2432583587859621,-0.24728798379116687,-0.2719622064164613,-0.17069114333744284,-0.2514800546983446,-0.27588126361923354,-0.2429432101350537,-0.2753116864876133,-0.3107298337669854,-0.33716931430827507,-0.33936669927032964,-0.22236787469207187,-0.3100214642159211,-0.22205717821015808,0.7905437170432352,-0.3042109910201178,-0.2779535997379817,-0.2778253536162421,-0.3720356427094517,-0.281760230903275,-0.2952514304246615,-0.5567771649665584,-0.2418039508703229,-0.326540721058134,-0.29457102670175805,-0.042223416015498456,-0.2756056345868878,-0.25291373097363357,-0.251728459415087,-0.2548957267280227,-0.18607752785174494,-0.25326611421964185,-0.22014150191354,-0.30601914864065954,-0.37277518205384835,-0.31032659120755574,-0.22374438037628572,-0.285549185008652,-0.22414655011475693,-0.3148126994312318,-0.2662241906328428,-0.2701692293017907,-0.27705420743697184,-0.2509162165359405,0.6259853012040802,-0.31151368697115195,-0.2739846265921353,-0.32933001000416934,-0.22441848335199194,-0.3710644913175273,-0.2784646522139345,-0.31907459409535227,-0.28789640505643527,-0.2805673027934093,-0.2210984877319209,-0.27589675604184655,-0.2660016285681124,-0.2253497059992643,-0.30524544127187814,-0.36564604422448477,-0.28908447856016567,-0.3108237642445792,-0.26815782638041,-0.24235456791122928,-0.8601346230958308,-0.2645620321068241,-0.3129268541473972,-0.27893465594641853,-0.47330407603558633,-0.3020431145180918,-0.3251279138822997,-0.3279463214105365,-0.23851542504682283,-0.24174800358381898,-0.2945418954101629,-0.3660211416086763,-0.3395594721830945,-0.3197171173129775,-0.27869990625074714,-0.22019207684641273,-0.272615437397163,-0.30421774338942364,-0.23920553539991937,-0.2720365838869675,-0.23760445391618856,-0.242221429466977,-0.3646180886393588,-0.2253015667358783,-0.32751125483525534,-0.2777517497621911,-0.24342080986073442,-0.26995193155451364,-0.24770811766714954,-0.3166919647530896,-0.276580478425208,-0.6216981543033346,-0.22096167959457047,-0.2659032791415058,-0.24417840169989205,-0.26536272954472934,-0.27676010070344703,-0.26753453218843026,-0.24259523972681246,-0.3150169241889302,-0.2760967086760748,-0.3277819993253808,-0.27335291389642336,-0.11066426808372769,-0.22228277771211197,-0.2770797116690824,-0.23893914717908177
606,1519072266,-0.3359049042418614,-0.2923739815154381,-0.2693355046102953,-0.23542164167584156,-0.2619602456242824,-0.3493748916553187,-0.3345153092526053,-0.2760288775029208,-0.32683984542627215,-0.27691286696283435,-0.3108721411361587,-0.24302472084587273,-0.2650281433507197,-0.3346570856304074,-0.26916869141125593,-0.2456230452026322,-0.3448865897615159,-0.25116383734856934,-0.24675398541850008,-0.2407178403804952,-0.2451903140513538,-0.2699857114190996,-0.17069114333744284,-0.249563199240817,-0.2739001833976937,-0.24114035652086319,-0.273329703116828,-0.3093393208691487,-0.3357752314428234,-0.3378790172123852,-0.2204977207817924,-0.3082564624092484,-0.21929635713143392,0.0683061915615501,-0.30314662004910964,-0.2743930533246392,-0.2766111920373561,-0.37069726949936616,-0.2798010861717906,-0.29151691058320817,-0.5567771649665584,-0.23940587255336035,-0.3257894569036709,-0.29382337293851724,-0.042223416015498456,-0.27386730701556866,-0.25172024424384515,-0.25053594484583275,-0.2530031390684117,-0.18334405861888645,-0.2514738896540769,-0.21794211345198872,-0.3046341197469592,-0.37077197057269684,-0.30893248803093554,-0.2209866073144163,-0.28354190504131077,-0.22138604424141867,-0.3122449076590503,-0.26412937384520574,-0.26830476633528605,-0.2753170441105194,-0.24709144957932344,0.6122756801571416,-0.3091656822306951,-0.27194694721061813,-0.32632609220770914,-0.22129738631760537,-0.36905564382993267,-0.2767407531245818,-0.31700957922920114,-0.28715396719638586,-0.27856519982890543,-0.21889107569780064,-0.2746875990304614,-0.26390900674746903,-0.222595662486938,-0.3041809875054256,-0.3642166675934863,-0.2873459940906661,-0.3073426612494554,-0.2657924646420894,-0.24055267102644112,-0.8598919124420724,-0.2629941052598726,-0.3111553037080239,-0.27605778647698803,-0.4732895296136579,-0.30045047991973617,-0.3251279138822997,-0.32719694058209897,-0.23570373923031226,-0.23984598184176015,-0.2937947701015142,-0.3631688648746751,-0.33810800484638714,-0.31713750931670703,-0.2761523751149999,-0.21744266333907747,-0.27012070903355034,-0.30315206011611673,-0.23527188428652393,-0.2695639617181273,-0.23535744075053902,-0.23883772121694072,-0.3617607261878385,-0.22280631203452478,-0.32526071715030297,-0.27602549912354774,-0.24116176420259702,-0.26746413311798184,-0.245611080694221,-0.3141281366407121,-0.27460055417810625,-0.6212208866886703,-0.21820356656385131,-0.2643341527018271,-0.23974015072863644,-0.2635921882879598,-0.2750207012766442,-0.2634046012062849,-0.2400553857940969,-0.3136295003763101,-0.27406252406290904,-0.32611587730406355,-0.2708649072763673,-0.11066426808372769,-0.219789418514066,-0.276473801350785,-0.236127044681986
607,1519072271,-0.33451011788579554,-0.29063177085758296,-0.2668603266912394,-0.23261157266013566,-0.2601878884935495,-0.34794261461173287,-0.33311960079015224,-0.27372530071998397,-0.325462617087019,-0.27448853344565516,-0.3085129877306123,-0.24093485131884093,-0.26246461546298705,-0.3332615407986584,-0.2671892947769732,-0.24307813455561453,-0.34353919168407054,-0.2493722633555544,-0.24453627011199328,-0.23881245157639505,-0.24256822687658744,-0.26751509267239754,-0.17069114333744284,-0.24636844014493764,-0.27191910317615386,-0.23933750290667266,-0.2713477197460427,-0.3072535515223937,-0.3336841071446459,-0.33639133515444086,-0.21738079759799322,-0.30472645879590315,-0.2154312076212201,0.1794196570202709,-0.30155006359259734,-0.27235845537415776,-0.2747899496690271,-0.368020523079195,-0.2778419414403062,-0.29002310264662684,-0.5567771649665584,-0.23760731381563846,-0.32428692859474484,-0.2900851041223132,-0.042223416015498456,-0.2721289794442495,-0.24933327078426826,-0.2481509157073242,-0.25111055140880073,-0.18051894456222303,-0.249681665088512,-0.2151928778750496,-0.3032490908532589,-0.36876875909154533,-0.30614428167769514,-0.2171257250277991,-0.2815346250739695,-0.2186255383680804,-0.3091635575324324,-0.26255826125447795,-0.2658188157132798,-0.2730008263419161,-0.24454160494157876,0.6122756801571416,-0.3062306763051241,-0.26990926782910096,-0.3255751127585941,-0.21755206987634146,-0.3677164121715363,-0.27386758797566063,-0.3139120569299744,-0.285669091476287,-0.2765630968644016,-0.21557995764662027,-0.2722692850076911,-0.26233954038198654,-0.21874000156968118,-0.3020520799725205,-0.3606432260159902,-0.2856075096211665,-0.30595022005140593,-0.2640184433383489,-0.2375495095517942,-0.859649201788314,-0.26090353613060396,-0.3076122028292774,-0.2743316647953297,-0.47327498319172945,-0.29832696712192863,-0.3251279138822997,-0.32419941726834894,-0.2334543905771038,-0.23730995285234835,-0.291553394175568,-0.3610296573241742,-0.3366565375096798,-0.3145579013204366,-0.2741143502064021,-0.21524313253320926,-0.2670022985790346,-0.30155353520615635,-0.23302408365029798,-0.2675858639830551,-0.2325486742934771,-0.2360179643419105,-0.3610463855749584,-0.2190634299824945,-0.32451053792198553,-0.2742992484849044,-0.23833795712992528,-0.265598284290583,-0.24351404372129243,-0.31105154290585907,-0.2721256488692291,-0.620902708278894,-0.2148938309269883,-0.26224198411558886,-0.23783804316952692,-0.2612314666122672,-0.27328130184984134,-0.2616346307853655,-0.23815049534456023,-0.31177960195948334,-0.27151979329645193,-0.3238943812756406,-0.2671328973462832,-0.11066426808372769,-0.21729605931602,-0.2746560703958926,-0.2338773626843094
608,1519072277,-0.3310231519956308,-0.2854051388840175,-0.26240500643693876,-0.22811546223500617,-0.2566431742320838,-0.34507806052456114,-0.3282346211715664,-0.26911814715411025,-0.3213309320692596,-0.2726702833077707,-0.30438446927090607,-0.2351877101195034,-0.2597586693592692,-0.3297726787192858,-0.262735652349837,-0.23926076858508802,-0.34017069649045706,-0.24638630670052944,-0.2395464106723529,-0.23373141476546128,-0.23837288739696127,-0.26356210267767416,-0.08572961197044983,-0.24189577741070653,-0.2674616726776892,-0.23513084447356145,-0.2668882571617759,-0.3037772692778021,-0.32950185854829084,-0.3329200770192373,-0.2148872590509539,-0.30119645518255783,-0.21156605811100626,-0.37614767027333307,-0.29888913616507695,-0.2677806099855745,-0.2717545457218121,-0.36534377665902396,-0.2734338657944664,-0.2870354867734642,-0.5567771649665584,-0.23221163760247274,-0.3205306078224296,-0.28709448906935,-0.042223416015498456,-0.26865232430161123,-0.24575281059490295,-0.24516962928418853,-0.2466945135363751,-0.1776750685731271,-0.2460972159573822,-0.2085947124903957,-0.2990940041721579,-0.36609781045001,-0.30335607532445474,-0.21381639735355576,-0.27651642515561636,-0.2142087289707392,-0.3050550906969419,-0.2588923318761131,-0.25898245150276267,-0.26894744524686026,-0.24071683798496168,0.4340506065469394,-0.3027086691944389,-0.26583390906606663,-0.3225711949621338,-0.21380675343507755,-0.3650379488547435,-0.27041978979695525,-0.30978202719767217,-0.2812144643159905,-0.2725588909353939,-0.2122688395954399,-0.2698509709849208,-0.2592006076510215,-0.2137827232474938,-0.2999231724396154,-0.3584991610694925,-0.28213054068216736,-0.3024691170562822,-0.25987906029628777,-0.23394571578221793,-0.8592123226115489,-0.257767682436701,-0.3040691019505309,-0.2708794214320131,-0.47324879963225824,-0.29620345432412115,-0.3251279138822997,-0.32045251312616135,-0.22839335610738476,-0.23350590936823068,-0.2878177676323244,-0.35889044977367324,-0.3323021354995576,-0.3099146069271498,-0.2695287941620571,-0.21084407092147284,-0.26326020603361566,-0.29888932702288906,-0.22852848237784604,-0.2636296685129108,-0.22805464796217798,-0.23150635334186215,-0.3581890231234381,-0.21656817528114097,-0.3192592833237634,-0.2696959134485221,-0.23269034298458177,-0.2618665866357854,-0.23879571053220322,-0.30694941792605507,-0.26767081931325015,-0.6201072622544535,-0.21158409529012528,-0.2585806890896719,-0.23403382805130782,-0.2571002036798051,-0.2686429033783671,-0.25809468994352663,-0.23370575096230803,-0.30992970354265653,-0.2669428779168291,-0.3222282592543233,-0.26215688410617105,-0.11066426808372769,-0.21417936031846252,-0.27102060848610804,-0.22881557818953702
609,1519072283,-0.33032575881759785,-0.2854051388840175,-0.26240500643693876,-0.22811546223500617,-0.2566431742320838,-0.34507806052456114,-0.3282346211715664,-0.26911814715411025,-0.3213309320692596,-0.2702459497905915,-0.30438446927090607,-0.23466524273774544,-0.258215373782412,-0.3297726787192858,-0.262735652349837,-0.23926076858508802,-0.34017069649045706,-0.24638630670052944,-0.2395464106723529,-0.23373141476546128,-0.23837288739696127,-0.26356210267767416,-0.17069114333744284,-0.24189577741070653,-0.2674616726776892,-0.23332799085937092,-0.2663927613190796,-0.3030820128288837,-0.32950185854829084,-0.33242418299992255,-0.21301710514067443,-0.30119645518255783,-0.20935740124802693,-0.2094774720852519,-0.29782476519406875,-0.2677806099855745,-0.2705403841429261,-0.36534377665902396,-0.2729440796115953,-0.2870354867734642,-0.5567771649665584,-0.23101259844399144,-0.3205306078224296,-0.28709448906935,-0.042223416015498456,-0.26749343925406516,-0.24575281059490295,-0.24516962928418853,-0.2466945135363751,-0.17495025869369896,-0.2460972159573822,-0.2085947124903957,-0.2990940041721579,-0.36609781045001,-0.30335607532445474,-0.2116101789040602,-0.27651642515561636,-0.21365662779607156,-0.3050550906969419,-0.2588923318761131,-0.25898245150276267,-0.26894744524686026,-0.24071683798496168,0.619130490680611,-0.3027086691944389,-0.26583390906606663,-0.3210692360639037,-0.21193409521444562,-0.36436833302554533,-0.27041978979695525,-0.30978202719767217,-0.2812144643159905,-0.2725588909353939,-0.21006142756131965,-0.2686418139735356,-0.2592006076510215,-0.2137827232474938,-0.29832649178993664,-0.3584991610694925,-0.28213054068216736,-0.3024691170562822,-0.25987906029628777,-0.23394571578221793,-0.8591637804807972,-0.257767682436701,-0.3040691019505309,-0.2708794214320131,-0.47324879963225824,-0.2951416979252174,-0.3251279138822997,-0.32045251312616135,-0.22839335610738476,-0.23287190212087772,-0.28707064232367574,-0.35889044977367324,-0.3323021354995576,-0.3099146069271498,-0.2695287941620571,-0.21084407092147284,-0.26263652394271253,-0.2978236437495822,-0.22852848237784604,-0.2636296685129108,-0.22749289467076558,-0.23150635334186215,-0.35747468251055803,-0.21469673425512584,-0.3192592833237634,-0.2696959134485221,-0.23269034298458177,-0.2618665866357854,-0.23774719204573894,-0.30694941792605507,-0.26767081931325015,-0.6199481730495653,-0.20937760486554996,-0.2585806890896719,-0.23403382805130782,-0.2571002036798051,-0.2686429033783671,-0.25809468994352663,-0.23370575096230803,-0.30992970354265653,-0.2669428779168291,-0.3222282592543233,-0.26215688410617105,-0.11066426808372769,-0.21230934091992804,-0.2704146981678106,-0.22881557818953702
610,1519072288,-0.3275361861054661,-0.28192071756830717,-0.2584447217664493,-0.2236193518098767,-0.2519168885501296,-0.34149736791559654,-0.3254432042466601,-0.26566278197970494,-0.3185764753907533,-0.2696398664112967,-0.30084573916258645,-0.22996303630192386,-0.2555586266987618,-0.3262838166399132,-0.2582820099227008,-0.2354434026145615,-0.33680220129684363,-0.2428031587144995,-0.23455655123271257,-0.22992063715726097,-0.23365313048238182,-0.25960911268295084,-0.08572961197044983,-0.2374231146764754,-0.2630042421792246,-0.22972228363098987,-0.262428794577509,-0.3003009870332104,-0.3260166513846617,-0.32944881888403377,-0.2099001819568753,-0.29766645156921256,-0.2071487443850476,-0.4872611357320539,-0.2967603942230606,-0.26320276459699127,-0.2699333033534831,-0.3626670302388528,-0.2690257901486265,-0.2847947748685922,-0.5567771649665584,-0.226815961389307,-0.3167742870501144,-0.2848515277796276,-0.042223416015498456,-0.26401678411142687,-0.24276909377043185,-0.24159208557642575,-0.2416476131107458,-0.1721179285091769,-0.24311017501477403,-0.20419593556729312,-0.29563143193790714,-0.36342686180847467,-0.30056786897121435,-0.20885240584219078,-0.27250186522093384,-0.20923981839873035,-0.3009466238614515,-0.2557501066946575,-0.2552535255697533,-0.2648940641518045,-0.23689207102834464,0.4991713065198979,-0.29859966089863943,-0.26124913045765297,-0.3188162977165585,-0.21006143699381366,-0.36168986970875255,-0.2669719916182498,-0.30513574374883207,-0.27750227501574337,-0.26805415926526033,-0.20730216251866931,-0.26743265696215046,-0.25553851946489564,-0.20937625362777174,-0.29726203802348405,-0.35635509612299476,-0.2774945820968352,-0.2996842346601832,-0.2563310176888068,-0.22974128971771224,-0.8587754434347837,-0.25410918646048086,-0.30052600107178434,-0.26627643028092435,-0.47322552535717277,-0.2940799415263136,-0.3251279138822997,-0.31670560898397376,-0.22389465880096784,-0.22906785863676005,-0.28408214108908086,-0.35675124222317234,-0.33012493449449654,-0.3057872341331171,-0.2654527443448615,-0.20534524390680228,-0.2588944313972936,-0.2967579604762753,-0.2240328811053941,-0.2591789486089985,-0.2229988683394665,-0.2269947423418138,-0.3553316606719178,-0.21157766587843393,-0.3162585664104936,-0.2656679952916876,-0.22760749025377264,-0.25626904015358887,-0.23355311809988186,-0.3023345273237756,-0.2632159897572712,-0.6191527270251247,-0.20661949183483078,-0.25544243621031454,-0.23022961293308872,-0.25355912116626617,-0.26458430471582717,-0.2533747688210748,-0.2298959700632347,-0.30761733052162304,-0.2628745086904977,-0.31945138921879457,-0.25842487417608695,-0.11066426808372769,-0.20981598172188207,-0.26920287753121575,-0.2243162141941838
611,1519072294,-0.3247466133933343,-0.28017850691045204,-0.25646457943120454,-0.22249532420359433,-0.2495537457091525,-0.3400650908720107,-0.3233496415529805,-0.26393509939250226,-0.31719924705150015,-0.26842769965270713,-0.29907637410842663,-0.22891810153840794,-0.2529044690372204,-0.32488827180816415,-0.256302613288418,-0.23417094729105267,-0.33545480321939825,-0.2416087760524895,-0.23344769357945916,-0.22865037795452753,-0.23260429561247528,-0.25763261768558915,-0.08572961197044983,-0.23678416285729953,-0.26102316195768477,-0.22852038122152954,-0.2604468112067237,-0.2989104741353737,-0.32462256851921,-0.3274652428067746,-0.2080300280465958,-0.2964897836980975,-0.20494008752206827,0.2905331224789917,-0.29569602325205246,-0.2611681666465098,-0.2687191417745971,-0.3606594704237245,-0.266576859234271,-0.2818071589954296,-0.5567771649665584,-0.22621644181006637,-0.3160230228956514,-0.28335622025314594,-0.042223416015498456,-0.26227845654010773,-0.2415756070406434,-0.2403995710071715,-0.24101675055754215,-0.16930508186987317,-0.24191535863773075,-0.20254639422112966,-0.2942464030442068,-0.36142365032732315,-0.2991737657945941,-0.20664618739269522,-0.27049458525359255,-0.2075835148747274,-0.29991950715257887,-0.25470269830083897,-0.2540105502587502,-0.263156900825352,-0.2349796875500361,0.6396949222510189,-0.297425658528411,-0.2587020312307565,-0.3158123799200983,-0.2081887787731817,-0.359681022221158,-0.26524809252889714,-0.30358698259921874,-0.27675983715569397,-0.26605205630075646,-0.20509475048454906,-0.26682807845645784,-0.25449220855457394,-0.20772382752037596,-0.2961975842570315,-0.3542110311764971,-0.2757560976273356,-0.29759557286310895,-0.2527829750813258,-0.22854002512785349,-0.8583871063887704,-0.25306390189584654,-0.2987544506324111,-0.2639749347053799,-0.47321388821963,-0.29301818512740985,-0.3251279138822997,-0.31595622815553626,-0.22220764731106152,-0.22779984414205415,-0.28333501578043213,-0.3546120346726714,-0.32867346715778917,-0.3042394693353548,-0.26239570698196485,-0.20314571310093407,-0.2576470672154873,-0.29569227720296837,-0.22178508046916812,-0.2567063264401583,-0.22131360846522932,-0.22530288821679567,-0.35318863883327756,-0.20970622485241877,-0.3140080287255413,-0.26394174465304426,-0.22647796742470394,-0.25440319132619005,-0.23250459961341757,-0.30130899607882455,-0.2612360655101694,-0.6188345486153485,-0.20441300141025542,-0.25439635191719545,-0.22769346952094266,-0.25178857990949666,-0.2628449052890243,-0.25160479840015537,-0.22862604309687692,-0.3039175336879695,-0.260840324077332,-0.3166745191832658,-0.25718087086605895,-0.11066426808372769,-0.20794596232334758,-0.2679910568946209,-0.22262895269592634
612,1519072300,-0.32125964750316965,-0.2772748224806934,-0.25299933034452626,-0.21799921377846485,-0.24600903144768682,-0.33791667530663194,-0.3198603703968477,-0.260479734218097,-0.3144447903729939,-0.2647911993769383,-0.295537644000107,-0.2247383624843443,-0.2507189967773756,-0.32139940972879155,-0.25333351833699386,-0.22908112599701733,-0.3327600070645074,-0.23862281939746458,-0.23012112061969892,-0.2254747299476939,-0.22840895613284912,-0.2541737514402062,-0.08572961197044983,-0.23231150012306842,-0.25805154162537497,-0.2249146739931485,-0.2574738361505458,-0.2961294483397004,-0.3211373613555808,-0.3249857727102006,-0.2042897202260368,-0.29237144614919464,-0.2005227737961096,-0.9872717302962974,-0.2935672813100361,-0.25659032125792663,-0.2656837378273821,-0.3573135373985106,-0.26363814213704445,-0.27956644709055756,-0.5567771649665584,-0.22261932433462256,-0.31301796627779915,-0.2803656052001827,-0.042223416015498456,-0.2593812439212425,-0.23859189021617233,-0.23801454186866297,-0.23786243779152383,-0.1665059458735009,-0.23713609312955766,-0.19979715864419054,-0.29147634525680616,-0.358084964525404,-0.2956885078530436,-0.20168219588133024,-0.26748366530258066,-0.2042709078267215,-0.2952974819626521,-0.24998936052865556,-0.25152459963674395,-0.2585244652881454,-0.2324298429122914,0.3483654750035729,-0.2927296490474974,-0.2546266724677222,-0.312057482674523,-0.20444346233191782,-0.3570025589043652,-0.2618002943501917,-0.2989406991503787,-0.2737900857154963,-0.26254837611287474,-0.20067992641630855,-0.2644097644336875,-0.2508301203684481,-0.2044189753055844,-0.2930042229576739,-0.35063758959900093,-0.2722791286883365,-0.2948106904670099,-0.24982627290842502,-0.2249362313582772,-0.8579987693427569,-0.24992804820194356,-0.29462083294054014,-0.26167343912983554,-0.4731964325133159,-0.29089467232960237,-0.3251279138822997,-0.31295870484178623,-0.21827128716794672,-0.2246298079052894,-0.28034651454583726,-0.35104668875516987,-0.3264962661527281,-0.3001120965413221,-0.25933866961906815,-0.19984641689213176,-0.2539049746700684,-0.2930280690197011,-0.21728947919671618,-0.25373917983755007,-0.217943088716755,-0.22191917996675942,-0.3510456169946373,-0.20533952912505013,-0.3110073118122715,-0.2610646602553054,-0.2225246375229635,-0.25129344328052533,-0.2283105256675605,-0.29669410547654507,-0.2572762170159659,-0.618198191795796,-0.20000002056110475,-0.2512580990378381,-0.2238892544027236,-0.24765731697703455,-0.25994590624435293,-0.24688487727770353,-0.2248162621978036,-0.301605160666936,-0.257280501004292,-0.31389764914773705,-0.2540708625909888,-0.11066426808372769,-0.2042059235262786,-0.26617332593972853,-0.21925442969941142
613,1519072305,-0.3184700747910379,-0.2732096642790314,-0.2500291168416592,-0.21350310335333536,-0.24423667431695398,-0.3364843982630461,-0.31846466193439465,-0.2581761574351601,-0.3116903336944876,-0.2635790326183487,-0.29199891389178745,-0.22160355819379657,-0.24816064773386057,-0.32000386489704247,-0.25036442338556975,-0.22526376002649082,-0.33141260898706204,-0.2362340540734446,-0.22568569000668529,-0.2216639523394936,-0.2252624515231295,-0.2512090089441637,-0.17069114333744284,-0.2278388373888373,-0.25408938118229535,-0.2225108691742278,-0.25400536525167156,-0.2947389354418637,-0.3190462370574033,-0.32250630261362667,-0.20179618167899752,-0.2888414425358493,-0.19776195271738545,-1.042828463025658,-0.2914385393680198,-0.2545557233074452,-0.2650766570379391,-0.355975164188425,-0.26020963885694676,-0.27807263915397623,-0.5567771649665584,-0.21962172643841937,-0.3115154379688731,-0.27887029767370114,-0.042223416015498456,-0.2559045887786042,-0.23620491675659544,-0.23562951273015442,-0.23407726247230187,-0.16368371826798095,-0.23534386856399278,-0.19484853460570012,-0.29009131636310587,-0.3567494902046363,-0.29429440467642337,-0.1989244228194608,-0.26346910536789814,-0.1998540984293803,-0.29170257348159795,-0.2478945437410185,-0.24655269839273147,-0.2562082475195421,-0.227330153636802,0.31066401712449165,-0.29038164430704055,-0.252588993086205,-0.3098045443271778,-0.20194658470440854,-0.35566332724596883,-0.25950176223105476,-0.29584317685115197,-0.2730476478554469,-0.259044695924993,-0.19792066137365824,-0.2619914504109172,-0.24821434309264387,-0.20001250568586232,-0.2914075423079951,-0.3499229012835017,-0.26938165457250385,-0.29341824926896043,-0.24746091117010435,-0.22253370217855967,-0.8577075165582467,-0.2478374790726749,-0.29166824887491805,-0.25879656966040504,-0.47317606752261604,-0.28877115953179483,-0.3251279138822997,-0.30996118152803614,-0.2132102526982277,-0.22145977166852468,-0.2795993892371885,-0.35033361957166953,-0.32359333147931335,-0.29650064534654347,-0.25628163225617145,-0.19544735528039534,-0.2501628821246495,-0.29196238574639416,-0.21335582808332074,-0.25077203323494185,-0.2140108156768683,-0.216843617591705,-0.34961693576887715,-0.20346808809903497,-0.3095069533556366,-0.25876299273711423,-0.21744178479215437,-0.24756174562572766,-0.22516497020816767,-0.29361751174169204,-0.2543063306453133,-0.6178800133860197,-0.19779353013652942,-0.24864288830504025,-0.220719075137541,-0.24411623446349562,-0.25588730758181294,-0.2451149068567841,-0.2197365543323725,-0.30068021145852264,-0.253720677931252,-0.31278690113352553,-0.2503388526609047,-0.11066426808372769,-0.2023359041277441,-0.2637496846665388,-0.2147550657040582
614,1519072311,-0.3184700747910379,-0.2732096642790314,-0.2500291168416592,-0.21350310335333536,-0.24423667431695398,-0.3364843982630461,-0.31846466193439465,-0.2581761574351601,-0.3116903336944876,-0.2635790326183487,-0.29199891389178745,-0.22160355819379657,-0.24582498899170413,-0.32000386489704247,-0.25036442338556975,-0.22526376002649082,-0.33141260898706204,-0.2362340540734446,-0.22568569000668529,-0.2216639523394936,-0.2252624515231295,-0.2512090089441637,-0.17069114333744284,-0.2278388373888373,-0.25408938118229535,-0.2225108691742278,-0.25350986940897524,-0.2947389354418637,-0.3190462370574033,-0.3215145145749971,-0.20179618167899752,-0.2888414425358493,-0.19776195271738545,0.2349763897496313,-0.2914385393680198,-0.2545557233074452,-0.2650766570379391,-0.355975164188425,-0.25971985267407566,-0.27807263915397623,-0.5567771649665584,-0.21962172643841937,-0.3115154379688731,-0.27887029767370114,-0.042223416015498456,-0.25532514625483116,-0.23620491675659544,-0.23562951273015442,-0.23407726247230187,-0.16090767388075639,-0.23534386856399278,-0.19484853460570012,-0.29009131636310587,-0.3567494902046363,-0.29429440467642337,-0.1989244228194608,-0.26346910536789814,-0.1998540984293803,-0.29170257348159795,-0.2478945437410185,-0.24655269839273147,-0.2562082475195421,-0.227330153636802,0.6499771380362229,-0.29038164430704055,-0.252588993086205,-0.3098045443271778,-0.20194658470440854,-0.3549937114167706,-0.25950176223105476,-0.29584317685115197,-0.2730476478554469,-0.259044695924993,-0.19792066137365824,-0.2619914504109172,-0.24821434309264387,-0.20001250568586232,-0.2914075423079951,-0.3499229012835017,-0.26938165457250385,-0.29341824926896043,-0.24746091117010435,-0.22253370217855967,-0.8576589744274951,-0.2478374790726749,-0.29166824887491805,-0.25879656966040504,-0.47317606752261604,-0.28877115953179483,-0.3251279138822997,-0.30996118152803614,-0.2132102526982277,-0.22145977166852468,-0.2795993892371885,-0.35033361957166953,-0.32359333147931335,-0.29650064534654347,-0.25628163225617145,-0.19544735528039534,-0.2501628821246495,-0.29196238574639416,-0.21335582808332074,-0.25077203323494185,-0.2140108156768683,-0.216843617591705,-0.3489025951559971,-0.20346808809903497,-0.3095069533556366,-0.25876299273711423,-0.21744178479215437,-0.24756174562572766,-0.22516497020816767,-0.29361751174169204,-0.2543063306453133,-0.6178800133860197,-0.19779353013652942,-0.24864288830504025,-0.220719075137541,-0.24411623446349562,-0.25588730758181294,-0.2451149068567841,-0.2197365543323725,-0.30068021145852264,-0.253720677931252,-0.31278690113352553,-0.2503388526609047,-0.11066426808372769,-0.2023359041277441,-0.2637496846665388,-0.2147550657040582
615,1519072316,-0.31707528843497196,-0.27146745362117625,-0.24804897450641442,-0.21125504814077062,-0.24128274576573258,-0.33505212121946026,-0.31706895347194153,-0.25644847484795746,-0.3096244911856079,-0.2623668658597591,-0.29022954883762764,-0.2189912212850068,-0.2438130080131503,-0.31860832006529344,-0.2478901775927163,-0.22335507704122756,-0.33006521090961666,-0.23444248008042962,-0.22235911704692504,-0.21975856353539341,-0.2231647817833164,-0.24873839019746158,-0.17069114333744284,-0.2259219819313097,-0.2521083009607555,-0.21950611315057691,-0.25152788603819,-0.2926531660951087,-0.31765215419195164,-0.3195309384977379,-0.199926027768718,-0.28707644072917665,-0.1955532958544061,-0.04280727389717069,-0.2903741683970116,-0.25252112535696375,-0.2638624954590531,-0.35463679097833944,-0.25727092175972016,-0.2773257351856856,-0.5567771649665584,-0.21722364812145684,-0.310012909659947,-0.2773749901472195,-0.042223416015498456,-0.253586818683512,-0.23441468666191279,-0.23264822630701876,-0.23029208715307992,-0.15812802142960247,-0.2341490521869495,-0.19264914614414883,-0.2887062874694055,-0.35474627872348485,-0.2929003014998032,-0.19561509514521747,-0.2614618254005569,-0.19764569373070967,-0.2896483400638527,-0.2463234311502907,-0.2446882354262268,-0.25447108419308956,-0.22541777015849346,0.6396949222510189,-0.2874466383814695,-0.25004189385930853,-0.30830258542894773,-0.2000739264837766,-0.3536544797583742,-0.2572032301119178,-0.29326190826846305,-0.271562772135348,-0.25654206721936323,-0.195713249339538,-0.26017771489383945,-0.24664487672716137,-0.19780927087600125,-0.29034308854154256,-0.3484935246525032,-0.26706367527983776,-0.29202580807091094,-0.2456868898663639,-0.2207318052937715,-0.8574648059044884,-0.24522426766108907,-0.2893061816224204,-0.2564950740848606,-0.4731615211006876,-0.2871785249334392,-0.3251279138822997,-0.30921180069959864,-0.21096090404501922,-0.21765572818440698,-0.2773580133112424,-0.34819441202116863,-0.32141613047425227,-0.29443695894952715,-0.2542436073475737,-0.19324782447452712,-0.24829183585194,-0.29089670247308724,-0.21054607728803829,-0.24829941106610162,-0.21064029592839398,-0.21458781209168085,-0.3474739139302369,-0.1997252060470047,-0.30875677412731917,-0.25588590833937536,-0.21518273913401698,-0.24569589679832884,-0.222543673992007,-0.29105368362931455,-0.2523264063982116,-0.6175618349762435,-0.19393217189352258,-0.24707376186536156,-0.21754889587235843,-0.24234569320672614,-0.2541479081550101,-0.2433449364358647,-0.21783166388283584,-0.2992927876459025,-0.25168649331808635,-0.31112077911220826,-0.2484728476958627,-0.11066426808372769,-0.19797252553116365,-0.26253786402994395,-0.21250538370638158
616,1519072322,-0.3156805020789061,-0.26972524296332107,-0.2460688321711697,-0.20900699292820588,-0.23951038863499974,-0.3329037056540815,-0.3156732450094884,-0.2547207922607548,-0.3082472628463548,-0.26054861572187465,-0.2872806070806946,-0.21690135175797498,-0.2413426993213352,-0.31651500281766987,-0.24541593179986287,-0.2214463940559643,-0.3280441137934486,-0.23205371475640968,-0.2201414017404182,-0.21785317473129326,-0.22054269460855003,-0.24626777145075948,-0.17069114333744284,-0.22400512647378207,-0.25012722073921567,-0.2177032595363864,-0.2495459026674047,-0.291262653197272,-0.3155610298937741,-0.31804325643979353,-0.19369218140111974,-0.2847231049869465,-0.1905838179127026,0.012749458832189704,-0.2882454264549953,-0.2504865274064823,-0.26204125309072407,-0.3532984177682539,-0.2553117770282358,-0.2735912153442323,-0.5567771649665584,-0.21542508938373492,-0.30775911719655785,-0.2766273363839787,-0.042223416015498456,-0.2518484911121929,-0.23322119993212437,-0.23085945445313738,-0.22839949949346894,-0.1553166180158705,-0.23175941943286296,-0.19044975768259753,-0.2866287441288551,-0.35341080440271716,-0.291506198323183,-0.19120265824622637,-0.2594545454332156,-0.1948851878573714,-0.2870805482916712,-0.24422861436265364,-0.24282377245972211,-0.2527339208666371,-0.22350538668018494,0.6328401117275496,-0.28568563482612686,-0.2480042144777914,-0.3068006265307176,-0.19508017122875806,-0.35164563227077966,-0.25433006496299665,-0.2911968934023119,-0.2693354585551998,-0.25403943851373345,-0.1896428662457073,-0.25836397937676175,-0.244552254906518,-0.19560603606614022,-0.2882141810086375,-0.34706414802150476,-0.26416620116400513,-0.28924092567481197,-0.24273018769346308,-0.2177286438191246,-0.8572706373814817,-0.24313369853182043,-0.2875346311830471,-0.25476895240320235,-0.4731498839631449,-0.28505501213563167,-0.3251279138822997,-0.3069636582142861,-0.20814921822850865,-0.2151196991949952,-0.2758637626939449,-0.346768273654168,-0.3199646631375449,-0.2918573509532567,-0.2516960762118265,-0.19104829366865891,-0.2457971074883274,-0.2887653359264734,-0.2077363264927558,-0.24632131333102947,-0.20783152947133204,-0.21233200659165666,-0.3453308920915967,-0.1959823239949744,-0.3072564156706843,-0.2535842408211842,-0.21292369347587958,-0.24383004797093,-0.22044663701907843,-0.28900262113941255,-0.2503464821511098,-0.6170845673615791,-0.1895191910443719,-0.24550463542568288,-0.21437871660717586,-0.24057515194995666,-0.25240850872820725,-0.24157496601494524,-0.2152918099501203,-0.29836783843748915,-0.24965230870492064,-0.31001003109799674,-0.24660684273082065,-0.11066426808372769,-0.19423248673409468,-0.2607201330750516,-0.21025570170870497
617,1519072328,-0.3135883225448073,-0.26798303230546594,-0.24260358308449143,-0.20563491010935878,-0.2377380315042669,-0.33147142861049567,-0.3135796823158088,-0.2506895328906153,-0.30687003450710165,-0.25933644896328506,-0.2855112420265348,-0.21481148223094315,-0.2388231916094525,-0.31511945798592084,-0.24343653516558011,-0.21826525574719222,-0.3266967157160032,-0.22966494943238971,-0.21792368643391138,-0.21467752672445967,-0.21844502486873693,-0.24379715270405738,-0.17069114333744284,-0.22208827101625445,-0.2481461405176758,-0.21590040592219586,-0.24756391929661942,-0.28987214029943537,-0.31416694702832243,-0.3165555743818491,-0.19182202749084024,-0.2817814353091587,-0.18837516104972327,0.1238629242909105,-0.2871810554839871,-0.2479432799683805,-0.2596129299329521,-0.3519600445581683,-0.2533526322967514,-0.2713505034393603,-0.5567771649665584,-0.213626530646013,-0.3062565888876318,-0.27363672133101546,-0.042223416015498456,-0.25011016354087373,-0.23083422647254748,-0.22907068259925598,-0.22650691183385796,-0.15250449298935265,-0.22996719486729805,-0.1877005221056584,-0.28524371523515474,-0.35140759292156565,-0.2894150435582527,-0.18844488518435693,-0.2574472654658744,-0.1915725808093655,-0.28451275651948965,-0.24265750177192583,-0.2403378218377159,-0.25099675754018463,-0.2196806197235679,0.6259853012040802,-0.28392463127078427,-0.2459665350962742,-0.3045476881833724,-0.1932075130081261,-0.3503064006123833,-0.2520315328438597,-0.2891318785361608,-0.26785058283510094,-0.2520373355492296,-0.18743545421158705,-0.25715482236537657,-0.24245963308587465,-0.1928519925538139,-0.28714972724218496,-0.3463494597060055,-0.2624277166945056,-0.2871522638777377,-0.2409561663897226,-0.21592674693433644,-0.8570764688584749,-0.24156577168486892,-0.28576308074367385,-0.25189208293377185,-0.4731382468256021,-0.2839932557367279,-0.3251279138822997,-0.30546489655741105,-0.2058998695753002,-0.21321767745293635,-0.2743695120766475,-0.34462906610366706,-0.3192389294691912,-0.2892777429569863,-0.24965805130322868,-0.18829888016132365,-0.24267869703381165,-0.28716681101651303,-0.20548852585652985,-0.2438486911621893,-0.20558451630568247,-0.2089482983416204,-0.34390221086583656,-0.1928632556182825,-0.3050058779857319,-0.25185799018254085,-0.2106646478177422,-0.2407202999252653,-0.2183496000461499,-0.28695155864951055,-0.24836655790400805,-0.6167663889518029,-0.18731270061979655,-0.24341246683944462,-0.2124766090480663,-0.23880461069318717,-0.2506691093014044,-0.23921500545371935,-0.21338691950058364,-0.296980414624869,-0.24761812409175493,-0.3083439090766795,-0.24349683445575054,-0.11066426808372769,-0.19236246733556017,-0.25950831243845673,-0.20744359921160924
618,1519072333,-0.3107987498326755,-0.26449861098975563,-0.23864329841400195,-0.20226282729051168,-0.23419331724280124,-0.3293230130451169,-0.310090411159676,-0.24723416771620998,-0.3041155778285954,-0.25751819882540067,-0.2825623002696018,-0.21167667794039544,-0.23620528585743458,-0.31163059590654824,-0.2394777418970146,-0.21508411743842012,-0.32400191956111246,-0.22727618410836975,-0.21459711347415117,-0.2102316195148926,-0.21477410282406403,-0.239844162709334,-0.17069114333744284,-0.2182545601011992,-0.2436887100192112,-0.212895649898545,-0.24359995255504888,-0.287091114503762,-0.3106817398646933,-0.3135802102659604,-0.18995187358056076,-0.27942809956692855,-0.18616650418674394,0.2349763897496313,-0.28611668451297895,-0.24387408406741762,-0.25900584914350905,-0.3479449249279116,-0.24943434283378266,-0.26910979153448833,-0.5567771649665584,-0.21062893274980984,-0.30325153226977963,-0.2698984525148114,-0.042223416015498456,-0.24663350839823545,-0.22725376628318217,-0.22668565346074745,-0.22398346162104332,-0.14967865731990335,-0.22698015392468987,-0.18440143941333148,-0.2824736574477541,-0.3480689071196465,-0.2859297856167022,-0.1862386667348614,-0.25343270553119185,-0.1882599737613596,-0.2814314063928718,-0.23951527659047023,-0.23785187121570966,-0.24636432200297798,-0.21713077508582318,0.6259853012040802,-0.28157662653032745,-0.24189117633323987,-0.3022947498360272,-0.19133485478749415,-0.3476279372955905,-0.24858373466515432,-0.28551810252039633,-0.26562326925495267,-0.24803312962022192,-0.1852280421774668,-0.2553410868482988,-0.23984385581007045,-0.18954714033902234,-0.28555304659250613,-0.34134664149751087,-0.25895074775550647,-0.2843673814816387,-0.2374081237822416,-0.21232295316476016,-0.8567852160739649,-0.23895256027328313,-0.2816294630518029,-0.24843983957045523,-0.4731149725505166,-0.2824006211383723,-0.3251279138822997,-0.3017179924152235,-0.2019635094321854,-0.21004764121617162,-0.2721281361507013,-0.34106372018616554,-0.31633599479577645,-0.2861822133614617,-0.2455820014860331,-0.18499958395252133,-0.23956028657929587,-0.2861011277432061,-0.2015548747431344,-0.23989249569204496,-0.20165224326579578,-0.20556459009158415,-0.3417591890271963,-0.19099181459226736,-0.30125498184414473,-0.24840548890525416,-0.20671131791600175,-0.2382325014887335,-0.21520404458675707,-0.2838749649146576,-0.2439117283480291,-0.6161300321322505,-0.18510621019522122,-0.2397511718135277,-0.20930642978288375,-0.23526352817964824,-0.24661051063886447,-0.23567506461188048,-0.21021210208468918,-0.29513051620804226,-0.24354975486542355,-0.30667778705536225,-0.2410088278356945,-0.11066426808372769,-0.1904924479370257,-0.2589024021201593,-0.20238181471683686
619,1519072339,-0.30940396347660964,-0.2610141896740453,-0.23616812049494604,-0.19832873066852338,-0.2324209601120684,-0.3271745974797381,-0.30869470269722293,-0.24493059093327313,-0.3013611211500891,-0.2563060320668111,-0.2802031468640554,-0.20801940626808973,-0.2338385540499723,-0.3088395062430502,-0.23749834526273184,-0.21190297912964803,-0.32198082244494436,-0.22548461011535478,-0.21127054051439093,-0.20705597150805902,-0.21057876334443787,-0.23786766771197235,-0.17069114333744284,-0.21505980100531985,-0.2412123597422864,-0.21049184507962432,-0.2416179691842636,-0.28500534515700704,-0.30859061556651574,-0.31110074016938644,-0.18808171967028126,-0.2764864298891408,-0.18340568310801977,0.0683061915615501,-0.2839879425709626,-0.24183948611693618,-0.2565775259857371,-0.3459373651127833,-0.24698541191942716,-0.267615983597907,-0.5567771649665584,-0.207031815274366,-0.30024647565192747,-0.2691507987515706,-0.042223416015498456,-0.2448951808269163,-0.2242700494587111,-0.22489688160686605,-0.220829148855025,-0.1468650890678138,-0.22459052117060332,-0.18000266249022887,-0.2803961141072036,-0.34673343279887886,-0.284535682440082,-0.18403244828536583,-0.25042178558017997,-0.1849473667133537,-0.2783500562662539,-0.23742045980283316,-0.2328799699716972,-0.2446271586765255,-0.2139434692886423,0.5814290328015297,-0.2786416206047564,-0.2398534969517227,-0.3007927909377971,-0.18821375775310759,-0.3462887056371941,-0.24685983557580163,-0.2824205802211696,-0.26339595567480445,-0.2460310266557181,-0.18302063014334655,-0.2535273513312211,-0.2377512339894271,-0.18569147942176553,-0.2839563659428273,-0.3399172648665124,-0.2572122632860069,-0.2829749402835892,-0.23563410247850114,-0.20871915939518387,-0.8563968790279514,-0.23686199114401446,-0.2792673957993052,-0.24613834399491083,-0.47310042612858816,-0.28080798654001665,-0.3251279138822997,-0.29946984992991094,-0.1985894864523727,-0.20751161222675985,-0.26988676022475516,-0.34035065100266526,-0.3134330601223617,-0.2830866837659372,-0.24354397657743532,-0.18170028774371902,-0.23706555821568326,-0.28450260283324574,-0.19874512394785193,-0.2374198735232048,-0.19884347680873385,-0.20218088184154787,-0.34033050780143614,-0.18912037356625222,-0.2997546233875098,-0.2466792382666108,-0.20332274942879566,-0.2351227534430688,-0.21205848912736427,-0.28079837117980455,-0.24193180410092735,-0.6156527645175861,-0.18289971977064587,-0.23713596108072987,-0.2067702863707377,-0.2329028065039556,-0.24371151159419305,-0.23390509419096103,-0.20640232118561586,-0.29420556699962885,-0.2410070240989664,-0.30556703904115073,-0.2372768179056104,-0.11066426808372769,-0.1886224285384912,-0.25587285052867215,-0.19900729172032194
620,1519072344,-0.3073117839425108,-0.25927197901619015,-0.2341879781597013,-0.19608067545595864,-0.23064860298133555,-0.32574232043615226,-0.3072989942347698,-0.24320290834607047,-0.299983892810836,-0.25388169854963183,-0.2784337818098956,-0.20540706935929998,-0.23128797327278375,-0.3074439614113011,-0.2355189486284491,-0.20999429614438478,-0.320633424367499,-0.2236930361223398,-0.20794396755463068,-0.20515058270395883,-0.20848109360462477,-0.23589117271461066,-0.08572961197044983,-0.21314294554779223,-0.23923127952074655,-0.2056842354417829,-0.239140489970782,-0.282919575810252,-0.30719653270106406,-0.309613058111442,-0.18621156576000178,-0.27472142808246813,-0.18119702624504044,0.3460898552083521,-0.2829235715999544,-0.23980488816645473,-0.2559704451962941,-0.3445989919026977,-0.2450262671879428,-0.2661221756613257,-0.5567771649665584,-0.20463373695740347,-0.29874394734300136,-0.267655491225089,-0.042223416015498456,-0.24199796820805106,-0.22307656272892265,-0.2237043670376118,-0.2176748360890067,-0.14406739629701323,-0.22339570479356008,-0.17780327402867757,-0.2790110852135033,-0.34539795847811117,-0.28314157926346173,-0.18127467522349638,-0.2484145056128387,-0.18218686084001545,-0.27629582284850873,-0.23584934721210538,-0.23101550700519252,-0.24288999535007302,-0.21203108581033378,0.6328401117275496,-0.2768806170494138,-0.23781581757020553,-0.29853985259045196,-0.18634109953247563,-0.34427985814959955,-0.24513593648644894,-0.2798393116384807,-0.2619110799547056,-0.24402892369121426,-0.1808132181092263,-0.25231819431983593,-0.23565861216878375,-0.1834882446119045,-0.28235968529314853,-0.33848788823551396,-0.2554737788165073,-0.28158249908553973,-0.23386008117476065,-0.20691726251039572,-0.8562027105049447,-0.23529406429706298,-0.27690532854680755,-0.24441222231325255,-0.47308878899104545,-0.2797462301411129,-0.3251279138822997,-0.2979710882730359,-0.19577780063586214,-0.2043415759899951,-0.2668982589901603,-0.33892451263566464,-0.31198159278565435,-0.28102299736892083,-0.24150595166883754,-0.17895087423638376,-0.2339471477611675,-0.2834369195599388,-0.19649732331162598,-0.23544177578813263,-0.1960347103516719,-0.1999250763415237,-0.3381874859627959,-0.1866251188648987,-0.29900444415919236,-0.24495298762796747,-0.20106370377065827,-0.23263495500653703,-0.20786441518150717,-0.27874730868990255,-0.2399518798538256,-0.6151754969029217,-0.18069322934607054,-0.2355668346410512,-0.20486817881162814,-0.2311322652471861,-0.2419721121673902,-0.2321351237700416,-0.20386246725290033,-0.29328061779121545,-0.2389728394858007,-0.305011665034045,-0.23541081294056834,-0.11066426808372769,-0.18675240913995672,-0.2546610298920773,-0.19675760972264533
621,1519072350,-0.3059169975864449,-0.257529768358335,-0.23220783582445656,-0.1938326202433939,-0.22710388871986986,-0.3235939048707735,-0.30590328577231674,-0.24147522575886782,-0.2986066644715828,-0.25206344841174744,-0.2766644167557358,-0.20331719983226815,-0.22884614822416569,-0.3053506441636776,-0.23254985367702496,-0.20808561315912152,-0.31861232725133093,-0.22130427079831982,-0.20517182342149717,-0.20324519389985868,-0.20585900642985844,-0.23342055396790856,-0.08572961197044983,-0.2112260900902646,-0.2372501992992067,-0.20388138182759238,-0.2371585065999967,-0.28152906291241536,-0.3058024498356124,-0.30812537605349766,-0.18309464257620264,-0.2729564262757955,-0.1789883693820611,0.2905331224789917,-0.28132701514344216,-0.23726164072835293,-0.25475628361740804,-0.34326061869261215,-0.2430671224564584,-0.265375271693035,-0.5567771649665584,-0.20283517821968156,-0.2964901548796122,-0.2661601836986074,-0.042223416015498456,-0.2402596406367319,-0.22128633263424,-0.22131933789910327,-0.21515138587619206,-0.14125238481935193,-0.2222008884165168,-0.17560388556712628,-0.2769335418729528,-0.34339474699695965,-0.28174747608684153,-0.17906845677400085,-0.24590540565366212,-0.17997845614134483,-0.2742415894307635,-0.23427823462137756,-0.22915104403868783,-0.24115283202362053,-0.21011870233202526,0.6225578959423456,-0.274532612308957,-0.23475929849792979,-0.29703789369222183,-0.18446844131184367,-0.34227101066200494,-0.242837404367312,-0.27777429677232957,-0.2596837663745573,-0.24152629498558445,-0.17805395306657598,-0.2511090373084508,-0.23356599034814038,-0.18128500980204346,-0.2807630046434697,-0.3370585116045155,-0.2531557995238412,-0.2801900578874902,-0.23149471943644,-0.2039141010357488,-0.856008541981938,-0.23320349516779432,-0.2751337781074343,-0.24211072673770814,-0.4730771518535027,-0.2786844737422091,-0.3251279138822997,-0.2972217074445984,-0.19352845198265367,-0.20243955424793625,-0.26615113368151155,-0.3367853050851637,-0.3105301254489469,-0.27895931097190446,-0.2389584205330903,-0.1762014607290485,-0.23207610148845803,-0.2823712362866319,-0.1936875725163435,-0.23296915361929244,-0.19378769718602235,-0.19766927084149952,-0.3360444641241557,-0.18475367783888355,-0.2975040857025575,-0.24150048635068078,-0.19880465811252088,-0.23014715657000526,-0.20576737820857863,-0.27618348057752506,-0.23797195560672385,-0.6145391400833693,-0.17793511631535136,-0.2339977082013725,-0.20233203539948208,-0.22936172399041665,-0.24023271274058736,-0.22918517306850922,-0.20195757680336365,-0.29189319397859537,-0.236938654872635,-0.302790169005622,-0.2335448079755263,-0.11066426808372769,-0.18363571014239924,-0.25284329893718493,-0.19450792772496872
622,1519072356,-0.3038248180523461,-0.25578755770047984,-0.22973265790540065,-0.19102255122768796,-0.22533153158913705,-0.32144548930539474,-0.3038097230786371,-0.23859575478019673,-0.29722943613232966,-0.25145736503245264,-0.2737154749988027,-0.20122733030523632,-0.22644834335139755,-0.3039550993319285,-0.2305704570427422,-0.20554070251210385,-0.3165912301351628,-0.21951269680530486,-0.20295410811499034,-0.20133980509575852,-0.20323691925509207,-0.23144405897054687,-0.08572961197044983,-0.20867028281356112,-0.23526911907766687,-0.20207852821340186,-0.23517652322921143,-0.278748037116742,-0.3044083669701607,-0.30614179997623847,-0.18122448866592314,-0.27119142446912287,-0.17622754830333695,0.2905331224789917,-0.280262644172434,-0.23471839329025113,-0.25354212203852206,-0.34125305887748386,-0.24061819154210293,-0.26238765581987233,-0.5567771649665584,-0.20103661948195967,-0.29498762657068617,-0.2654125299353666,-0.042223416015498456,-0.23852131306541277,-0.22009284590445155,-0.21953056604522186,-0.21325879821658109,-0.13860839557194074,-0.2204086638509519,-0.17340449710557498,-0.27554851297925254,-0.342059272676192,-0.28035337291022133,-0.1768622383245053,-0.24389812568632085,-0.17777005144267424,-0.27218735601301824,-0.23270712203064978,-0.22728658107218316,-0.23883661425501723,-0.20756885769428055,0.6019934643719377,-0.27277160875361434,-0.23272161911641262,-0.29478495534487664,-0.18259578309121172,-0.34093177900360855,-0.2411135052779593,-0.27570928190617844,-0.2581988906544585,-0.23952419202108063,-0.17584654103245573,-0.2505044588027582,-0.23199652398265788,-0.1790817749921824,-0.27969855087701717,-0.33562913497351704,-0.2514173150543417,-0.27810139609041595,-0.2285380172635392,-0.20151157185603127,-0.8555231206744212,-0.23163556832084284,-0.273362227668061,-0.23980923116216374,-0.4730655147159599,-0.27762271734330535,-0.3251279138822997,-0.2957229457877234,-0.19127910332944523,-0.2005375325058774,-0.2631626324469167,-0.3360722359016634,-0.30980439178059327,-0.276379702975634,-0.2364108893973431,-0.17345204722171323,-0.23020505521574858,-0.28077271137667154,-0.19143977188011754,-0.23049653145045224,-0.1915406840203728,-0.1948495139664693,-0.3353301235112756,-0.18288223681286842,-0.2952535480176051,-0.23977423571203743,-0.19598085103984914,-0.22703740852434054,-0.2036703412356501,-0.27413241808762306,-0.23549705029784665,-0.6142209616735931,-0.17572862589077604,-0.23242858176169381,-0.20042992784037253,-0.22641082189580086,-0.23849331331378454,-0.2268252125072833,-0.200052686353827,-0.2881933971449418,-0.23388737795288644,-0.3000132989700932,-0.23167880301048424,-0.11066426808372769,-0.18176569074386476,-0.2522373886188875,-0.1922582457272921
623,1519072361,-0.30243003169628024,-0.2540453470426247,-0.2277525155701559,-0.18765046840884086,-0.2235591744584042,-0.3200132122618089,-0.30241401461618395,-0.23686807219299408,-0.2958522077930765,-0.24963911489456822,-0.2719461099446429,-0.19913746077820452,-0.22364399920754455,-0.30255955450017946,-0.22859106040845945,-0.20172333654157734,-0.31524383205771744,-0.2177211228122899,-0.2001819639818568,-0.19943441629165837,-0.20113924951527898,-0.22847931647450437,-0.17069114333744284,-0.20547552371768174,-0.23328803885612703,-0.20027567459921136,-0.23319453985842617,-0.27735752421890536,-0.30301428410470904,-0.3046541179182941,-0.178107565482124,-0.2688380887268927,-0.17291456300886796,0.45720332066707287,-0.2786660877159218,-0.23268379533976968,-0.25050671809130703,-0.3392454990623555,-0.23865904681061853,-0.2616407518515817,-0.5567771649665584,-0.19923806074423775,-0.2942363624162231,-0.26242191488240335,-0.042223416015498456,-0.23678298549409363,-0.21889935917466313,-0.21774179419134046,-0.21073534800376645,-0.13561875380009997,-0.21801903109686535,-0.1712051086440237,-0.2741634840855522,-0.3393883240346567,-0.27826221814529106,-0.17410446526263584,-0.2418908457189796,-0.17500954556933598,-0.2696195642408367,-0.2306123052430127,-0.22542211810567847,-0.23536228760211225,-0.20565647421597202,0.6157030854188763,-0.2698366028280433,-0.23068393973489543,-0.2932829964466465,-0.17947468605682515,-0.3395925473452122,-0.2376657070992539,-0.2731280133234895,-0.25671401493435964,-0.23702156331545082,-0.17253542298127533,-0.24929530179137302,-0.2299039021620145,-0.1763277314798561,-0.27810187022733834,-0.3334850700270193,-0.24851984093850904,-0.27670895489236647,-0.2267639959597987,-0.19970967497124315,-0.8553289521514145,-0.22954499919157417,-0.2710001604155633,-0.23808310948050546,-0.47305387757841716,-0.2765609609444016,-0.3251279138822997,-0.2949735649592859,-0.18902975467623676,-0.19863551076381858,-0.26241550713826794,-0.33321995916766217,-0.3083529244438859,-0.2743160165786177,-0.23437286448874528,-0.171252516415845,-0.22771032685213596,-0.2786413448300577,-0.18919197124389156,-0.22851843371538008,-0.18929367085472326,-0.19259370846644513,-0.33390144228551544,-0.18038698211151488,-0.29375318956097024,-0.23804798507339409,-0.1931570439671774,-0.22517155969694172,-0.20157330426272155,-0.2715685899752455,-0.23252716392719402,-0.6139027832638168,-0.17297051286005685,-0.23085945532201513,-0.19852782028126298,-0.2240501002201082,-0.2367539138869817,-0.22505524208636388,-0.19814779590429032,-0.2868059733323217,-0.23134464718642933,-0.29834717694877594,-0.22856879473541414,-0.11066426808372769,-0.17927233154581879,-0.2504196576639952,-0.1900085637296155
624,1519072367,-0.29964045898414843,-0.2482379781831075,-0.22379223089966646,-0.18259234418057022,-0.22001446019693852,-0.31786479669643014,-0.29962259769127775,-0.23341270701858877,-0.2924091369449437,-0.247214781377389,-0.2672278031335501,-0.19495772172414086,-0.22111154438511774,-0.29907069242080686,-0.22463226713989395,-0.1972697429092964,-0.3125490359028267,-0.21473516615726493,-0.19574653336884318,-0.1943533794807246,-0.19641949260069955,-0.224526326479781,-0.17069114333744284,-0.20100286098345063,-0.22784006824689249,-0.1966699673708303,-0.2287350772741593,-0.2738812419743137,-0.29952907694107983,-0.30068696576377574,-0.17499064229832487,-0.2641314172424323,-0.1684972492829093,-0.26503420481461226,-0.27600516028840133,-0.22810594995118644,-0.24868547572297803,-0.3365687526421844,-0.23425097116477867,-0.25865313597841905,-0.5567771649665584,-0.19564094326879394,-0.2904800416439079,-0.25943129982944013,-0.042223416015498456,-0.2327268878276823,-0.21472215562040362,-0.2147605077682048,-0.2069501726845445,-0.13279363974343655,-0.21503199015425717,-0.16625648460553327,-0.2707009118513014,-0.33671737539312135,-0.27477696020374054,-0.17024358297601863,-0.23687264580062645,-0.17059273617199477,-0.26499753905090995,-0.2274700800615571,-0.22107170451716757,-0.2318879609492073,-0.20055678494048262,0.4271957960234701,-0.26631459571735805,-0.2266085809718611,-0.2910300580993013,-0.17510515020868392,-0.33691408402841944,-0.23421790892054847,-0.2689979835911872,-0.25374426349416196,-0.23301735738644316,-0.1686724519215649,-0.24627240926291014,-0.22676496943104948,-0.171921261860134,-0.2759729626944333,-0.3306263167650224,-0.2450428719995099,-0.2732278518972427,-0.22262461291773758,-0.19550524890673746,-0.8548920729746493,-0.22640914549767122,-0.2674570595368168,-0.23463086611718884,-0.473027694018946,-0.2739065699471422,-0.3251279138822997,-0.2912266608170983,-0.18396872020651775,-0.19483146727970088,-0.25867988059502434,-0.33036768243366094,-0.30472425610211745,-0.2696727221853309,-0.22978730844440026,-0.16630357210264152,-0.22396823430671706,-0.27650997828344387,-0.18469636997143962,-0.22456223824523577,-0.18479964452342415,-0.18751814609139072,-0.3317584204468752,-0.17726791373482298,-0.2915026518760179,-0.2345954837961074,-0.18807419123636823,-0.22081791243301113,-0.19737923031686444,-0.2674664649954415,-0.22856731543299053,-0.6132664264442643,-0.16910915461705,-0.2271981602960982,-0.1947236051630439,-0.21932865686872294,-0.23095591579763888,-0.22092531110421854,-0.19370305152203812,-0.28495607491549496,-0.22676773180680648,-0.2966810549274587,-0.22483678480533004,-0.11066426808372769,-0.1761556325482613,-0.24739010607250803,-0.18494677923484312
625,1519072373,-0.29964045898414843,-0.2482379781831075,-0.22379223089966646,-0.18203033037742902,-0.21942367448669425,-0.31786479669643014,-0.29962259769127775,-0.23341270701858877,-0.2924091369449437,-0.2466086979980942,-0.2672278031335501,-0.1944352543423829,-0.2183874723266382,-0.29907069242080686,-0.22463226713989395,-0.196633515247542,-0.3125490359028267,-0.21473516615726493,-0.19463767571558976,-0.1943533794807246,-0.19589507516574625,-0.224526326479781,-0.17069114333744284,-0.20100286098345063,-0.22784006824689249,-0.19546806496136995,-0.22823958143146297,-0.27318598552539536,-0.29952907694107983,-0.30068696576377574,-0.17312048838804536,-0.2641314172424323,-0.16628859241992994,0.7349869843138749,-0.2749407893173932,-0.22810594995118644,-0.24747131414409204,-0.3365687526421844,-0.23425097116477867,-0.25865313597841905,-0.5567771649665584,-0.19444190411031267,-0.2904800416439079,-0.25943129982944013,-0.042223416015498456,-0.2315680027801362,-0.21472215562040362,-0.2147605077682048,-0.2050575850249335,-0.12998295794249043,-0.21503199015425717,-0.16625648460553327,-0.2707009118513014,-0.33671737539312135,-0.27477696020374054,-0.1680373645265231,-0.23687264580062645,-0.17059273617199477,-0.26499753905090995,-0.2274700800615571,-0.22107170451716757,-0.2318879609492073,-0.20055678494048262,0.6431223275127536,-0.26631459571735805,-0.22609916112648182,-0.2910300580993013,-0.173232491988052,-0.3362444681992212,-0.23421790892054847,-0.2684817298746494,-0.25374426349416196,-0.23301735738644316,-0.16646503988744465,-0.24566783075721754,-0.22676496943104948,-0.171921261860134,-0.27490850892798074,-0.3306263167650224,-0.2450428719995099,-0.2732278518972427,-0.2220332724831574,-0.19490461661180808,-0.8548920729746493,-0.22640914549767122,-0.26686654272369237,-0.23463086611718884,-0.4730247847345603,-0.2728448135482385,-0.3251279138822997,-0.2912266608170983,-0.18396872020651775,-0.19292944553764205,-0.25793275528637566,-0.33036768243366094,-0.30472425610211745,-0.2696727221853309,-0.22927780221725083,-0.16575368940117446,-0.22396823430671706,-0.27544429501013695,-0.18469636997143962,-0.22456223824523577,-0.18367613794059937,-0.18751814609139072,-0.3303297392211151,-0.17539647270880784,-0.2915026518760179,-0.2345954837961074,-0.18807419123636823,-0.22019596282387818,-0.19633071183040018,-0.2674664649954415,-0.22856731543299053,-0.6132664264442643,-0.16690266419247465,-0.2271981602960982,-0.1947236051630439,-0.21932865686872294,-0.23095591579763888,-0.22092531110421854,-0.19370305152203812,-0.28449360031128823,-0.22676773180680648,-0.29612568092035296,-0.22483678480533004,-0.11066426808372769,-0.17428561314972682,-0.2467841957542106,-0.18494677923484312
626,1519072378,-0.29685088627201667,-0.24591503063930062,-0.22082201739679935,-0.1792202613617231,-0.21469738880474,-0.31428410408746554,-0.29683118076637155,-0.2311091302356519,-0.28896606609681086,-0.2453965312395046,-0.2648686497280037,-0.19130045005183519,-0.21692444883515438,-0.29558183034143426,-0.22067347387132843,-0.19408860460052432,-0.3091805407092132,-0.211152018171235,-0.19186553158245623,-0.19181286107525772,-0.19274857055602662,-0.22156158398373849,-0.08572961197044983,-0.199086005525923,-0.22486844791458274,-0.1924633089377191,-0.22526660637528506,-0.270404959729722,-0.2967409112101765,-0.297711601647887,-0.1712503344777659,-0.2611897475646445,-0.1640799355569506,-0.04280727389717069,-0.273876418346385,-0.22505405302546427,-0.24686423335464905,-0.3332228196169705,-0.230822467884681,-0.2556655201052564,-0.5567771649665584,-0.1914443062141095,-0.28672372087159265,-0.2556930310132361,-0.042223416015498456,-0.22867079016127095,-0.21233518216082672,-0.21058670677581487,-0.20253413481211885,-0.12724660225848847,-0.21264235740017062,-0.16405709614398198,-0.2672383396170506,-0.334046426751586,-0.2705946506738799,-0.16527959146465365,-0.23386172584961457,-0.16838433147332418,-0.2619161889242921,-0.22485155907701077,-0.2192072415506629,-0.22899268873845316,-0.1980069403027379,0.6259853012040802,-0.2627925886066728,-0.22151438251806818,-0.2887771197519562,-0.17135983376742003,-0.33356600488242844,-0.23191937680141153,-0.26486795385888495,-0.2500320741939149,-0.22901315145743548,-0.1642576278533244,-0.24445867374583238,-0.22362603670008444,-0.1691672183478077,-0.2738440551615282,-0.3277675635030255,-0.24098640823734424,-0.2704429695011437,-0.21907657031025662,-0.19250208743209055,-0.8546008201901393,-0.22275064952145107,-0.26273292503182144,-0.23117862275387224,-0.4730044197438605,-0.2717830571493347,-0.3251279138822997,-0.2882291375033483,-0.18115703439000716,-0.19039341654823025,-0.2549442540517807,-0.32822847488316,-0.30182132142870266,-0.2665771925898064,-0.22622076485435416,-0.16355415859530625,-0.2220971880340076,-0.27437861173683004,-0.18132466901710068,-0.2211005672088595,-0.18086737148353743,-0.1846983892163605,-0.32818671738247485,-0.17227740433211594,-0.2885019349627481,-0.22999214875972512,-0.1852503841636965,-0.21833011399647934,-0.19318515637100736,-0.263877105638113,-0.2255974290623379,-0.6124709804198237,-0.16359292855561167,-0.22458294956330038,-0.1915534258978613,-0.21637775477410714,-0.22863671656190176,-0.21797536040268614,-0.19116319758932257,-0.2826437018944615,-0.22371645488705794,-0.29390418489192993,-0.222348778185274,-0.11066426808372769,-0.17054557435265782,-0.24557237511761573,-0.18213467673774736
627,1519072384,-0.2947587067379179,-0.24301134620954204,-0.21785180389393227,-0.17641019234601718,-0.21115267454327433,-0.3135679655656726,-0.2947376180726919,-0.22822965925698083,-0.2875888377575577,-0.244184364480915,-0.26191970797107067,-0.18921058052480336,-0.21431172192735412,-0.29418628550968523,-0.21720952976133362,-0.19217992161526107,-0.3078331426317678,-0.20995763550922503,-0.18853895862269598,-0.18800208346705738,-0.1901264833812603,-0.21810271773835554,-0.17069114333744284,-0.19589124643004366,-0.221896827582273,-0.19066045532352857,-0.2217981354764108,-0.26901444683188536,-0.2953468283447248,-0.29572802557062783,-0.1675100266572069,-0.25942474575797186,-0.16131911447822644,0.1238629242909105,-0.27281204737537684,-0.22149350661212178,-0.24565007177576303,-0.3318844464068849,-0.22788375078745443,-0.2534248082003844,-0.5567771649665584,-0.18964574747638757,-0.2859724567171296,-0.2534500697235137,-0.042223416015498456,-0.22577357754240573,-0.21054495206614407,-0.2087979349219335,-0.19937982204610055,-0.12442076658903918,-0.2102527246460841,-0.16075801345165505,-0.26516079627650013,-0.33271095243081833,-0.2685034959089496,-0.16307337301515812,-0.23085080589860266,-0.16507172442531828,-0.25986195550654684,-0.2227567422893737,-0.21609980327315512,-0.22667647096984986,-0.19481963450555703,0.6259853012040802,-0.26103158505133023,-0.21794844360041313,-0.286524181404611,-0.16886295613991076,-0.33088754156563566,-0.22847157862270615,-0.2628029389927338,-0.24854719847381604,-0.22600999701067973,-0.160946509802144,-0.24324951673444722,-0.22205657033460194,-0.16586236613301614,-0.2727796013950756,-0.32633818687202704,-0.23866842894467813,-0.2683543077040695,-0.21552852770277564,-0.18949892595744364,-0.8544066516671325,-0.22118272267449957,-0.26096137459244817,-0.22830175328444174,-0.47298696403754636,-0.27072130075043094,-0.3251279138822997,-0.2874797566749107,-0.17722067424689236,-0.18785738755881848,-0.25419712874313205,-0.32680233651615936,-0.3003698540919953,-0.26399758459353595,-0.22214471503715857,-0.16025486238650394,-0.21897877757949183,-0.2733129284635231,-0.17739101790370523,-0.21813342060625127,-0.1774968517350631,-0.18131468096632425,-0.32532935493095455,-0.1704059633061008,-0.2862513972777958,-0.22711506436198622,-0.18242657709102475,-0.21584231555994757,-0.19108811939807882,-0.261826043148211,-0.22262754269168528,-0.6121528020100475,-0.1613864381310363,-0.22249078097706215,-0.18774921077964224,-0.21401703309841452,-0.22573771751723035,-0.21443541956084727,-0.18735341669024924,-0.28171875268604807,-0.2206651779673094,-0.2933488108848242,-0.2198607715652179,-0.11066426808372769,-0.16867555495412334,-0.24436055448102084,-0.1781977332418133
628,1519072389,-0.293363920381852,-0.2412691355516869,-0.21488159039106516,-0.1724760957240289,-0.20938031741254148,-0.3121356885220868,-0.29334190961023876,-0.22477429408257552,-0.2862116094183046,-0.2435782811016202,-0.2595605545655243,-0.18607577623425564,-0.21257680911444415,-0.2927907406779362,-0.21523013312705086,-0.18772632798298014,-0.3064857445543224,-0.20697167885420006,-0.18521238566293577,-0.18609669466295722,-0.18697997877154066,-0.21563209899165345,-0.17069114333744284,-0.19333543915334014,-0.21991574736073316,-0.18825665050460788,-0.21981615210562555,-0.2676239339340487,-0.2932557040465473,-0.29424034351268347,-0.16563987274692743,-0.2558947421446266,-0.15855829339950228,-0.32059093754397266,-0.27174767640436864,-0.21945890866164033,-0.24261466782854801,-0.3292076999867138,-0.22592460605597003,-0.2511840962955124,-0.5567771649665584,-0.18724766915942503,-0.28446992840820357,-0.2512071084337913,-0.042223416015498456,-0.2240352499710866,-0.207561235241673,-0.2070091630680521,-0.19685637183328591,-0.12168224606667961,-0.2084605000805192,-0.1574589307593281,-0.26377576738279984,-0.3307077409496668,-0.2664123411440193,-0.16031559995328867,-0.2288435259312614,-0.16120701620264472,-0.2562670470254927,-0.22066192550173663,-0.21361385265114888,-0.22493930764339737,-0.19163232870837615,0.6088482748954069,-0.2586835803108734,-0.21591076421889596,-0.2850222225063809,-0.1663660785124015,-0.3295483099072393,-0.22559841347378498,-0.2591891629769693,-0.2470623227537172,-0.22400789404617588,-0.15873909776802375,-0.24264493822875466,-0.21944079305879774,-0.16200670521575933,-0.2717151476286231,-0.32276474529453086,-0.23692994447517857,-0.2662656459069952,-0.21375450639903515,-0.1870963967777261,-0.8541153988826224,-0.21909215354523093,-0.25800879052682607,-0.22600025770889734,-0.4729753269000036,-0.26965954435152717,-0.3251279138822997,-0.2844822333611607,-0.1744089884303818,-0.18532135856940668,-0.2527028781258346,-0.32466312896565847,-0.2996441204236416,-0.2609020549980114,-0.2201066901285608,-0.15640568347623457,-0.21523668503407292,-0.27064872028025583,-0.17458126710842276,-0.2156607984374111,-0.17468808527800117,-0.177930972716288,-0.3239006737051944,-0.1672868949294089,-0.2847510388211609,-0.22538881372334288,-0.17903800860381866,-0.21148866829601698,-0.187942563938686,-0.25874944941335803,-0.2206476184445835,-0.6118346236002713,-0.159179947706461,-0.21987557024426435,-0.18521306736749618,-0.21224649184164504,-0.2239983180904275,-0.21266544913992785,-0.1848135627575337,-0.280331328873428,-0.21863099335414368,-0.2911273148564012,-0.21550675998011978,-0.11066426808372769,-0.16680553555558886,-0.2437546441627234,-0.17538563074471752
629,1519072395,-0.28987695449168727,-0.23720397735002485,-0.21042627013676451,-0.1679799852988994,-0.20583560315107582,-0.30855499591312213,-0.2891547842228795,-0.220743034712436,-0.2820799244005452,-0.24054786420514618,-0.25543203610581805,-0.18137356979843403,-0.20996926105086153,-0.28860410618268906,-0.21127133985848534,-0.18390896201245363,-0.303117249360709,-0.2039857221991751,-0.1807769550499221,-0.18038052825065673,-0.1822602218569612,-0.21167910899693007,-0.17069114333744284,-0.18822382459993317,-0.21496304680688355,-0.18465094327622683,-0.21535668952135867,-0.26414765168945703,-0.2890734554501923,-0.2897772973388503,-0.16189956492636845,-0.25236473853128133,-0.1535888154577988,-1.4317255921311807,-0.26855456349134416,-0.2148810632730571,-0.23957926388133302,-0.3258617669614999,-0.22102674422725907,-0.24819648042234976,-0.5567771649665584,-0.18245151252549996,-0.2799623434814253,-0.24746883961758723,-0.042223416015498456,-0.21997915230467524,-0.20338403168741345,-0.20343161936028928,-0.19307119651406396,-0.1188463078182282,-0.20487605094938938,-0.15141061249006205,-0.260313195148549,-0.32670131798736385,-0.26292708320246877,-0.15590316305429758,-0.22432714600474357,-0.1567902068053035,-0.25215858019000226,-0.21699599612337178,-0.20739897609613328,-0.2197278176640399,-0.18780756175175908,0.2626803434602064,-0.2551615732001882,-0.21183540545586163,-0.2820183047099206,-0.16137232325738296,-0.32686984659044654,-0.22215061529507957,-0.25505913324466706,-0.24335013345347012,-0.2200036881171682,-0.15432427369978324,-0.23780831018321402,-0.2163018603278327,-0.157049426893572,-0.2690540132124917,-0.31990599203253395,-0.23345297553617944,-0.2627845429118715,-0.2102064637915542,-0.18229133841829104,-0.8536299775751056,-0.21543365756901078,-0.25446568964807953,-0.22197264045169465,-0.4729462340561467,-0.265943396955364,-0.3251279138822997,-0.2807353292189731,-0.16934795396066277,-0.18088330783793605,-0.248967251582591,-0.3203847138646566,-0.29456398474516576,-0.25625876060472463,-0.21603064031136524,-0.15200662186449815,-0.211494592488654,-0.26798451209698854,-0.17008566583597082,-0.21121007853349874,-0.1696323056552897,-0.17341936171623965,-0.32175765186655414,-0.1635440128773786,-0.2810001426795737,-0.2219363124460562,-0.17395515587300953,-0.2077569706412193,-0.18374848999282892,-0.25464732443355403,-0.21569780782682912,-0.6111982667807188,-0.15421534425116645,-0.21569123307178784,-0.18140885224927708,-0.20752504849025977,-0.21935991961895326,-0.2085355181577825,-0.1803688183752815,-0.2784814304566012,-0.21405407797452086,-0.2894611928350839,-0.21115274839502166,-0.11066426808372769,-0.1624421569590084,-0.23951327193464136,-0.169761425750526
630,1519072401,-0.28917956131365435,-0.23720397735002485,-0.21042627013676451,-0.1679799852988994,-0.20583560315107582,-0.30855499591312213,-0.2891547842228795,-0.220743034712436,-0.2820799244005452,-0.24054786420514618,-0.25543203610581805,-0.18085110241667607,-0.20756627733387575,-0.28860410618268906,-0.21077649069991466,-0.18390896201245363,-0.303117249360709,-0.2039857221991751,-0.1807769550499221,-0.18038052825065673,-0.1822602218569612,-0.21167910899693007,-0.17069114333744284,-0.18822382459993317,-0.21496304680688355,-0.18465094327622683,-0.21486119367866235,-0.26414765168945703,-0.2890734554501923,-0.2897772973388503,-0.16189956492636845,-0.25236473853128133,-0.1535888154577988,-0.04280727389717069,-0.26855456349134416,-0.2148810632730571,-0.23957926388133302,-0.3258617669614999,-0.22102674422725907,-0.24819648042234976,-0.5567771649665584,-0.1818519929462593,-0.2799623434814253,-0.24746883961758723,-0.042223416015498456,-0.21882026725712916,-0.20338403168741345,-0.20343161936028928,-0.19307119651406396,-0.11605222311135699,-0.20487605094938938,-0.15141061249006205,-0.260313195148549,-0.32670131798736385,-0.26292708320246877,-0.15590316305429758,-0.22432714600474357,-0.1567902068053035,-0.25215858019000226,-0.21699599612337178,-0.20739897609613328,-0.2197278176640399,-0.18780756175175908,0.6259853012040802,-0.2551615732001882,-0.21183540545586163,-0.28051634581169055,-0.16137232325738296,-0.32553061493205016,-0.22215061529507957,-0.25505913324466706,-0.24335013345347012,-0.2200036881171682,-0.15432427369978324,-0.23780831018321402,-0.2163018603278327,-0.157049426893572,-0.2690540132124917,-0.31990599203253395,-0.23345297553617944,-0.2627845429118715,-0.2102064637915542,-0.18229133841829104,-0.8536299775751056,-0.21543365756901078,-0.25446568964807953,-0.22197264045169465,-0.4729462340561467,-0.265943396955364,-0.3251279138822997,-0.2807353292189731,-0.16934795396066277,-0.18088330783793605,-0.248967251582591,-0.3203847138646566,-0.29456398474516576,-0.25625876060472463,-0.21603064031136524,-0.15200662186449815,-0.211494592488654,-0.26798451209698854,-0.17008566583597082,-0.21121007853349874,-0.1696323056552897,-0.17341936171623965,-0.3196146300279139,-0.1635440128773786,-0.2810001426795737,-0.2213608955665084,-0.17395515587300953,-0.2077569706412193,-0.18374848999282892,-0.25464732443355403,-0.21569780782682912,-0.6111982667807188,-0.15421534425116645,-0.21569123307178784,-0.18140885224927708,-0.20752504849025977,-0.21935991961895326,-0.2085355181577825,-0.1803688183752815,-0.2784814304566012,-0.21405407797452086,-0.2894611928350839,-0.21115274839502166,-0.11066426808372769,-0.1624421569590084,-0.23951327193464136,-0.169761425750526
631,1519072406,-0.28638998860152254,-0.23313881914836282,-0.20597094988246387,-0.16348387487376992,-0.20170010317936585,-0.3035420262605717,-0.2863633672979733,-0.2172876695380307,-0.2793254677220389,-0.23751744730867216,-0.25189330599749843,-0.17667136336261244,-0.20492247736076966,-0.28511524410331646,-0.20582799911420777,-0.18009159604192712,-0.29772765705092746,-0.20040257421314517,-0.17578709561028177,-0.17656975064245642,-0.17754046494238176,-0.20772611900220672,-0.08572961197044983,-0.18439011368487793,-0.2110008863638039,-0.17804048002419492,-0.2108972269370918,-0.25997611299594703,-0.28628528971928896,-0.28680193322296155,-0.15753587246904963,-0.248834734917936,-0.14917150173184013,-0.9872717302962974,-0.2664258215493278,-0.21030321788447384,-0.23775802151300401,-0.32318502054132875,-0.2171084547642903,-0.2452088645491871,-0.5567771649665584,-0.1782548754708155,-0.2769572868635731,-0.24522587832786483,-0.042223416015498456,-0.21534361211449088,-0.20040031486294238,-0.1998540756525265,-0.18802429608843466,-0.11320618228390347,-0.2018890100067812,-0.14701183556695946,-0.2568506229142982,-0.3240303693458285,-0.2601388768492284,-0.15093917154293257,-0.21981076607822572,-0.15182129623329466,-0.2480501133545118,-0.21385377094191618,-0.20367005016312392,-0.21625349101113495,-0.18398279479514204,0.3346558539566343,-0.2498785625341603,-0.207250626847448,-0.27826340746434536,-0.15762700681611908,-0.32218253578605915,-0.21870281711637415,-0.2509291035123648,-0.239637944153223,-0.21549895644703457,-0.14935759662301268,-0.23599457466613627,-0.21263977214170682,-0.15209214857138462,-0.2663928787963604,-0.31776192708603623,-0.22881701695084725,-0.2599996605157725,-0.2054757403149129,-0.17808691235378538,-0.8531930983983405,-0.21177516159279064,-0.250922588769333,-0.21736964930060587,-0.4729200504966755,-0.2638198841575565,-0.3251279138822997,-0.27773780590522307,-0.16484925665424585,-0.17517724261175951,-0.24448449973069866,-0.31824550631415566,-0.29238678374010474,-0.2521313878106919,-0.21144508426702022,-0.14705767755129467,-0.20650513576142876,-0.2658531455503747,-0.1650281144044624,-0.2067593586295864,-0.16401477274116583,-0.16834379934118524,-0.3167572675763936,-0.15917731715000996,-0.2779994257663039,-0.21675756053012613,-0.16943706455673474,-0.20340332337728873,-0.17798163831727543,-0.249519668208799,-0.21173795933262562,-0.610084642346502,-0.14925074079587194,-0.21255298019243046,-0.17633656542498496,-0.20280360513887452,-0.21588112076534757,-0.20440558717563717,-0.17655903747620816,-0.275706582831361,-0.2089686164416066,-0.2861289487924494,-0.20679873680992356,-0.11066426808372769,-0.15745543856291644,-0.23769554097974904,-0.16526206175517277
632,1519072412,-0.28638998860152254,-0.23313881914836282,-0.20597094988246387,-0.16348387487376992,-0.2005185317588773,-0.3035420262605717,-0.2863633672979733,-0.2172876695380307,-0.2793254677220389,-0.23569919717078777,-0.25071372929472524,-0.17667136336261244,-0.20235377062881935,-0.28511524410331646,-0.20582799911420777,-0.18009159604192712,-0.29772765705092746,-0.20040257421314517,-0.17578709561028177,-0.17656975064245642,-0.17754046494238176,-0.20772611900220672,-0.17069114333744284,-0.18439011368487793,-0.2110008863638039,-0.17804048002419492,-0.2108972269370918,-0.25997611299594703,-0.28628528971928896,-0.28680193322296155,-0.15566571855877015,-0.248834734917936,-0.1469628448688608,0.3460898552083521,-0.26536145057831967,-0.21030321788447384,-0.236543859934118,-0.32318502054132875,-0.2171084547642903,-0.24446196058089645,-0.5567771649665584,-0.1782548754708155,-0.2769572868635731,-0.24522587832786483,-0.042223416015498456,-0.21534361211449088,-0.20040031486294238,-0.1998540756525265,-0.18802429608843466,-0.11040127338524428,-0.2018890100067812,-0.14701183556695946,-0.2561581084674481,-0.3240303693458285,-0.2601388768492284,-0.14818139848106315,-0.21981076607822572,-0.15182129623329466,-0.2480501133545118,-0.21385377094191618,-0.20367005016312392,-0.21625349101113495,-0.18398279479514204,0.6396949222510189,-0.2498785625341603,-0.2067412070020687,-0.27826340746434536,-0.15575434859548712,-0.32218253578605915,-0.21870281711637415,-0.2509291035123648,-0.2388955062931736,-0.21549895644703457,-0.14715018458889242,-0.2347854176547511,-0.21263977214170682,-0.15209214857138462,-0.2647961981466816,-0.31776192708603623,-0.22881701695084725,-0.2593034399167477,-0.2054757403149129,-0.17808691235378538,-0.8528533034830788,-0.21177516159279064,-0.250922588769333,-0.21736964930060587,-0.4729200504966755,-0.26275812775865276,-0.3251279138822997,-0.27773780590522307,-0.16484925665424585,-0.17517724261175951,-0.24448449973069866,-0.31824550631415566,-0.29238678374010474,-0.2516154662114378,-0.21144508426702022,-0.14705767755129467,-0.20650513576142876,-0.2647874622770678,-0.1650281144044624,-0.2067593586295864,-0.16401477274116583,-0.16834379934118524,-0.3167572675763936,-0.15668206244865643,-0.2779994257663039,-0.21675756053012613,-0.16943706455673474,-0.20340332337728873,-0.17798163831727543,-0.249519668208799,-0.21173795933262562,-0.610084642346502,-0.14704425037129662,-0.21255298019243046,-0.17633656542498496,-0.20280360513887452,-0.21588112076534757,-0.20440558717563717,-0.17655903747620816,-0.27293173520612085,-0.2089686164416066,-0.28446282677113216,-0.20679873680992356,-0.11066426808372769,-0.15558541916438196,-0.23648372034315418,-0.16526206175517277
633,1519072417,-0.28429780906742375,-0.23081587160455594,-0.20349577196340796,-0.16067380585806398,-0.19874617462814445,-0.30210974921698586,-0.28426980460429363,-0.2144081985593596,-0.2779482393827858,-0.23509311379149295,-0.24835457588917884,-0.1745814938355806,-0.19962193030401332,-0.2837196992715674,-0.203848602479925,-0.17754668539490945,-0.2963802589734821,-0.1992081915511352,-0.17356938030377494,-0.17402923223698952,-0.17544279520256867,-0.20525550025550462,-0.17069114333744284,-0.1824732582273503,-0.20901980614226406,-0.1762376264100044,-0.2089152435663065,-0.2585856000981103,-0.2848912068538373,-0.2853142511650172,-0.15379556464849067,-0.24589306524014828,-0.14475418800588147,0.5127600533964333,-0.26429707960731147,-0.20775997044637204,-0.234722617565789,-0.3218466473312432,-0.21514931003280593,-0.24296815264431512,-0.5567771649665584,-0.1764563167330936,-0.275454758554647,-0.2429829170381424,-0.042223416015498456,-0.21360528454317174,-0.19861008476825973,-0.19866156108327224,-0.18613170842882368,-0.10757760255415258,-0.20069419362973792,-0.14481244710540817,-0.2540805651268976,-0.3226948950250608,-0.25804772208429805,-0.1459751800315676,-0.21730166611904916,-0.14850868918528876,-0.24496876322789393,-0.2122826583511884,-0.20180558719661926,-0.21451632768468246,-0.18079548899796116,0.6362675169892843,-0.24811755897881768,-0.20470352762055152,-0.27601046911700017,-0.15388169037485516,-0.32084330412766277,-0.215829651967453,-0.24886408864621365,-0.23741063057307477,-0.21349685348253072,-0.14494277255477217,-0.23357626064336595,-0.21107030577622432,-0.1493381050590583,-0.26373174438022906,-0.3163325504550378,-0.22707853248134768,-0.2579109987186982,-0.20251903814201208,-0.17628501546899722,-0.852659134960072,-0.21020723474583916,-0.24856052151683533,-0.21564352761894756,-0.4729084133591328,-0.2611654931602971,-0.3251279138822997,-0.27698842507678556,-0.1625999080010374,-0.17327522086970068,-0.24373737442204996,-0.31681936794715504,-0.2909353164033973,-0.24903585821516738,-0.20838804690412352,-0.1443082640439594,-0.203386725306913,-0.2631889373671074,-0.16278031376823643,-0.20478126089451423,-0.16176775957551626,-0.165524042466155,-0.31532858635063343,-0.1548106214226413,-0.27574888808135156,-0.21503130989148278,-0.16717801889859735,-0.200293575331624,-0.17588460134434686,-0.247468605718897,-0.20975803508552388,-0.6097664639367257,-0.14428613734057744,-0.21098385375275178,-0.17443445786587541,-0.20103306388210504,-0.21414172133854473,-0.20145563647410478,-0.1746541470266715,-0.27154431139350077,-0.2069344318284409,-0.2827967047498149,-0.20368872853485345,-0.11066426808372769,-0.15371539976584747,-0.23527189970655932,-0.162449959258077
634,1519072423,-0.281508236355292,-0.22733145028884563,-0.20052555846054085,-0.15730172303921688,-0.1946106746564345,-0.2999613336516071,-0.28147838767938743,-0.21152872758068852,-0.27519378270427947,-0.23266878027431376,-0.24599542248363243,-0.1714466895450329,-0.19707911779315124,-0.2809286096080693,-0.19988980921135951,-0.17436554708613736,-0.2936854628185913,-0.19622223489611024,-0.1707972361706414,-0.1702184546287892,-0.17229629059284904,-0.20130251026078128,-0.08572961197044983,-0.17927849913147095,-0.20555291575456935,-0.17383382159108368,-0.20544677266743228,-0.255804574302437,-0.2814059996902081,-0.2823388870491284,-0.15192541073821117,-0.24295139556236053,-0.14254553114290214,0.5127600533964333,-0.2632327086363033,-0.20369077454540915,-0.233508455986903,-0.3185007143060293,-0.21123102056983717,-0.24072744073944313,-0.5567771649665584,-0.1734587188368904,-0.2732009660912579,-0.23999230198517918,-0.042223416015498456,-0.2107080719243065,-0.19562636794378863,-0.19627653194476372,-0.18360825821600904,-0.10476331268927713,-0.19710974449860813,-0.14096351729769338,-0.25131050733949695,-0.3193562092231417,-0.2545624641427475,-0.14376896158207203,-0.21328710618436664,-0.14519608213728283,-0.2418874131012761,-0.2091404331697328,-0.1980766612636099,-0.20930483770532501,-0.17824564436021645,0.6259853012040802,-0.24459555186813242,-0.2001187490121379,-0.2730065513205399,-0.1520090321542232,-0.31816484081087004,-0.21238185378874758,-0.24525031263044916,-0.2344408791328771,-0.20949264755352306,-0.14273536052065192,-0.2323671036319808,-0.20793137304525927,-0.14603325284426677,-0.26213506373055023,-0.3127591088775416,-0.223022068719182,-0.25512611632259924,-0.19897099553453113,-0.1732818539943503,-0.8523678821755619,-0.20759402333425334,-0.2450174206380888,-0.21219128425563097,-0.4728851390840473,-0.26010373676139337,-0.3251279138822997,-0.27324152093459797,-0.1581012106946205,-0.17010518463293595,-0.24074887318745508,-0.3132540220296535,-0.2887581153983363,-0.24594032861964285,-0.20431199708692796,-0.1410089678351571,-0.2008919969433004,-0.2621232540938005,-0.158846662654841,-0.20082506542436993,-0.15783548653562957,-0.1627042855911248,-0.3131855645119932,-0.15293918039662613,-0.2734983503963992,-0.2115788086141961,-0.16378945041139126,-0.19780577689509224,-0.17273904588495406,-0.24387924636156852,-0.2048082244677695,-0.6091301071171733,-0.14207964691600208,-0.2078456008733944,-0.17126427860069285,-0.19690180094964294,-0.21124272229387334,-0.1979156956322659,-0.17084436612759818,-0.26969441297667396,-0.20235751644881808,-0.28057520872139186,-0.2012007219147974,-0.11066426808372769,-0.15184538036731296,-0.2346659893882619,-0.1579505952627238
635,1519072429,-0.2801134499992261,-0.22384702897313533,-0.19755534495767377,-0.1533676264172286,-0.19283831752570166,-0.29781291808622834,-0.2800826792169343,-0.20922515079775167,-0.2724393260257732,-0.23206269689501893,-0.2424566923753128,-0.1677894178727272,-0.19439129764419516,-0.2795330647763203,-0.19791041257707676,-0.17054818111561085,-0.2916643657024232,-0.19443066090309527,-0.16691623438425449,-0.16640767702058887,-0.1691497859831294,-0.19883189151407918,-0.17069114333744284,-0.17416688457806395,-0.20208602536687462,-0.17082906556743283,-0.20197830176855805,-0.2544140614046003,-0.2793148753920306,-0.2803553109718692,-0.14943187219117185,-0.23942139194901524,-0.13978471006417795,0.45720332066707287,-0.261103966694287,-0.2016561765949277,-0.232294294408017,-0.31716234109594377,-0.20878208965548167,-0.2392336328028618,-0.5567771649665584,-0.17046112094068722,-0.2716984377823318,-0.23849699445869757,-0.042223416015498456,-0.20665197425789517,-0.19323939448421176,-0.19389150280625517,-0.18045394544999074,-0.1019280960536116,-0.19472011174452158,-0.13766443460536645,-0.24992547844579663,-0.31802073490237404,-0.2531683609661273,-0.1415627431325765,-0.21027618623335476,-0.14188347508927693,-0.23829250462022195,-0.20652191218518645,-0.19496922298610211,-0.2069886199367217,-0.1737834162441632,0.5745742222780604,-0.2422475471276756,-0.19808106963062072,-0.2722555718714249,-0.14951215452671396,-0.31682560915247365,-0.21008332166961066,-0.24215279033122247,-0.23369844127282766,-0.2064894931067673,-0.1399760954780016,-0.23055336811490304,-0.20583875122461592,-0.1427284006294752,-0.2610706099640977,-0.31204442056204235,-0.2201245946033494,-0.25373367512454975,-0.19719697423079063,-0.17087932481463278,-0.8519795451295484,-0.2049808119226675,-0.2426553533855911,-0.21046516257397266,-0.47287059266211884,-0.2585111021630377,-0.3251279138822997,-0.27099337844928545,-0.15472718771480778,-0.1669351483961712,-0.24000174787880635,-0.3125409528461532,-0.28512944705656784,-0.24232887742486423,-0.20227397217833018,-0.13770967162635475,-0.19777358648878463,-0.2610575708204936,-0.15547496170050204,-0.19884696768929777,-0.15446496678715524,-0.1576287232160704,-0.3117568832862331,-0.151067739370611,-0.2719979919397643,-0.20985255797555274,-0.15870659768058212,-0.19469602884942752,-0.16959349042556124,-0.24080265262671552,-0.2023333191588923,-0.608811928707397,-0.13932153388528293,-0.2052303901405966,-0.16809409933551028,-0.19395089885502714,-0.20718412363133337,-0.1961457252113465,-0.16703458522852485,-0.2687694637682606,-0.19981478568236094,-0.28001983471428615,-0.1980907136397273,-0.11066426808372769,-0.1487286813697555,-0.23224234811507213,-0.1545760722662089
636,1519072434,-0.2787186636431602,-0.22210481831528017,-0.19557520262242903,-0.15111957120466385,-0.19106596039496881,-0.2963806410426425,-0.27798911652325464,-0.207497468210549,-0.2703734835168935,-0.23085053013642934,-0.240687327321153,-0.16517708096393743,-0.19168794096258618,-0.2774397475286967,-0.195931015942794,-0.1686394981303476,-0.29031696762497783,-0.1926390869100803,-0.16414409025112095,-0.1645022882164887,-0.1670521162433163,-0.1968553965167175,-0.17069114333744284,-0.17225002912053633,-0.19960967508994984,-0.16842526074851213,-0.19950082255507645,-0.25232829205784535,-0.2779207925265789,-0.27787584087529527,-0.14693833364413256,-0.23765639014234258,-0.13757605320119862,0.8461004497725957,-0.25950741023777474,-0.1996215786444463,-0.231687213618574,-0.3158239678858582,-0.2063331587411262,-0.23773982486628048,-0.5567771649665584,-0.16746352304448406,-0.2694446453189427,-0.23700168693221596,-0.042223416015498456,-0.20433420416280296,-0.1914491643895291,-0.19150647366774665,-0.17729963268397245,-0.09911741425266547,-0.19233047899043504,-0.13546504614381516,-0.2485404495520963,-0.31668526058160634,-0.2517742577895071,-0.13880497007070705,-0.2082689062660135,-0.13967507039060634,-0.2362382712024767,-0.20442709539754939,-0.19310476001959742,-0.20525145661026922,-0.1718710327658547,0.6396949222510189,-0.24048654357233298,-0.19604339024910356,-0.2707536129731948,-0.147639496306082,-0.31481676166487904,-0.20835942258025794,-0.23957152174853355,-0.23221356555272882,-0.2039868644011375,-0.1372168304353513,-0.22934421110351788,-0.2042692848591334,-0.14052516581961416,-0.26000615619764517,-0.3106150439310439,-0.21780661531068332,-0.25234123392650026,-0.19542295292705014,-0.16907742792984462,-0.8517853766065417,-0.20289024279339887,-0.239702769319969,-0.20873904089231438,-0.4728560462401904,-0.2574493457641339,-0.3251279138822997,-0.27024399762084794,-0.15247783906159934,-0.16313110491205352,-0.23776037195286018,-0.3111148144791526,-0.2836779797198605,-0.24026519102784788,-0.2002359472697324,-0.13551014082048654,-0.19590254021607517,-0.25999188754718666,-0.15322716106427606,-0.19686886995422562,-0.1510944470386809,-0.15537291771604622,-0.30961386144759284,-0.1479486709939191,-0.27049763348312944,-0.2081263073369094,-0.15644755202244473,-0.19283018002202867,-0.16697219420940054,-0.23875159013681352,-0.20035339491179055,-0.6084937502976208,-0.13711504346070758,-0.20366126370091792,-0.16619199177640073,-0.19218035759825766,-0.20486492439559625,-0.19437575479042704,-0.16512969477898817,-0.2678445145598472,-0.19778060106919523,-0.27890908670007464,-0.19622470867468525,-0.11066426808372769,-0.146858661971221,-0.2304246171601798,-0.15232639026853229
637,1519072440,-0.27732387728709434,-0.22036260765742502,-0.1935950602871843,-0.1488715159920991,-0.1887028175539917,-0.29423222547726374,-0.275895553829575,-0.20576978562334636,-0.26899625517764036,-0.22963836337783974,-0.2389179622669932,-0.1630872114369056,-0.18908816116533003,-0.27534643028107314,-0.19296192099136986,-0.16673081514508434,-0.2882958705088098,-0.19025032158606034,-0.1613719461179874,-0.16259689941238856,-0.16443002906854998,-0.1943847777700154,-0.17069114333744284,-0.17033317366300874,-0.19762859486841,-0.1666224071343216,-0.19702334334159485,-0.2509377791600087,-0.2765267096611272,-0.2763881588173509,-0.14319802582357358,-0.23589138833566994,-0.13481523212247445,0.7905437170432352,-0.25844303926676654,-0.1970783312063445,-0.229865971250245,-0.31381640807072986,-0.2043740140096418,-0.23699292089798982,-0.5567771649665584,-0.16566496430676214,-0.26719085285555355,-0.23625403316897514,-0.042223416015498456,-0.20201643406771078,-0.19025567765974066,-0.18912144452923813,-0.1747761824711578,-0.0962995163238607,-0.19113566261339177,-0.13326565768226387,-0.24646290621154585,-0.31468204910045483,-0.25038015461288693,-0.13659875162121152,-0.20626162629867223,-0.13691456451726808,-0.23367047943029517,-0.2028559828068216,-0.19124029705309276,-0.20351429328381673,-0.16995864928754617,0.6328401117275496,-0.23755153764676196,-0.19349629102220708,-0.26925165407496465,-0.14514261867857273,-0.3128079141772845,-0.206060890461121,-0.2375065068823824,-0.22998625197258057,-0.20148423569550772,-0.1339057123841709,-0.22813505409213272,-0.20217666303849005,-0.13832193100975312,-0.25894170243119263,-0.30847097898454623,-0.2154886360180172,-0.2509487927284507,-0.19246625075414933,-0.1660742664551977,-0.8515912080835351,-0.2007996736641302,-0.23793121888059576,-0.20586217142288388,-0.4728444091026477,-0.2563875893652302,-0.3251279138822997,-0.2687452359639729,-0.14966615324508878,-0.16122908316999468,-0.23626612133556274,-0.30897560692865167,-0.28222651238315305,-0.23820150463083153,-0.19768841613398516,-0.13331061001461833,-0.19340781185246256,-0.2583933626372263,-0.1498554601099371,-0.19390172335161737,-0.14884743387303137,-0.15311711221602206,-0.3074708396089526,-0.14607722996790395,-0.26824709579817707,-0.2046738060596227,-0.15418850636430734,-0.19096433119462985,-0.164875157236472,-0.236187762024436,-0.1983734706646888,-0.6080164826829564,-0.13380530782384456,-0.20209213726123923,-0.16238777665818163,-0.19040981634148818,-0.2031255249687934,-0.19201579422920115,-0.16258984084627262,-0.2669195653514338,-0.19574641645602955,-0.2777983386858631,-0.1943587037096432,-0.11066426808372769,-0.14311862317415203,-0.22921279652358495,-0.15007670827085567
638,1519072445,-0.2752316977529955,-0.21862039699956987,-0.19111988236812838,-0.14662346077953436,-0.18693046042325887,-0.29279994843367785,-0.2731041369046688,-0.20289031464467527,-0.26761902683838723,-0.22903227999854492,-0.2359690205100602,-0.16047487452811582,-0.1864158775490269,-0.2739508854493241,-0.19098252435708712,-0.16482213215982108,-0.2869484724313644,-0.18786155626204037,-0.1591542308114806,-0.16005638100692166,-0.16233235932873688,-0.1919141590233133,-0.17069114333744284,-0.1684163182054811,-0.19564751464687016,-0.16481955352013108,-0.19504135997080957,-0.24885200981325367,-0.2751326267956755,-0.2749004767594065,-0.14132787191329407,-0.23236138472232465,-0.1320544110437503,0.901657182501956,-0.2573786682957584,-0.19402643428062233,-0.22925889046080197,-0.3124780348606443,-0.20241486927815744,-0.23400530502482716,-0.5567771649665584,-0.1632668859897996,-0.26568832454662744,-0.23475872564249353,-0.042223416015498456,-0.20027810649639163,-0.18906219092995222,-0.18733267267535672,-0.17288359481154683,-0.09347945355669833,-0.18874602985930522,-0.13106626922071257,-0.24507787731784553,-0.3126788376193034,-0.24898605143626673,-0.13439253317171596,-0.20425434633133097,-0.13415405864392982,-0.2305891293036773,-0.20076116601918453,-0.1893758340865881,-0.20177712995736424,-0.16613388233092913,0.6328401117275496,-0.23520353290630513,-0.19145861164068992,-0.26699871572761946,-0.14202152164418616,-0.3107990666896899,-0.20376235834198408,-0.23544149201623127,-0.22850137625248174,-0.19948213273100387,-0.13169830035005065,-0.22692589708074756,-0.2000840412178467,-0.13611869619989206,-0.2578772486647401,-0.307756290669047,-0.21375015154851765,-0.24816391033235174,-0.19069222945040887,-0.16427236957040958,-0.8513484974297766,-0.19923174681717873,-0.2361596684412225,-0.20298530195345338,-0.47282986268071925,-0.2547949547668745,-0.3251279138822997,-0.26724647430709786,-0.1474168045918803,-0.15932706142793585,-0.2340247454096166,-0.30683639937815077,-0.2807750450464457,-0.23562189663456107,-0.19565039122538738,-0.13056119650728307,-0.19091308348884994,-0.25732767936391937,-0.14704570931465463,-0.1914291011827772,-0.1466004207073818,-0.1497334039659858,-0.30532781777031237,-0.14420578894188882,-0.2652463788849073,-0.20294755542097936,-0.15192946070616994,-0.1884765327580981,-0.16277812026354346,-0.2336239339120585,-0.19639354641758705,-0.6076983042731802,-0.1310471947931254,-0.20052301082156054,-0.15985163324603557,-0.18804909466579556,-0.20138612554199056,-0.18906584352766875,-0.16068495039673597,-0.2655321415388137,-0.1932036856895724,-0.2766875906716516,-0.19249269874460115,-0.11066426808372769,-0.14062526397610606,-0.22860688620528752,-0.1472646057737599
639,1519072451,-0.2738369113969296,-0.2168781863417147,-0.18864470444907247,-0.14381339176382846,-0.18515810329252602,-0.29208380991188493,-0.2717084284422157,-0.2005867378617384,-0.2662417984991341,-0.22660794648136573,-0.23360986710451379,-0.15838500500108402,-0.1853645721728456,-0.2725553406175751,-0.18900312772280436,-0.1622772215128034,-0.28560107435391896,-0.18666717360003038,-0.15693651550497378,-0.1581509922028215,-0.16023468958892378,-0.1894435402766112,-0.17069114333744284,-0.1658605109287776,-0.19366643442533032,-0.16301669990594056,-0.19305937660002429,-0.247461496915417,-0.27234446106477217,-0.2734127947014621,-0.1394577180030146,-0.23059638291565202,-0.12984575418077096,-0.2094774720852519,-0.2563142973247502,-0.19148318684252053,-0.22683056730302997,-0.30980128844047317,-0.20045572454667304,-0.2310176891516645,-0.5567771649665584,-0.1614683272520777,-0.2649370603921644,-0.2310204568262895,-0.042223416015498456,-0.1985397789250725,-0.18667521747037535,-0.18554390082147532,-0.17099100715193583,-0.09077845689920377,-0.18575898891669707,-0.12831703364377345,-0.2436928484241452,-0.31067562613815186,-0.2461978450830263,-0.13108320549747263,-0.2022470663639897,-0.13139355277059156,-0.2285348958859321,-0.1981426450346382,-0.18688988346458185,-0.1988818577466101,-0.16358403769318441,0.6088482748954069,-0.2316815257956199,-0.18942093225917275,-0.26549675682938934,-0.1401488634235542,-0.3094598350312935,-0.20088919319306292,-0.23286022343354235,-0.2277589383924323,-0.19748002976650003,-0.12949088831593042,-0.2257167400693624,-0.19851457485236418,-0.13171222658016998,-0.255748341131835,-0.3041828490915508,-0.21201166707901808,-0.24537902793625274,-0.18891820814666838,-0.16247047268562143,-0.8511057867760182,-0.19714117768791006,-0.2337976011887248,-0.20125918027179507,-0.4728153162587908,-0.2537331983679708,-0.3251279138822997,-0.26424895099334783,-0.14516745593867186,-0.15679103243852405,-0.23327762010096786,-0.3046971918276498,-0.280049311378092,-0.23304228863829063,-0.19361236631678957,-0.12836166570141486,-0.18841835512523733,-0.255729154453959,-0.14423595851937218,-0.18945100344770505,-0.14379165425031987,-0.14691364709095558,-0.3038991365445522,-0.14108672056519692,-0.2637460204282724,-0.20122130478233602,-0.1491056536334982,-0.18661068393069927,-0.16068108329061492,-0.23003457455473,-0.19342366004693443,-0.607380125863404,-0.12884070436855005,-0.19843084223532229,-0.15731548983388952,-0.18627855340902608,-0.19964672611518772,-0.18670588296644283,-0.15878005994719932,-0.2636822431219869,-0.1911695010764067,-0.27446609464322863,-0.18813868715950305,-0.11066426808372769,-0.13875524457757157,-0.22739506556869266,-0.1450149237760833
640,1519072457,-0.2703499455067649,-0.21223229125410095,-0.184684419778583,-0.13931728133869897,-0.18161338903106036,-0.28850311730292033,-0.2675213030548564,-0.1971313726873331,-0.2621101134813747,-0.2241836129641865,-0.22948134864480754,-0.1536827985652624,-0.18264308953647487,-0.2690664785382025,-0.18504433445423885,-0.1584598555422769,-0.28223257916030553,-0.18368121694500544,-0.15194665606533342,-0.15306995539188772,-0.15551493267434435,-0.18549055028188782,-0.17069114333744284,-0.16202680001372238,-0.18920900392686568,-0.15881004147282934,-0.18810441817306112,-0.24398521467082535,-0.268859253901143,-0.26944564254694375,-0.13571741018245562,-0.22706637930230672,-0.12432411202332264,-0.7650447993788558,-0.2531211844117257,-0.18741399094155764,-0.22379516335581498,-0.30712454202030204,-0.19555786271796208,-0.22803007327850186,-0.5567771649665584,-0.15727169019739323,-0.2611807396198492,-0.22877749553656707,-0.042223416015498456,-0.1939042387348881,-0.18249801391611584,-0.18256261439833968,-0.1665749692795102,-0.08793313768453612,-0.18277194797408888,-0.12171886825911955,-0.23953776174304425,-0.30800467749661653,-0.2434096387297859,-0.12667076859848153,-0.19773068643747188,-0.12697674337325035,-0.22442642905044163,-0.1950004198531826,-0.1800535192540647,-0.19540753109370515,-0.15975927073656737,0.40320395919132745,-0.22815951868493464,-0.18534557349613842,-0.26249283903292914,-0.13453088876165836,-0.30678137171450076,-0.1974413950143575,-0.2282139399847023,-0.2233043112321358,-0.19347582383749237,-0.1250760642476899,-0.22208926903520693,-0.19537564212139916,-0.12675494825798264,-0.2536194335989299,-0.30203878414505314,-0.20853469814001893,-0.24259414554015374,-0.18477882510460725,-0.15766541432618636,-0.8506203654685014,-0.1940053239940071,-0.22966398349685385,-0.19723156301459238,-0.4727891326993196,-0.2505479291712595,-0.3251279138822997,-0.26050204685116024,-0.14010642146895283,-0.15298698895440638,-0.22954199355772426,-0.3025579842771489,-0.27496917569961615,-0.22839899424500384,-0.18902681027244458,-0.12396260408967844,-0.18467626257981842,-0.2530649462706917,-0.13974035724692024,-0.1850002835437927,-0.13929762791902078,-0.14240203609090724,-0.30175611470591196,-0.13734383851316662,-0.25924494505836776,-0.19776880350504933,-0.14458756231722342,-0.1828789862759016,-0.1559627501015257,-0.225932449574926,-0.1894638115527309,-0.6065846798389634,-0.12442772351939937,-0.19476954720940537,-0.15351127471567041,-0.18214729047656397,-0.19500832764371348,-0.183165942124604,-0.15370035208176822,-0.26183234470516015,-0.18659258569678389,-0.2722445986148056,-0.1831626739193909,-0.11066426808372769,-0.13501520578050258,-0.223759603658908,-0.13995313928131092
641,1519072462,-0.269652552328732,-0.21165155436814925,-0.184684419778583,-0.13931728133869897,-0.18161338903106036,-0.28850311730292033,-0.2675213030548564,-0.1971313726873331,-0.2621101134813747,-0.22357752958489172,-0.22948134864480754,-0.15263786380174652,-0.18006143569398048,-0.2690664785382025,-0.18504433445423885,-0.1584598555422769,-0.28223257916030553,-0.18368121694500544,-0.15194665606533342,-0.15306995539188772,-0.15551493267434435,-0.18549055028188782,-0.17069114333744284,-0.1613878481945465,-0.18920900392686568,-0.15760813906336898,-0.18810441817306112,-0.243289958221907,-0.268859253901143,-0.26944564254694375,-0.13384725627217614,-0.22647804536674918,-0.1221154551603433,0.2349763897496313,-0.25205681344071756,-0.18741399094155764,-0.22318808256637196,-0.30712454202030204,-0.19555786271796208,-0.22803007327850186,-0.5567771649665584,-0.15547313145967134,-0.2611807396198492,-0.22877749553656707,-0.042223416015498456,-0.1939042387348881,-0.18249801391611584,-0.18256261439833968,-0.1665749692795102,-0.08512967201144865,-0.18277194797408888,-0.12171886825911955,-0.23953776174304425,-0.30800467749661653,-0.2434096387297859,-0.12446455014898598,-0.19722886644563656,-0.1264246421985827,-0.22391287069600532,-0.1950004198531826,-0.1800535192540647,-0.19540753109370515,-0.15975927073656737,0.6294127064658149,-0.22815951868493464,-0.18534557349613842,-0.2617418595838141,-0.1326582305410264,-0.30611175588530254,-0.1974413950143575,-0.2282139399847023,-0.2233043112321358,-0.19347582383749237,-0.12286865221356964,-0.22088011202382177,-0.19537564212139916,-0.12675494825798264,-0.2525549798324774,-0.30203878414505314,-0.20853469814001893,-0.24259414554015374,-0.18477882510460725,-0.15766541432618636,-0.8506203654685014,-0.1940053239940071,-0.22966398349685385,-0.19723156301459238,-0.4727891326993196,-0.24948617277235574,-0.3251279138822997,-0.26050204685116024,-0.1395440843056507,-0.15235298170705341,-0.22804774294042682,-0.3025579842771489,-0.27496917569961615,-0.22839899424500384,-0.18902681027244458,-0.12396260408967844,-0.1834288983980121,-0.2519992629973848,-0.13974035724692024,-0.1850002835437927,-0.1387358746276084,-0.14240203609090724,-0.3010417740930319,-0.13547239748715148,-0.25924494505836776,-0.19776880350504933,-0.14402280090268907,-0.1828789862759016,-0.15543849085829356,-0.225932449574926,-0.1894638115527309,-0.6064255906340752,-0.12222123309482404,-0.19476954720940537,-0.15351127471567041,-0.18214729047656397,-0.19500832764371348,-0.183165942124604,-0.1530653885985893,-0.26183234470516015,-0.18659258569678389,-0.2722445986148056,-0.1831626739193909,-0.11066426808372769,-0.1331451863819681,-0.22254778302231315,-0.13995313928131092
642,1519072468,-0.26616558643856725,-0.20816713305243892,-0.18022909952428234,-0.1348211709135695,-0.17688710334910612,-0.28492242469395573,-0.2647298861299502,-0.19310011331719357,-0.25935565680286843,-0.2211531960677125,-0.22594261853648795,-0.14741318998416694,-0.17733477421339208,-0.2655776164588299,-0.18009584286853197,-0.1546424895717504,-0.27886408396669204,-0.18009806895897548,-0.14695679662569308,-0.1492591777836874,-0.1507951757597649,-0.18153756028716447,-0.08572961197044983,-0.15627623364113952,-0.18475157342840107,-0.15340148063025777,-0.18414045143149055,-0.24050893242623367,-0.2653740467375138,-0.2659743844117402,-0.13073033308837698,-0.22294804175340388,-0.11990679829736398,-0.15392073935589148,-0.25099244246970936,-0.1828361455529744,-0.22197392098748597,-0.3044477956001309,-0.1911497870721222,-0.22578936137362987,-0.5567771649665584,-0.15067697482574624,-0.257424418847534,-0.22578688048360385,-0.042223416015498456,-0.19042758359224982,-0.17951429709164474,-0.17898507069057687,-0.16152806885388094,-0.08229012569906792,-0.18038231522000234,-0.11732009133601697,-0.23607518950879344,-0.3053337288550812,-0.24062143237654549,-0.12170677708711654,-0.19321430651095403,-0.1220078328012415,-0.21980440386051486,-0.191858194671727,-0.17632459332105535,-0.19135414999864936,-0.1559345037799503,0.4820342802112246,-0.2240505103891352,-0.18076079488772478,-0.25798696233823876,-0.13078557232039445,-0.30343329256850976,-0.1939935968356521,-0.22356765653586225,-0.2195921219318887,-0.18897109216735872,-0.12010938717091933,-0.21906637650674401,-0.19171355393527328,-0.12234847863826055,-0.25095829918279855,-0.29918003088305617,-0.20389873955468676,-0.23980926314405476,-0.18063944206254612,-0.1534609882616807,-0.850232028422488,-0.19034682801778696,-0.22553036580498292,-0.19262857186350357,-0.4727658584242341,-0.24789353817400012,-0.3251279138822997,-0.25750452353741016,-0.1350453869992338,-0.14854893822293574,-0.22580636701448067,-0.2997057075431477,-0.27279197469455513,-0.22427162145097113,-0.18444125422809957,-0.11846377707500791,-0.1796868058525932,-0.25093357972407787,-0.1346828058154118,-0.18054956363988034,-0.13424184829630928,-0.1378904250908589,-0.2981844116415116,-0.13235332911045958,-0.2569944073734154,-0.1925900515891193,-0.13837518675734556,-0.17728143979370511,-0.15072015766920432,-0.2213175589726465,-0.18500898199675198,-0.6054710554047465,-0.11946312006410487,-0.191631294330048,-0.1484389878913783,-0.178606207963025,-0.19094972898117352,-0.17844602100215215,-0.14925560769951599,-0.25951997168412666,-0.18252421647045247,-0.2694677285792768,-0.1794306639893068,-0.11066426808372769,-0.13065182718392213,-0.2213359623857183,-0.1354537752859577
643,1519072474,-0.26407340690446846,-0.20642492239458377,-0.17824895718903763,-0.13369714330728713,-0.174523960508129,-0.2834901476503699,-0.2626363234362705,-0.19137243072999094,-0.2579784284636153,-0.2205471126884177,-0.22417325348232814,-0.14636825522065106,-0.1752787730589883,-0.26418207162708085,-0.17811644623424921,-0.15337003424824155,-0.27751668588924666,-0.17890368629696551,-0.14584793897243967,-0.14798891858095398,-0.14974634088985836,-0.17956106528980278,-0.08572961197044983,-0.15563728182196365,-0.18277049320686123,-0.15219957822079744,-0.18215846806070526,-0.239118419528397,-0.26397996387206213,-0.26448670235379584,-0.1288601791780975,-0.2217713738822888,-0.11769814143438463,0.2349763897496313,-0.24992807149870122,-0.1802928981148726,-0.22075975940859996,-0.30310942239004535,-0.18919064234063784,-0.22354864946875788,-0.5567771649665584,-0.15007745524650562,-0.2559218905386079,-0.22503922672036306,-0.042223416015498456,-0.18868925602093067,-0.17891755372675053,-0.1777925561213226,-0.16089720630067728,-0.07953284324427586,-0.17918749884295906,-0.11622039710524132,-0.23469016061509312,-0.3039982545343135,-0.2392273291999253,-0.11950055863762099,-0.19120702654361277,-0.12090363045190619,-0.21877728715164224,-0.19081078627790846,-0.17570310566555378,-0.18961698667219687,-0.15402212030164178,0.6362675169892843,-0.2228765080189068,-0.17821369566082831,-0.25573402399089357,-0.1289129140997625,-0.30209406091011337,-0.1922696977462994,-0.2220188953862489,-0.21810724621178987,-0.1869689892028549,-0.11790197513679908,-0.21846179800105145,-0.1906672430249516,-0.12124686123333003,-0.24989384541634602,-0.29846534256755697,-0.2021602550851872,-0.2377206013469805,-0.17886542075880563,-0.15225972367182192,-0.8498436913764745,-0.18930154345315262,-0.22375881536560965,-0.19090245018184526,-0.47275422128669137,-0.24683178177509635,-0.3251279138822997,-0.25600576188053514,-0.13335837550932744,-0.14728092372822985,-0.22431211639718324,-0.29899263835964734,-0.27134050735784776,-0.22272385665320887,-0.18240322931950176,-0.11681412897060675,-0.17906312376169004,-0.24986789645077098,-0.13299695533824235,-0.17857146590480819,-0.13255658842207213,-0.13619857096584073,-0.29747007102863154,-0.13048188808444444,-0.2547438696884631,-0.19086380095047595,-0.13724566392827686,-0.17603754057543922,-0.14967163918274007,-0.2202920277276955,-0.18302905774965023,-0.6051528769949703,-0.11725662963952953,-0.19058521003692888,-0.14717091618530528,-0.17683566670625553,-0.18921032955437067,-0.17549607030061978,-0.1479856807331582,-0.2558201748504731,-0.18049003185728676,-0.2666908585437481,-0.1788086623342928,-0.11066426808372769,-0.12878180778538764,-0.22073005206742086,-0.13376651378770024
644,1519072479,-0.2626786205484026,-0.2046827117367286,-0.1757737792699817,-0.12976304668529884,-0.17275160337739615,-0.282774009128577,-0.26124061497381745,-0.18849295975131986,-0.25660120012436216,-0.21872886255053328,-0.22181410007678173,-0.1432334509301033,-0.1725598798447264,-0.26278652679533177,-0.17613704959996646,-0.14955266827771505,-0.2761692878118013,-0.17651492097294555,-0.14252136601267942,-0.14544840017548707,-0.14659983628013873,-0.1770904465431007,-0.08572961197044983,-0.15244252272608427,-0.1807894129853214,-0.14979577340187675,-0.18017648468992,-0.23772790663056034,-0.26258588100661046,-0.2629990202958515,-0.12699002526781802,-0.2182413702689435,-0.1154894845714053,0.4016465879377125,-0.24886370052769305,-0.17825830016439115,-0.21893851704027095,-0.301101862574917,-0.18723149760915345,-0.22205484153217658,-0.5567771649665584,-0.14707985735030243,-0.2551706263841449,-0.22279626543064063,-0.042223416015498456,-0.18695092844961153,-0.17712732363206787,-0.1760037842674412,-0.15774289353465898,-0.07670484273646896,-0.17739527427739415,-0.11292131441291438,-0.2333051317213928,-0.30266278021354587,-0.237136174434995,-0.11674278557575156,-0.1891997465762715,-0.11703892222923264,-0.2151823786705881,-0.1887159694902714,-0.172595667388046,-0.18672171446144273,-0.15147227566389707,0.6362675169892843,-0.22052850327844997,-0.17617601627931115,-0.2549830445417785,-0.12704025587913056,-0.300754829251717,-0.18997116562716246,-0.2184051193704844,-0.21736480835174044,-0.18496688623835106,-0.11569456310267882,-0.2172526409896663,-0.1880514657491474,-0.11739120031607321,-0.24829716476666722,-0.29560658930556005,-0.2004217706156876,-0.23632816014893102,-0.17590871858590482,-0.14985719449210438,-0.8495524385919644,-0.18721097432388398,-0.2202157144868631,-0.18917632850018698,-0.4727425841491486,-0.2457700253761926,-0.3251279138822997,-0.25525638105209764,-0.12998435252951476,-0.14474489473881805,-0.2235649910885345,-0.2975664999926467,-0.27061477368949405,-0.21962832705768434,-0.17985569818375455,-0.11296495006033737,-0.17469734912536797,-0.2482693715408106,-0.13018720454295987,-0.17659336816973603,-0.1297478219650102,-0.13281486271580448,-0.29604138980287137,-0.1286104470584293,-0.25324351123182814,-0.18913755031183258,-0.13385709544107077,-0.17230584292064158,-0.14652608372334724,-0.2172154339928425,-0.18055415244077302,-0.604834698585194,-0.11505013921495419,-0.18849304145069062,-0.14463477277315923,-0.17388476461163974,-0.18747093012756783,-0.17372609987970034,-0.14481086331726378,-0.254432751037853,-0.17794730109082965,-0.2650247365224308,-0.1750766524042087,-0.11066426808372769,-0.12691178838685316,-0.21951823143082597,-0.13095441129060448
645,1519072485,-0.25919165465823785,-0.19945607976316315,-0.17181349459949224,-0.12470492245702816,-0.1692068891159305,-0.2799094550414053,-0.2584491980489112,-0.18503759457691454,-0.25315812927622927,-0.21509236227476447,-0.2170957932656889,-0.13905371187603968,-0.16989536449474973,-0.2599954371318337,-0.17217825633140094,-0.1444628469836797,-0.2734744916569105,-0.17293177298691562,-0.1380859353996658,-0.14100249296592005,-0.14240449680051256,-0.17313745654837734,-0.17069114333744284,-0.1466919563535014,-0.1758367124314718,-0.1461900661734957,-0.1752215262629568,-0.234946880834887,-0.2591006738429813,-0.2590318681413331,-0.12200294817373938,-0.21412303272004066,-0.11052000662970181,-0.9317149975669371,-0.24567058761466853,-0.1741891042634283,-0.21711727467194195,-0.2984251161547459,-0.18282342196331358,-0.2198141296273046,-0.5567771649665584,-0.14348273987485863,-0.2521655697662927,-0.2198056503776774,-0.042223416015498456,-0.1817359457356541,-0.17295012007780833,-0.17302249784430554,-0.153957718215437,-0.07386529642408822,-0.1726160087692211,-0.10797269037442396,-0.23053507393399217,-0.2993240944116267,-0.23434796808175457,-0.11177879406438657,-0.18418154665791836,-0.11262211283189144,-0.21056035348066132,-0.184002631718088,-0.16762376614403351,-0.18266833336638694,-0.14637258638840767,0.2695351539836758,-0.21583249379753633,-0.17210065751627682,-0.25122814729620324,-0.12267072003098933,-0.29807636593492426,-0.18652336744845704,-0.21427508963818212,-0.21439505691154276,-0.18046215456821743,-0.11017603301737819,-0.21422974846120338,-0.18438937756302154,-0.11298473069635112,-0.2451038034673096,-0.29346252435906234,-0.19636530685352196,-0.233543277752832,-0.17236067597842386,-0.1462534007225281,-0.8491155594151993,-0.184075120629981,-0.2166726136081166,-0.1857240851368704,-0.4727164005896774,-0.24311563437893322,-0.3251279138822997,-0.25150947690991005,-0.12436098089649363,-0.14094085125470038,-0.22057648985393963,-0.2940011540751452,-0.2669861053477256,-0.21498503266439756,-0.17577964836655896,-0.10856588844860095,-0.17095525657994906,-0.24613800499419677,-0.12456770295239496,-0.17263717269959172,-0.12525379563371108,-0.1277393003407501,-0.29389836796423113,-0.12424375133106064,-0.25099297354687583,-0.18568504903454588,-0.1282094812957273,-0.1685741452658439,-0.14233200977749016,-0.21260054339056297,-0.17609932288479407,-0.6041983417656416,-0.11063715836580351,-0.18483174642477368,-0.14019652180190362,-0.16975350167917763,-0.1822527318471593,-0.17018615903786147,-0.13973115545183268,-0.2525828526210262,-0.17337038571120683,-0.2633586145011136,-0.1713446424741246,-0.11066426808372769,-0.12317174958978418,-0.21588276952104135,-0.1258926267958321
646,1519072490,-0.25919165465823785,-0.19945607976316315,-0.17181349459949224,-0.12470492245702816,-0.1692068891159305,-0.2799094550414053,-0.2584491980489112,-0.18503759457691454,-0.25315812927622927,-0.21509236227476447,-0.2170957932656889,-0.13853124449428172,-0.1672593327879701,-0.2599954371318337,-0.17217825633140094,-0.1444628469836797,-0.2734744916569105,-0.17293177298691562,-0.1380859353996658,-0.14100249296592005,-0.14240449680051256,-0.17313745654837734,-0.17069114333744284,-0.1466919563535014,-0.1758367124314718,-0.1461900661734957,-0.1752215262629568,-0.234946880834887,-0.2591006738429813,-0.2590318681413331,-0.12200294817373938,-0.21412303272004066,-0.11052000662970181,0.6794302515845145,-0.24567058761466853,-0.1741891042634283,-0.21711727467194195,-0.2984251161547459,-0.18282342196331358,-0.2198141296273046,-0.5567771649665584,-0.14288322029561798,-0.2521655697662927,-0.2198056503776774,-0.042223416015498456,-0.1817359457356541,-0.17295012007780833,-0.17302249784430554,-0.153957718215437,-0.0710632739765725,-0.1726160087692211,-0.10797269037442396,-0.23053507393399217,-0.2993240944116267,-0.23434796808175457,-0.11177879406438657,-0.18418154665791836,-0.11262211283189144,-0.21056035348066132,-0.184002631718088,-0.16762376614403351,-0.18266833336638694,-0.14637258638840767,0.6431223275127536,-0.21583249379753633,-0.17210065751627682,-0.25122814729620324,-0.12267072003098933,-0.29740675010572604,-0.18652336744845704,-0.21427508963818212,-0.21439505691154276,-0.18046215456821743,-0.11017603301737819,-0.21422974846120338,-0.18438937756302154,-0.11298473069635112,-0.2451038034673096,-0.29346252435906234,-0.19636530685352196,-0.233543277752832,-0.17236067597842386,-0.1462534007225281,-0.8491155594151993,-0.184075120629981,-0.2166726136081166,-0.1857240851368704,-0.4727164005896774,-0.24311563437893322,-0.3251279138822997,-0.25150947690991005,-0.12436098089649363,-0.14094085125470038,-0.22057648985393963,-0.2940011540751452,-0.2669861053477256,-0.21498503266439756,-0.17577964836655896,-0.10856588844860095,-0.17095525657994906,-0.24613800499419677,-0.12456770295239496,-0.17263717269959172,-0.12525379563371108,-0.1277393003407501,-0.29246968673847096,-0.12424375133106064,-0.25099297354687583,-0.18568504903454588,-0.1282094812957273,-0.1685741452658439,-0.14233200977749016,-0.21260054339056297,-0.17609932288479407,-0.6041983417656416,-0.11063715836580351,-0.18483174642477368,-0.14019652180190362,-0.16975350167917763,-0.1822527318471593,-0.17018615903786147,-0.13973115545183268,-0.2525828526210262,-0.17337038571120683,-0.2633586145011136,-0.1713446424741246,-0.11066426808372769,-0.12317174958978418,-0.21588276952104135,-0.1258926267958321
647,1519072496,-0.25709947512413905,-0.197713869105308,-0.1698333522642475,-0.12245686724446343,-0.1662529605647091,-0.27776103947602654,-0.25705348958645813,-0.1833099119897119,-0.25109228676734957,-0.21448627889546967,-0.2153264282115291,-0.1364413749672499,-0.16619508030124472,-0.2585998923000847,-0.1697040105385475,-0.14255416399841644,-0.27145339454074247,-0.17173739032490562,-0.13475936243990555,-0.13909710416181986,-0.14030682706069947,-0.17116096155101565,-0.17069114333744284,-0.14477510089597379,-0.17385563220993197,-0.1431853101498448,-0.17323954289217153,-0.232861111488132,-0.2577065909775296,-0.25655239804475916,-0.1201327942634599,-0.212358030913368,-0.10831134976672248,-0.37614767027333307,-0.24460621664366036,-0.17215450631294685,-0.21590311309305596,-0.2970867429446603,-0.17988470486608701,-0.21832032169072327,-0.5567771649665584,-0.14108466155789606,-0.25141430561182965,-0.2190579966144366,-0.042223416015498456,-0.17999761816433496,-0.1717566333480199,-0.17063746870579702,-0.15017254289621504,-0.0684842298798892,-0.17082378420365618,-0.10577330191287267,-0.2284575305934417,-0.297988620090859,-0.23295386490513437,-0.10902102100251714,-0.1821742666905771,-0.10986160695855318,-0.20850612006291608,-0.1824315191273602,-0.16575930317752885,-0.18093117003993445,-0.14446020291009914,0.598566059110203,-0.21289748787196527,-0.16955355828938035,-0.24972618839797311,-0.12079806181035739,-0.29606751844732965,-0.18479946835910435,-0.2116938210554932,-0.21216774333139451,-0.17745900012146165,-0.10796862098325793,-0.21302059144981822,-0.18281991119753901,-0.11078149588649008,-0.24403934970085706,-0.2920331477280639,-0.1928883379145228,-0.2321508365547825,-0.17058665467468337,-0.14445150383773997,-0.8489213908921925,-0.18198455150071235,-0.2143105463556189,-0.18342258956132598,-0.47270185416774896,-0.24205387798002945,-0.3251279138822997,-0.25001071525303503,-0.12211163224328517,-0.13713680777058268,-0.21833511392799346,-0.2925750157081446,-0.2648089043426645,-0.2129213462673812,-0.17374162345796118,-0.10636635764273274,-0.16846052821633645,-0.24507232172088986,-0.12175795215711249,-0.17016455053075152,-0.12188327588523677,-0.1254834948407259,-0.29104100551271084,-0.12112468295436873,-0.24949261509024093,-0.18280796463680699,-0.1259504356375899,-0.1667082964384451,-0.13971071356132947,-0.2100367152781855,-0.17411939863769232,-0.6038801633558654,-0.1073274227289405,-0.183262619985095,-0.13702634253672105,-0.16798296042240815,-0.18051333242035647,-0.16841618861694205,-0.13782626500229603,-0.25165790341261285,-0.17133620109804112,-0.26224786648690207,-0.16947863750908254,-0.11066426808372769,-0.11943171079271521,-0.21527685920274392,-0.12364294479815549
648,1519072502,-0.2557046887680731,-0.19597165844745285,-0.1673581743451916,-0.12020881203189869,-0.16448060343397625,-0.27632876243244064,-0.255657781124005,-0.18100633520677503,-0.24902644425846987,-0.21206194537829046,-0.2123774864545961,-0.13435150544021807,-0.16358494281555327,-0.25580880263658656,-0.16722976474569407,-0.1406454810131532,-0.2701059964632971,-0.16934862500088566,-0.13254164713339872,-0.1371917153577197,-0.1376847398859331,-0.16819621905497315,-0.17069114333744284,-0.14285824543844616,-0.17187455198839213,-0.1413824565356543,-0.17125755952138624,-0.2314705985902953,-0.25631250811207795,-0.2550647159868148,-0.11514571716938125,-0.21000469517113782,-0.10499836447225347,-0.15392073935589148,-0.24247747470164405,-0.1701199083624654,-0.21408187072472695,-0.29574836973457475,-0.17792556013460264,-0.21533270581756062,-0.5567771649665584,-0.13928610282017417,-0.24765798483951443,-0.21756268908795498,-0.042223416015498456,-0.17825929059301582,-0.16996640325333726,-0.16765618228266135,-0.14827995523660406,-0.06554293616470143,-0.16843415144956964,-0.10357391345132137,-0.22707250169974139,-0.2959854086097075,-0.23155976172851417,-0.1057116933282738,-0.18016698672323583,-0.10710110108521492,-0.20593832829073455,-0.18033670233972313,-0.16389484021102418,-0.17919400671348198,-0.14254781943179062,0.6225578959423456,-0.21113648431662266,-0.16751587890786318,-0.248224229499743,-0.11767696477597081,-0.29472828678893326,-0.18135167018039894,-0.20962880618934207,-0.21068286761129568,-0.17495637141583187,-0.10355379691501743,-0.2106022774270479,-0.18072728937689567,-0.10857826107662903,-0.24191044216795196,-0.2913184594125646,-0.19057035862185673,-0.22936595415868352,-0.16762995250178256,-0.14144834236309303,-0.8487272223691859,-0.17937134008912653,-0.21253899591624564,-0.18169646787966767,-0.4726902170302062,-0.23939948698277005,-0.3251279138822997,-0.24851195359616002,-0.11929994642677459,-0.1346007787811709,-0.21684086331069602,-0.291148877341144,-0.26335743700595715,-0.21034173827111075,-0.17119409232221394,-0.10416682683686453,-0.16596579985272383,-0.24294095517427602,-0.11894820136183003,-0.16818645279567937,-0.11907450942817482,-0.12322768934070173,-0.2903266648998307,-0.11800561457767683,-0.24799225663360605,-0.18050629711861585,-0.1236913899794525,-0.16484244761104624,-0.13761367658840093,-0.2079856527882835,-0.17213947439059057,-0.603402895741201,-0.10346606448593365,-0.1816934935454163,-0.13385616327153846,-0.16621241916563867,-0.17877393299355362,-0.1666462181960226,-0.13465144758640157,-0.25073295420419944,-0.16930201648487542,-0.26113711847269055,-0.1676126325440405,-0.11066426808372769,-0.11569167199564623,-0.21285321792955417,-0.12139326280047888
649,1519072507,-0.2536125092339743,-0.1942294477895977,-0.1648829964261357,-0.11739874301619277,-0.1627082463032434,-0.2756126239106477,-0.25356421843032534,-0.17870275842383815,-0.24764921591921674,-0.21145586199899566,-0.21060812140043628,-0.13226163591318627,-0.1609100697771413,-0.25441325780483753,-0.1652503681114113,-0.13810057036613552,-0.2687585983858517,-0.1669598596768657,-0.13032393182689192,-0.1333809377495194,-0.13558707014612004,-0.16572560030827102,-0.17069114333744284,-0.14094138998091857,-0.1698934717668523,-0.13957960292146376,-0.16927557615060096,-0.23008008569245866,-0.2549184252466263,-0.2535770339288704,-0.11265217862234195,-0.20706302549335007,-0.10113321496203964,0.0683061915615501,-0.24141310373063588,-0.1675766609243636,-0.21226062835639795,-0.29440999652448924,-0.17596641540311825,-0.21234508994439796,-0.5567771649665584,-0.13748754408245226,-0.2469067206850514,-0.21531972779823255,-0.042223416015498456,-0.17652096302169668,-0.1681761731586546,-0.1664636677134071,-0.14638736757699308,-0.062717822108038,-0.16723933507252636,-0.10082467787438225,-0.22568747280604107,-0.293982197128556,-0.22946860696358384,-0.1018508110416566,-0.17815970675589457,-0.10434059521187668,-0.20337053651855302,-0.17876558974899534,-0.1620303772445195,-0.1774568433870295,-0.13872305247517355,0.619130490680611,-0.20937548076128004,-0.16547819952634601,-0.24597129115239783,-0.1139316483347069,-0.2927194393013387,-0.17905313806126202,-0.20756379132319094,-0.20994042975124624,-0.17295426845132802,-0.10024267886383706,-0.2099976989213553,-0.1786346675562523,-0.10582421756430273,-0.24084598840149943,-0.28988908278156617,-0.18883187415235717,-0.22727729236160926,-0.16585593119804207,-0.1396464454783049,-0.8485330538461792,-0.17780341324217505,-0.2107674454768724,-0.17881959841023717,-0.4726785798926635,-0.2383377305838663,-0.3251279138822997,-0.2477625727677225,-0.11705059777356613,-0.13269875703911205,-0.21609373800204731,-0.289009669790643,-0.2619059696692498,-0.2077621302748403,-0.16915606741361616,-0.10141741332952926,-0.16347107148911122,-0.24134243026431565,-0.11670040072560406,-0.16571383062683917,-0.11682749626252528,-0.11984398109066546,-0.2874693024483104,-0.11488654620098492,-0.2457417189486537,-0.1787800464799725,-0.12143234432131511,-0.16173269956538153,-0.1355166396154724,-0.2059345902983815,-0.17015955014348882,-0.6030847173314248,-0.10015632884907065,-0.17960132495917808,-0.13258809156546544,-0.16444187790886922,-0.17703453356675078,-0.1642862576347967,-0.13274655713686492,-0.24888305578737266,-0.1672678318717097,-0.2589156224442675,-0.1645026242689704,-0.11066426808372769,-0.11319831279760025,-0.21224730761125674,-0.11801873980396398
650,1519072513,-0.25082293652184257,-0.19074502647388739,-0.16042767617183504,-0.1123406187879221,-0.15916353204177772,-0.27274806982347605,-0.2500749472741926,-0.1740956048579644,-0.24489475924071047,-0.20963761186111124,-0.20706939129211666,-0.1280818968591226,-0.15829993229144987,-0.25092439572546493,-0.1612915748428458,-0.1336469767338546,-0.26606380223096093,-0.16397390302184076,-0.12588850121387826,-0.12893503053995234,-0.1303428957965873,-0.16177261031354767,-0.17069114333744284,-0.13582977542751157,-0.1649407712130027,-0.13597389569308274,-0.16531160940903042,-0.2272990598967853,-0.25073617665027126,-0.25060166981298165,-0.11078202471206246,-0.20353302188000477,-0.09892455809906031,-0.26503420481461226,-0.2403487327596277,-0.16350746502340072,-0.21104646677751193,-0.29039487689423255,-0.17204812594014948,-0.21010437803952597,-0.5567771649665584,-0.13389042660700845,-0.24315039991273618,-0.21158145898202851,-0.042223416015498456,-0.1730443078790584,-0.16399896960439506,-0.16348238129027143,-0.14260219225777113,-0.05988404869794419,-0.16305747775287494,-0.09587605383589184,-0.22222490057179026,-0.29064351132663685,-0.22598334902203335,-0.09909303797978715,-0.17414514682121207,-0.09992378581453547,-0.19926206968306254,-0.17509966037063046,-0.15705847600050704,-0.17282440784982286,-0.1348982855185565,0.46146984864081664,-0.2058534736505948,-0.16140284076331168,-0.24296737335593757,-0.11205899011407496,-0.2900409759845459,-0.1756053398825566,-0.2029175078743509,-0.20622824045099916,-0.16895006252232037,-0.0980352668297168,-0.207579384898585,-0.17549573482528727,-0.10086693924211539,-0.23924930775182063,-0.2856009528885708,-0.185354905213358,-0.22449240996551026,-0.1623078885905611,-0.13484138711886984,-0.8481447168001657,-0.17466755954827207,-0.20604331097187703,-0.17536735504692058,-0.47265530561757796,-0.23674509598551066,-0.3251279138822997,-0.2425169069686599,-0.11255190046714922,-0.12889471355499438,-0.2131052367674524,-0.2854443238731415,-0.2597287686641887,-0.20363475748080762,-0.1650800175964206,-0.09701835171779283,-0.1597289789436923,-0.24027674699100873,-0.11220479945315212,-0.16175763515669486,-0.11233346993122618,-0.11533237009061711,-0.2853262806096702,-0.11176747782429301,-0.2419908228070665,-0.17532754520268581,-0.11634949159050598,-0.1580010019105839,-0.13132256566961528,-0.20183246531857746,-0.16570472058750987,-0.6024483605118722,-0.09794983842449531,-0.17541698778670156,-0.12878387644724634,-0.15972043455748394,-0.17181633528634224,-0.16074631679295784,-0.1289367762377916,-0.24703315737054587,-0.1626909164920869,-0.2572495004229503,-0.1601486126838723,-0.11066426808372769,-0.11132829339906576,-0.21103548697466187,-0.1129569553091916
651,1519072519,-0.24942815016577669,-0.18784134204412878,-0.15795249825277913,-0.11009256357535736,-0.1573911749110449,-0.26988351573630437,-0.2486792388117395,-0.17179202807502755,-0.2421403025622042,-0.20842544510252164,-0.20530002623795685,-0.12546955995033285,-0.15718389136254807,-0.2488310784778414,-0.15931217820856305,-0.13173829374859133,-0.2633690060760701,-0.16277952035983076,-0.12367078590737145,-0.12639451213448546,-0.12824522605677421,-0.15979611531618598,-0.17069114333744284,-0.13391291996998395,-0.16295969099146287,-0.13417104207889222,-0.16283413019554882,-0.2252132905500303,-0.24864505235209372,-0.24812219971640767,-0.10891187080178297,-0.20176802007333214,-0.09616373702033615,-0.8761582648375766,-0.23821999081761136,-0.16147286707291927,-0.20922522440918292,-0.289056503684147,-0.16959919502579401,-0.20861057010294465,-0.5567771649665584,-0.13089282871080526,-0.24089660744934704,-0.2100861514555469,-0.042223416015498456,-0.17014709526019317,-0.1616119961448182,-0.16228986672101717,-0.14070960459816015,-0.057183052040449635,-0.16186266137583166,-0.09312681825895272,-0.22083987167808994,-0.2893080370058692,-0.22458924584541315,-0.0968868195302916,-0.17163604686203549,-0.09771538111586486,-0.19720783626531732,-0.17352854777990268,-0.15395103772299923,-0.17108724452337037,-0.132985902040248,0.5505823854459178,-0.2040924700952522,-0.1593651613817945,-0.24221639390682254,-0.1095621124865657,-0.28736251266775314,-0.17388144079320392,-0.20033623929166197,-0.20474336473090032,-0.16694795955781652,-0.09582785479559655,-0.20576564938150727,-0.17392626845980474,-0.09866370443225435,-0.23818485398536807,-0.28417157625757233,-0.18361642074385845,-0.22309996876746077,-0.16053386728682062,-0.13303949023408168,-0.8478534640156556,-0.17309963270132056,-0.20368124371937935,-0.17364123336526227,-0.4726407591956495,-0.235152461387155,-0.3251279138822997,-0.24026876448334736,-0.10974021465063866,-0.12699269181293554,-0.21086386084150627,-0.2840181855061409,-0.25610010032242025,-0.20157107108379127,-0.16304199268782282,-0.09426893821045756,-0.15785793267098286,-0.23867822208104836,-0.10995699881692615,-0.1597795374216227,-0.11008645676557663,-0.11307656459059294,-0.2824689181581499,-0.10989603679827788,-0.2404904643504316,-0.17360129456404247,-0.11409044593236858,-0.15551320347405212,-0.12922552869668674,-0.19978140282867546,-0.16372479634040812,-0.601971092897208,-0.09574334799991997,-0.17332481920046333,-0.12624773303510028,-0.15794989330071446,-0.1700769358595394,-0.15897634637203842,-0.12576195882189717,-0.24564573355792577,-0.16065673187892118,-0.25558337840163303,-0.15828260771883024,-0.11066426808372769,-0.10945827400053128,-0.2080059353831747,-0.11014485281209584
652,1519072524,-0.24733597063167784,-0.18551839450032193,-0.1559723559175344,-0.10728249455965144,-0.15561881778031206,-0.26916737721451145,-0.2472835303492864,-0.1700643454878249,-0.24076307422295107,-0.20660719496463723,-0.20353066118379703,-0.12337969042330102,-0.1549906508363768,-0.24743553364609233,-0.1573327815742803,-0.12919338310157366,-0.26202160799862473,-0.1603907550358108,-0.12089864177423791,-0.1244891233303853,-0.12614755631696115,-0.15781962031882432,-0.08572961197044983,-0.13135711269328046,-0.16097861076992304,-0.13056533485051117,-0.16085214682476354,-0.2231275212032753,-0.24725096948664205,-0.24663451765846328,-0.10704171689150348,-0.20000301826665948,-0.09395508015735682,-0.5983746011907747,-0.2371556198466032,-0.15943826912243783,-0.20801106283029694,-0.28704894386901864,-0.16764005029430962,-0.20786366613465398,-0.5567771649665584,-0.12849475039384273,-0.24014534329488402,-0.2085908439290653,-0.042223416015498456,-0.16840876768887403,-0.15982176605013554,-0.15990483758250865,-0.1381861543853455,-0.054414223781083716,-0.1606678449987884,-0.09092742979740143,-0.21945484278438962,-0.2879725626851015,-0.22319514266879292,-0.09412904646842217,-0.1686251269110236,-0.0949548752425266,-0.19515360284757208,-0.17195743518917486,-0.15208657475649456,-0.16877102675476707,-0.13107351856193944,0.6225578959423456,-0.20233146653990958,-0.15732748200027732,-0.23921247611036228,-0.10768945426593374,-0.28602328100935676,-0.1721575417038512,-0.19827122442551082,-0.20325848901080149,-0.16494585659331268,-0.0936204427614763,-0.2045564923701221,-0.1718336466391614,-0.0964604696223933,-0.23658817333568927,-0.2820275113110746,-0.1818779362743589,-0.22170752756941126,-0.15875984598308013,-0.13123759334929355,-0.8477078376234005,-0.17100906357205192,-0.20190969328000608,-0.1713397377897179,-0.47262912205810675,-0.23409070498825124,-0.3251279138822997,-0.23951938365490985,-0.10692852883412808,-0.1238226555761708,-0.2086224849155601,-0.28259204713914027,-0.2546486329857129,-0.1995073846867749,-0.16100396777922502,-0.09206940740458935,-0.15473952221646708,-0.23761253880774144,-0.10770919818070018,-0.15730691525278254,-0.1072776903085147,-0.11082075909056877,-0.2810402369323897,-0.10740078209692436,-0.23974028512211415,-0.17187504392539912,-0.11126663885969684,-0.15364735464665327,-0.12607997323729392,-0.19773034033877346,-0.16124989103153092,-0.6011756468727674,-0.09353685757534462,-0.17175569276078465,-0.12497966132902726,-0.15617935204394498,-0.16833753643273658,-0.15720637595111897,-0.12322210488918162,-0.2447207843495124,-0.15862254726575548,-0.2544726303874215,-0.1564166027537882,-0.11066426808372769,-0.10758825460199678,-0.20679411474657983,-0.10789517081441923
653,1519072530,-0.24594118427561196,-0.18377618384246674,-0.15399221358228965,-0.1050344393470867,-0.15207410351884637,-0.26558668460554685,-0.2458878218868333,-0.16833666290062224,-0.23938584588369793,-0.2047889448267528,-0.20176129612963722,-0.12076735351451125,-0.1526575815163292,-0.24534221639846876,-0.15485853578142683,-0.1272847001163104,-0.25932681184373396,-0.15800198971179083,-0.11757206881447768,-0.12258373452628513,-0.12352546914219478,-0.15534900157212223,-0.08572961197044983,-0.12944025723575284,-0.1589975305483832,-0.12756057882686028,-0.15887016345397828,-0.22173700830543866,-0.24585688662119037,-0.24514683560051892,-0.10392479370770434,-0.19823801645998684,-0.09174642329437747,-0.7094880666494955,-0.23609124887559502,-0.15689502168433603,-0.20679690125141093,-0.28571057065893307,-0.16568090556282522,-0.20487605026149133,-0.5567771649665584,-0.1266961916561208,-0.23714028667703183,-0.2078431901658245,-0.042223416015498456,-0.16667044011755489,-0.1586282793203471,-0.15811606572862724,-0.1350318416193272,-0.05159849069063654,-0.15887562043322348,-0.08872804133585013,-0.21737729944383916,-0.28596935120395,-0.22180103949217272,-0.09192282801892662,-0.16661784694368234,-0.092746470543856,-0.19309936942982686,-0.17038632259844708,-0.15022211178998987,-0.16703386342831458,-0.12916113508363092,0.5128809275668366,-0.19998346179945276,-0.15427096292800158,-0.23846149666124722,-0.1058167960453018,-0.28468404935096037,-0.16985900958471428,-0.1962062095593597,-0.20103117543065321,-0.1624432278876829,-0.09086117771882597,-0.2039519138644295,-0.16974102481851805,-0.09425723481253226,-0.23499149268601047,-0.28131282299557536,-0.17955995698169278,-0.21961886577233702,-0.1563944842447595,-0.12823443187464664,-0.8474651269696422,-0.16944113672510044,-0.2001381428406328,-0.1690382422141735,-0.47261748492056405,-0.2330289485893475,-0.3251279138822997,-0.2380206219980348,-0.10467918018091962,-0.12192063383411195,-0.20712823429826266,-0.28116590877213965,-0.2539228993173592,-0.19744369828975855,-0.1584564366434778,-0.08931999389725409,-0.15286847594375763,-0.23654685553443455,-0.10489944738541772,-0.15483429308394234,-0.10503067714286514,-0.10856495359054459,-0.28032589631950966,-0.10552934107090921,-0.23823992666547925,-0.1689979595276602,-0.10900759320155945,-0.1511595562101215,-0.12293441777790111,-0.19516651222639597,-0.15926996678442917,-0.600698379258103,-0.09077874454462545,-0.17018656632110596,-0.12180948206384469,-0.1544088107871755,-0.16659813700593373,-0.15425642524958658,-0.12131721443964495,-0.2433333605368923,-0.15658836265258977,-0.25280650836610424,-0.15455059778874614,-0.11066426808372769,-0.10447155560443931,-0.20618820442828237,-0.10564548881674261
654,1519072535,-0.24384900474151314,-0.1820339731846116,-0.15151703566323374,-0.10166235652823959,-0.15030174638811353,-0.26487054608375393,-0.24379425919315365,-0.16603308611768539,-0.23800861754444477,-0.2035767780681632,-0.19881235437270423,-0.11867748398747942,-0.1501924516687317,-0.24394667156671973,-0.1523842899885734,-0.1234673341457839,-0.2579794137662886,-0.15680760704978086,-0.11479992468134415,-0.12067834572218497,-0.12037896453247515,-0.15337250657476054,-0.08572961197044983,-0.12752340177822521,-0.15701645032684336,-0.12575772521266979,-0.156888180083193,-0.2189559825097653,-0.2444628037557387,-0.24365915354257453,-0.10205463979742485,-0.19588468071775664,-0.08898560221565331,-0.37614767027333307,-0.23502687790458685,-0.15435177424623422,-0.2055827396725249,-0.2837030108438047,-0.16372176083134085,-0.20412914629320067,-0.5567771649665584,-0.12489763291839891,-0.2363890225225688,-0.20634788263934287,-0.042223416015498456,-0.16493211254623574,-0.15743479259055868,-0.15692355115937298,-0.13250839140651255,-0.048799354694264274,-0.1576808040561802,-0.08652865287429884,-0.21599227055013884,-0.28463387688318237,-0.22040693631555253,-0.08971660956943107,-0.16461056697634108,-0.0905380658451854,-0.1905315776576453,-0.16881521000771926,-0.1483576488234852,-0.16529670010186212,-0.1266112904458862,0.6225578959423456,-0.1982224582441101,-0.1522332835464844,-0.23620855831390206,-0.10331991841779252,-0.2826752018633658,-0.16813511049536156,-0.19414119469320856,-0.20028873757060378,-0.16044112492317905,-0.08865376568470573,-0.20274275685304435,-0.16817155845303552,-0.09205400000267122,-0.2339270389195579,-0.2791687580490777,-0.1778214725121932,-0.2182264245742875,-0.15343778207185868,-0.12523127039999973,-0.8469797056621253,-0.16787320987814894,-0.19836659240125956,-0.16731212053251518,-0.4726058477830213,-0.23196719219044373,-0.3251279138822997,-0.2365218603411598,-0.10242983152771117,-0.12001861209205311,-0.2048868583723165,-0.27973977040513903,-0.2524714319806518,-0.1948640902934881,-0.15590890550773057,-0.08657058038991883,-0.15099742967104815,-0.23494833062447418,-0.10265164674919175,-0.15285619534887018,-0.1027836639772156,-0.10574519671551437,-0.2781828744808694,-0.10365790004489407,-0.2359893889805269,-0.1666962920094691,-0.10674854754342206,-0.1480498081644568,-0.12083738080497257,-0.19311544973649397,-0.15729004253732742,-0.6003802008483268,-0.08857225412005011,-0.16861743988142727,-0.11990737450473514,-0.1514579086925597,-0.1648587375791309,-0.15189646468836068,-0.11941232399010829,-0.23917108909903204,-0.15353708573284122,-0.248918890316364,-0.15268459282370409,-0.11066426808372769,-0.10260153620590483,-0.2049763837916875,-0.103395806819066
655,1519072541,-0.24245421838544726,-0.18029176252675644,-0.149536893327989,-0.09829027370939249,-0.14793860354713642,-0.2634382690401681,-0.24239855073070055,-0.16430540353048273,-0.23663138920519164,-0.2005463611716892,-0.19704298931854441,-0.1165876144604476,-0.14880452141840372,-0.24185335431909616,-0.1484254967200079,-0.1202861958370118,-0.2566320156888432,-0.1544188417257609,-0.11258220937483733,-0.1187729569180848,-0.11775687735770879,-0.14843126908135634,-0.17069114333744284,-0.12496759450152173,-0.15454010004991856,-0.12395487159847925,-0.1549061967124077,-0.21617495671409198,-0.24306872089028703,-0.24217147148463014,-0.09769094734010604,-0.194119678911084,-0.08401612427394982,-1.4872823248605411,-0.23183376499156236,-0.1523171762957528,-0.2019402549358669,-0.27968789121354803,-0.16176261609985645,-0.20263533835661934,-0.5567771649665584,-0.12309907418067699,-0.23413523005917966,-0.20335726758637965,-0.042223416015498456,-0.1631937849749166,-0.15564456249587602,-0.15513477930549158,-0.13061580374690157,-0.04606805029976336,-0.15529117130209366,-0.08377941729735972,-0.2132222127627382,-0.28062745392087934,-0.2176187299623121,-0.08530417267043996,-0.16260328700899981,-0.08777755997184715,-0.1884773442399001,-0.1667203932200822,-0.14587169820147897,-0.16182237344895714,-0.12469890696757768,0.46146984864081664,-0.19528745231853908,-0.14968618431958794,-0.23470659941567193,-0.0989503825696513,-0.27999673854657303,-0.16296341322730346,-0.19155992611051964,-0.1973189861304061,-0.15793849621754924,-0.08368708860793515,-0.20092902133596663,-0.16607893663239218,-0.08929995649034492,-0.23126590450342657,-0.2748806281560823,-0.1749239983963606,-0.21683398337623802,-0.14988973946437772,-0.12282874122028219,-0.8467855371391186,-0.16630528303119746,-0.19600452514876188,-0.1632845032753125,-0.4725942106454785,-0.22984367939263622,-0.3251279138822997,-0.2357724795127223,-0.10018048287450271,-0.11811659034999426,-0.20264548244637035,-0.2754613553041372,-0.25101996464394444,-0.19280040389647177,-0.151832855690535,-0.08437104958405062,-0.14850270130743556,-0.23175128080455343,-0.10040384611296578,-0.14840547544495783,-0.10053665081156604,-0.1034893912154902,-0.2760398526422292,-0.09991501799286379,-0.23448903052389203,-0.1632437907321824,-0.1039247404707503,-0.14618395933705797,-0.11874034383204402,-0.19055162162411646,-0.1543201561666748,-0.6000620224385504,-0.08415927327089943,-0.16704831344174859,-0.11800526694562559,-0.1473266457600976,-0.16311933815232804,-0.15012649426744124,-0.11750743354057162,-0.23824613989061863,-0.1489601703532184,-0.24836351630925824,-0.14957458454863398,-0.11066426808372769,-0.09886149740883585,-0.20194683220020032,-0.10114612482138939
656,1519072547,-0.2396646456733155,-0.17448439366723925,-0.14557660865749955,-0.093794163284263,-0.14439388928567073,-0.26128985347478934,-0.23960713380579435,-0.16085003835607742,-0.2331883183570588,-0.1999402777923944,-0.1923246825074516,-0.111885408024626,-0.1461192906915565,-0.23906226465559807,-0.14644610008572514,-0.1164688298664853,-0.25393721953395243,-0.15203007640174093,-0.10759234993519698,-0.11369192010715104,-0.11356153787808261,-0.14645477408399465,-0.08572961197044983,-0.11985597994811474,-0.14958739949606897,-0.11974821316536803,-0.14995123828544452,-0.2147844438162553,-0.23958351372665784,-0.2387002133494266,-0.09582079342982656,-0.1894130074266236,-0.08125530319522566,-1.3206121266724598,-0.23023720853505011,-0.14773933090716956,-0.2007260933569809,-0.27834951800346247,-0.1573545404540166,-0.1996477224834567,-0.5567771649665584,-0.1183029175467519,-0.23188143759579052,-0.20036665253341643,-0.042223416015498456,-0.15797880226095917,-0.1520641023065107,-0.15274975016698306,-0.12619976587447596,-0.04323932817917061,-0.15230413035948548,-0.07938064037425713,-0.21114466942218774,-0.2792919796001117,-0.2148305236090717,-0.08309795422094442,-0.15758508709064667,-0.08336075057450594,-0.18385531904997332,-0.1635781680386266,-0.1421427722684696,-0.15834804679605216,-0.11959921769208828,0.4134861749765314,-0.19176544520785385,-0.1456108255565536,-0.23245366106832677,-0.09582928553526472,-0.2779878910589784,-0.16123951413795076,-0.18742989637821736,-0.19583411041030727,-0.15393429028854158,-0.0814796765738149,-0.1985107073131963,-0.16294000390142713,-0.08434267816815756,-0.230201450736974,-0.2741659398405831,-0.17144702945736146,-0.21335288038111427,-0.14752437772605706,-0.1192249474507059,-0.8463486579623535,-0.16316942933729447,-0.19246142427001534,-0.16155838159365418,-0.4725680270860073,-0.22825104479428057,-0.3251279138822997,-0.2320255753705347,-0.09511944840478367,-0.11431254686587658,-0.2011512318290729,-0.2747482861206369,-0.247391296302176,-0.18815710950318495,-0.14928532455478777,-0.07997198797231418,-0.14476060876201663,-0.2306855975312465,-0.09590824484051384,-0.14642737770988568,-0.09604262448026694,-0.0984138288404358,-0.27389683080358895,-0.09804357696684865,-0.2322384928389397,-0.16151754009353905,-0.09884188773994117,-0.1424522616822603,-0.1140220106429548,-0.18644949664431246,-0.1503603076724713,-0.599425665618998,-0.0819527828463241,-0.16338701841583164,-0.1142010518274065,-0.1443757436654818,-0.15732134006298523,-0.1459965632852959,-0.11306268915831941,-0.23639624147379185,-0.14641743958676126,-0.24614202028083523,-0.14522057296353585,-0.11066426808372769,-0.09699147801030136,-0.1995231909270106,-0.09608434032661702
657,1519072552,-0.2396646456733155,-0.17448439366723925,-0.14557660865749955,-0.093794163284263,-0.14439388928567073,-0.26128985347478934,-0.23960713380579435,-0.16085003835607742,-0.2331883183570588,-0.1987281110338048,-0.1923246825074516,-0.111885408024626,-0.14355835222593266,-0.23906226465559807,-0.14644610008572514,-0.1164688298664853,-0.25393721953395243,-0.15203007640174093,-0.10703792110857027,-0.11369192010715104,-0.11356153787808261,-0.14645477408399465,-0.17069114333744284,-0.11985597994811474,-0.14958739949606897,-0.11914726196063787,-0.14995123828544452,-0.21339393091841866,-0.23958351372665784,-0.2387002133494266,-0.09395063951954707,-0.1894130074266236,-0.07904664633224633,-0.2094774720852519,-0.22917283756404194,-0.14773933090716956,-0.20011901256753792,-0.27834951800346247,-0.1573545404540166,-0.1996477224834567,-0.5567771649665584,-0.1183029175467519,-0.23188143759579052,-0.20036665253341643,-0.042223416015498456,-0.15797880226095917,-0.1520641023065107,-0.1515572355977288,-0.12493804076806864,-0.04044380024672767,-0.15230413035948548,-0.07938064037425713,-0.21114466942218774,-0.2792919796001117,-0.2148305236090717,-0.08089173577144887,-0.15758508709064667,-0.08336075057450594,-0.18385531904997332,-0.1635781680386266,-0.1421427722684696,-0.15834804679605216,-0.11959921769208828,0.6465497327744882,-0.19176544520785385,-0.1456108255565536,-0.23245366106832677,-0.09395662731463278,-0.2779878910589784,-0.16123951413795076,-0.1869136426616796,-0.19583411041030727,-0.15393429028854158,-0.07927226453969465,-0.19790612880750372,-0.16294000390142713,-0.08434267816815756,-0.22913699697052148,-0.2741659398405831,-0.17144702945736146,-0.21335288038111427,-0.14752437772605706,-0.1192249474507059,-0.8463486579623535,-0.16264678705497732,-0.19187090745689092,-0.16155838159365418,-0.47256511780162164,-0.22718928839537683,-0.3251279138822997,-0.2320255753705347,-0.09511944840478367,-0.11241052512381774,-0.19890985590312674,-0.2747482861206369,-0.247391296302176,-0.18815710950318495,-0.14928532455478777,-0.07942210527084713,-0.14476060876201663,-0.2296199142579396,-0.09590824484051384,-0.14642737770988568,-0.09491911789744217,-0.0984138288404358,-0.27389683080358895,-0.0961721359408335,-0.2322384928389397,-0.16151754009353905,-0.09884188773994117,-0.14183031207312738,-0.11349775139972267,-0.18644949664431246,-0.1503603076724713,-0.599425665618998,-0.07974629242174876,-0.16338701841583164,-0.1142010518274065,-0.1443757436654818,-0.15732134006298523,-0.1459965632852959,-0.11306268915831941,-0.23593376686958517,-0.14641743958676126,-0.24614202028083523,-0.14522057296353585,-0.11066426808372769,-0.09512145861176688,-0.19891728060871314,-0.09608434032661702
658,1519072558,-0.23826985931724962,-0.1727421830093841,-0.1435964663222548,-0.09098409426855708,-0.14084917502420508,-0.2584252993876176,-0.23821142534334125,-0.15912235576887476,-0.23181109001780567,-0.19751594427521518,-0.1905553174532918,-0.10979553849759419,-0.1409585724286765,-0.23696894740797453,-0.14298215597573033,-0.11392391921946762,-0.2519161224177844,-0.14964131107772097,-0.10426577697543675,-0.11178653130305088,-0.11093945070331626,-0.14447827908663297,-0.17069114333744284,-0.11793912449058712,-0.14760631927452914,-0.11734440834644734,-0.14796925491465923,-0.21200341802058198,-0.23818943086120617,-0.23572484923353784,-0.09208048560926758,-0.18764800561995096,-0.07683798946926698,0.012749458832189704,-0.22810846659303377,-0.14570473295668812,-0.1989048509886519,-0.2770111447933769,-0.15441582335679002,-0.19815391454687536,-0.5567771649665584,-0.11650435880903,-0.22962764513240141,-0.19887134500693482,-0.042223416015498456,-0.15624047468964003,-0.15027387221182806,-0.14857594917459313,-0.12241459055525399,-0.037619407802850106,-0.1511093139824422,-0.07718125191270583,-0.20906712608163724,-0.277956505279344,-0.21273936884414138,-0.07813396270957942,-0.1555778071233054,-0.08115234587583534,-0.18180108563222808,-0.1620070554478988,-0.14027830930196494,-0.1566108834695997,-0.11768683421377976,0.6465497327744882,-0.18941744046739703,-0.14255430648427786,-0.23095170217009664,-0.09208396909400082,-0.27597904357138386,-0.15951561504859807,-0.18433237407899067,-0.1928643589701096,-0.15143166158291177,-0.07706485250557439,-0.19669697179611856,-0.16084738208078378,-0.08213944335829652,-0.22807254320406894,-0.2727365632095846,-0.16854955534152885,-0.21196043918306479,-0.14515901598773642,-0.11682241827098837,-0.8461544894393468,-0.1600335756433915,-0.18891832339126882,-0.15868151212422368,-0.4725505713796932,-0.22612753199647306,-0.18528337355451507,-0.23052681371365968,-0.09287009975157522,-0.1105085033817589,-0.1974156052858293,-0.2733221477536363,-0.2466655626338223,-0.1860934231061686,-0.14673779341904053,-0.07667269176351187,-0.14288956248930718,-0.22855423098463268,-0.09309849404523139,-0.14395475554104548,-0.09267210473179262,-0.09615802334041162,-0.2717538089649487,-0.0930530675641416,-0.23073813438230478,-0.15748962193670457,-0.09658284208180377,-0.13934251363659558,-0.11140071442679411,-0.18388566853193494,-0.14838038342536955,-0.5989483980043336,-0.07643655678488574,-0.16181789197615296,-0.11103087256222394,-0.14260520240871233,-0.1555819406361824,-0.14422659286437647,-0.11115779870878276,-0.23500881766117176,-0.14438325497359558,-0.24503127226662375,-0.1433545679984938,-0.11066426808372769,-0.0913814198146979,-0.19770545997211827,-0.0938346583289404
659,1519072563,-0.233388107071019,-0.1692577616936738,-0.13963618165176533,-0.0864879838434276,-0.1367136750524951,-0.24410252895175918,-0.2333264457247554,-0.15566699059446948,-0.22699079083041968,-0.1956976941373308,-0.18642679899358558,-0.10561579944353054,-0.13826816285761162,-0.23278231291272738,-0.1390233627071648,-0.10310804896964251,-0.2478739281854482,-0.14605816309169103,-0.0998303463624231,-0.0971785504716163,-0.10621969378873682,-0.1400311653425692,-0.08572961197044983,-0.10707694356459728,-0.14364415883144946,-0.11373870111806629,-0.1440052881730887,-0.20783187932707198,-0.23400718226485112,-0.2327494851176491,-0.07836602360055134,-0.18411800200660566,-0.07407716839054282,0.1794196570202709,-0.22597972465101743,-0.14112688756810488,-0.1970836086203229,-0.2729960251631202,-0.15049753389382126,-0.1817220272444808,-0.5567771649665584,-0.11290724133358619,-0.2138510978886775,-0.18317061597887788,-0.042223416015498456,-0.15276381954700174,-0.14729015538735696,-0.14499840546683035,-0.11168992715079176,-0.034795015358972545,-0.14692745666279078,-0.07278247498960325,-0.20421952495368614,-0.2732823451566572,-0.20786000772597069,-0.07592774426008388,-0.15156324718862288,-0.07673553647849413,-0.17769261879673762,-0.15781742187262468,-0.12660558088093066,-0.15313655681669472,-0.10557507218449241,0.6396949222510189,-0.1858954333567118,-0.13796952787586422,-0.21443015428956536,-0.07959958095645449,-0.27129173276699653,-0.1554931838401084,-0.1802023443466884,-0.1772731639090718,-0.14692692991277814,-0.07375373445439402,-0.1948832362790408,-0.1571852938946579,-0.07773297373857443,-0.22594363567116385,-0.2577281085841007,-0.1650725864025297,-0.20708689498989152,-0.14042829251109515,-0.11261799220648269,-0.8429992509404876,-0.15637507966717135,-0.1853752225125223,-0.1552292687609071,-0.4725272971046077,-0.22400401919866555,-0.18528337355451507,-0.2155391971449094,-0.0878090652818562,-0.09656034393999406,-0.1824730991128549,-0.2576346257166295,-0.23069942193004114,-0.18145012871288183,-0.14164273114754608,-0.07227363015177544,-0.1291685564894378,-0.22642286443801884,-0.08804094261372296,-0.13999856007090117,-0.08817807840049352,-0.09108246096535723,-0.256038315481587,-0.08120060773271237,-0.21423419135932098,-0.15403712065941788,-0.09206475076552899,-0.12565962223567084,-0.10720664048093703,-0.17978354355213094,-0.14442053493116605,-0.5978347735701168,-0.0742300663603104,-0.15815659695023604,-0.09644804794238408,-0.1390641198951734,-0.1521031417825767,-0.13950667174192466,-0.09655363859566835,-0.21697230809711063,-0.14031488574726417,-0.22281631198239366,-0.12967053158818545,-0.06313284111108719,-0.07953796362397948,-0.19588772901722598,-0.08877287383416804
660,1519072569,-0.23059853435888725,-0.16751555103581864,-0.13666596814889825,-0.08367791482772167,-0.13494131792176228,-0.24195411338638043,-0.23053502879984916,-0.15163573122432994,-0.2242363341519134,-0.19387944399944637,-0.18465743393942577,-0.10352592991649873,-0.13558552155287318,-0.22929345083335478,-0.13704396607288205,-0.09992691066087042,-0.24517913203055744,-0.14366939776767107,-0.09761263105591628,-0.09527316166751613,-0.10412202404892373,-0.1375605465958671,-0.08572961197044983,-0.10388218446871791,-0.14116780855452468,-0.11193584750387577,-0.1415278089596071,-0.20505085353139862,-0.23052197510122194,-0.2312618030597047,-0.07649586969027186,-0.18176466626437549,-0.07131634731181866,0.4016465879377125,-0.22385098270900108,-0.13909228961762343,-0.19404820467310788,-0.26965009213790636,-0.14853838916233686,-0.17873441137131815,-0.5567771649665584,-0.11110868259586427,-0.21084604127082532,-0.17868469339943302,-0.042223416015498456,-0.15044604945190954,-0.14430643856288586,-0.14320963361294894,-0.10979733949118078,-0.03196773646395152,-0.14513523209722587,-0.07058308652805194,-0.2014494671662855,-0.269943659354738,-0.20367769819611006,-0.07316997119821445,-0.14955596722128162,-0.07397503060515587,-0.1751248270245561,-0.15572260508498761,-0.12474111791442598,-0.15024128460594058,-0.10366268870618389,0.6396949222510189,-0.18413442980136918,-0.13542242864896775,-0.21217721594222017,-0.07710270332894523,-0.26861326945020375,-0.15262001869118724,-0.17762107576399946,-0.17504585032892353,-0.1449248269482743,-0.07154632242027377,-0.19306950076196308,-0.1545695166188537,-0.07497893022624813,-0.22381472813825878,-0.2548693553221038,-0.16333410193303013,-0.20360579199476778,-0.13865427120735466,-0.11081609532169455,-0.8428050824174809,-0.1542845105379027,-0.18301315526002462,-0.1529277731853627,-0.47251565996706496,-0.22188050640085802,-0.18528337355451507,-0.21179229300272184,-0.08555971662864774,-0.09465832219793521,-0.18023172318690872,-0.25478234898262825,-0.2285222209249801,-0.17938644231586548,-0.13960470623894827,-0.06952421664444018,-0.12605014603492204,-0.2232258146180981,-0.08579314197749699,-0.13752593790206097,-0.08593106523484398,-0.08882665546533305,-0.25389529364294683,-0.07870535303135884,-0.21198365367436864,-0.15231087002077454,-0.08924094369285725,-0.12317182379913907,-0.10510960350800848,-0.17773248106222894,-0.14194562962228885,-0.5971984167505644,-0.07202357593573507,-0.1555413862174382,-0.09454594038327455,-0.1372935786384039,-0.15036374235577388,-0.1377367013210052,-0.09464874814613168,-0.21465993507607714,-0.13828070113409846,-0.2200394419468649,-0.12718252496812937,-0.08689855459740743,-0.077667944225445,-0.19406999806233366,-0.08652319183649143
661,1519072575,-0.2243219957565908,-0.1634503928341566,-0.1322106478945976,-0.0791818044025922,-0.1313966036602966,-0.23622500521203704,-0.22355648648758367,-0.14818036604992466,-0.21735019245564774,-0.18963686034438276,-0.18052891547971955,-0.09830125609891917,-0.13294948984609353,-0.2230134990904841,-0.13308517280431653,-0.09610954469034391,-0.23911584068205322,-0.14008624978164114,-0.09317720044290263,-0.09019212485658237,-0.09940226713434429,-0.13360755660114373,-0.08572961197044983,-0.10004847355366267,-0.13671037805606004,-0.10772918907076455,-0.1365728505326439,-0.19879354549113362,-0.22355156077396357,-0.22679875688587156,-0.07275556186971288,-0.1782346626510302,-0.06634686937011516,-0.9872717302962974,-0.21852912785396025,-0.1345144442290402,-0.18858447756812088,-0.26295822608747854,-0.14364052733362592,-0.1735060835932835,-0.5567771649665584,-0.10571300638269855,-0.20558719218958402,-0.17345111705674737,-0.042223416015498456,-0.1452310667379521,-0.1389357482788379,-0.13963208990518616,-0.10601216417195881,-0.029136127892215306,-0.14035596658905278,-0.06453476825878589,-0.19521683714463406,-0.26393402491128354,-0.19740423390131914,-0.06875753429922335,-0.1450395872947638,-0.06955822120781466,-0.17101636018906563,-0.1510092673128042,-0.1185262413594104,-0.1461879035108848,-0.09983792174956684,0.2558255329367371,-0.18061242269068392,-0.13134706988593342,-0.20692035979841475,-0.07210894807392669,-0.26258672698742,-0.14917222051248186,-0.1734910460316972,-0.1698487853085776,-0.14092062101926664,-0.06713149835203326,-0.18762829421072985,-0.150384272977567,-0.07002165190406079,-0.21902468618922236,-0.2484371604826107,-0.159857132994031,-0.19733980660354505,-0.13510622859987367,-0.10601103696225948,-0.8422711189792124,-0.14958072999704825,-0.17947005438127808,-0.14890015592816,-0.4724865671232081,-0.21657172440633923,-0.18528337355451507,-0.20579724637522173,-0.0804986821589287,-0.0902202714664646,-0.17425472071771897,-0.24907779551462578,-0.22199061790979688,-0.17474314792257867,-0.1355286564217527,-0.06512515503270375,-0.12230805348950313,-0.2178973982515635,-0.08129754070504505,-0.13307521799814864,-0.08087528561213249,-0.0843150444652847,-0.24889490935278627,-0.07496247097932857,-0.20598221984782908,-0.14885836874348782,-0.08472285237658246,-0.11944012614434142,-0.10039127031891926,-0.17363035608242494,-0.1374908000663099,-0.5959257031114594,-0.06761059508658439,-0.14978792260528304,-0.09074172526505546,-0.13257213528701864,-0.1457253438842996,-0.13360677033885987,-0.08956904028070058,-0.21096013824242357,-0.13370378575447564,-0.21670719790423038,-0.12220651172801723,-0.08689855459740743,-0.07392790542837603,-0.18861680519765672,-0.0808989868422999
662,1519072580,-0.22362460257855785,-0.1634503928341566,-0.1322106478945976,-0.0791818044025922,-0.1313966036602966,-0.23622500521203704,-0.22355648648758367,-0.14818036604992466,-0.21735019245564774,-0.18963686034438276,-0.18052891547971955,-0.09830125609891917,-0.1303160475614227,-0.2230134990904841,-0.13308517280431653,-0.09610954469034391,-0.23911584068205322,-0.14008624978164114,-0.09317720044290263,-0.09019212485658237,-0.09940226713434429,-0.13360755660114373,-0.08572961197044983,-0.10004847355366267,-0.13671037805606004,-0.10772918907076455,-0.1365728505326439,-0.19879354549113362,-0.22355156077396357,-0.22679875688587156,-0.07275556186971288,-0.1782346626510302,-0.06634686937011516,0.6238735188551541,-0.21852912785396025,-0.1345144442290402,-0.18858447756812088,-0.26295822608747854,-0.14364052733362592,-0.1735060835932835,-0.5567771649665584,-0.10571300638269855,-0.20558719218958402,-0.17345111705674737,-0.042223416015498456,-0.1452310667379521,-0.1389357482788379,-0.13963208990518616,-0.10601216417195881,-0.026326167704055055,-0.14035596658905278,-0.06453476825878589,-0.19521683714463406,-0.26393402491128354,-0.19740423390131914,-0.06875753429922335,-0.1450395872947638,-0.06955822120781466,-0.17101636018906563,-0.1510092673128042,-0.1185262413594104,-0.1461879035108848,-0.09983792174956684,0.6396949222510189,-0.18061242269068392,-0.13134706988593342,-0.20541840090018462,-0.07210894807392669,-0.26258672698742,-0.14917222051248186,-0.1734910460316972,-0.1698487853085776,-0.14092062101926664,-0.06713149835203326,-0.18762829421072985,-0.150384272977567,-0.07002165190406079,-0.21902468618922236,-0.2484371604826107,-0.159857132994031,-0.19733980660354505,-0.13510622859987367,-0.10601103696225948,-0.8422711189792124,-0.14958072999704825,-0.17947005438127808,-0.14890015592816,-0.4724865671232081,-0.21657172440633923,-0.18528337355451507,-0.20579724637522173,-0.0804986821589287,-0.0902202714664646,-0.17425472071771897,-0.24907779551462578,-0.22199061790979688,-0.17474314792257867,-0.1355286564217527,-0.06512515503270375,-0.12230805348950313,-0.2178973982515635,-0.08129754070504505,-0.13307521799814864,-0.08087528561213249,-0.0843150444652847,-0.24889490935278627,-0.07496247097932857,-0.20598221984782908,-0.14885836874348782,-0.08472285237658246,-0.11944012614434142,-0.10039127031891926,-0.17363035608242494,-0.1374908000663099,-0.5959257031114594,-0.06761059508658439,-0.14978792260528304,-0.09074172526505546,-0.13257213528701864,-0.1457253438842996,-0.13360677033885987,-0.08956904028070058,-0.21096013824242357,-0.13370378575447564,-0.21670719790423038,-0.12220651172801723,-0.08689855459740743,-0.07392790542837603,-0.18861680519765672,-0.0808989868422999
663,1519072586,-0.2180454571542943,-0.15938523463249457,-0.12775532764029696,-0.07468569397746272,-0.12667031797834236,-0.22977975851590077,-0.21797365263777124,-0.14414910667978512,-0.21184127909863518,-0.18478819331002433,-0.17699018537139993,-0.09412151704485554,-0.12775510909579887,-0.2167335473476134,-0.12764183206003896,-0.0922921787198174,-0.2317051512561036,-0.1353087191336012,-0.08818734100326228,-0.08638134724838205,-0.09468251021976484,-0.12965456660642038,-0.08572961197044983,-0.09621476263860743,-0.13274821761298036,-0.10171967702346281,-0.13260888379107336,-0.1918409810019503,-0.21797522931215688,-0.2238233927699828,-0.06839186941239407,-0.1747046590376849,-0.061929555644156496,-0.7094880666494955,-0.21427164396992757,-0.12993659884045694,-0.18494199283146287,-0.2576047332471363,-0.13972223787065716,-0.1675308518469582,-0.5567771649665584,-0.10211588890725475,-0.1995770789538797,-0.16896519447730254,-0.042223416015498456,-0.14175441159531382,-0.1353552880894726,-0.1348620316281691,-0.10096526374632954,-0.023488064617246052,-0.136771517457923,-0.06013599133568329,-0.18829169267613247,-0.2585921276282129,-0.19182782119483832,-0.06379354278785836,-0.14052320736824594,-0.06458931063580581,-0.16690789335357517,-0.14681963373753007,-0.11479731542640104,-0.14271357685797983,-0.09601315479294978,0.32094623290969565,-0.17591641320977028,-0.12676229127751978,-0.20091252420549427,-0.06836363163266279,-0.2558905686954381,-0.14572442233377644,-0.16936101629939493,-0.16316684456813282,-0.136415889349133,-0.06216482127526269,-0.18339624467088178,-0.14567587388111947,-0.0656151822843387,-0.21423464424018593,-0.24414903058961532,-0.15522117440869881,-0.1910738212123223,-0.1303755051232324,-0.10180661089775381,-0.8418342398024472,-0.14487694945619375,-0.17592695350253157,-0.1442971647770712,-0.4724603835637369,-0.2117938206112723,-0.17736764485671594,-0.20130096140459663,-0.07599998485251179,-0.08578222073499396,-0.16827771824852922,-0.24479938041362392,-0.21763621589967475,-0.17061577512854598,-0.1309431003774077,-0.06017621071950027,-0.11794227885318107,-0.21363466515833585,-0.07623998927353662,-0.1286244980942363,-0.075819505989421,-0.07923948209023031,-0.24318018444974565,-0.06997196157662151,-0.2014811444779244,-0.14367961682755778,-0.08020476106030766,-0.11446452927127787,-0.0951486778865979,-0.16901546548014543,-0.1335309515721064,-0.5941757218576901,-0.06209436902514604,-0.14560358543280655,-0.08566943844076334,-0.12785069193563336,-0.14224654503069395,-0.12947683935671453,-0.08575925938162725,-0.2063353922003566,-0.1286183242215614,-0.21226420584738434,-0.11847450179793313,-0.08689855459740743,-0.06894118703228407,-0.1849813432878721,-0.07639962284694668
664,1519072591,-0.21665067079822842,-0.15880449774654287,-0.1267652564726746,-0.07356166637118035,-0.12489796084760951,-0.2283474814723149,-0.21657794417531814,-0.1429973182883167,-0.21046405075938204,-0.1829699431721399,-0.17522082031724012,-0.09307658228133962,-0.12523301196180733,-0.21533800251586438,-0.1266521337428976,-0.0884748127492909,-0.22968405413993553,-0.1347115278025962,-0.08707848335000887,-0.0851110880456486,-0.0936336753498583,-0.12866631910773954,-0.08572961197044983,-0.0923810517235522,-0.13175767750221046,-0.10111872581873264,-0.1316178921056807,-0.19045046810411362,-0.2165811464467052,-0.223327498750668,-0.06714510013887443,-0.1735279911665698,-0.060825227212666824,0.6794302515845145,-0.21214290202791125,-0.12891929986521622,-0.18312075046313386,-0.2562663600370507,-0.13874266550491496,-0.16678394787866754,-0.5567771649665584,-0.1015163693280141,-0.19882581479941663,-0.16746988695082093,-0.042223416015498456,-0.14117496907154078,-0.13416180135968417,-0.13426577434354195,-0.09718008842710757,-0.020686042169730322,-0.13617410926940135,-0.05903629710490765,-0.18690666378243215,-0.25725665330744524,-0.19043371801821812,-0.06269043356311058,-0.13951956738457533,-0.0634851082864705,-0.16588077664470255,-0.14577222534371154,-0.11355434011539792,-0.142134522415829,-0.09218838783633272,0.6499771380362229,-0.17474241083954187,-0.12523403174138192,-0.20016154475637923,-0.06773941222578547,-0.2545513370370417,-0.1451497893039922,-0.16832850886631937,-0.16168196884803399,-0.13541483786688108,-0.06106111525820256,-0.18158250915380406,-0.14462956297079776,-0.06396275617694293,-0.21210573670728083,-0.2434343422741161,-0.1546416795855323,-0.1896813800142728,-0.12978416468865223,-0.10060534630789504,-0.8413002763641787,-0.14383166489155944,-0.1747459198762827,-0.1437217908831851,-0.4724545649949655,-0.2096703078134648,-0.17736764485671594,-0.19980219974772162,-0.07487531052590757,-0.08451420624028806,-0.16678346763123178,-0.24408631123012361,-0.21691048223132106,-0.1690680103307837,-0.1299240879231088,-0.05907644531656617,-0.11669491467137476,-0.21150329861172204,-0.07511608895542363,-0.1276354492267002,-0.07469599940659623,-0.07811157934021823,-0.2417515032239855,-0.06872433422594475,-0.19998078602128952,-0.14310419994801002,-0.07907523823123896,-0.11384257966214494,-0.09410015940013362,-0.16747716861271894,-0.13254098944855552,-0.5938575434479139,-0.06099112381285837,-0.1445575011396874,-0.08503540258772682,-0.12726051151671022,-0.14166674522175965,-0.12829685907610158,-0.08448933241526947,-0.20124817155408295,-0.12760123191497852,-0.2083765877976441,-0.11723049848790511,-0.08689855459740743,-0.06769450743326107,-0.1831636123329798,-0.07527478184810837
665,1519072597,-0.21316370490806372,-0.15706228708868772,-0.12429007855361866,-0.07075159735547443,-0.12312560371687668,-0.22619906590693614,-0.21308867301918538,-0.14069374150537983,-0.20770959408087578,-0.18054560965496072,-0.1734514552630803,-0.09098671275430781,-0.12269019945094525,-0.2125469128523663,-0.12467273710861483,-0.08592990210227322,-0.22698925798504474,-0.13291995380958124,-0.08486076804350205,-0.08320569924154844,-0.09153600561004521,-0.12619570036103744,-0.08572961197044983,-0.09046419626602457,-0.12977659728067062,-0.09931587220454212,-0.12963590873489544,-0.1876694423084403,-0.21379298071580186,-0.22183981669272362,-0.0646515615918351,-0.17058632148878206,-0.05751224191819783,0.6794302515845145,-0.2100141600858949,-0.12637605242711444,-0.18008534651591884,-0.2535896136168796,-0.13678352077343056,-0.16454323597379555,-0.5567771649665584,-0.0997178105902922,-0.19657202233602752,-0.1637316181346169,-0.042223416015498456,-0.13943664150022164,-0.13296831462989572,-0.13247700248966057,-0.09528750076749659,-0.017878246819927668,-0.13438188470383644,-0.05683690864335635,-0.18344409154818136,-0.25458570466590985,-0.1869484600766676,-0.05882955127649337,-0.13751228741723406,-0.0601725012384646,-0.1627994265180847,-0.14367740855607447,-0.11168987714889324,-0.1403973590893765,-0.08900108203915184,0.6431223275127536,-0.17298140728419925,-0.12319635235986474,-0.19640664751080392,-0.06461831519139889,-0.2518728737202489,-0.14227662415507103,-0.16626349400016824,-0.1587122174078363,-0.13341273490237723,-0.05774999720702218,-0.1797687736367263,-0.14253694115015442,-0.06120871266461662,-0.20944460229114947,-0.24129027732761837,-0.15290319511603273,-0.1868964976181738,-0.12623612208117127,-0.0988034494231069,-0.841106107841172,-0.1417410957622908,-0.17297436943690947,-0.14199566920152681,-0.47244292785742276,-0.2075467950156573,-0.17736764485671594,-0.19755405726240907,-0.07262596187269911,-0.08261218449822923,-0.1645420917052856,-0.2419471036796227,-0.21473328122625998,-0.16700432393376735,-0.12686705056021214,-0.056327031809230904,-0.11357650421685898,-0.20883909042845475,-0.07286828831919766,-0.12565735149162804,-0.07244898624094667,-0.07529182246518801,-0.23960848138534527,-0.06560526584925284,-0.1969800691080197,-0.14137794930936665,-0.07681619257310157,-0.11073283161648022,-0.09200312242720507,-0.16542610612281694,-0.13056106520145377,-0.5932211866283614,-0.05768138817599536,-0.14246533255344918,-0.08313329502861727,-0.12548997025994074,-0.1399273457949568,-0.12593689851487566,-0.08258444196573282,-0.19893579853304946,-0.12556704730181284,-0.20559971776211533,-0.11412049021283502,-0.08689855459740743,-0.06520114823521508,-0.1813458813780875,-0.07302509985043176
666,1519072603,-0.21037413219593196,-0.15532007643083257,-0.12230993621837394,-0.0679415283397685,-0.12135324658614384,-0.22405065034155738,-0.21029725609427918,-0.13896605891817718,-0.2042665232327429,-0.1781212761377815,-0.1716820902089205,-0.08889684322727598,-0.12005157832205679,-0.2097558231888682,-0.12269334047433209,-0.08274876379350113,-0.22429446183015397,-0.13053118848556128,-0.08264305273699522,-0.08003005123471484,-0.08943833587023212,-0.12421920536367576,-0.08572961197044983,-0.08790838898932109,-0.12779551705913078,-0.0975130185903516,-0.12765392536411016,-0.18488841651276694,-0.21030777355217267,-0.22035213463477926,-0.06278140768155561,-0.1688213196821094,-0.0553035850552185,0.7349869843138749,-0.20788541814387856,-0.12434145447663299,-0.17826410414758984,-0.2502436805916657,-0.1348243760419462,-0.16230252406892356,-0.5567771649665584,-0.09791925185257029,-0.1943182298726384,-0.16148865684489447,-0.042223416015498456,-0.1376983139289025,-0.13058134117031886,-0.13009197335115202,-0.09339491310788561,-0.015061792116694625,-0.13139484376122826,-0.05408767306641723,-0.18067403376078073,-0.2512470188639907,-0.18416025372342718,-0.056623332826997816,-0.1355050074498928,-0.057964096539793994,-0.16074519310033947,-0.14105888757152815,-0.10920392652688701,-0.13634397799432071,-0.08708869856084332,0.6362675169892843,-0.17004640135862822,-0.12115867297834758,-0.19415370916345875,-0.06274565697076695,-0.24919441040345616,-0.14055272506571834,-0.16368222541747932,-0.15648490382768807,-0.13091010619674745,-0.055542585172901934,-0.17735045961395599,-0.13992116387435022,-0.05900547785475558,-0.20678346787501814,-0.23771683575012223,-0.1500057210002001,-0.1841116152220748,-0.12446210077743078,-0.09700155253831876,-0.8409119393181653,-0.13912788435070497,-0.17061230218441178,-0.1402695475198685,-0.47243129071988,-0.2048924040183979,-0.17736764485671594,-0.19455653394865902,-0.06981427605618853,-0.07944214826146448,-0.16230071577933944,-0.23838175776212114,-0.21110461288449153,-0.164940637536751,-0.12482902565161434,-0.05412750100336269,-0.11170545794414953,-0.20670772388184092,-0.07062048768297169,-0.1236792537565559,-0.06907846649247236,-0.07303601696516383,-0.23746545954670503,-0.06373382482323771,-0.1947295314230674,-0.1396516986707233,-0.07399238550042983,-0.10886698278908138,-0.08990608545427653,-0.16286227801043943,-0.1270961977690257,-0.5925848298088089,-0.05437165253913235,-0.13985012182065137,-0.08123118746950773,-0.12253906816532495,-0.13818794636815396,-0.12416692809395624,-0.08067955151619616,-0.19708590011622268,-0.1230243165353557,-0.20393359574079806,-0.11225448524779297,-0.08689855459740743,-0.06208444923765761,-0.1795281504231952,-0.06965057685391685
667,1519072608,-0.20618977312773432,-0.1506741813432188,-0.11933972271550684,-0.06456944552092139,-0.11780853232467817,-0.21975381921079984,-0.20541227647569332,-0.1360865879395061,-0.19944622404535695,-0.17630302599989708,-0.16814336010060088,-0.08471710417321233,-0.11744144083636535,-0.2055691886936211,-0.11972424552290795,-0.08020385314648346,-0.21957856855909513,-0.12754523183053632,-0.079316479777235,-0.07621927362651451,-0.08629183126051249,-0.12125446286763324,-0.08572961197044983,-0.08343572625508996,-0.1238333566160511,-0.09450826256670072,-0.1236899586225396,-0.18071687781925694,-0.2054284835230918,-0.21737677051889048,-0.0602878691345163,-0.16470298213320655,-0.05254276397649433,0.4016465879377125,-0.20469230523085408,-0.12128955755091084,-0.17644286177926083,-0.24622856096140902,-0.13139587276184853,-0.15856800422747025,-0.5567771649665584,-0.0931230952186452,-0.19056190910032317,-0.15775038802869046,-0.042223416015498456,-0.1330627737387181,-0.12640413761605934,-0.1271106869280164,-0.09087146289507098,-0.012226575481029083,-0.12840780281862008,-0.05078859037409029,-0.17651894707967977,-0.2472405959016877,-0.17928089260525648,-0.05441711437750227,-0.13149044751521027,-0.05465148949178809,-0.15715028461928532,-0.1373929581931633,-0.10609648824937921,-0.13344870578356657,-0.08262647044479009,0.5505823854459178,-0.166524394247943,-0.11759273406069252,-0.19114979136699853,-0.060248779343257675,-0.2445070995990688,-0.1382541929465814,-0.1605847031182526,-0.1535151523874904,-0.1279069517499917,-0.05278332013025162,-0.17493214559118567,-0.1367822311433852,-0.055700625639964016,-0.20465456034211305,-0.23485808248812529,-0.1471082468843675,-0.17993429162792632,-0.12209673903911013,-0.09459902335860122,-0.8405236022721518,-0.135992030656802,-0.16765971811878966,-0.137392678050438,-0.4724109257291802,-0.2022380130211385,-0.15757832311221812,-0.19006024897803392,-0.06587791591307374,-0.0769061192720527,-0.15931221454474456,-0.2355294810281199,-0.2067502108743694,-0.16132918634197238,-0.12177198828871766,-0.05082820479456037,-0.10858704748963377,-0.20457635733522708,-0.06668683656957625,-0.12071210715394767,-0.06570794674399803,-0.06852440596511547,-0.23317941586942456,-0.061862383797222566,-0.19022845605316271,-0.1367746142729844,-0.06947429418415504,-0.10637918435254962,-0.08676052999488372,-0.1592729186531109,-0.12412631139837307,-0.5916302945794802,-0.05216516211455701,-0.13618882679473443,-0.07806100820432516,-0.118997985651786,-0.13354954789667972,-0.12121697739242385,-0.07686977061712283,-0.19431105249098252,-0.11946449346231572,-0.20171209971237505,-0.1097664786277369,-0.11066426808372769,-0.060214429839123125,-0.17589268851341058,-0.06571363335798279
668,1519072614,-0.20200541405953665,-0.1471897600275085,-0.11636950921263974,-0.06175937650521547,-0.11544538948370105,-0.21187629547107772,-0.20052729685710746,-0.1337830111565692,-0.19462592485797095,-0.17327260910342307,-0.1646046299922813,-0.08210476726442256,-0.11478728317482395,-0.20138255419837398,-0.11675515057148382,-0.07384157652893927,-0.21553637432675898,-0.12515646650651635,-0.07598990681747476,-0.06859771841011386,-0.08366974408574614,-0.11730147287290989,-0.08572961197044983,-0.07768515988250711,-0.12086173628374136,-0.09150350654304985,-0.12022148772366537,-0.1758500826768286,-0.20124623492673677,-0.21440140640300173,-0.05280725349339835,-0.16234964639097638,-0.0486776144662805,0.901657182501956,-0.20149919231782956,-0.11772901113756831,-0.17340745783204584,-0.24154425472610958,-0.12796736948175083,-0.15035206057627298,-0.5567771649665584,-0.0913245364809233,-0.18154673924676665,-0.14877854286980077,-0.042223416015498456,-0.1301655611198529,-0.12401716415648245,-0.12353314322025358,-0.08393197480983071,-0.009413007228939506,-0.12482335368749027,-0.04748950768176335,-0.17236386039857882,-0.2425664357790009,-0.17509858307539586,-0.050556232090885056,-0.12797770757236307,-0.05133888244378218,-0.15406893449266748,-0.13372702881479842,-0.09926012403886207,-0.13113248801496327,-0.07688932000986451,0.6465497327744882,-0.16417638950748614,-0.11453621498841678,-0.18213803797761782,-0.05213392705385256,-0.24048940462387963,-0.13423176173809176,-0.1569709271024881,-0.14460589806689736,-0.12440327156210998,-0.049472202079071236,-0.17190925306272278,-0.13364329841242015,-0.052395773425172446,-0.20146119904275542,-0.22556713438663528,-0.1442107727685349,-0.17575696803377783,-0.11914003686620932,-0.09219649417888369,-0.8391158804803531,-0.13233353468058184,-0.16411661724004314,-0.1345158085810075,-0.4723905607384804,-0.19905274382442723,-0.15757832311221812,-0.1818170598652213,-0.06250389293326104,-0.06739601056175848,-0.1495995855323112,-0.22625958164261592,-0.19804140685412513,-0.15771773514719375,-0.11871495092582099,-0.047528908585758055,-0.10172654448969909,-0.20084646587865287,-0.0627531854561808,-0.1172504361175714,-0.06121392041269893,-0.06570464909008526,-0.2253216691277437,-0.05375280601782362,-0.1804761260850359,-0.13447294675479327,-0.0666504871114833,-0.0989157890429543,-0.0836149745354909,-0.1561963249182579,-0.12115642502772045,-0.5906757593501515,-0.048855426477694,-0.13305057391537706,-0.06981854211485046,-0.11663726397609336,-0.13065054885200833,-0.11826702669089147,-0.06925020881897617,-0.18182423817740173,-0.11641321654256717,-0.18782774953473125,-0.1023024587675687,-0.08689855459740743,-0.052734352244985176,-0.17346904724022083,-0.062339110361467866
669,1519072620,-0.1992158413474049,-0.14544754936965335,-0.11438936687739501,-0.05951132129265073,-0.11308224664272393,-0.2082956028621131,-0.1970380257009747,-0.13205532856936655,-0.19187146817946468,-0.17145435896553868,-0.16283526493812148,-0.08001489773739075,-0.11210982071430317,-0.19719591970312683,-0.11378605562005968,-0.07193289354367602,-0.21216787913314553,-0.1221705098514914,-0.07321776268434123,-0.06669232960601369,-0.08104765691097977,-0.1153249778755482,-0.08572961197044983,-0.07576830442497949,-0.11838538600681656,-0.08970065292885933,-0.11774400851018377,-0.1730690568811553,-0.19845806919583342,-0.21291372434505734,-0.048443561036079545,-0.16058464458430372,-0.046468957603301164,0.901657182501956,-0.19883826489030915,-0.11569441318708687,-0.17158621546371683,-0.23886750830593845,-0.12600822475026646,-0.148111348671401,-0.5567771649665584,-0.08952597774320138,-0.17779041847445143,-0.14653558158007834,-0.042223416015498456,-0.12784779102476068,-0.1222269340617998,-0.12114811408174506,-0.0807776620438124,-0.006588614785061944,-0.12303112912192538,-0.04529011922021205,-0.168901288164328,-0.23989548713746556,-0.17231037672215543,-0.04835001364138951,-0.1259704276050218,-0.049130477745111575,-0.15201470107492224,-0.13163221202716135,-0.09739566107235739,-0.12939532468851078,-0.07497693653155597,0.6396949222510189,-0.16124138358191512,-0.1119891157615203,-0.17988509963027263,-0.05026126883322061,-0.23781094130708688,-0.13250786264873907,-0.15490591223633698,-0.14163614662669968,-0.12140011711535421,-0.04560923101936079,-0.17009551754564503,-0.13102752113661598,-0.05019253861531141,-0.19933229150985035,-0.22342306944013757,-0.14073380382953574,-0.17297208563767882,-0.11677467512788868,-0.08919333270423678,-0.8389217119573463,-0.12972032326899605,-0.16234506680066987,-0.1322143130054631,-0.47237892360093764,-0.1969292310266197,-0.15625903499591826,-0.17956891737990874,-0.059692207116750474,-0.06549398881969964,-0.14735820960636503,-0.224120374092115,-0.19586420584906408,-0.1556540487501774,-0.11616741979007375,-0.04532937777988984,-0.09985549821698962,-0.19871509933203904,-0.05938148450184185,-0.1147778139487312,-0.05896690724704938,-0.06344884359006109,-0.22317864728910347,-0.051881364991808475,-0.17822558840008357,-0.13044502859795878,-0.06439144145334591,-0.09704994021555548,-0.08151793756256236,-0.15363249680588043,-0.1191765007806187,-0.5898803133257109,-0.045545690840830995,-0.1309584053291388,-0.06538029114359487,-0.11486672271932388,-0.12891114942520548,-0.11649705626997203,-0.06607539140308175,-0.17997433976057495,-0.11437903192940146,-0.186161627513414,-0.10043645380252665,-0.08689855459740743,-0.0489943134479162,-0.17104540596703108,-0.06008942836379126
670,1519072625,-0.1957288754572402,-0.1437053387117982,-0.11191418895833909,-0.05613923847380362,-0.11130988951199108,-0.20614718729673434,-0.19354875454484197,-0.12917585759069547,-0.18911701150095842,-0.16963610882765426,-0.16047611153257507,-0.07740256082860097,-0.11017552239901399,-0.19440483003962875,-0.11180665898577694,-0.06747929991139509,-0.20947308297825476,-0.11978174452747145,-0.0704456185512077,-0.06415181120054682,-0.07842556973621342,-0.1128543591288461,-0.08572961197044983,-0.07193459350992425,-0.11640430578527673,-0.08789779931466882,-0.1157620251393985,-0.1695927746365636,-0.19566990346493007,-0.21142604228711298,-0.04657340712580006,-0.15705464097095842,-0.043708136524577,0.4016465879377125,-0.1967095229482928,-0.1126425162613647,-0.1685508115165018,-0.23619076188576732,-0.12404908001878207,-0.14362992486165702,-0.5567771649665584,-0.08712789942623884,-0.17553662601106232,-0.14429262029035592,-0.042223416015498456,-0.12610946345344154,-0.12043670396711714,-0.11935934222786365,-0.0776233492777941,-0.003823394589625354,-0.1200440881793172,-0.04309073075866075,-0.16613123037692737,-0.23722453849593023,-0.16952217036891504,-0.04614379519189395,-0.12396314763768056,-0.045817870697105675,-0.1484197925938681,-0.12848998684570576,-0.09553119810585271,-0.1276581613620583,-0.06987724725606657,0.6259853012040802,-0.1594803800265725,-0.10995143638000314,-0.1768811818338124,-0.04776439120571135,-0.2344628621610959,-0.13020933052960212,-0.15284089737018586,-0.1394088330465514,-0.11939801415085038,-0.04340181898524054,-0.1676772035228747,-0.12841174386081178,-0.04798930380545036,-0.19720338397694526,-0.22127900449363988,-0.13899531936003617,-0.16879476204353033,-0.11500065382414819,-0.08739143581944864,-0.838533374911333,-0.12762975413972738,-0.16057351636129663,-0.1293374435360326,-0.4723643771790092,-0.1942748400293603,-0.15625903499591826,-0.1773207748945962,-0.056880521300239906,-0.0635919670776408,-0.14436970837177016,-0.22198116654161407,-0.193687004844003,-0.15307444075390697,-0.11412939488147597,-0.042579964272554574,-0.09673708776247386,-0.19605089114877175,-0.056571733706559386,-0.11230519177989101,-0.05671989408139983,-0.05950118396501877,-0.2196069442247031,-0.05000992396579333,-0.17447469225849635,-0.12871877795931544,-0.06156763438067416,-0.09394019216989076,-0.07889664134640167,-0.15158143431597842,-0.11719657653351695,-0.5892439565061585,-0.04278757781011182,-0.12886623674290057,-0.06347818358448531,-0.11250600104363126,-0.12717174999840264,-0.11295711542813316,-0.0635355374703662,-0.17627454292692135,-0.11183630116294434,-0.18282938347077948,-0.0985704488374846,-0.08689855459740743,-0.04650095424987022,-0.16922767501213878,-0.0572773258666955
671,1519072631,-0.19293930274510843,-0.14196312805394304,-0.10943901103928318,-0.0533291694580977,-0.10953753238125825,-0.20399877173135558,-0.19075733761993574,-0.12687228080775861,-0.18636255482245215,-0.16721177531047504,-0.15811695812702864,-0.07426775653805325,-0.10743332438577267,-0.1916137403761307,-0.10982726235149418,-0.06557061692613184,-0.206778286823364,-0.11799017053445647,-0.06767347441807417,-0.06224642239644665,-0.07580348256144706,-0.110383740382144,-0.08572961197044983,-0.06873983441404488,-0.1144232255637369,-0.08549399449574811,-0.11378004176861321,-0.16681174884089028,-0.19148765486857505,-0.2099383602291686,-0.04470325321552057,-0.1552896391642858,-0.04149947966159767,0.6238735188551541,-0.19458078100627646,-0.11009926882326292,-0.1667295691481728,-0.23217564225551063,-0.12208993528729768,-0.1398954050202037,-0.5567771649665584,-0.08413030153003566,-0.17328283354767318,-0.1398066977109111,-0.042223416015498456,-0.1243711358821224,-0.11745298714264606,-0.11697431308935513,-0.07509989906497946,-0.0009961156946043314,-0.11705704723670902,-0.040341495181721636,-0.16336117258952673,-0.23321811553362723,-0.16533986083905441,-0.043386022130024515,-0.1219558676703393,-0.043057364823767416,-0.14636555917612284,-0.12587146586115944,-0.09304524748384649,-0.12418383470915334,-0.0666899414588857,0.6294127064658149,-0.15713237528611568,-0.10791375699848597,-0.17462824348646722,-0.0458917329850794,-0.23178439884430313,-0.12733616538068096,-0.15025962878749693,-0.13718151946640317,-0.11739591118634654,-0.04119440695112029,-0.16586346800579696,-0.12631912204016843,-0.04413364288819354,-0.19454224956081392,-0.21699087460064448,-0.1372568348905366,-0.16461743844938181,-0.11322663252040771,-0.0849889066397311,-0.8382421221268228,-0.12501654272814156,-0.1576209322956745,-0.12761132185437432,-0.47234983075708076,-0.1921513272315528,-0.15625903499591826,-0.17282448992397112,-0.05463117264703145,-0.06105593808822901,-0.142128332445824,-0.2177027514406122,-0.19150980383894195,-0.15049483275763653,-0.11209136997287818,-0.04038043346668636,-0.0936186773079581,-0.19391952460215792,-0.05432393307033342,-0.11032709404481886,-0.0539111276243379,-0.05611747571498251,-0.21746392238606285,-0.04689085558910143,-0.172224154573544,-0.1269925273206721,-0.05817906589346807,-0.09207434334249193,-0.07627534513024099,-0.14850484058112542,-0.11422669016286431,-0.588607599686606,-0.04058108738553648,-0.12625102601010274,-0.06157607602537577,-0.11073545978686178,-0.1254323505715998,-0.11059715486690726,-0.06163064702082953,-0.1739621699058879,-0.10980211654977864,-0.18060788744235648,-0.0948384389074005,-0.08689855459740743,-0.044630934851335735,-0.16740994405724646,-0.055027643869018886
672,1519072636,-0.18666276414281194,-0.137897969852281,-0.10547872636879371,-0.0493950728361094,-0.10599281811979258,-0.1982696635570122,-0.18377879530767025,-0.12341691563335332,-0.17947641312618645,-0.16296919165541143,-0.15398843966732242,-0.06904308272047369,-0.10478952441266658,-0.18533378863326,-0.10586846908292867,-0.06175325095560533,-0.20071499547485974,-0.11440702254842654,-0.06323804380506053,-0.05716538558551289,-0.07160814308182088,-0.10643075038742064,-0.08572961197044983,-0.06490612349898965,-0.10996579506527226,-0.08188828726736708,-0.10882508334165002,-0.16055444080062525,-0.18521428197404252,-0.20547531405533545,-0.0409629453949616,-0.1517596355509405,-0.03653000171989417,-0.26503420481461226,-0.18925892615123563,-0.10603007292230003,-0.1624800036220718,-0.2268221494151684,-0.11719207345858673,-0.13541398121045972,-0.5567771649665584,-0.07873462531686994,-0.16727272031196883,-0.13532077513146626,-0.042223416015498456,-0.11973559569193802,-0.11327578358838652,-0.11339676938159234,-0.0713147237457575,0.0018441522305622702,-0.1134725981055792,-0.03374332979706775,-0.1571285425678753,-0.22787621825055657,-0.1597634481325736,-0.03842203061865953,-0.11743948774382146,-0.038640555426426214,-0.14225709234063239,-0.12168183228588529,-0.08620888327332933,-0.12070950805624837,-0.06350263566170482,0.38949433814438883,-0.15302336699031624,-0.10383839823545163,-0.1693713873426618,-0.04089797773006086,-0.2250882405523212,-0.12388836720197555,-0.14561334533865686,-0.13124201658600781,-0.11339170525733887,-0.03677958288287978,-0.16042226145456376,-0.1221338783988817,-0.03862555586354093,-0.1897522076117775,-0.21270274470764908,-0.13377986595153746,-0.15904767365718384,-0.10967858991292674,-0.08078448057522543,-0.8378052429500578,-0.12083540446960427,-0.15348731460380358,-0.12415907849105771,-0.47232364719760955,-0.18684254523703397,-0.15625903499591826,-0.16757882412490852,-0.04957013817731242,-0.05725189460411133,-0.13615132997663423,-0.21342433633961036,-0.18497820082375874,-0.14585153836434972,-0.10801532015568262,-0.035981371854949935,-0.08987658476253918,-0.1891239498722768,-0.04982833179788148,-0.10637089857467455,-0.0494171012930388,-0.0521698160899402,-0.21103485687014217,-0.04252415986173277,-0.165472541518687,-0.1235400260433854,-0.053660974577193286,-0.08834264568769427,-0.0720812711843839,-0.1438899499788459,-0.11026684166866081,-0.5873348860475011,-0.0361681065363858,-0.1215436466910667,-0.057771860907156684,-0.1060140164354765,-0.12079395210012556,-0.10705721402506839,-0.05718590263857732,-0.17026237307223432,-0.10522520117015581,-0.17727564339972196,-0.08924042401227433,-0.08689855459740743,-0.04089089605426676,-0.16195675119256955,-0.04996585937424651
673,1519072642,-0.185965370964779,-0.137897969852281,-0.10547872636879371,-0.04883305903296822,-0.10599281811979258,-0.1982696635570122,-0.18377879530767025,-0.12341691563335332,-0.17947641312618645,-0.1617570248968218,-0.15398843966732242,-0.06852061533871573,-0.1022751955450015,-0.18533378863326,-0.10586846908292867,-0.06175325095560533,-0.20071499547485974,-0.11440702254842654,-0.06268361497843382,-0.05716538558551289,-0.07108372564686762,-0.10643075038742064,-0.08572961197044983,-0.06426717167981377,-0.10996579506527226,-0.08008543365317655,-0.10882508334165002,-0.15985918435170693,-0.18521428197404252,-0.20547531405533545,-0.04033956075820177,-0.1517596355509405,-0.035425673288404506,0.7349869843138749,-0.18819455518022746,-0.10603007292230003,-0.1612658420431858,-0.2268221494151684,-0.11719207345858673,-0.13541398121045972,-0.5567771649665584,-0.0781351057376293,-0.16727272031196883,-0.13532077513146626,-0.042223416015498456,-0.11973559569193802,-0.11327578358838652,-0.11339676938159234,-0.07068386119255383,0.004634628873504153,-0.1134725981055792,-0.03374332979706775,-0.15643602812102517,-0.22787621825055657,-0.1597634481325736,-0.037318921393911755,-0.11743948774382146,-0.03808845425175856,-0.14225709234063239,-0.12168183228588529,-0.08620888327332933,-0.12070950805624837,-0.06286517450226864,0.6431223275127536,-0.15302336699031624,-0.10383839823545163,-0.1678694284444317,-0.04027375832318354,-0.2250882405523212,-0.12388836720197555,-0.14561334533865686,-0.13049957872595838,-0.11339170525733887,-0.035675876865819654,-0.15981768294887116,-0.1221338783988817,-0.03862555586354093,-0.18868775384532493,-0.21270274470764908,-0.13377986595153746,-0.15904767365718384,-0.10908724947834658,-0.08078448057522543,-0.8377567008193061,-0.12083540446960427,-0.15348731460380358,-0.12415907849105771,-0.47232364719760955,-0.18578078883813023,-0.15362045876331856,-0.16757882412490852,-0.04957013817731242,-0.055983880109405436,-0.13540420466798553,-0.21342433633961036,-0.18497820082375874,-0.14585153836434972,-0.10750581392853317,-0.035981371854949935,-0.08925290267163603,-0.1880582665989699,-0.04982833179788148,-0.10637089857467455,-0.04885534800162641,-0.05160586471493416,-0.21103485687014217,-0.041900346186394384,-0.165472541518687,-0.1235400260433854,-0.05309621316265894,-0.08834264568769427,-0.07103275269791963,-0.1438899499788459,-0.11026684166866081,-0.5873348860475011,-0.03506486132409813,-0.1215436466910667,-0.057771860907156684,-0.1060140164354765,-0.12079395210012556,-0.10705721402506839,-0.05718590263857732,-0.17026237307223432,-0.10522520117015581,-0.17727564339972196,-0.08924042401227433,-0.11066426808372769,-0.03964421645524377,-0.1607449305559747,-0.04996585937424651
674,1519072648,-0.1789914391844496,-0.13383281165061897,-0.10151844169830425,-0.044898962410979924,-0.10067574672759406,-0.1918244168608759,-0.17819596145785782,-0.119961550458948,-0.17396749976917392,-0.158120524621053,-0.14927013285622961,-0.06381840890289414,-0.09954853406441312,-0.1790538368903893,-0.10091997749722179,-0.05793588498507882,-0.19465170412635552,-0.10962949190038661,-0.05824818436542018,-0.05335460797731256,-0.06688838616724144,-0.10247776039269728,-0.08572961197044983,-0.05979450894558266,-0.10550836456680762,-0.07587877522006534,-0.10486111660007946,-0.15360187631144193,-0.17894090907950996,-0.2024999499394467,-0.035975868300882966,-0.1482296319375952,-0.03156052377819067,0.0683061915615501,-0.18500144226720294,-0.10094357804609642,-0.15883751888541378,-0.22146865657482614,-0.11278399781274687,-0.1279449415275531,-0.5567771649665584,-0.07393846868294485,-0.16201387123072752,-0.1293395450255398,-0.042223416015498456,-0.11625894054929974,-0.10969532339902122,-0.10862671110457528,-0.06626782332012822,0.007472731960313158,-0.1098881489744494,-0.02934455287396516,-0.14951088365252357,-0.2225343209674859,-0.15348998383778267,-0.03345803910729454,-0.11292310781730362,-0.03367164485441735,-0.13814862550514193,-0.11749219871061116,-0.08247995734031999,-0.11665612696119258,-0.059677868705087754,0.46146984864081664,-0.14832735750940257,-0.09874419978165871,-0.16186159285151122,-0.03652844188191964,-0.21973131391873565,-0.12044056902327015,-0.1409670618898168,-0.12307520012546419,-0.10888697358720524,-0.03181290580610921,-0.1561902119147157,-0.11742547930243416,-0.03421908624381885,-0.18496216566274104,-0.2084146148146537,-0.1297234021893718,-0.15208546766693634,-0.10435652600170528,-0.07658005451071975,-0.8371741952502859,-0.11613162392874979,-0.14935369691193262,-0.11898071344608281,-0.4723003729225241,-0.18206464144196707,-0.15362045876331856,-0.1623331583258459,-0.045071440870895506,-0.05217983662528775,-0.12868007689014704,-0.2091459212386085,-0.17917233147692924,-0.14120824397106294,-0.10241075165703871,-0.030482544840279405,-0.08551081012621711,-0.18486121677904915,-0.044770780366373046,-0.10142565423699416,-0.04436132167032731,-0.04765820508989185,-0.2067488131928617,-0.0381574641343641,-0.16097146614878233,-0.11893669100700315,-0.0480133604318498,-0.08336704881463072,-0.06683867875206254,-0.1392750593765664,-0.10581201211268186,-0.5854258155888437,-0.031203503081091287,-0.1173593095185902,-0.05269957408286456,-0.10247293392193756,-0.11673535343758559,-0.10233729290261658,-0.05337612173950399,-0.16378772861334057,-0.10064828579053299,-0.1700557813073472,-0.08550841408219023,-0.11066426808372769,-0.035904177658174795,-0.15832128928278494,-0.045466495378893294
675,1519072653,-0.1755044732942849,-0.13267133787871555,-0.10052837053068188,-0.04265090719841519,-0.09831260388661694,-0.18967600129549714,-0.17470669030172506,-0.11880976206747958,-0.17121304309066762,-0.1575144412417582,-0.14868034450484302,-0.06225100675762027,-0.09779808471885022,-0.17626274722689123,-0.0999302791800804,-0.05602720199981556,-0.19195690797146475,-0.10843510923837663,-0.05603046905891335,-0.0514492191732124,-0.06531513386238162,-0.10148951289401645,-0.08572961197044983,-0.05787765348805504,-0.10451782445603772,-0.07467687281060499,-0.10387012491468683,-0.1508208505157686,-0.17615274334860662,-0.2015081619008171,-0.034105714390603475,-0.14646463013092256,-0.02935186691521134,0.2905331224789917,-0.1839370712961948,-0.09941762958323534,-0.1576233573065278,-0.21879191015465502,-0.11180442544700467,-0.1257042296226811,-0.5567771649665584,-0.07273942952446358,-0.15976007876733841,-0.12709658373581736,-0.042223416015498456,-0.11510005550175365,-0.10850183666923278,-0.107434196535321,-0.06437523566051724,0.010193212163026086,-0.10869333259740613,-0.027145164412413866,-0.14674082586512294,-0.21986337232595057,-0.15070177748454228,-0.031251820657798995,-0.11191946783363299,-0.03146324015574675,-0.136607950441833,-0.11644479031679263,-0.08061549437381531,-0.11607707251904176,-0.056490562907906876,0.6362675169892843,-0.14774035632428836,-0.09670652040014154,-0.158857675055051,-0.034655783661287694,-0.2170528506019429,-0.11929130296370168,-0.13993455445674124,-0.12084788654531593,-0.10788592210495332,-0.02960549377198896,-0.15498105490333053,-0.11637916839211247,-0.032015851433957805,-0.1838977118962885,-0.206270549868156,-0.12856441254303877,-0.14930058527083734,-0.10317384513254496,-0.07477815762593161,-0.8367373160735208,-0.11508633936411547,-0.1487631800988082,-0.11840533955219672,-0.47229455435375267,-0.1810028850430633,-0.15362045876331856,-0.16008501584053336,-0.04282209221768705,-0.05027781488322891,-0.12643870096420087,-0.20700671368810758,-0.17699513047186816,-0.14017640077255478,-0.1013917392027398,-0.028283014034411195,-0.08363976385350765,-0.18379553350574224,-0.04252297973014708,-0.10043660536945809,-0.04211430850467776,-0.04483844821486163,-0.20460579135422147,-0.036286023108348955,-0.15797074923551255,-0.11778585724790759,-0.045754314773712404,-0.0815011999872319,-0.06526590102236612,-0.1382495281316154,-0.10482204998913099,-0.5847894587692911,-0.028997012656515945,-0.11631322522547108,-0.05079746652375502,-0.10070239266516809,-0.11557575381971702,-0.10056732248169714,-0.05147123128996733,-0.15916298257127362,-0.0991226473306587,-0.16672353726471267,-0.08364240911714818,-0.08689855459740743,-0.03403415825964031,-0.15710946864619005,-0.04321681338121668
676,1519072659,-0.1727149005821531,-0.13034839033490866,-0.0970631214440036,-0.0387168105764269,-0.0965402467558841,-0.18752758573011838,-0.17191527337681886,-0.11535439689307427,-0.16845858641216135,-0.15145360744881017,-0.14573140274791,-0.05911620246707254,-0.09515428474574411,-0.17347165756339314,-0.09696118422865627,-0.051573608367534635,-0.18926211181657399,-0.10544915258335168,-0.05325832492577983,-0.04954383036911224,-0.062168629252662,-0.09803064664863351,-0.08572961197044983,-0.05468289439217568,-0.10154620412372796,-0.07227306799168429,-0.10089714985850891,-0.14803982472009525,-0.17336457761770327,-0.19952458582355792,-0.030988791206804332,-0.14293462651757727,-0.026038881620742343,-0.653931333920135,-0.1796795874121621,-0.09636573265751319,-0.1533737917804268,-0.21544597712944114,-0.1088657083497781,-0.12346351771780913,-0.5567771649665584,-0.07034135120750104,-0.15750628630394928,-0.12335831491961334,-0.042223416015498456,-0.11278228540666145,-0.10611486320965592,-0.10504916739681248,-0.062482648000906256,0.013026985573119898,-0.10451147527775469,-0.024395928835474746,-0.1439707680777223,-0.2165246865240314,-0.14721651954299175,-0.026839383758807893,-0.1089085478826211,-0.028150633107740845,-0.13301304196077884,-0.1122551567415185,-0.07750805609630751,-0.11144463698183513,-0.05457817942959835,0.3586476907887769,-0.14421834921360313,-0.09415942117324508,-0.1566047367077058,-0.031534686626901114,-0.21437438728515013,-0.11584350478499628,-0.13580452472443896,-0.11862057296516768,-0.1043822419170716,-0.025742522712278514,-0.15135358386917505,-0.1127170802059866,-0.0292618079216315,-0.17804321618079955,-0.20341179660615907,-0.12508744360403962,-0.14651570287473833,-0.09962580252506399,-0.07237562844621408,-0.8364460632890106,-0.11195048567021249,-0.14462956240693725,-0.11552847008276622,-0.47227709864743855,-0.1767558594474483,-0.15362045876331856,-0.15783687335522084,-0.04001040640117648,-0.04837579314117007,-0.12419732503825472,-0.20344136777060604,-0.17481792946680708,-0.13708087117703024,-0.09782519561269369,-0.024983717825608875,-0.07989767130808874,-0.1789999587758611,-0.03971322893486462,-0.09746945876684986,-0.03986729533902821,-0.04201869133983142,-0.20246276951558123,-0.03254314105631868,-0.1557202115505602,-0.11548418972971645,-0.042365746286506314,-0.07776950233243424,-0.062120345562973314,-0.1346601687742869,-0.10086220149492749,-0.5841531019497387,-0.025687277019652937,-0.1131749723461137,-0.04826132311160896,-0.0977514905705523,-0.1132565545839799,-0.09820736192047123,-0.04893137735725178,-0.15685060955024013,-0.09607137041091016,-0.1639466672291839,-0.08115440249709212,-0.11066426808372769,-0.03154079906159433,-0.15347400673640543,-0.04096713138354007
677,1519072665,-0.1671357551578896,-0.1251217583613432,-0.09260780118970295,-0.0347827139544386,-0.09299553249441843,-0.18323075459936083,-0.16633243952700646,-0.11132313752293475,-0.16226105888552222,-0.14902927393163096,-0.14160288428820378,-0.0549364634130089,-0.09290407693317877,-0.16788947823639697,-0.09300239096009076,-0.04839247005876254,-0.18387251950679245,-0.10186600459732173,-0.04937732313939289,-0.04446279355817847,-0.058497707207989094,-0.09407765665391014,-0.08572961197044983,-0.05021023165794456,-0.09659350356987836,-0.06866736076330325,-0.09594219143154573,-0.1424777731287486,-0.16709120472317074,-0.19555743366903958,-0.02724848338624536,-0.13822795503311688,-0.02217373211052851,-1.1539419284843786,-0.17542210352812945,-0.09229653675655031,-0.15033838783321177,-0.21009248428909888,-0.10445763270393824,-0.11898209390806515,-0.5567771649665584,-0.06614471415281659,-0.15299870137717103,-0.1188723923401685,-0.042223416015498456,-0.10698786016893097,-0.10134091629050217,-0.10147162368904969,-0.05869747268168429,0.015922817682798143,-0.10092702614662487,-0.019997151912372155,-0.13843065250292103,-0.21118278924096073,-0.14164010683651093,-0.023530056084564568,-0.10389034796426795,-0.023733823710399636,-0.12839101677085207,-0.1075418189693351,-0.07377913016329816,-0.10797031032893016,-0.05011595131354512,0.2729625592454104,-0.1406963421029179,-0.09008406241021073,-0.15209886001301545,-0.027789370185637215,-0.2083478448223664,-0.11239570660629086,-0.1316744949921367,-0.11416594580487116,-0.10037803598806393,-0.021879551652568073,-0.14772611283501957,-0.10853183656469989,-0.024855338301909415,-0.17484985488144192,-0.19912366671316367,-0.12161047466504048,-0.14094593808254036,-0.09607775991758302,-0.06937246697156717,-0.8360577262429972,-0.10776934741167518,-0.14108646152819074,-0.11207622671944961,-0.47225091508796735,-0.17303971205128513,-0.15362045876331856,-0.15184182672772073,-0.034949371931457446,-0.044571749657052386,-0.1197145731863624,-0.19916295266960418,-0.16901206011997758,-0.13243757678374343,-0.09374914579549812,-0.02058465621387245,-0.07615557876266982,-0.17580290895594036,-0.034655677503356186,-0.09351326329670555,-0.035373269007729115,-0.03750708033978306,-0.1974623852254207,-0.02942407267962677,-0.15121913618065552,-0.11203168845242976,-0.03784765497023152,-0.07403780467763658,-0.058450530860348356,-0.1305580437944829,-0.09690235300072399,-0.5828803883106337,-0.02237754138278993,-0.10846759302707765,-0.04382307214035335,-0.09362022763809018,-0.10803835630357138,-0.09466742107863237,-0.043851669491820684,-0.15315081271658657,-0.09149445503128732,-0.1606144231865494,-0.07742239256700802,-0.11066426808372769,-0.02842410006403685,-0.14983854482662082,-0.0359053468887677
678,1519072670,-0.1671357551578896,-0.1251217583613432,-0.09260780118970295,-0.0347827139544386,-0.09299553249441843,-0.18323075459936083,-0.16633243952700646,-0.11132313752293475,-0.16226105888552222,-0.14902927393163096,-0.14160288428820378,-0.0549364634130089,-0.09071860467333395,-0.16788947823639697,-0.09300239096009076,-0.04839247005876254,-0.18387251950679245,-0.10186600459732173,-0.04937732313939289,-0.04446279355817847,-0.058497707207989094,-0.09407765665391014,-0.08572961197044983,-0.05021023165794456,-0.09659350356987836,-0.06866736076330325,-0.09594219143154573,-0.1424777731287486,-0.16709120472317074,-0.19555743366903958,-0.02724848338624536,-0.13822795503311688,-0.02217373211052851,0.1794196570202709,-0.17542210352812945,-0.09229653675655031,-0.15033838783321177,-0.21009248428909888,-0.10445763270393824,-0.11898209390806515,-0.5567771649665584,-0.06614471415281659,-0.15299870137717103,-0.1188723923401685,-0.042223416015498456,-0.10698786016893097,-0.10134091629050217,-0.10147162368904969,-0.05869747268168429,0.018595671441643948,-0.10092702614662487,-0.019997151912372155,-0.13843065250292103,-0.21118278924096073,-0.14164010683651093,-0.023530056084564568,-0.10389034796426795,-0.023733823710399636,-0.12839101677085207,-0.1075418189693351,-0.07377913016329816,-0.10797031032893016,-0.05011595131354512,0.6431223275127536,-0.1406963421029179,-0.09008406241021073,-0.15209886001301545,-0.027789370185637215,-0.2083478448223664,-0.11239570660629086,-0.1316744949921367,-0.11416594580487116,-0.10037803598806393,-0.021879551652568073,-0.14772611283501957,-0.10853183656469989,-0.024855338301909415,-0.17484985488144192,-0.19912366671316367,-0.12161047466504048,-0.14094593808254036,-0.09607775991758302,-0.06937246697156717,-0.8360577262429972,-0.10776934741167518,-0.14108646152819074,-0.11207622671944961,-0.47225091508796735,-0.17303971205128513,-0.15362045876331856,-0.15184182672772073,-0.034949371931457446,-0.043937742409699436,-0.1197145731863624,-0.19916295266960418,-0.16901206011997758,-0.13243757678374343,-0.09374914579549812,-0.02058465621387245,-0.07615557876266982,-0.17580290895594036,-0.034655677503356186,-0.09351326329670555,-0.03481151571631672,-0.03750708033978306,-0.1974623852254207,-0.02942407267962677,-0.15121913618065552,-0.11203168845242976,-0.03784765497023152,-0.07403780467763658,-0.058450530860348356,-0.1305580437944829,-0.09690235300072399,-0.5828803883106337,-0.02237754138278993,-0.10846759302707765,-0.04382307214035335,-0.09362022763809018,-0.10803835630357138,-0.09466742107863237,-0.043851669491820684,-0.15315081271658657,-0.09149445503128732,-0.1606144231865494,-0.07742239256700802,-0.11066426808372769,-0.02842410006403685,-0.14983854482662082,-0.0359053468887677
679,1519072676,-0.16434618244575783,-0.12337954770348804,-0.09062765885445823,-0.031972644938732676,-0.09004160394319703,-0.18036620051218916,-0.16354102260210024,-0.1095954549357321,-0.1588179880373894,-0.14721102379374656,-0.13983351923404397,-0.05232412650421912,-0.08833633633321876,-0.16509838857289888,-0.09052814516723733,-0.04584755941174487,-0.18050402431317897,-0.09947723927330177,-0.04549632135300595,-0.04255740475407831,-0.05587562003322274,-0.09210116165654847,-0.08572961197044983,-0.04765442438124107,-0.09461242334833853,-0.06566260473965238,-0.09396020806076044,-0.13900149088415692,-0.1643030389922674,-0.19307796357246562,-0.02537832947596587,-0.13646295322644422,-0.019965075247549178,0.1238629242909105,-0.1732933615861131,-0.09026193880606886,-0.14851714546488276,-0.20741573786892775,-0.10200870178958275,-0.11674138200319316,-0.5567771649665584,-0.06374663583585405,-0.1507449089137819,-0.11662943105044608,-0.042223416015498456,-0.10524953259761183,-0.09955068619581951,-0.09908659455054117,-0.05428143480925867,0.021400580340303142,-0.09913480158105997,-0.01779776345082086,-0.13496808026867022,-0.2085118405994254,-0.1388519004832705,-0.02077228302269513,-0.10188306799692669,-0.02152541901172903,-0.12633678335310686,-0.10544700218169803,-0.07191466719679349,-0.10623314700247768,-0.04756610667580041,0.6362675169892843,-0.13776133617734687,-0.08753696318331428,-0.14984592166567026,-0.025916711965005265,-0.20566938150557362,-0.11067180751693817,-0.1290932264094478,-0.11119619436467348,-0.09737488154130818,-0.01967213961844782,-0.14591237731794182,-0.1059160592888957,-0.022652103492048374,-0.17272094734853682,-0.19697960176666598,-0.11871300054920786,-0.13816105568644135,-0.09430373861384254,-0.06696993779184963,-0.8358150155892388,-0.10515613600008937,-0.13813387746256864,-0.10977473114390522,-0.4722363686660389,-0.1709161992534776,-0.15362045876331856,-0.14959368424240818,-0.03213768611494688,-0.0407677061729347,-0.11672607195176751,-0.19702374511910328,-0.1661091254465628,-0.1303738903867271,-0.09171112088690034,-0.018385125408004237,-0.07428453248996036,-0.17367154240932653,-0.03184592670807373,-0.09104064112786535,-0.03200274925925479,-0.034687323464752846,-0.19531936338678046,-0.026928817978273248,-0.14896859849570318,-0.10915460405469085,-0.03502384789755978,-0.07217195585023775,-0.05530497540095554,-0.1279942156821054,-0.09492242875362222,-0.5822440314910813,-0.019067805745926918,-0.10637542444083939,-0.041286928728207294,-0.09184968638132071,-0.10629895687676853,-0.09289745065771293,-0.04131181555910513,-0.15130091429975978,-0.08946027041812163,-0.15894830116523212,-0.07555638760196597,-0.11066426808372769,-0.02468406126696788,-0.14802081387172852,-0.03365566489109109
680,1519072681,-0.1601618233775602,-0.12163733704563288,-0.08864751651921349,-0.029724589726167937,-0.08826924681246419,-0.1782177849468104,-0.16074960567719404,-0.10786777234852944,-0.15606353135888312,-0.14539277365586215,-0.13688457747711097,-0.0502342569771873,-0.08585825937507718,-0.16160952649352628,-0.08805389937438388,-0.043938876426481616,-0.1778092281582882,-0.0970884739492818,-0.04327860604649913,-0.040652015949978144,-0.05325353285845638,-0.08913641916050595,-0.08572961197044983,-0.04573756892371345,-0.09263134312679869,-0.06385975112546186,-0.09197822468997517,-0.13622046508848357,-0.16151487326136404,-0.19159028151452123,-0.021638021655406896,-0.1346979514197716,-0.017756418384569844,0.1794196570202709,-0.17116461964409677,-0.08822734085558742,-0.14669590309655375,-0.20473899144875665,-0.09955977087522727,-0.11300686216173984,-0.5567771649665584,-0.06194807709813214,-0.14698858814146668,-0.11438646976072367,-0.042223416015498456,-0.10351120502629269,-0.09776045610113686,-0.09550905084277837,-0.052388847149647685,0.024202602787818873,-0.09614776063845179,-0.015598374989269565,-0.13219802248126958,-0.20517315479750622,-0.1360636941300301,-0.018014509960825695,-0.09987578802958542,-0.01876491313839078,-0.12376899158092532,-0.1028284811971517,-0.0700502042302888,-0.1044959836760252,-0.04501626203805571,0.6259853012040802,-0.13600033262200426,-0.08549928380179711,-0.1453400449709799,-0.024044053744373316,-0.20299091818878084,-0.10779864236801699,-0.12702821154329666,-0.10896888078452523,-0.09537277857680433,-0.01636102156726744,-0.14409864180086407,-0.10330028201309151,-0.02044886868218733,-0.17059203981563176,-0.19483553682016827,-0.1169745160797083,-0.1346799526913176,-0.0919383768755219,-0.06396677631720273,-0.8356208470662321,-0.10202028230618639,-0.13636232702319537,-0.10804860946224693,-0.4722247315284962,-0.1682618082562182,-0.15362045876331856,-0.14734554175709563,-0.029326000298436305,-0.03823167718352291,-0.11448469602582136,-0.19417146838510205,-0.16393192444150176,-0.12779428239045665,-0.0891635897511531,-0.016185594602136026,-0.07178980412634775,-0.1715401758627127,-0.029036175912791267,-0.0890625433927932,-0.02919398280219285,-0.031867566589722625,-0.19317634154814023,-0.023809749601581345,-0.14671806081075084,-0.10685293653649973,-0.03276480223942239,-0.07030610702283893,-0.053207938428027,-0.1259431531922034,-0.09294250450652047,-0.5814485854666407,-0.016309692715207744,-0.10428325585460115,-0.03811674946302472,-0.09007914512455123,-0.10455955744996569,-0.09112748023679351,-0.03877196162638958,-0.149451015882933,-0.08742608580495592,-0.15728217914391487,-0.07369038263692392,-0.11066426808372769,-0.022190702068921896,-0.1462030829168362,-0.03140598289341448
681,1519072687,-0.1573722506654284,-0.11989512638777773,-0.08567730301634639,-0.026352506907320827,-0.08649688968173135,-0.1760693693814316,-0.15726033452106128,-0.10441240717412414,-0.1526204605107503,-0.14236235675938813,-0.13452542407156454,-0.048144387450155486,-0.08326883726625631,-0.1588184368300282,-0.08607450274010112,-0.040757738117709524,-0.17511443200339744,-0.09410251729425685,-0.041060890739992306,-0.03811149754451126,-0.05115586311864329,-0.08666580041380385,-0.08572961197044983,-0.04382071346618583,-0.09065026290525886,-0.06205689751127133,-0.08999624131918989,-0.13343943929281024,-0.1587267075304607,-0.19010259945657687,-0.01914448310836758,-0.13175628174198384,-0.013891268874356015,0.2905331224789917,-0.16797150673107225,-0.08568409341748563,-0.14305341835989574,-0.20206224502858552,-0.09760062614374289,-0.10852543835199588,-0.5567771649665584,-0.06014951836041023,-0.14473479567807754,-0.11064820094451963,-0.042223416015498456,-0.10177287745497354,-0.0959702260064542,-0.09372027898889697,-0.05049625949003671,0.027019057491051914,-0.09435553607288688,-0.012849139412330447,-0.12942796469386894,-0.20183446899558707,-0.1325784361884796,-0.014153627674208481,-0.09786850806224417,-0.016004407265052523,-0.12120119980874378,-0.10073366440951463,-0.06756425360828258,-0.10275882034957272,-0.041828956240874834,0.6259853012040802,-0.1342393290666616,-0.08346160442027993,-0.14308710662363475,-0.020298737303109413,-0.19964283904278987,-0.10492547721909583,-0.12444694296060774,-0.10674156720437697,-0.09287014987117453,-0.01304990351608706,-0.14107574927240119,-0.10068450473728731,-0.01769482516986103,-0.16739867851627413,-0.19269147187367058,-0.1146565367870422,-0.13050262909716911,-0.09016435557178142,-0.062164879432414576,-0.8354266785432254,-0.09992971317691773,-0.13400025977069768,-0.10517173999281643,-0.47221309439095344,-0.16507653905950692,-0.15362045876331856,-0.14509739927178308,-0.027076651645227847,-0.03632965544146407,-0.1122433200998752,-0.1913191916511008,-0.16175472343644068,-0.1252146743941862,-0.08712556484255532,-0.01343618109480076,-0.06929507576273514,-0.1678102844061385,-0.026788375276565295,-0.08658992122395301,-0.026946969636543302,-0.029047809714692403,-0.18960463848373985,-0.02006686754955106,-0.14296716466916362,-0.10512668589785637,-0.03050575658128499,-0.06781830858630715,-0.05111090145509845,-0.1238920907023014,-0.09096258025941872,-0.5808122286470881,-0.012999957078344735,-0.1021910872683629,-0.03621464190391518,-0.08830860386778175,-0.10282015802316286,-0.08817752953526112,-0.03686707117685292,-0.1471386428618995,-0.08539190119179021,-0.15506068311549187,-0.07058037436185383,-0.11066426808372769,-0.019697342870875913,-0.14317353132534905,-0.028593880396318716
682,1519072693,-0.15458267795329664,-0.11815291572992258,-0.08320212509729048,-0.02410445169475609,-0.08472453255099852,-0.17392095381605285,-0.15377106336492855,-0.10210883039118727,-0.149866003832244,-0.13993802324220891,-0.13275605901740473,-0.046054517923123664,-0.08126203513192014,-0.1553295747506556,-0.08409510610581837,-0.03884905513244627,-0.17241963584850667,-0.09231094330124189,-0.038843175433485484,-0.035570979139044376,-0.048533775943876936,-0.08468930541644216,-0.08572961197044983,-0.040625954370306465,-0.08866918268371903,-0.060254043897080806,-0.08801425794840462,-0.13065841349713692,-0.15454445893410565,-0.18861491739863248,-0.017274329198088093,-0.1299912799353112,-0.011682612011376681,0.012749458832189704,-0.16584276478905594,-0.08364949546700419,-0.14123217599156673,-0.19804712539832883,-0.0956414814122585,-0.10628472644712389,-0.5567771649665584,-0.05835095962268832,-0.14172973906022537,-0.1076575858915564,-0.042223416015498456,-0.1000345498836544,-0.09298650918198312,-0.09193150713501558,-0.04860367183042573,0.0297864425248461,-0.09136849513027871,-0.010099903835391328,-0.1266579069064683,-0.1984957831936679,-0.1290931782469291,-0.011947409224712931,-0.09586122809490291,-0.01379600256638192,-0.11914696639099855,-0.09811514342496831,-0.06507830298627634,-0.1004426025809694,-0.039916572762566306,0.6157030854188763,-0.132478325511319,-0.08142392503876276,-0.14083416827628956,-0.018426079082477464,-0.19696437572599712,-0.10320157812974312,-0.1223819280944566,-0.10451425362422871,-0.0908680469066707,-0.010842491481966808,-0.13805285674393827,-0.09859188291664396,-0.015491590359999984,-0.16473754410014277,-0.18768865366517595,-0.11291805231754264,-0.1277177467010701,-0.08839033426804092,-0.05976235025269705,-0.8352325100202187,-0.09783914404764908,-0.1322287093313244,-0.10344561831115812,-0.4722014572534107,-0.16242214806224753,-0.15362045876331856,-0.14060111430115801,-0.02482730299201939,-0.03442763369940523,-0.11000194417392903,-0.18775384573359927,-0.15957752243137963,-0.12315098799716985,-0.08508753993395753,-0.011236650288932547,-0.06742402949002567,-0.16567891785952465,-0.024540574640339326,-0.08461182348888086,-0.024699956470893753,-0.02679200421466823,-0.1874616166450996,-0.01819542652353592,-0.13996644775589384,-0.10340043525921302,-0.02768194950861325,-0.06595245975890833,-0.049013864482169905,-0.1218410282123994,-0.08848767495054154,-0.5801758718275357,-0.010793466653769396,-0.09905283438900553,-0.034312534344805634,-0.08653806261101228,-0.10108075859636001,-0.08640755911434168,-0.03496218072731626,-0.14482626984086602,-0.08335771657862452,-0.15283918708706887,-0.06871436939681178,-0.11066426808372769,-0.017827323472341425,-0.14135580037045672,-0.025781777899222955
683,1519072698,-0.14900353252903312,-0.11350702064230883,-0.07874680484298983,-0.01960834126962661,-0.08117981828953283,-0.16747570711991655,-0.14818822951511612,-0.09807757102104776,-0.14297986213597833,-0.1369076063457349,-0.12921732890908513,-0.04135231148730207,-0.07963846746968944,-0.1483518505919104,-0.08013631283725287,-0.03503168916191976,-0.16568264546127975,-0.08872779531521194,-0.03496217364709854,-0.03048994232811061,-0.044338436464250765,-0.08073631542171882,-0.08572961197044983,-0.0374311952744271,-0.08371648212986943,-0.057249287873429935,-0.08355479536413774,-0.1244011054568719,-0.14896812747229896,-0.18464776524411414,-0.014157406014288948,-0.1264612763219659,-0.00781746250116285,-0.8761582648375766,-0.16158528090502325,-0.0795802995660413,-0.13758969125490872,-0.1926936325579866,-0.09123340576641864,-0.10180330263737991,-0.5567771649665584,-0.052955283409522595,-0.13571962582452102,-0.10317166331211157,-0.042223416015498456,-0.09597845221724308,-0.08761581889793515,-0.08835396342725278,-0.045449359064407426,0.03254228175406644,-0.0877840459991489,-0.005151279796900913,-0.12042527688481688,-0.19315388591059723,-0.12351676554044826,-0.008638081550469606,-0.09134484816838508,-0.009379193169040713,-0.11503849955550809,-0.09392550984969418,-0.06010640174226387,-0.09581016704376279,-0.03672926696538543,0.5128809275668366,-0.12895631840063376,-0.07734856627572843,-0.1363282915815992,-0.014680762641213565,-0.19093783326321337,-0.09975377995103772,-0.11825189836215433,-0.09857475074383336,-0.08686384097766303,-0.007531373430786428,-0.1344253857097828,-0.09440663927535725,-0.010534312037812639,-0.16154418280078517,-0.18340052377218055,-0.1094410833785435,-0.12214798190887212,-0.08484229166055995,-0.05555792418819137,-0.8347956308434535,-0.09365800578911178,-0.1286856084525779,-0.09999337494784152,-0.47217527369393947,-0.15870600066608437,-0.15362045876331856,-0.13610482933053292,-0.01976626852230036,-0.030623590215287544,-0.10402494170473928,-0.1834754306325974,-0.15232018574784273,-0.11902361520313715,-0.08101149011676195,-0.0068375886771961224,-0.06368193694460676,-0.16194902640295047,-0.020044973367887388,-0.08065562801873653,-0.020205930139594652,-0.022844344589625924,-0.181746891742059,-0.015700171822182397,-0.13546537238598916,-0.09994793398192633,-0.02372861960687281,-0.06222076210411067,-0.045344049779544954,-0.11773890323259538,-0.08403284539456259,-0.5789031581884307,-0.007483731016906386,-0.09382241292340991,-0.03050831922658654,-0.08181661925962701,-0.09586256031595149,-0.08286761827250282,-0.029882472861885157,-0.14112647300721246,-0.07878080119900169,-0.14950694304443435,-0.06373835615669965,-0.11066426808372769,-0.014710624474783949,-0.13650851782407725,-0.020157572905031427
684,1519072704,-0.14551656663886842,-0.11118407309850195,-0.0767666625077451,-0.01736028605706187,-0.0794074611588,-0.1653272915545378,-0.14539681259020992,-0.09634988843384511,-0.14022540545747203,-0.1344832728285557,-0.12744796385492532,-0.03926244196027025,-0.07720441068739783,-0.1455607609284123,-0.0781569162029701,-0.033123006176656505,-0.162987849306389,-0.08693622132219697,-0.03163560068733831,-0.02858455352401045,-0.042240766724437676,-0.07875982042435713,-0.08572961197044983,-0.03551433981689948,-0.08173540190832959,-0.05304262944031872,-0.08157281199335246,-0.12092482321228024,-0.1461799617413956,-0.18316008318616975,-0.01228725210400946,-0.12469627451529326,-0.005608805638183518,-0.37614767027333307,-0.15945653896300693,-0.07754570161555986,-0.13576844888657974,-0.1886785129277299,-0.08927426103493426,-0.09956259073250792,-0.5567771649665584,-0.05115672467180069,-0.1334658333611319,-0.10092870202238914,-0.042223416015498456,-0.09424012464592393,-0.0858255888032525,-0.08537267700411712,-0.04229504629838912,0.035328428720293126,-0.085991821433584,-0.002951891335349618,-0.11765521909741625,-0.1904829372690619,-0.12072855918720785,-0.005880308488600169,-0.0888357482092085,-0.006618687295702458,-0.11298426613776286,-0.09183069306205711,-0.05824193877575919,-0.0940730037173103,-0.0348168834870769,0.6157030854188763,-0.12719531484529115,-0.07531088689421125,-0.13257339433602391,-0.012808104420581615,-0.1882593699464206,-0.09802988086168501,-0.1156706297794654,-0.0963474371636851,-0.08486173801315919,-0.005323961396666175,-0.13261165019270504,-0.09231401745471389,-0.008331077227951596,-0.1588830483846538,-0.1798270821946844,-0.10770259890904392,-0.11936309951277313,-0.08306827035681948,-0.053756027303403224,-0.8346014623204469,-0.09104479437752597,-0.1263235412000802,-0.09711650547841102,-0.47216363655639676,-0.15658248786827686,-0.15362045876331856,-0.1338566868452204,-0.017516919869091905,-0.028087561225875753,-0.10028931516149567,-0.1813362230820965,-0.15014298474278165,-0.1169599288061208,-0.07897346520816417,-0.004088175169860857,-0.060563526490090995,-0.15981765985633664,-0.01779717273166142,-0.0776884814161283,-0.017397163682532715,-0.020588539089601746,-0.17960386990341876,-0.012581103445490493,-0.13321483470103682,-0.09822168334328299,-0.021469573948735415,-0.059732963667578895,-0.04167423507692,-0.11568784074269338,-0.08205292114746084,-0.5779486229591021,-0.004725617986187212,-0.09173024433717167,-0.028606211667476997,-0.08004607800285754,-0.09412316088914864,-0.0810976478515834,-0.027977582412348496,-0.13927657459038567,-0.076746616585836,-0.14784082102311707,-0.06187235119165759,-0.11066426808372769,-0.01159392547722647,-0.13469078686918493,-0.01790789090735482
685,1519072709,-0.14272699392673663,-0.10886112555469508,-0.07478652017250037,-0.015112230844497133,-0.07704431831782288,-0.1617465989455732,-0.14260539566530372,-0.09462220584664245,-0.13747094877896576,-0.1320589393113765,-0.12508881044937892,-0.037172572433238425,-0.0744596232520477,-0.1420718988490397,-0.07518782125154597,-0.03121432319139325,-0.15961935411277553,-0.08395026466717201,-0.028863456554204782,-0.026679164719910282,-0.03961867954967132,-0.07628920167765503,-0.08572961197044983,-0.03359748435937186,-0.07975432168678977,-0.05063882462139802,-0.07959082862256718,-0.1181437974166069,-0.14339179601049226,-0.18167240112822539,-0.009793713556970143,-0.12293127270862061,-0.002847984559459352,-0.26503420481461226,-0.1567956115354865,-0.07500245417745807,-0.1333401257288077,-0.18600176650755879,-0.08731511630344987,-0.09657497485934527,-0.5567771649665584,-0.04935816593407878,-0.1297095125888167,-0.09868574073266673,-0.042223416015498456,-0.09250179707460479,-0.08403535870856985,-0.08358390515023573,-0.03977159608557448,0.038169418258245595,-0.08419959686801909,-0.000752502873798323,-0.11419264686316545,-0.18714425146714275,-0.11794035283396744,-0.003674090039104619,-0.08632664825003192,-0.004410282597031854,-0.11093003272001761,-0.08973587627442005,-0.05637747580925452,-0.09233584039085782,-0.03290450000876837,0.5882838433249991,-0.12426030891972012,-0.0727637876673148,-0.13032045598867875,-0.010311226793072349,-0.18491129080042965,-0.09573134874254809,-0.11360561491331427,-0.092635247863438,-0.08235910930752939,-0.002564696354015859,-0.13079791467562732,-0.08917508472374885,-0.006127842418090553,-0.15622191396852245,-0.17768301724818672,-0.10480512479321132,-0.11588199651764938,-0.08011156818391867,-0.05135349812368569,-0.83440729379744,-0.08895422524825732,-0.12455199076070694,-0.09539038379675273,-0.472151999418854,-0.15445897507046935,-0.15362045876331856,-0.13160854435990785,-0.014705234052581333,-0.02618553948381691,-0.09804793923554951,-0.17848394634809525,-0.1479657837377206,-0.11438032080985035,-0.07642593407241695,-0.001338761662525591,-0.058692480217381535,-0.15715345167306935,-0.014987421936378958,-0.07571038368105615,-0.015150150516883168,-0.01833273358957757,-0.17746084806477855,-0.01070966241947535,-0.13096429701608447,-0.0947691820659963,-0.01921052829059802,-0.056623215621914184,-0.03905293886075932,-0.11312401263031588,-0.08007299690035909,-0.5769940877297733,-0.0025191275616118724,-0.08963807575093341,-0.02607006825533094,-0.07827553674608806,-0.0923837614623458,-0.078147697150051,-0.025437728479632944,-0.13696420156935218,-0.07471243197267029,-0.1450639509875883,-0.06000634622661554,-0.11066426808372769,-0.009723906078691983,-0.13226714559599517,-0.015658208909678208
686,1519072715,-0.13924002803657193,-0.10711891489683992,-0.07231134225344445,-0.011740148025650023,-0.07409038976660148,-0.15959818338019444,-0.13911612450917096,-0.09174273486797137,-0.1347164921004595,-0.13024068917349207,-0.1233194453952191,-0.0350827029062066,-0.07176403483676518,-0.13928080918554162,-0.07320842461726322,-0.02739695722086674,-0.15692455795788474,-0.08215869067415704,-0.02664574124769796,-0.02477377591581012,-0.036996592374904956,-0.07431270668029336,-0.08572961197044983,-0.03168062890184424,-0.07777324146524993,-0.048835971007207504,-0.07760884525178191,-0.1139722587230969,-0.13990658884686308,-0.180184719070281,-0.007923559646690656,-0.11998960303083286,-0.0006393276964800199,0.2349763897496313,-0.15466686959347017,-0.07245920673935627,-0.1309118025710357,-0.18332502008738766,-0.08535597157196549,-0.09433426295447328,-0.5567771649665584,-0.04755960719635687,-0.12745572012542755,-0.0956951256797035,-0.042223416015498456,-0.09076346950328565,-0.08224512861388719,-0.08179513329635434,-0.0378790084259635,0.04097937844640585,-0.08240737230245418,0.0014468855877529721,-0.11142258907576481,-0.18447330282560742,-0.11445509489241693,-0.0014678715896090687,-0.08431936828269067,-0.0022018778983612505,-0.10836224094783609,-0.08764105948678298,-0.05451301284274984,-0.09059867706440533,-0.029717194211587493,0.6259853012040802,-0.12308630654949171,-0.07021668844041834,-0.1273165381922185,-0.0084385685724404,-0.18223282748363687,-0.09400744965319538,-0.11154060004716314,-0.09040793428328975,-0.08035700634302556,-0.00035728431989560624,-0.12898417915854957,-0.0870824629031055,-0.003924607608229511,-0.15409300643561738,-0.175538952301689,-0.10306664032371174,-0.11309711412155038,-0.07715486601101786,-0.048950968943968165,-0.8339218724899232,-0.08686365611898866,-0.12278044032133369,-0.09366426211509443,-0.47214036228131123,-0.15233546227266181,-0.15362045876331856,-0.1286110210461578,-0.012455885399372875,-0.02428351774175807,-0.09505943800095464,-0.17634473879759432,-0.14578858273265952,-0.112316634412834,-0.07387840293666971,0.0014106518448096747,-0.056821433944672074,-0.15448924348980206,-0.012739621300152989,-0.073732285945984,-0.012903137351233617,-0.015512976714547351,-0.1753178262261383,-0.008838221393460209,-0.12721340087449726,-0.09304293142735295,-0.016951482632460626,-0.05413541718538241,-0.036955901887830774,-0.11107295014041388,-0.07809307265325734,-0.5763577309102209,-0.000312637137036533,-0.08754590716469517,-0.024167960696221392,-0.07532463465147227,-0.09064436203554296,-0.0757877365888251,-0.023532838030096283,-0.13187698092307854,-0.07166115505292174,-0.1406209589307423,-0.05814034126157349,-0.11066426808372769,-0.007853886680157497,-0.13044941464110288,-0.013408526912001598
687,1519072721,-0.13645045532444017,-0.10537670423898476,-0.07033119991819972,-0.0078060514036617295,-0.07231803263586864,-0.15744976781481565,-0.13632470758426474,-0.09001505228076873,-0.13196203542195323,-0.12721027227701806,-0.1215500803410593,-0.03247036599741683,-0.06905032046672091,-0.13579194710616901,-0.07122902798298046,-0.02357959125034023,-0.15422976180299397,-0.07976992535013708,-0.023319168287937724,-0.022868387111709958,-0.03385008776518533,-0.07184208793359124,-0.08572961197044983,-0.028485869805964875,-0.07529689118832512,-0.04643216618828681,-0.07562686188099663,-0.11049597647850522,-0.13711842311595973,-0.1786970370123366,-0.006053405736411169,-0.11822460122416022,0.0021214933822441455,0.4016465879377125,-0.15253812765145383,-0.07042460878887483,-0.1284834794132637,-0.17997908706217378,-0.08339682684048111,-0.09209355104960129,-0.5567771649665584,-0.04576104845863497,-0.12445066350757539,-0.09195685686349947,-0.042223416015498456,-0.0890251419319665,-0.08045489851920454,-0.08000636144247293,-0.034724695659945196,0.043810265405356194,-0.08001773954836765,0.0036462740493042674,-0.10865253128836418,-0.18113461702368824,-0.11096983695086642,0.0007383468598864812,-0.0823120883153494,0.000558627974977004,-0.10630800753009086,-0.08502253850223665,-0.05264854987624517,-0.08828245929580202,-0.027804810733278965,0.6225578959423456,-0.12073830180903487,-0.06817900905890116,-0.12506359984487334,-0.005941690944931133,-0.1795543641668441,-0.09170891753405844,-0.10895933146447422,-0.08818062070314149,-0.07835490337852172,0.0018501277142246467,-0.12717044364147184,-0.08446668562730131,-0.0011705640959032075,-0.15143187201948602,-0.1726801990396921,-0.10132815585421218,-0.11031223172545138,-0.07478950427269722,-0.04654843976425063,-0.8336791618361649,-0.08477308698972001,-0.11982785625571159,-0.09193814043343614,-0.47212872514376847,-0.1502119494748543,-0.15362045876331856,-0.12636287856084524,-0.010206536746164417,-0.022381495999699227,-0.09207093676635975,-0.1734924620635931,-0.14361138172759846,-0.11025294801581764,-0.07133087180092249,0.003610182650677887,-0.053703023490156314,-0.15182503530653477,-0.01049182066392702,-0.07175418821091184,-0.010656124185584068,-0.012693219839517132,-0.17317480438749808,-0.006966780367445067,-0.12496286318954491,-0.0913166807887096,-0.013562914145254535,-0.05226956835798358,-0.03433460567167009,-0.10902188765051188,-0.07561816734438014,-0.5757213740906684,0.0018938532875388064,-0.08545373857845692,-0.02226585313711185,-0.07296391297577963,-0.08832516279980583,-0.07401776616790566,-0.02162794758055962,-0.13002708250625175,-0.0691184242864646,-0.13895483690942506,-0.05565233464151742,-0.11066426808372769,-0.00598386728162301,-0.12863168368621056,-0.011158844914324988
688,1519072726,-0.13087130990017665,-0.1001500722654193,-0.06637091524771026,-0.003871954781673436,-0.06877331837440297,-0.15315293668405813,-0.13074187373445234,-0.08655968710636341,-0.1257645078953141,-0.12357377200124925,-0.11683177352996647,-0.02829062694335319,-0.06783847091979274,-0.13020976777917284,-0.06727023471441496,-0.02039845294156814,-0.14884016949321244,-0.07618677736410713,-0.01888373767492408,-0.017787350300776193,-0.029654748285559158,-0.06739497418952747,-0.08572961197044983,-0.023374255252557888,-0.07034419063447554,-0.042826458959905764,-0.07067190345403344,-0.10493392488715855,-0.1308450502214272,-0.17472988485781826,-0.001689713279092365,-0.11410626367525738,0.007090971323947644,-1.3761688594018202,-0.14721627279641297,-0.06584676340029158,-0.1248409946766057,-0.17395640761678874,-0.07898875119464124,-0.08686522327156666,-0.5567771649665584,-0.041564411403950514,-0.11994307858079713,-0.08747093428405463,-0.042223416015498456,-0.08381015921800908,-0.076277694964945,-0.075832560450083,-0.030939520340723236,0.04653651851035605,-0.07643329041723783,0.008594898087794681,-0.1031124157135629,-0.17512498258023373,-0.1053934242443856,0.005150783758877581,-0.07729388839699625,0.004975437372318211,-0.10168598234016409,-0.08083290492696252,-0.0476766486322327,-0.0836500237585954,-0.023342582617225733,0.3620750960505115,-0.11662929351323544,-0.06410365029586683,-0.12055772315018298,-0.0015721550967899166,-0.17352782170406036,-0.0876864863255688,-0.10482930173217195,-0.08372599354284498,-0.07385017170838808,0.006816804790995216,-0.12293839410162377,-0.0802814419860146,0.0037867142262841386,-0.14717405695367586,-0.16767738083119746,-0.09727169209204652,-0.10404624633422864,-0.07124146166521625,-0.042344013699744956,-0.8332908247901514,-0.08006930644886555,-0.11628475537696506,-0.08791052317623343,-0.4721025415842973,-0.1454340456797874,-0.15362045876331856,-0.12036783193334513,-0.005145502276445389,-0.018577452515581544,-0.08758818491446743,-0.16850097777909093,-0.13853124604912265,-0.10560965362253086,-0.06725482198372691,0.008009244262414311,-0.04996093094473739,-0.1475623022133071,-0.005996219391475082,-0.0673034683069995,-0.006162097854284969,-0.008181608839468781,-0.16746007948445746,-0.0032238983154147826,-0.12046178781964025,-0.0878641795114229,-0.008480061414445397,-0.04853787070318592,-0.030140531725813,-0.10440699704823236,-0.0711633377884012,-0.5744486604515634,0.006306834136689485,-0.08074635925942086,-0.018461638018892758,-0.06824246962439437,-0.08310696451939731,-0.06988783518576032,-0.01718320319830741,-0.12632728567259818,-0.06454150890684178,-0.13562259286679054,-0.05129832305641931,-0.11066426808372769,-0.002243828484554037,-0.12378440113983108,-0.006097060419552615
689,1519072732,-0.13087130990017665,-0.1001500722654193,-0.06637091524771026,-0.0027479271753910665,-0.06877331837440297,-0.15315293668405813,-0.13074187373445234,-0.08655968710636341,-0.1257645078953141,-0.12236160524265964,-0.11683177352996647,-0.027768159561595233,-0.06561156790620679,-0.13020976777917284,-0.06727023471441496,-0.019125997618059304,-0.14884016949321244,-0.07618677736410713,-0.01777488002167067,-0.017787350300776193,-0.028605913415652613,-0.06739497418952747,-0.08572961197044983,-0.022735303433382016,-0.07034419063447554,-0.04162455655044541,-0.07067190345403344,-0.10423866843824021,-0.1308450502214272,-0.17472988485781826,-0.0004429440055727067,-0.11410626367525738,0.00819529975543731,-0.43170440300269347,-0.14615190182540483,-0.06584676340029158,-0.1236268330977197,-0.17395640761678874,-0.07898875119464124,-0.08686522327156666,-0.5567771649665584,-0.04096489182470988,-0.11994307858079713,-0.08747093428405463,-0.042223416015498456,-0.08381015921800908,-0.076277694964945,-0.075832560450083,-0.029677795234315914,0.049307511608079564,-0.07643329041723783,0.008594898087794681,-0.10241990126671274,-0.17512498258023373,-0.1053934242443856,0.006253892983625356,-0.07729388839699625,0.004975437372318211,-0.10168598234016409,-0.08083290492696252,-0.0476766486322327,-0.0836500237585954,-0.022705121457789558,0.6259853012040802,-0.11662929351323544,-0.06410365029586683,-0.12055772315018298,-0.0003237162830352834,-0.17352782170406036,-0.0876864863255688,-0.10431304801563415,-0.08372599354284498,-0.07385017170838808,0.007920510808055342,-0.12172923709023861,-0.0802814419860146,0.0037867142262841386,-0.14610960318722332,-0.16767738083119746,-0.09727169209204652,-0.10404624633422864,-0.07065012123063608,-0.04174338140481557,-0.8332422826593997,-0.08006930644886555,-0.11569423856384063,-0.08791052317623343,-0.4720996322999116,-0.14437228928088364,-0.15362045876331856,-0.12036783193334513,-0.005145502276445389,-0.016675430773522702,-0.08609393429716998,-0.16850097777909093,-0.13853124604912265,-0.10560965362253086,-0.06674531575657747,0.008559126963881366,-0.04996093094473739,-0.14649661894000018,-0.005996219391475082,-0.0673034683069995,-0.005038591271460194,-0.007617657464462737,-0.16746007948445746,-0.002600084640076402,-0.12046178781964025,-0.0878641795114229,-0.007915299999911049,-0.04791592109405298,-0.02909201323934873,-0.10440699704823236,-0.0711633377884012,-0.5744486604515634,0.007410079348977155,-0.08074635925942086,-0.018461638018892758,-0.06824246962439437,-0.08310696451939731,-0.06988783518576032,-0.01718320319830741,-0.12586481106839148,-0.06454150890684178,-0.13506721885968478,-0.05129832305641931,-0.11066426808372769,-0.0016204886850425411,-0.1225725805032362,-0.006097060419552615
690,1519072737,-0.1280817371880449,-0.09840786160756415,-0.06439077291246552,-0.0004998719628263272,-0.0652286041129373,-0.15028838259688643,-0.12795045680954614,-0.08483200451916076,-0.12301005121680783,-0.12054335510477523,-0.11506240847580666,-0.025678290034563414,-0.06307393423956234,-0.12672090569980024,-0.06380629060442014,-0.01721731463279605,-0.14547167429959898,-0.07320082070908218,-0.015002735888537141,-0.01588196149667603,-0.025983826240886253,-0.06541847919216578,-0.08572961197044983,-0.020818447975854394,-0.0683631104129357,-0.039821702936254894,-0.06868992008324816,-0.10145764264256689,-0.12805688449052383,-0.1727463087805591,0.0020505945414666096,-0.11234126186858474,0.010403956618416641,-0.2094774720852519,-0.14402315988338849,-0.06381216544981014,-0.12180559072939069,-0.1712796611966176,-0.07653982028028576,-0.08462451136669467,-0.5567771649665584,-0.03916633308698797,-0.11693802196294496,-0.0852279729943322,-0.042223416015498456,-0.08207183164668994,-0.07448746487026235,-0.07225501674232021,-0.026523482468297613,0.05211530695788222,-0.07464106585167293,0.010794286549345977,-0.09895732903246195,-0.1724540339386984,-0.10260521789114518,0.009011666045494793,-0.075286608429655,0.007183842070988815,-0.09963174892241884,-0.07873808813932545,-0.04581218566572802,-0.08191286043214292,-0.02079273797948103,0.6225578959423456,-0.1136942875876644,-0.061047131223591074,-0.1183047848028378,0.0015489419375966664,-0.1701797425580694,-0.08596258723621611,-0.10173177943294524,-0.08001380424259788,-0.07134754300275829,0.01067977585070566,-0.11991550157316087,-0.0776656647102104,0.005989949036145181,-0.14398069565431823,-0.16553331588469977,-0.0943742179762139,-0.10126136393812964,-0.0688760999268956,-0.038740219930168664,-0.833048114136393,-0.07693345275496256,-0.11333217131134295,-0.08503365370680294,-0.4720850858779832,-0.14224877648307613,-0.15362045876331856,-0.1181196894480326,-0.0028961536232369315,-0.01477340903146386,-0.08385255837122382,-0.16636177022859,-0.13635404504406157,-0.1035459672255145,-0.06470729084797967,0.01130854047121663,-0.04808988467202794,-0.14436525239338635,-0.00318646859619262,-0.0648308461381593,-0.0027915781058106444,-0.005361851964438562,-0.16460271703293713,0.0005189837366155012,-0.1182112501346879,-0.08383626135458844,-0.005656254341773654,-0.04542812265752121,-0.026994976266420185,-0.10184316893585486,-0.06918341354129945,-0.5736532144271228,0.010719814985840164,-0.07865419067318262,-0.015291458753710185,-0.06647192836762489,-0.08136756509259446,-0.06811786476484089,-0.015278312748770746,-0.12401491265156471,-0.06250732429367607,-0.13340109683836754,-0.049432318091377256,-0.11066426808372769,0.0021195501120264324,-0.1207548495483439,-0.003847378421876005
691,1519072743,-0.12459477129788017,-0.09550417717780556,-0.06092552382578724,0.001748183249738412,-0.061683889851471614,-0.14813996703150767,-0.12446118565341338,-0.08137663934475546,-0.11956698036867498,-0.11872510496689083,-0.11152367836748706,-0.022543485744015684,-0.06061398323618251,-0.12392981603630217,-0.060837195652996,-0.015308631647532794,-0.1427768781447082,-0.07021486405405723,-0.01278502058203032,-0.012706313489842426,-0.022837321631166627,-0.06195961294678285,-0.08572961197044983,-0.018901592518326776,-0.06539149008062595,-0.03621599570787385,-0.06571694502707025,-0.09867661684689355,-0.12526871875962048,-0.17026683868398512,0.005167517725265755,-0.109399592190797,0.01371694191288564,-0.15392073935589148,-0.14189441794137214,-0.06025161903646762,-0.11877018678217569,-0.1686029147764465,-0.07360110318305918,-0.08088999152524136,-0.5567771649665584,-0.03676825477002543,-0.11468422949955583,-0.08148970417812818,-0.042223416015498456,-0.07917461902782469,-0.07090700468089704,-0.06927373031918456,-0.024630894808686632,0.054920937469327274,-0.07105661672054311,0.012993675010897272,-0.09618727124506131,-0.16978308529716307,-0.09842290836128458,0.011217884494990343,-0.0722756884786431,0.00939224676965942,-0.096550398795801,-0.07507215876096059,-0.04394772269922335,-0.07959664266353961,-0.01824289334173633,0.6157030854188763,-0.11134628284720757,-0.056971772460556735,-0.1145498875572625,0.00467003897198325,-0.16683166341207842,-0.0825147890575107,-0.09863425713371854,-0.07778649066244962,-0.06784386281487657,0.013439040893355975,-0.11810176605608314,-0.07452673197924536,0.008193183846006223,-0.14185178812141316,-0.16338925093820206,-0.09147674386038128,-0.09778026094300589,-0.06532805731941463,-0.035737058455521754,-0.8327083192211312,-0.07379759906105958,-0.11037958724572085,-0.08273215813125853,-0.47206763017166903,-0.1401252636852686,-0.15362045876331856,-0.11587154696272005,-8.446780672635986e-05,-0.012871387289405019,-0.08161118244527767,-0.1642225626780891,-0.1334511103706468,-0.09993451603073589,-0.06114074725793355,0.014057953978551896,-0.04621883839931848,-0.1411682025734656,-0.0003767178009101588,-0.06186369953555107,-0.0005445649401610951,-0.0025420950894083426,-0.16174535458141684,0.002390424762630643,-0.11521053322141812,-0.08095917695684952,-0.0033972086836362597,-0.042318374611856495,-0.023325161563795233,-0.09876657520100186,-0.06621352717064682,-0.5730168576075704,0.012926305410415504,-0.07499289564726568,-0.01212127948852761,-0.06411120669193225,-0.07846856604792306,-0.06457792392300202,-0.012103495332876309,-0.12216501423473793,-0.059456047373927526,-0.13173497481705027,-0.0475663131263352,-0.11066426808372769,0.003989569510560919,-0.11893711859345159,-0.0010352759247802424
692,1519072749,-0.11901562587361664,-0.09318122963399868,-0.05746027473910896,0.0062442936748678905,-0.05872996130025021,-0.14384313590075015,-0.11887835180360097,-0.07792127417035016,-0.11405806701166243,-0.115088604691122,-0.10857473661055404,-0.01993114883522591,-0.05841556386579359,-0.11764986429343148,-0.05786810070157187,-0.010855038015251867,-0.13738728583492668,-0.06663171606802729,-0.008904018795643379,-0.008895535881642101,-0.020215234456400267,-0.05850074670139991,-0.08572961197044983,-0.014428929784095663,-0.06192459969293124,-0.03381219088895315,-0.06274396997089234,-0.09311456525554687,-0.11899534586508795,-0.16828326260672596,0.007661056272305071,-0.1058695885774517,0.01702992720735464,-0.2094774720852519,-0.13870130502834765,-0.05719972211074546,-0.11512770204551767,-0.16258023533106147,-0.07066238608583261,-0.07566166374720672,-0.5567771649665584,-0.03437017645306289,-0.10942538041831452,-0.07550847407220172,-0.042223416015498456,-0.07685684893273251,-0.06732654449153173,-0.06688870118067602,-0.021476582042668328,0.05772151669127127,-0.06806957577793495,0.017392451933999863,-0.08926212677655972,-0.1637734508537086,-0.09145239247818354,0.015078766781607557,-0.06926476852763121,0.014361157341668276,-0.09295549031474684,-0.07192993357950499,-0.040218796766213996,-0.07612231601063464,-0.014418126385119273,0.6157030854188763,-0.10841127692163655,-0.05340583354290169,-0.11004401086257215,0.007791136006369832,-0.1614747367784929,-0.0790669908788053,-0.09502048111795405,-0.07184698778205426,-0.06484070836812081,0.016750158944536353,-0.11568345203331282,-0.07086464379311949,0.01315046216819357,-0.13812619993882927,-0.1576717444142082,-0.08857926974454866,-0.09151427555178315,-0.06237135514651382,-0.033935161570733605,-0.8324656085673728,-0.07066174536715661,-0.10683648636697432,-0.07927991476794194,-0.4720501744653549,-0.13693999448855732,-0.15362045876331856,-0.10987650033521994,0.004414229499690555,-0.009067343805287335,-0.07712843059338534,-0.15851800921008663,-0.12909670836052467,-0.09683898643521135,-0.05757420366788743,0.018457015590288322,-0.041853063762996405,-0.13743831111689142,0.00411888347154178,-0.0584020284991748,0.0039494613911380035,0.0014055645356339647,-0.15745931090413637,0.006133306814660927,-0.11070945785151345,-0.07865750943865839,0.001120882632638529,-0.038586676957058835,-0.02070386534763455,-0.09568998146614886,-0.06274865973821875,-0.5717441439684654,0.016236041047278514,-0.07133160062134875,-0.00831706437030852,-0.06116030459731646,-0.07556956700325165,-0.06162797322146964,-0.008293714433802984,-0.11800274279687765,-0.05640477045417897,-0.12729198276020426,-0.042590299886223065,-0.11066426808372769,0.007106268508118397,-0.11651347732026185,0.0034640880705729777
693,1519072754,-0.11273908727132016,-0.08911607143233666,-0.05300495448480831,0.010740404099997368,-0.05518524703878454,-0.13811402772640677,-0.11189980949133546,-0.07389001480021064,-0.10717192531539675,-0.11145210441535319,-0.10503600650223442,-0.014706475017646357,-0.05445374803929766,-0.11136991255056079,-0.053414458274435674,-0.007037672044725357,-0.13132399448642243,-0.06304856808199734,-0.004468588182629734,-0.003814499070708333,-0.015495477541820823,-0.05454775670667655,-0.08572961197044983,-0.010595218869040425,-0.05746716919446661,-0.03020648366057211,-0.05729351570123282,-0.08616200076636353,-0.11202493153782958,-0.16332432241357803,0.011401364092864047,-0.10233958496410642,0.021999405149058137,-0.5983746011907747,-0.1333794501733068,-0.052621876722162224,-0.11087813651941665,-0.15588836928063368,-0.06527473807425055,-0.07043333596917209,-0.5567771649665584,-0.02897450023989716,-0.10341526718261018,-0.06952724396627527,-0.042223416015498456,-0.07106242369500203,-0.062552597572378,-0.0627149001882861,-0.01769140672344637,0.06205480147039359,-0.06388771845828349,0.023440770203265925,-0.0830294967549083,-0.15709607924987026,-0.08517892818339262,0.019491203680598656,-0.06474838860111337,0.018777966739009486,-0.08884702347925638,-0.06721659580732159,-0.034003920211198406,-0.07206893491557885,-0.010593359428502218,0.4511876328556127,-0.1048892698109513,-0.04933047477986735,-0.10478715471876673,0.012160671854511048,-0.15477857848651097,-0.0756191927000999,-0.09089045138565177,-0.0659074849016589,-0.06083650243911314,0.02116498301277686,-0.10963766697638701,-0.06667940015183278,0.018107740490380917,-0.1338683848730191,-0.15195423789021434,-0.08510230080554952,-0.0852482901605604,-0.058823312539032856,-0.029130103211298546,-0.831980187259856,-0.06595796482630215,-0.10329338548822779,-0.07525229751073924,-0.47202108162149803,-0.13110033429458665,-0.15362045876331856,-0.10388145370771983,0.009475263969409583,-0.004629293073816704,-0.07115142812419559,-0.15281345574208416,-0.12256510534534147,-0.09219569204192456,-0.05349815385069186,0.022856077202024747,-0.03811097121757749,-0.1326427363870103,0.008614484743993718,-0.053951308595262454,0.00900524101384949,0.0059171755356823156,-0.1510302453882157,0.009876188866691211,-0.10395784479665643,-0.07462959128182392,0.005638973948913318,-0.03485497930226118,-0.01650979140177746,-0.09158785648634486,-0.05829383018223981,-0.5704714303293605,0.021200644502573026,-0.06610117915575313,-0.004512849252089432,-0.055848680827008036,-0.07151096834071169,-0.05808803237963077,-0.003214006568371884,-0.11430294596322409,-0.05081076276797329,-0.12395973871756974,-0.03761428664611093,-0.11066426808372769,0.011469647104698865,-0.11106028445558493,0.009088293064764504
694,1519072760,-0.11204169409328722,-0.08911607143233666,-0.05300495448480831,0.010740404099997368,-0.05518524703878454,-0.13811402772640677,-0.11189980949133546,-0.07389001480021064,-0.10717192531539675,-0.11145210441535319,-0.10503600650223442,-0.014706475017646357,-0.05319011005019307,-0.11136991255056079,-0.053414458274435674,-0.007037672044725357,-0.13132399448642243,-0.06304856808199734,-0.004468588182629734,-0.003814499070708333,-0.015495477541820823,-0.05454775670667655,-0.08572961197044983,-0.010595218869040425,-0.05746716919446661,-0.03020648366057211,-0.05729351570123282,-0.08616200076636353,-0.11202493153782958,-0.16332432241357803,0.011401364092864047,-0.10233958496410642,0.021999405149058137,0.1794196570202709,-0.1333794501733068,-0.052621876722162224,-0.11087813651941665,-0.15588836928063368,-0.06527473807425055,-0.07043333596917209,-0.5567771649665584,-0.02897450023989716,-0.10341526718261018,-0.06952724396627527,-0.042223416015498456,-0.07106242369500203,-0.062552597572378,-0.0627149001882861,-0.01769140672344637,0.06335226125937976,-0.06388771845828349,0.023440770203265925,-0.0830294967549083,-0.15709607924987026,-0.08517892818339262,0.019491203680598656,-0.06474838860111337,0.018777966739009486,-0.08884702347925638,-0.06721659580732159,-0.034003920211198406,-0.07206893491557885,-0.010593359428502218,0.619130490680611,-0.1048892698109513,-0.04933047477986735,-0.10403617526965168,0.012160671854511048,-0.15477857848651097,-0.0756191927000999,-0.09089045138565177,-0.0659074849016589,-0.06083650243911314,0.02116498301277686,-0.10963766697638701,-0.06667940015183278,0.018107740490380917,-0.1338683848730191,-0.15195423789021434,-0.08510230080554952,-0.0852482901605604,-0.058823312539032856,-0.029130103211298546,-0.831980187259856,-0.06595796482630215,-0.10329338548822779,-0.07525229751073924,-0.47202108162149803,-0.13110033429458665,-0.15362045876331856,-0.10388145370771983,0.009475263969409583,-0.003361278579110809,-0.07115142812419559,-0.15281345574208416,-0.12256510534534147,-0.09219569204192456,-0.05349815385069186,0.022856077202024747,-0.03811097121757749,-0.1326427363870103,0.008614484743993718,-0.053951308595262454,0.009566994305261877,0.0059171755356823156,-0.1510302453882157,0.009876188866691211,-0.10395784479665643,-0.07462959128182392,0.005638973948913318,-0.03485497930226118,-0.01650979140177746,-0.09158785648634486,-0.05829383018223981,-0.5704714303293605,0.021200644502573026,-0.06610117915575313,-0.004512849252089432,-0.055848680827008036,-0.07151096834071169,-0.05808803237963077,-0.003214006568371884,-0.11430294596322409,-0.05081076276797329,-0.12395973871756974,-0.03761428664611093,-0.11066426808372769,0.011469647104698865,-0.11106028445558493,0.009088293064764504
695,1519072766,-0.10646254866902369,-0.08505091323067462,-0.04854963423050766,0.015236514525126848,-0.0504589613568303,-0.13095264250847755,-0.10631697564152305,-0.06985875543007113,-0.1016630119583842,-0.10720952076028957,-0.1003176996911416,-0.010526735963582716,-0.05159502603115942,-0.1050899608076901,-0.04846596668872879,-0.0032203060741988476,-0.12323960602175013,-0.058868228764962414,0.000521271257010616,0.0006314081388587127,-0.010775720627241378,-0.0505947667119532,-0.08572961197044983,-0.006761507953985186,-0.05350500875138694,-0.024797922818000542,-0.053329548959662264,-0.07990469272609853,-0.10644860007602287,-0.16034895829768928,0.01638844118694268,-0.09880958135076112,0.0264167188750168,-1.7095092557779827,-0.12912196628927414,-0.048044031333578985,-0.10723565178275865,-0.15053487644029143,-0.06135644861128178,-0.06445810422284678,-0.5567771649665584,-0.025377382764453348,-0.09815641810136888,-0.06504132138683043,-0.042223416015498456,-0.06758576855236374,-0.058972137383012685,-0.058541099195896174,-0.012644506297817085,0.06609583307124038,-0.060303269327153686,0.027839547126368516,-0.07679686673325686,-0.1517541819667996,-0.0796025154769118,0.024455195191963642,-0.06023200867459554,0.023746877311018343,-0.08473855664376592,-0.06302696223204746,-0.030274994278189055,-0.06859460826267388,-0.006131131312448987,0.2661077487219411,-0.10078026151515186,-0.044745696171453714,-0.09953029857496133,0.01590598829577495,-0.14875203602372722,-0.07217139452139448,-0.0867604216533495,-0.060710419881312976,-0.05633177076897951,0.02613166008954743,-0.10601019594223153,-0.061971001055385236,0.022514210110103,-0.12907834292398268,-0.14766610799721896,-0.08104583704338386,-0.07898230476933767,-0.05409258906239156,-0.02432504485186349,-0.831543308083091,-0.06125418428544767,-0.09975028460948127,-0.07064930635965044,-0.4719948980620269,-0.1268533086989716,-0.15362045876331856,-0.09938516873709474,0.013973961275826499,0.001076772152359822,-0.06517442565500582,-0.1485350406410823,-0.11821070333521934,-0.08755239764863777,-0.048912597806346846,0.027805021515228224,-0.033121514490352263,-0.12838000329378263,0.013672036175502148,-0.04950058869135011,0.014622773927973363,0.01099273791073671,-0.14602986109805513,0.014866698269398257,-0.09945676942675176,-0.07002625624544166,0.010157065265188106,-0.030501332038330577,-0.0112671989694561,-0.08697296588406535,-0.054333981688036305,-0.5687214490755912,0.02616524795786754,-0.06191684198327663,-7.459828083382746e-05,-0.05230759831346908,-0.06803216948710601,-0.053368111257178955,0.0005957743307014405,-0.10967819992115713,-0.046742393541641884,-0.11951674666072372,-0.03388227671602683,-0.11066426808372769,0.015833025701279334,-0.10742482254580031,0.014150077559536876
696,1519072771,-0.10576515549099075,-0.08505091323067462,-0.04854963423050766,0.015798528328268033,-0.04927738993634174,-0.13095264250847755,-0.10631697564152305,-0.06985875543007113,-0.1016630119583842,-0.10720952076028957,-0.1003176996911416,-0.01000426858182476,-0.04900560392233855,-0.1050899608076901,-0.04846596668872879,-0.0025840784124444294,-0.12323960602175013,-0.058868228764962414,0.0010757000836373216,0.0006314081388587127,-0.010251303192288105,-0.0505947667119532,-0.08572961197044983,-0.0061225561348093125,-0.05350500875138694,-0.024797922818000542,-0.053329548959662264,-0.07990469272609853,-0.10644860007602287,-0.16034895829768928,0.01638844118694268,-0.09880958135076112,0.0264167188750168,-0.15392073935589148,-0.12912196628927414,-0.048044031333578985,-0.10723565178275865,-0.15053487644029143,-0.06135644861128178,-0.06445810422284678,-0.5567771649665584,-0.02477786318521271,-0.09815641810136888,-0.06504132138683043,-0.042223416015498456,-0.06758576855236374,-0.058972137383012685,-0.058541099195896174,-0.012013643744613424,0.06889496906761265,-0.060303269327153686,0.027839547126368516,-0.0761043522864067,-0.1517541819667996,-0.0796025154769118,0.024455195191963642,-0.06023200867459554,0.023746877311018343,-0.08473855664376592,-0.06302696223204746,-0.030274994278189055,-0.06859460826267388,-0.004856208993576636,0.619130490680611,-0.10078026151515186,-0.04423627632607442,-0.0980283396767312,0.01590598829577495,-0.14875203602372722,-0.07217139452139448,-0.0867604216533495,-0.059967982021263556,-0.05633177076897951,0.02613166008954743,-0.10601019594223153,-0.061971001055385236,0.022514210110103,-0.12907834292398268,-0.14766610799721896,-0.08104583704338386,-0.07898230476933767,-0.05409258906239156,-0.02432504485186349,-0.8314947659523393,-0.06125418428544767,-0.09975028460948127,-0.07064930635965044,-0.4719948980620269,-0.1268533086989716,-0.15362045876331856,-0.09938516873709474,0.013973961275826499,0.001076772152359822,-0.06517442565500582,-0.1485350406410823,-0.11821070333521934,-0.08755239764863777,-0.048403091579197394,0.027805021515228224,-0.033121514490352263,-0.12838000329378263,0.013672036175502148,-0.04950058869135011,0.014622773927973363,0.012120640660748798,-0.14602986109805513,0.014866698269398257,-0.09945676942675176,-0.07002625624544166,0.010721826679722456,-0.030501332038330577,-0.010742939726223963,-0.08697296588406535,-0.054333981688036305,-0.5687214490755912,0.02616524795786754,-0.06191684198327663,-7.459828083382746e-05,-0.05230759831346908,-0.06803216948710601,-0.053368111257178955,0.0005957743307014405,-0.10967819992115713,-0.046742393541641884,-0.11951674666072372,-0.03388227671602683,-0.11066426808372769,0.015833025701279334,-0.10742482254580031,0.014150077559536876
697,1519072777,-0.10297558277885899,-0.08330870257281947,-0.046074456311451746,0.018608597343973955,-0.0475050328056089,-0.1288042269430988,-0.10212985025416374,-0.06755517864713426,-0.09890855527987792,-0.10357302048452076,-0.09854833463698179,-0.00791439905479294,-0.04633849915025305,-0.10229887114419202,-0.04648657005444603,-3.9167765426756374e-05,-0.12054480986685936,-0.05707665477194744,0.003293415390144144,0.0025367969429588755,-0.00815363345247502,-0.04812414796525109,-0.08572961197044983,-0.004205700677281693,-0.0515239285298471,-0.02299506920381002,-0.05134756558887699,-0.0771236669304252,-0.10366043434511953,-0.1588612762397449,0.018881979733981997,-0.09645624560853093,0.0297297041694858,0.0683061915615501,-0.12592885337624962,-0.04550078389547718,-0.10298608625665763,-0.1478581300201203,-0.0593973038797974,-0.062217392317974796,-0.5567771649665584,-0.022979304447490804,-0.09590262563797976,-0.0620507063338672,-0.042223416015498456,-0.0658474409810446,-0.05718190728833003,-0.056752327342014776,-0.010121056085002442,0.07171575344756088,-0.058511044761588776,0.03003893558791981,-0.07333429449900607,-0.14908323332526427,-0.07611725753536129,0.028316077478580857,-0.05822472870725428,0.0265073831843566,-0.08217076487158438,-0.06093214544441039,-0.02841053131168438,-0.0668574449362214,-0.0029438255152681083,0.6054208696336724,-0.09843225677469503,-0.04219859694455726,-0.09577540132938603,0.019027085330161533,-0.14607357270693444,-0.06929822937247332,-0.08417915307066058,-0.0577406684411153,-0.05432966780447567,0.02944277814072781,-0.10238272490807605,-0.05987837923474188,0.025819062324894566,-0.1253527547413988,-0.14552204305072125,-0.0793073525738843,-0.07619742237323866,-0.05113588688949075,-0.02252314796707534,-0.8310093446448225,-0.05916361515617902,-0.0973882173569836,-0.06892318467799215,-0.4719832609244841,-0.12313716130280845,-0.15362045876331856,-0.09713702625178221,0.016223309929034955,0.0029787938944186637,-0.06293304972905966,-0.14639583309058138,-0.11603350233015827,-0.08548871125162141,-0.04585556044345017,0.03055443502256349,-0.030626786126739657,-0.12465011183720842,0.01591983681172812,-0.04752249095627795,0.016869787093622912,0.014376446160772974,-0.1438868392594149,0.01798576664609016,-0.09495569405684709,-0.06830000560679832,0.012980872337859849,-0.027391583992665863,-0.008645902753295418,-0.08440913777168785,-0.05235405744093455,-0.5680850922560388,0.030026606200874384,-0.05982467339703838,0.001827509278275717,-0.05053705705669961,-0.06629277006030317,-0.05041816055564657,0.002500664780238103,-0.10459097927488348,-0.044708208928476184,-0.1150737546038777,-0.030772268440956742,-0.11066426808372769,0.018949724698836812,-0.10439527095431313,0.016399759557213487
698,1519072782,-0.10018601006672721,-0.08040501814306088,-0.044094313976207014,0.02141866635967988,-0.04514188996463178,-0.12665581137772003,-0.09933843332925753,-0.0658274960599316,-0.09615409860137165,-0.10114868696734154,-0.09677896958282199,-0.00582452952776112,-0.04377756068462921,-0.09950778148069393,-0.044507173420163276,0.003141970543345335,-0.11785001371196858,-0.054687889447927476,0.0055111306966509664,0.004442185747059037,-0.006055963712661933,-0.04614765296788942,-0.08572961197044983,-0.0016498934005782,-0.04855230819753734,-0.0211922155896195,-0.048374590532699074,-0.07434264113475186,-0.0994781857487645,-0.1573735941818005,0.02137551828102131,-0.09410290986630072,0.03193836103246513,0.1238629242909105,-0.1232679259487292,-0.04244888696975502,-0.10116484388832864,-0.14451219699490642,-0.05743815914831302,-0.05997668041310281,-0.5567771649665584,-0.021180745709768897,-0.09364883317459062,-0.05980774504414478,-0.042223416015498456,-0.06295022836217937,-0.055391677193647376,-0.05436729820350625,-0.008228468425391463,0.0745430323425819,-0.05492659563045897,0.03278817116485893,-0.07056423671160543,-0.1457445475233451,-0.07332905118212088,0.030522295928076405,-0.05521380875624239,0.02926788905769485,-0.07960297309940284,-0.05778992026295479,-0.025924580689678144,-0.061645954956863945,-0.001031442036959581,0.5745742222780604,-0.095497250849124,-0.0391420778722815,-0.09352246298204085,0.020899743550793482,-0.1433951093901417,-0.06757433028312061,-0.08211413820450945,-0.05551335486096704,-0.05082598761659395,0.032202043183378125,-0.10056898939099831,-0.05726260195893768,0.028022297134755608,-0.12269162032526743,-0.1419486014732251,-0.07525088881171864,-0.07341253997713967,-0.04936186558575027,-0.020721251082287194,-0.8308151761218157,-0.056550403744593206,-0.09561666691761032,-0.06719706299633384,-0.47196580521817,-0.12101364850500095,-0.15362045876331856,-0.09339012210959463,0.019034995745545527,0.005514822883830453,-0.0606916738031135,-0.14283048717307983,-0.1138563013250972,-0.08342502485460507,-0.04381753553485238,0.0327539658284317,-0.028132057763127043,-0.12251874529059459,0.018167637447954087,-0.0455443932212058,0.01967855355068485,0.01663225166079715,-0.14174381742077466,0.0198572076721053,-0.09270515637189475,-0.06657375496815496,0.015804679410531593,-0.025525735165267033,-0.006548865780366874,-0.08184530965931035,-0.047899227884955604,-0.5674487354364862,0.03223309662544972,-0.05773250481080013,0.0037296168373852617,-0.047586154962083814,-0.06339377101563176,-0.04805819999442065,0.004405555229774765,-0.1027410808580567,-0.04216547816201906,-0.11340763258256045,-0.02890626347591469,-0.11066426808372769,0.0208197440973713,-0.10197162968112339,0.018649441554890095
699,1519072788,-0.09460686464246369,-0.07575912305544713,-0.04013402930571755,0.025352762981668175,-0.042187961413410385,-0.12164284172516956,-0.09375559947944512,-0.062372130885526296,-0.08926795690510597,-0.09811827007086753,-0.09206066277172917,-0.0011223230919395234,-0.04113635013363192,-0.09392560215369777,-0.04054838015159777,0.006323108852117426,-0.11178672236346436,-0.051104741461897536,0.009392132483037906,0.010158352159359526,-0.0023850416679890318,-0.042194662973166056,-0.08572961197044983,0.0034617211528287853,-0.044590147754457674,-0.017586508361238457,-0.04441062379112852,-0.06878058954340519,-0.0939018542869578,-0.15390233604659695,0.024492441464820457,-0.08939623838184034,0.03580351054267897,-0.04280727389717069,-0.11954262755020062,-0.03939699004403286,-0.09873652073055662,-0.13915870415456416,-0.05303008350247315,-0.055495256603358835,-0.5567771649665584,-0.01638458907584381,-0.08914124824781236,-0.05457416870145913,-0.042223416015498456,-0.05889413069576803,-0.05002098690959942,-0.05078975449574346,-0.00507415565937316,0.07736814639924533,-0.05074473831080752,0.03718694808796152,-0.06502412113680416,-0.14040265024027443,-0.06705558688732995,0.033831623602319734,-0.05119924882155987,0.033684698455036056,-0.07498094790947608,-0.05307658249077139,-0.022195654756668792,-0.05932973718826064,0.0034307860790936495,0.5197357380903058,-0.09197524373843877,-0.035576138954626454,-0.0890165862873505,0.02464505999205738,-0.13736856692735794,-0.06412653210441521,-0.07798410847220719,-0.05105872770067052,-0.04732230742871224,0.035513161234558506,-0.09694151835684282,-0.05307735831765097,0.03242876675447769,-0.11949825902590981,-0.1376604715802297,-0.07235341469588602,-0.06784277518494168,-0.0458138229782693,-0.0171174573127109,-0.8304268390758023,-0.0523692654860559,-0.0920735660388638,-0.06374481963301724,-0.47194544022747015,-0.11729750110883778,-0.15362045876331856,-0.08889383713896955,0.024096030215264557,0.009318866367948138,-0.05620892195122118,-0.13855207207207798,-0.10732469830991401,-0.07878173046131827,-0.03974148571765681,0.03715302744016813,-0.024389965217708125,-0.11932169547067385,0.02378713903851901,-0.04158819775106149,0.02417257988198395,0.0211438626608455,-0.13674343313061413,0.022352462373458823,-0.08820408100199006,-0.06312125369086827,0.020887532141340728,-0.021794037510469377,-0.0028790510777419198,-0.07774318467950635,-0.04492934151430298,-0.5661760217973812,0.03609445486845657,-0.052502083345204516,0.008801903661677381,-0.04286471161069855,-0.059335172353091804,-0.045108249292888265,0.009485263095205865,-0.09904128402440313,-0.03758856278239623,-0.11007538853992593,-0.02517425354583059,-0.11066426808372769,0.024559782894440274,-0.09833616777133876,0.024273646549081623
700,1519072794,-0.09181729193033192,-0.07401691239759198,-0.03815388697047282,0.027600818194232914,-0.04041560428267755,-0.1194944261597908,-0.09096418255453892,-0.06064444829832365,-0.08582488605697312,-0.09630001993298312,-0.09029129771756936,0.000967546435092297,-0.038658273175490344,-0.09113451249019969,-0.03856898351731501,0.008231791837380681,-0.1090919262085736,-0.04931316746888256,0.012718705442798139,0.012063740963459689,-0.0002873719281759451,-0.03972404422646396,-0.08572961197044983,0.005378576610356405,-0.042609067532917835,-0.015182703542317759,-0.04242864042034324,-0.06530430729881352,-0.09111368855605445,-0.151422865950023,0.026985980011859773,-0.08763123657516769,0.0380121674056583,0.4016465879377125,-0.11688170012268019,-0.03685374260593106,-0.09691527836222762,-0.13648195773439303,-0.05058115258811767,-0.053254544698486846,-0.5567771649665584,-0.014586030338121902,-0.08688745578442324,-0.05233120741173671,-0.042223416015498456,-0.05715580312444889,-0.048230756814916766,-0.047808468072607795,-0.0012889803401511977,0.08016150949333067,-0.048952513745242614,0.03938633654951281,-0.06225406334940352,-0.13706396443835525,-0.06426738053408954,0.036589396664189165,-0.04919196885421861,0.03589310315370666,-0.07292671449173084,-0.05098176570313433,-0.020331191790164117,-0.057592573861808154,0.005980630716838353,0.6362675169892843,-0.09021424018309614,-0.03353845957310928,-0.08676364794000532,0.02651771821268933,-0.13469010361056516,-0.06182799998527828,-0.07540283988951826,-0.04883141412052226,-0.04481967872308244,0.038272426277208824,-0.09512778283976508,-0.05098473649700762,0.03463200156433874,-0.11736935149300473,-0.13551640663373202,-0.07003543540321992,-0.06505789278884268,-0.04403980167452882,-0.015315560427922753,-0.8301841284220438,-0.049756054074470084,-0.0891209819732417,-0.061443324057472846,-0.4719308938055417,-0.11517398831103026,-0.15362045876331856,-0.08664569465365701,0.02634537886847301,0.013122909852065821,-0.05247329540797758,-0.13569979533807675,-0.10442176363649924,-0.07671804406430191,-0.03770346080905902,0.03935255824603634,-0.02251891894499867,-0.11719032892406002,0.02603493967474498,-0.0391155755822213,0.027543099630458274,0.02396361953587572,-0.1346004112919739,0.02547153075015073,-0.08595354331703774,-0.06139500305222492,0.023146577799478124,-0.019928188683070547,-0.00025775486158123877,-0.07569212218960433,-0.04294941726720122,-0.5655396649778288,0.038852567899175745,-0.050409914758966265,0.010704011220786926,-0.04109417035392907,-0.05759577292628896,-0.04274828873166236,0.011390153544742527,-0.09719138560757634,-0.03555437816923053,-0.10840926651860867,-0.02330824858078854,-0.11066426808372769,0.02767648189199775,-0.09591252649814902,0.02652332854675823
701,1519072799,-0.08902771921820016,-0.0716939648537851,-0.036173744635228086,0.029848873406797653,-0.03746167573145615,-0.1159137335508262,-0.08677705716717961,-0.058916765711121,-0.08307042937846686,-0.09448176979509872,-0.08852193266340955,0.0030574159621241173,-0.03600152609184013,-0.08694787799495256,-0.03559988856589088,0.010140474822643936,-0.10572343101496012,-0.046327210813857614,0.014936420749304962,0.013969129767559851,0.0023347152465904132,-0.037253425479761855,-0.08572961197044983,0.007295432067884025,-0.040132717255993045,-0.013379849928127237,-0.039455665364165324,-0.06182802505422185,-0.0883255228251511,-0.1499351838920786,0.030726287832418746,-0.08586623476849504,0.04077298848438246,0.5683167861257937,-0.11475295818066386,-0.03481914465544962,-0.09448695520445562,-0.13313602470917915,-0.04862200785663329,-0.0502669288253242,-0.5567771649665584,-0.012787471600399994,-0.08237987085764498,-0.0500882461220143,-0.042223416015498456,-0.05425859050558365,-0.04644052672023411,-0.04542343893409927,0.0006036073194597835,0.08298734516277997,-0.04716028917967771,0.04158572501106411,-0.05879149111515272,-0.13439301579681992,-0.06147917418084913,0.03879561511368472,-0.046682868895042036,0.038101507852377266,-0.07087248107398561,-0.04888694891549726,-0.01846672882365944,-0.05585541053535567,0.00789301419514688,0.6362675169892843,-0.08786623544263931,-0.03099136034621282,-0.08451070959266015,0.029014595840198595,-0.1320116402937724,-0.059529467866141335,-0.07282157130682934,-0.04511922482027517,-0.042317050017452645,0.0415835443283892,-0.09270946881699477,-0.04836895922120343,0.036835236374199776,-0.11524044396009965,-0.13265765337173507,-0.0671379612873873,-0.06157678979371893,-0.04108309950162801,-0.012913031248205224,-0.8299899598990371,-0.047142842662884266,-0.08675891472074401,-0.05914182848192845,-0.471919256667999,-0.11251959731377087,-0.15362045876331856,-0.08439755216834446,0.029157064684983584,0.015024931594124663,-0.050231919482031415,-0.13356058778757582,-0.10224456263143818,-0.07465435766728556,-0.03515592967331179,0.04155208905190455,-0.020647872672289208,-0.11452612074079273,0.029406640629083932,-0.036642953413381106,0.029790112796107823,0.026219425035899895,-0.13245738945333366,0.02734297177616587,-0.08295282640376794,-0.05794250177493823,0.025405623457615517,-0.01806233985567172,0.001839282111347306,-0.07312829407722683,-0.04096949302009947,-0.5647442189533882,0.04216230353603875,-0.04831774617272802,0.014508226339006015,-0.0393236290971596,-0.05527657369055183,-0.040978318310742924,0.014564970960636964,-0.09534148719074954,-0.0330116474027734,-0.10674314449729141,-0.021442243615746488,-0.11066426808372769,0.030793180889555228,-0.09409479554325671,0.028773010544434843
702,1519072805,-0.08554075332803544,-0.06995175419592994,-0.03369856671617217,0.03265894242250358,-0.03568931860072331,-0.11376531798544744,-0.08328778601104685,-0.05603729473244991,-0.08031597269996057,-0.09266351965721431,-0.08557299090647653,0.005147285489155938,-0.033453534736760396,-0.08415678833145449,-0.033620491931608126,0.013321613131416027,-0.10302863486006936,-0.04393844548983765,0.017154136055811783,0.016509648173026734,0.0044323849864035,-0.034288682983719336,-0.08572961197044983,0.009212287525411644,-0.038151637034453206,-0.011576996313936716,-0.03747368199338005,-0.05904699925854851,-0.08553735709424776,-0.14844750183413424,0.03259644174269823,-0.08233623115514976,0.04353380956310663,0.5683167861257937,-0.11262421623864752,-0.03227589721734782,-0.0920586320466836,-0.13045927828900802,-0.046662863125148904,-0.04802621692045221,-0.5567771649665584,-0.010988912862678087,-0.08012607839425585,-0.04634997730581026,-0.042223416015498456,-0.052520262934264504,-0.04465029662555146,-0.04363466708021787,0.0024961949790707648,0.08579730535094023,-0.044173248237069536,0.04433496058800323,-0.056021433327752085,-0.1317220671552846,-0.057993916239298615,0.04100183356318027,-0.04467558892770077,0.04141411490038317,-0.06727757259293146,-0.04574472373404166,-0.015980778201653206,-0.05411824720890319,0.011717781151763935,0.6294127064658149,-0.08493122951706829,-0.028953680964695652,-0.0815067917961999,0.031511473467707864,-0.12866356114778144,-0.056081669687435935,-0.0707565564406782,-0.04289191124012691,-0.04031494705294881,0.04379095636250945,-0.09089573329991703,-0.04575318194539923,0.03903847118406082,-0.11311153642719457,-0.1305135884252374,-0.06539947681788774,-0.058791907397619934,-0.03930907819788752,-0.011111134363417078,-0.8296987071145271,-0.045052273533615614,-0.08498736428137076,-0.05626495901249795,-0.47190761953045623,-0.11039608451596335,-0.15362045876331856,-0.08214940968303193,0.031406413338192045,0.016926953336183503,-0.04799054355608526,-0.13142138023707492,-0.10006736162637711,-0.07155882807176103,-0.03311790476471401,0.04430150255923982,-0.017529462217773444,-0.11186191255752544,0.03221639142436639,-0.03417033124454091,0.032037125961757375,0.030167084660942204,-0.12888568638893327,0.02921441280218101,-0.07920193026218073,-0.05621625113629488,0.027664669115752914,-0.014952591810007005,0.003936319084275851,-0.07056446596484933,-0.038989568772997724,-0.5641078621338358,0.04436879396061409,-0.04622557758648977,0.017044369751152075,-0.03755308784039012,-0.053537174263748995,-0.03861835774951702,0.016469861410173627,-0.09302911416971607,-0.0309774627896077,-0.10396627446176265,-0.019576238650704438,-0.11066426808372769,0.032663200288089715,-0.0922770645883644,0.0315851130415306
703,1519072810,-0.08275118061590368,-0.06820954353807479,-0.031223388797116256,0.03490699763506831,-0.03391696146999047,-0.11161690242006866,-0.08049636908614065,-0.053733717949513045,-0.07756151602145431,-0.0896331027607403,-0.08321383750093013,0.007237155016187758,-0.03097027893440118,-0.0813656986679564,-0.031641095297325374,0.015230296116679282,-0.10033383870517859,-0.042146871496822676,0.019371851362318608,0.018415036977126896,0.006530054726216586,-0.03231218798635766,-0.08572961197044983,0.011768094802115136,-0.03617055681291337,-0.009774142699746193,-0.03549169862259477,-0.05626597346287518,-0.08135510849789274,-0.14695981977618985,0.03446659565297772,-0.08057122934847712,0.04574246642608596,0.5683167861257937,-0.11049547429663119,-0.029224000291625658,-0.0902373896783546,-0.12644415865875133,-0.04470371839366452,-0.042797889142417576,-0.5567771649665584,-0.009190354124956179,-0.07787228593086672,-0.043359362252847033,-0.042223416015498456,-0.05078193536294536,-0.041666579801080364,-0.04124963794170934,0.0043887826386817454,0.08860293586238528,-0.04118620729446136,0.04653434904955452,-0.05325137554035145,-0.1277156441929816,-0.054508658297748105,0.044311161237423596,-0.042668308960359516,0.044174620773721425,-0.06522333917518623,-0.04312620274949533,-0.014116315235148528,-0.05064392055599822,0.013630164630072463,0.6259853012040802,-0.08317022596172567,-0.026916001583178483,-0.07925385344885473,0.03338413168833981,-0.12598509783098866,-0.054357770598083235,-0.06817528785798929,-0.04066459765997865,-0.03831284408844497,0.045998368396629706,-0.08908199778283929,-0.04366056012475587,0.042343323398852384,-0.10991817512783694,-0.12622545853224199,-0.06366099234838817,-0.05391836320444669,-0.03753505689414704,-0.00930923747862893,-0.8295045385915203,-0.0424390621220298,-0.08203478021574864,-0.05396346343695355,-0.4718930731085278,-0.10827257171815584,-0.15362045876331856,-0.07765312471240685,0.033655761991400496,0.019462982325595294,-0.045749167630139094,-0.12714296513607307,-0.09789016062131604,-0.0689792200754906,-0.031079879856116224,0.04650103336510803,-0.01441105176325768,-0.1097305460109116,0.03446419206059236,-0.031697709075700714,0.03484589241881931,0.032422890160966375,-0.12674266455029304,0.032333481178872914,-0.07695139257722838,-0.054490000497651535,0.030488476188424655,-0.01370869259174112,0.006033356057204396,-0.06800063785247183,-0.03601968240234509,-0.5634715053142832,0.04657528438518943,-0.04361036685369196,0.018946477310261618,-0.03578254658362064,-0.051797774836946156,-0.03566840704798463,0.01837475185971029,-0.09071674114868258,-0.028943278176441996,-0.10174477843333965,-0.015844228720620336,-0.11066426808372769,0.0345332196866242,-0.0904593336334721,0.033834795039207215
704,1519072816,-0.07647464201360721,-0.06414438533641276,-0.027263104126626792,0.03940310806019779,-0.030372247208524796,-0.10660393276751821,-0.07351782677387514,-0.05027835277510774,-0.07067537432518861,-0.08599660248497147,-0.07908531904122391,0.01246182883376731,-0.02823584918748634,-0.07508574692508571,-0.027682302028759865,0.01904766208720579,-0.09427054735667435,-0.038563723510792736,0.024361710801958956,0.023496073788060665,0.011249811640796031,-0.028359197991634298,-0.08572961197044983,0.015601805717170377,-0.03171312631444874,-0.0055674842666349755,-0.030536740195631577,-0.05000866542261017,-0.07508173560336019,-0.1429926676216715,0.038206903473536696,-0.07704122573513182,0.05071194436778946,-0.37614767027333307,-0.10517361944159034,-0.02515480439066278,-0.08538074336281058,-0.1210906658184091,-0.03980585656495356,-0.0383164653326736,-0.5567771649665584,-0.003794677911790456,-0.07261343684962542,-0.0388734396734022,-0.042223416015498456,-0.04614639517276098,-0.03748937624682084,-0.037672094233946546,0.008804820511107368,0.09144681185148121,-0.03760175816333155,0.05313251443420841,-0.046326231071849855,-0.12237374690991094,-0.048932245591267284,0.04872359813641469,-0.038151929033841674,0.048591430171062634,-0.061114872339695765,-0.038936569174221204,-0.0072799510246313835,-0.047169593903093256,0.017454931586689516,0.3620750960505115,-0.07847421648081201,-0.02284064282014414,-0.07399699730504933,0.03837788694335834,-0.11995855536820493,-0.05090997241937783,-0.06404525812568701,-0.0347250947795833,-0.0343086381594373,0.050413192464870214,-0.08364079123160606,-0.039475316483469164,0.04840221912597025,-0.10566036006202678,-0.12193732863924658,-0.06018402340938903,-0.0483485984122487,-0.03339567385208591,-0.0045041791191938714,-0.8290191172840036,-0.03825792386349249,-0.07849167933700212,-0.05051122007363695,-0.4718639802646709,-0.10296378972363704,-0.15362045876331856,-0.07240745891334424,0.03927913362442164,0.023267025809712977,-0.039772165160949335,-0.12286455003507121,-0.09135855760613285,-0.0643359256822038,-0.026494323811771206,0.05090009497684445,-0.010668959217838763,-0.10493497128103049,0.0389597933330443,-0.02774151360555641,0.039339918750118406,0.03693450116101473,-0.12102793964725243,0.0360763632309032,-0.07094995875068881,-0.051037499220364844,0.035006567504699444,-0.009976994936943461,0.010751689246293621,-0.06287298162771683,-0.032059833908141586,-0.5620397024702902,0.05098826523434011,-0.0389029875346559,0.02275069242848071,-0.031061103232235376,-0.047159376365471906,-0.03212846620614576,0.02345445972514139,-0.08655446971082233,-0.02436636279681917,-0.09785716038359939,-0.010246213825494182,-0.11066426808372769,0.03827325848369317,-0.08500614076879517,0.03889657953397959
705,1519072822,-0.07507985565754133,-0.06414438533641276,-0.027263104126626792,0.039965121863338976,-0.030372247208524796,-0.10660393276751821,-0.07351782677387514,-0.05027835277510774,-0.07067537432518861,-0.08478443572638188,-0.07908531904122391,0.01350676359728322,-0.025990820219138643,-0.07508574692508571,-0.027682302028759865,0.01904766208720579,-0.09427054735667435,-0.038563723510792736,0.024916139628585663,0.023496073788060665,0.011774229075749303,-0.028359197991634298,-0.08572961197044983,0.016879709355522122,-0.03171312631444874,-0.004365581857174628,-0.030536740195631577,-0.04931340897369184,-0.07508173560336019,-0.1429926676216715,0.038206903473536696,-0.07704122573513182,0.05126410858353429,0.5683167861257937,-0.10410924847058217,-0.02515480439066278,-0.08416658178392458,-0.1210906658184091,-0.03980585656495356,-0.0383164653326736,-0.5567771649665584,-0.0025956387533091845,-0.07261343684962542,-0.0388734396734022,-0.042223416015498456,-0.04614639517276098,-0.03748937624682084,-0.037672094233946546,0.009435683064311029,0.0942329588177079,-0.03760175816333155,0.05313251443420841,-0.046326231071849855,-0.12237374690991094,-0.048932245591267284,0.04872359813641469,-0.038151929033841674,0.04914353134573028,-0.061114872339695765,-0.038936569174221204,-0.0072799510246313835,-0.047169593903093256,0.018092392746125695,0.6396949222510189,-0.07847421648081201,-0.02284064282014414,-0.07174405895770415,0.03900210635023566,-0.11995855536820493,-0.05090997241937783,-0.06404525812568701,-0.0347250947795833,-0.0343086381594373,0.050413192464870214,-0.08303621272591348,-0.039475316483469164,0.04840221912597025,-0.10459590629557425,-0.12193732863924658,-0.06018402340938903,-0.0483485984122487,-0.03339567385208591,-0.003903546824264489,-0.8289705751532519,-0.03825792386349249,-0.07849167933700212,-0.05051122007363695,-0.4718639802646709,-0.10190203332473328,-0.15362045876331856,-0.07240745891334424,0.03927913362442164,0.024535040304418873,-0.03827791454365189,-0.12286455003507121,-0.09135855760613285,-0.0643359256822038,-0.026494323811771206,0.05090009497684445,-0.01004527712693561,-0.10386928800772358,0.0389597933330443,-0.02774151360555641,0.0399016720415308,0.03749845253602077,-0.12102793964725243,0.0360763632309032,-0.07094995875068881,-0.051037499220364844,0.03613609033376814,-0.009976994936943461,0.011800207732757894,-0.06287298162771683,-0.032059833908141586,-0.5620397024702902,0.05098826523434011,-0.0389029875346559,0.02275069242848071,-0.031061103232235376,-0.047159376365471906,-0.03212846620614576,0.02345445972514139,-0.08655446971082233,-0.02436636279681917,-0.09785716038359939,-0.010246213825494182,-0.11066426808372769,0.03827325848369317,-0.0837943201322003,0.03889657953397959
706,1519072827,-0.06880331705524485,-0.06007922713475073,-0.023797855039948513,0.043899218485327275,-0.02564596152657056,-0.10087482459317484,-0.06793499292406273,-0.046822987600702436,-0.06516646096817606,-0.08114793545061305,-0.0761363772842909,0.017164035269588904,-0.023318536602835505,-0.06880579518221502,-0.023228659601623666,0.0228650280577323,-0.08820725600817013,-0.0343833841937578,0.029351570241599307,0.02730685139626099,0.015445151120422204,-0.02440620799691094,-0.08572961197044983,0.020074468451401487,-0.02775096587136907,-0.0001589234240634093,-0.026572773454061022,-0.04375135738234517,-0.06880836270882766,-0.13952140948646796,0.04319398056761533,-0.07409955605734407,0.05568142230949295,0.3460898552083521,-0.10091613555755767,-0.020576959002079537,-0.08173825862615258,-0.11573717297806685,-0.03539778091911369,-0.03308813755463896,-0.5567771649665584,0.0004019591428939951,-0.06660332361392107,-0.034387517093957355,-0.042223416015498456,-0.042669740030122694,-0.034505659422349746,-0.03349829324155662,0.013851720936736651,0.09707755641958969,-0.03461471722072337,0.057531291357311,-0.04009360105019843,-0.11703184962684027,-0.04335583288478646,0.05368758964777968,-0.03363554910732384,0.05356034074307149,-0.05803352221307792,-0.035794343992765605,-0.003551025091622031,-0.04311621280803746,0.021279698543306573,0.5231631433520405,-0.07495220937012678,-0.01825586421173051,-0.06648720281389874,0.04274742279149956,-0.11460162873461939,-0.04746217424067242,-0.06043148210992253,-0.028785591899187946,-0.02980390648930366,0.05537986954164078,-0.08122247720883574,-0.03581322829734329,0.052808688745692334,-0.10087031811299035,-0.1176491987462512,-0.05612755964722337,-0.04208261302102596,-0.02925629081002478,-0.0002997530546881949,-0.8286793223687418,-0.034599427887272355,-0.07553909527138002,-0.04590822892254816,-0.4718407059895854,-0.09977852052692576,-0.15362045876331856,-0.06716179311428165,0.043777830930838556,0.028339083788536557,-0.03379516269175957,-0.11858613493406936,-0.08700415559601071,-0.06124039608667927,-0.02190876776742619,0.056398921991514986,-0.006303184581516692,-0.10067223818780283,0.044017344764552734,-0.02329079370164406,0.044395698372829896,0.04144611216106308,-0.11674189596997196,0.041066872633610245,-0.06644888338078414,-0.046434164183982586,0.04008942023550858,-0.004379448454746975,0.015470022435382848,-0.059283622270388324,-0.027605004352162645,-0.5602897212165209,0.05595286868963462,-0.03576473465529853,0.027822979252772828,-0.027520020718696424,-0.04368057751186622,-0.027408545083693944,0.027264240624214713,-0.08239219827296206,-0.020297993570487765,-0.09396954233385911,-0.006514203895410081,-0.11066426808372769,0.04325997687978514,-0.08137067885901056,0.043395943529332806
707,1519072833,-0.06810592387721191,-0.06007922713475073,-0.022312748288514962,0.044461232288468454,-0.02505517581632628,-0.10087482459317484,-0.06723713869283618,-0.04509530501349979,-0.06516646096817606,-0.08054185207131825,-0.07436701223013109,0.01873143741486277,-0.0209233211521762,-0.06880579518221502,-0.023228659601623666,0.0228650280577323,-0.08820725600817013,-0.033786192862752806,0.029905999068226014,0.02730685139626099,0.01649398599032875,-0.02440620799691094,-0.08572961197044983,0.021352372089753234,-0.02775096587136907,0.0004420277806667647,-0.026572773454061022,-0.04375135738234517,-0.06880836270882766,-0.13952140948646796,0.04381736520437516,-0.07351122212178653,0.056785750740982625,0.6238735188551541,-0.0998517645865495,-0.020068309514459176,-0.08052409704726657,-0.11573717297806685,-0.03539778091911369,-0.03308813755463896,-0.5567771649665584,0.0022005178806159026,-0.06660332361392107,-0.034387517093957355,-0.042223416015498456,-0.042669740030122694,-0.03390891605745553,-0.03290203595692949,0.013851720936736651,0.09985865209631532,-0.03401730903220174,0.057531291357311,-0.04009360105019843,-0.11703184962684027,-0.04335583288478646,0.05479069887252746,-0.03363554910732384,0.05356034074307149,-0.057006405504205306,-0.03474693559894707,-0.003551025091622031,-0.04311621280803746,0.022554620862178923,0.6465497327744882,-0.07377820699989836,-0.01774644436635122,-0.06573622336478367,0.04337164219837688,-0.1139320129054212,-0.04746217424067242,-0.05888272096030918,-0.028785591899187946,-0.02980390648930366,0.056483575558700906,-0.07819958468037284,-0.03476691738702161,0.052808688745692334,-0.0998058643465378,-0.1176491987462512,-0.05612755964722337,-0.04208261302102596,-0.02925629081002478,0.00030087924024118745,-0.8282909853227283,-0.03355414332263803,-0.07435806164513117,-0.04590822892254816,-0.4718407059895854,-0.09712412952966637,-0.15362045876331856,-0.06716179311428165,0.043777830930838556,0.028339083788536557,-0.03379516269175957,-0.11858613493406936,-0.08700415559601071,-0.059692631288917004,-0.02190876776742619,0.05749868739444909,-0.006303184581516692,-0.09960655491449591,0.044017344764552734,-0.02329079370164406,0.044395698372829896,0.04257401491107517,-0.11602755535709189,0.04169068630894863,-0.06494852492414925,-0.046434164183982586,0.041218943064577275,-0.003135549236481089,0.01651854092184712,-0.058258091025437324,-0.027605004352162645,-0.5602897212165209,0.05705611390192229,-0.03471865036217941,0.027822979252772828,-0.027520020718696424,-0.04368057751186622,-0.026818554943387467,0.027264240624214713,-0.07961735064772188,-0.020297993570487765,-0.0917480463054361,-0.006514203895410081,-0.11066426808372769,0.04388331667929664,-0.08015885822241568,0.043395943529332806
708,1519072839,-0.06252677845294838,-0.056594805819040424,-0.018352463618025498,0.04895734271359794,-0.021510461554860603,-0.09657799346241731,-0.06165430484302376,-0.04163993983909448,-0.059657547611163514,-0.07629926841625463,-0.07082828212181147,0.02291117646892641,-0.018266574068525988,-0.06322361585521886,-0.019269866333058158,0.02731862169001323,-0.08281766369838858,-0.030203044876722866,0.033787000854612954,0.031117629004461314,0.02016490803500165,-0.01995909425284716,-0.08572961197044983,0.02646398664316022,-0.023788805428289397,0.004047735009047809,-0.022608806712490468,-0.038189305790998496,-0.06323203124702095,-0.13654604537057918,0.04755767302493413,-0.06880455063732614,0.06009873603545162,0.6794302515845145,-0.096658651673525,-0.015999113613496298,-0.07688161231060857,-0.10971449353268183,-0.031479491456144926,-0.02860671374489499,-0.5567771649665584,0.005797635356059718,-0.06209573868714282,-0.028406286988030903,-0.042223416015498456,-0.03919308488748441,-0.030328455868090222,-0.0293244922491667,0.017636896255958615,0.10268376615297875,-0.03043285990107193,0.061930068280413586,-0.034553485475397154,-0.11102221518338577,-0.03708236858999554,0.05865158115914467,-0.02962098917264132,0.05852925131508035,-0.052384380314278535,-0.03055730202367294,0.00017790084138732119,-0.039062831712981666,0.02637938781879598,0.6362675169892843,-0.07025619988921313,-0.01367108560331688,-0.06123034667009332,0.04649273923276346,-0.10857508627183565,-0.04286511000239855,-0.05423643751146912,-0.02433096473889143,-0.02579970056029599,0.06034654661841135,-0.07578127065760253,-0.0305816737457349,0.05776596706787968,-0.09554804928072765,-0.11264638053775657,-0.05265059070822423,-0.03651284822882796,-0.02452556733338349,0.0039046730098174815,-0.8279511904074666,-0.029373005064100722,-0.0696339271401358,-0.04245598555923156,-0.4718174317144999,-0.0939388603329551,-0.15362045876331856,-0.06266550814365657,0.04827652823725547,0.03214312727265424,-0.02931241083986725,-0.11288158146606689,-0.08264975358588858,-0.0555652584948843,-0.017323211723081173,0.06189774900618552,-0.0013137278542914694,-0.09587666345792172,0.04851294603700467,-0.01933459823149975,0.048889724704128994,0.046521674536117476,-0.11174151167981143,0.04543356836097891,-0.060447449554244574,-0.04298166290669589,0.046301795795386416,0.0005961484183165685,0.020188355624472073,-0.054155966045633316,-0.0231501747961837,-0.559017007577416,0.0603658495387853,-0.030534313189702914,0.031627194370991915,-0.022798577367311158,-0.04020177865826054,-0.023278614101548602,0.031074021523288038,-0.07545507920986162,-0.015721078190864934,-0.08786042825569584,-0.002160192310311962,-0.11066426808372769,0.047000015676854114,-0.07773521694922594,0.04789530752468603
709,1519072844,-0.05694763302868485,-0.05136817384547496,-0.014392178947536034,0.054015466941868595,-0.017965747293394927,-0.09228116233165978,-0.05607147099321135,-0.03818457466468918,-0.0534600200845244,-0.07205668476119101,-0.06669976366210525,0.027613382904748008,-0.013688475780130686,-0.05764143652822269,-0.014816223905921959,0.032408442984048574,-0.07742807138860705,-0.02602270555968793,0.0382224314676266,0.03556353621402836,0.02436024751462782,-0.0160061042581238,-0.08572961197044983,0.030936649377391334,-0.01834083481905485,0.0076534422374288525,-0.017653848285527275,-0.032627254199651824,-0.056958658352488416,-0.13257889321606084,0.051921365482252936,-0.0635095452173082,0.06506821397715512,0.4016465879377125,-0.09133679681848415,-0.011929917712533416,-0.07323912757395055,-0.10436100069233958,-0.02707141581030506,-0.024125289935151013,-0.5567771649665584,0.00999427241074417,-0.05758815376036456,-0.023920364408586064,-0.042223416015498456,-0.033398659649753935,-0.025554508948936478,-0.025746948541403906,0.021422071575180574,0.10760227890143799,-0.025056186204377214,0.066878692318904,-0.02901336990059588,-0.10568031790031511,-0.03150595588351472,0.06361557267050966,-0.02460278925428817,0.0634981618870892,-0.04724879676991546,-0.02479655585767101,0.005149802085399791,-0.03443039617577504,0.03084161593484921,0.5471549801841831,-0.06614719159341367,-0.00959572684028254,-0.056724469975402966,0.051486494487781996,-0.10254854380905191,-0.039417311823693145,-0.05010640777916685,-0.019876337578594912,-0.021294968890162354,0.06531322369518192,-0.07094464261206188,-0.02587327464928735,0.06217243668760177,-0.09075800733169122,-0.10835825064476118,-0.048014632122892045,-0.030943083436629965,-0.02097752472590252,0.007508466779393775,-0.8275143112307014,-0.02519186680556342,-0.06609082626138928,-0.03900374219591496,-0.4717912481550287,-0.08916095653788818,-0.15362045876331856,-0.05667046151615645,0.053899899870276616,0.03594717075677192,-0.02482965898797493,-0.10860316636506503,-0.07684388423905907,-0.05092196410159751,-0.013247161905885603,0.06629681061792195,0.003052046782030601,-0.09161393036469405,0.054132447627569594,-0.015378402761355443,0.05338375103542809,0.05159723691117187,-0.10674112738965089,0.049800264088347576,-0.0559463741843399,-0.038953744749861414,0.05138464852619555,0.004327846073114226,0.024382429570329163,-0.04954107544335381,-0.018695345240204757,-0.557744293938311,0.06477883038793598,-0.025826933870666854,0.03669948119528404,-0.018667314434849046,-0.034403780568917734,-0.019738673259709738,0.036788692871898024,-0.07175528237620805,-0.011144162811242107,-0.08452818421306132,0.0015718176197721402,-0.11066426808372769,0.05074005447392309,-0.07288793440284645,0.052957092019458404
710,1519072850,-0.05694763302868485,-0.05136817384547496,-0.014392178947536034,0.054015466941868595,-0.017965747293394927,-0.09228116233165978,-0.05607147099321135,-0.03818457466468918,-0.0534600200845244,-0.07205668476119101,-0.06669976366210525,0.027613382904748008,-0.012937543368572633,-0.05764143652822269,-0.014816223905921959,0.032408442984048574,-0.07742807138860705,-0.02602270555968793,0.0382224314676266,0.03556353621402836,0.02436024751462782,-0.0160061042581238,-0.08572961197044983,0.030936649377391334,-0.01834083481905485,0.0076534422374288525,-0.017653848285527275,-0.03193199775073349,-0.056958658352488416,-0.13257889321606084,0.051921365482252936,-0.0635095452173082,0.06506821397715512,0.7905437170432352,-0.09133679681848415,-0.011929917712533416,-0.07323912757395055,-0.10436100069233958,-0.02707141581030506,-0.024125289935151013,-0.5567771649665584,0.00999427241074417,-0.05758815376036456,-0.023920364408586064,-0.042223416015498456,-0.033398659649753935,-0.025554508948936478,-0.025746948541403906,0.021422071575180574,0.1083339942663056,-0.025056186204377214,0.066878692318904,-0.02901336990059588,-0.10568031790031511,-0.03150595588351472,0.06361557267050966,-0.02460278925428817,0.0634981618870892,-0.04724879676991546,-0.02479655585767101,0.005149802085399791,-0.03443039617577504,0.03084161593484921,0.6328401117275496,-0.06614719159341367,-0.00959572684028254,-0.056724469975402966,0.051486494487781996,-0.10254854380905191,-0.039417311823693145,-0.05010640777916685,-0.019876337578594912,-0.021294968890162354,0.06531322369518192,-0.07094464261206188,-0.02587327464928735,0.06217243668760177,-0.09075800733169122,-0.10835825064476118,-0.048014632122892045,-0.030943083436629965,-0.02097752472590252,0.007508466779393775,-0.8275143112307014,-0.02519186680556342,-0.06609082626138928,-0.03900374219591496,-0.4717912481550287,-0.08916095653788818,-0.15362045876331856,-0.05667046151615645,0.053899899870276616,0.03658117800412487,-0.02408253367932621,-0.10860316636506503,-0.07684388423905907,-0.05092196410159751,-0.013247161905885603,0.06629681061792195,0.003052046782030601,-0.09161393036469405,0.054132447627569594,-0.015378402761355443,0.05394550432684048,0.05159723691117187,-0.10674112738965089,0.049800264088347576,-0.0559463741843399,-0.038953744749861414,0.05138464852619555,0.004327846073114226,0.024382429570329163,-0.04954107544335381,-0.018695345240204757,-0.557744293938311,0.06477883038793598,-0.025826933870666854,0.03669948119528404,-0.018667314434849046,-0.034403780568917734,-0.019738673259709738,0.036788692871898024,-0.07175528237620805,-0.011144162811242107,-0.08452818421306132,0.0015718176197721402,-0.11066426808372769,0.05074005447392309,-0.07288793440284645,0.052957092019458404
711,1519072855,-0.05415806031655309,-0.0496259631876198,-0.012412036612291302,0.05682553595757452,-0.015011818742173529,-0.08941660824448809,-0.05328005406830515,-0.03645689207748653,-0.05001694923639156,-0.0702384346233066,-0.06493039860794544,0.029703252431779827,-0.010617421159069133,-0.05415257444885009,-0.012341978113068516,0.03495335363106625,-0.07405957619499359,-0.02363394023566797,0.04154900442738683,0.03746892501812852,0.026457917254440907,-0.014029609260762122,-0.08572961197044983,0.03285350483491895,-0.01635975459751501,0.010057247056349548,-0.015671864914742,-0.029150971955060157,-0.05417049262158507,-0.13059531713880168,0.053791519392532426,-0.06174454341063556,0.06727687084013445,0.6238735188551541,-0.08920805487646782,-0.009895319762051977,-0.07141788520562155,-0.10168425427216847,-0.024622484895949582,-0.021884578030279024,-0.5567771649665584,0.011792831148466076,-0.05383183298804935,-0.021677403118863642,-0.042223416015498456,-0.03166033207843479,-0.023764278854253824,-0.022765662118268245,0.025207246894402537,0.11112591413481922,-0.02326396163881231,0.0690780807804553,-0.025550797666345083,-0.10300936925877978,-0.02871774953027431,0.06692490034475299,-0.02259550928694691,0.06570656658575981,-0.04519456335217023,-0.022701739070033942,0.007014265051904466,-0.03269323284932256,0.032753999413157736,0.6259853012040802,-0.06321218566784265,-0.007048627613386079,-0.05447153162805779,0.053359152708413946,-0.09987008049225914,-0.037693412734340445,-0.04752513919647793,-0.016906586138397236,-0.018291814443406596,0.06752063572930217,-0.06913090709498414,-0.023257497373483156,0.06437567149746282,-0.08862909979878614,-0.10621418569826348,-0.045117158007059434,-0.028158201040530968,-0.019203503422162035,0.00870973136925254,-0.8273201427076947,-0.022578655393977604,-0.06313824219576718,-0.03670224662037056,-0.47177670173310027,-0.08650656554062879,-0.15362045876331856,-0.05442231903084391,0.056711585686787185,0.03975121424088961,-0.02184115775338005,-0.10646395881456412,-0.07394094956564431,-0.048858277704581156,-0.011209136997287818,0.06849634142379016,0.00492309305474006,-0.08948256381808022,0.05694219842285205,-0.012905780592515249,0.05675427078390242,0.053853042411196046,-0.10459810555101065,0.05291933246503948,-0.053695836499387556,-0.0360766603521225,0.05364369418433295,0.006193694900513055,0.027003725786489845,-0.04697724733097631,-0.016715420993103008,-0.5569488479138704,0.06864018863094283,-0.023734765284428607,0.039235624607430096,-0.016896773178079572,-0.03266438114211489,-0.017968702838790308,0.039328546804613576,-0.06990538395938127,-0.009109978198076405,-0.08286206219174407,0.003437822584814191,-0.11066426808372769,0.055103433070503555,-0.07107020344795414,0.05520677401713501
712,1519072861,-0.049973701248355436,-0.047883752529764644,-0.010431894277046569,0.059635604973280444,-0.01323946161144069,-0.08726819267910933,-0.04979078291217239,-0.03472920949028388,-0.046573878388258716,-0.0684201844854222,-0.06198145685101244,0.032315589340569606,-0.008846256436635657,-0.051361484785352005,-0.009867732320215072,0.03749826427808392,-0.07136478004010281,-0.02124517491164801,0.04432114856052036,0.03937431382222868,0.029604421864160537,-0.011064866764719601,-0.08572961197044983,0.035409312111622446,-0.014378674375975176,0.012461051875270244,-0.013689881543956723,-0.02636994615938682,-0.05138232689068172,-0.1286117410615425,0.0575318272130914,-0.05997954160396291,0.06948552770311378,0.0683061915615501,-0.08707931293445148,-0.007860721811570536,-0.06959664283729254,-0.09900750785199734,-0.0221735539815941,-0.018150058188825712,-0.5567771649665584,0.01419090946542862,-0.05157804052466022,-0.019434441829141225,-0.042223416015498456,-0.02992200450711565,-0.02197404875957117,-0.020380632979759717,0.02709983455401352,0.11388103175125369,-0.020276920696204133,0.07127746924200659,-0.02278073987894445,-0.09967068345686061,-0.0259295431770339,0.06913111879424853,-0.02058822931960565,0.06791497128443041,-0.043140329934424994,-0.02008321808548761,0.008878728018409143,-0.030956069522870076,0.035941305210338614,0.6122756801571416,-0.06145118211250003,-0.005010948231868909,-0.04996565493336744,0.055231810929045895,-0.09719161717546637,-0.034820247585419274,-0.04546012433032679,-0.014679272558248978,-0.015789185737776802,0.07083175378048255,-0.0673171715779064,-0.020641720097678964,0.06657890630732385,-0.08650019226588106,-0.10407012075176579,-0.04279917871439334,-0.02467709804540722,-0.016838141683841387,0.012313525138828834,-0.8270774320539362,-0.01996544398239179,-0.061366691756393914,-0.034976124938712265,-0.4717650645955575,-0.08438305274282126,-0.15362045876331856,-0.052174176545531366,0.05952327150329776,0.04165323598294845,-0.01959978182743389,-0.1043247512640632,-0.07176374856058325,-0.04627866970831071,-0.008661605861540586,0.07069587222965837,0.006794139327449518,-0.08735119727146638,0.059751949218134516,-0.010927682857443095,0.059001283949551966,0.05723675066123231,-0.10245508371237042,0.05479077349105462,-0.04994494035780033,-0.03377499283393137,0.05646750125700469,0.008059543727911884,0.029625022002650526,-0.04492618484107431,-0.014735496746001255,-0.5563124910943179,0.07084667905551817,-0.02164259669819036,0.04240580387261267,-0.015126231921310096,-0.03092498171531205,-0.016198732417870874,0.04186840073732912,-0.06805548554255449,-0.007075793584910703,-0.08119594017042682,0.005303827549856242,-0.11066426808372769,0.05697345246903804,-0.06925247249306184,0.05745645601481162
713,1519072867,-0.047184128536223675,-0.04614154187190949,-0.0074616807741794714,0.06244567398898637,-0.011467104480707853,-0.08368750007014472,-0.04699936598726619,-0.031849738511612796,-0.04381942170975244,-0.06538976758894818,-0.06021209179685263,0.03440545886760142,-0.006186919930876622,-0.048570395121853925,-0.007888335685932318,0.04004317492510159,-0.06799628484648935,-0.018259218256623057,0.04653886386702718,0.04318509143042901,0.03170209160397362,-0.008594248018017503,-0.08572961197044983,0.03732616756915007,-0.01239759415443534,0.014263905489460767,-0.011707898173171446,-0.023588920363713486,-0.04859416115977837,-0.12712405900359813,0.05940198112337089,-0.05703787192617517,0.07224634878183794,0.2905331224789917,-0.08388620002142698,-0.005317474373468735,-0.06595415810063453,-0.09633076143182623,-0.020214409250109717,-0.015162442315663062,-0.5567771649665584,0.015989468203150527,-0.049324248061271087,-0.016443826776178,-0.042223416015498456,-0.028183676935796508,-0.019587075299994296,-0.017995603841251186,0.0289924222136245,0.11670686742070298,-0.018484696130639227,0.07347685770355789,-0.020010682091543813,-0.09633199765494145,-0.022444285235483388,0.07188889185611796,-0.01858094935226439,0.07122757833243633,-0.04005897980780715,-0.017988401297850544,0.010743190984913819,-0.029218906196417593,0.03912861100751949,0.619130490680611,-0.05969017855715741,-0.00297326885035174,-0.04771271658602226,0.05772868855655516,-0.09384353802947541,-0.0319470824364981,-0.042878855747637876,-0.012451958978100721,-0.013787082773272964,0.0730391658146028,-0.0642942790494435,-0.01802594282187477,0.06933294981965016,-0.08330683096652343,-0.10192605580526809,-0.041060694244893774,-0.021195995050283474,-0.015064120380100904,0.01411542202361698,-0.8268832635309296,-0.01735223257080597,-0.059004624503896236,-0.032099255469281766,-0.4717534274580148,-0.08119778354610999,-0.15362045876331856,-0.049926034060218824,0.06177262015650622,0.04418926497236024,-0.01735840590148773,-0.10075940534656165,-0.06958654755552217,-0.04421498331129436,-0.0066235809529428015,0.07344528573699363,0.009912549781965282,-0.08362130581489219,0.061999749854360485,-0.008455060688602902,0.0618100504066139,0.06005650753626253,-0.09888338064797003,0.057909841867746524,-0.04769440267284799,-0.03204874219528803,0.058726546915142085,0.011169291773576598,0.03172205897557907,-0.04287512235117231,-0.012755572498899501,-0.5556761342747655,0.07305316948009351,-0.01902738596539255,0.04430791143172221,-0.01335569066454062,-0.029185582288509208,-0.013248781716338488,0.043773291186865786,-0.065743112521521,-0.005041608971745002,-0.07841907013489806,0.008413835824926327,-0.11066426808372769,0.05884347186757253,-0.06622292090157465,0.06083097901132654
714,1519072872,-0.04439455582409191,-0.04439933121405433,-0.004491467271312373,0.06469372920155111,-0.009694747349975014,-0.08153908450476595,-0.04420794906235998,-0.02839437333720749,-0.04106496503124617,-0.06296543407176897,-0.057852938391306216,0.03649532839463324,-0.0036855381737556613,-0.04577930545835584,-0.005908939051649563,0.04195185791036485,-0.06530148869159859,-0.016467644263608083,0.048756579173534,0.04509048023452917,0.034324178778739986,-0.006617753020655823,-0.08572961197044983,0.039881974845853554,-0.010416513932895504,0.01606675910365129,-0.009725914802386168,-0.02080789456804015,-0.04441191256342335,-0.12563637694565374,0.0618955196704102,-0.05527287011950252,0.07555933407630695,0.2905331224789917,-0.08175745807941065,-0.003282876422987295,-0.06413291573230553,-0.09231564180156954,-0.018255264518625334,-0.012174826442500413,-0.5567771649665584,0.017788026940872434,-0.047070455597881956,-0.012705557959973964,-0.042223416015498456,-0.026445349364477365,-0.017200101840417422,-0.01620683198736979,0.030885009873235482,0.11951610599607736,-0.015497655188031052,0.07677594039588483,-0.017240624304143175,-0.09299331185302229,-0.018959027293932874,0.0751982195303613,-0.016573669384923127,0.07343598303110692,-0.03800474639006192,-0.015369880313304213,0.013850629262421612,-0.026902688427814285,0.04104099448582802,0.6122756801571416,-0.05792917500181479,-0.0009355894688345701,-0.045459778238677084,0.06084978559094174,-0.09116507471268263,-0.030223183347145403,-0.04081384088148674,-0.010224645397952464,-0.011784979808769127,0.07635028386578319,-0.061271386520980596,-0.015933321001231415,0.0715361846295112,-0.08064569655039208,-0.09763792591227269,-0.039322209775394204,-0.018411112654184478,-0.01329009907636042,0.016517951203334512,-0.8266890950079229,-0.015261663441537319,-0.05723307406452297,-0.030373133787623463,-0.47174179032047203,-0.0785433925488506,-0.15362045876331856,-0.04542974908959374,0.06402196880971467,0.04609128671441908,-0.015117029975541567,-0.0971940594290601,-0.0674093465504611,-0.04163537531502392,-0.0045855560443450166,0.07564481654286184,0.01178359605467474,-0.08148993926827836,0.06424755049058646,-0.006476962953530748,0.06405706357226346,0.062312313036286704,-0.0967403588093298,0.06040509656910004,-0.045443864987895655,-0.030322491556644682,0.061550353987813826,0.013035140600975428,0.03381909594850761,-0.0408240598612703,-0.01028066719002231,-0.555039777455213,0.07636290511695651,-0.01641217523259474,0.046210018990831755,-0.011585149407771144,-0.027446182861706366,-0.011478811295419056,0.04567818163640245,-0.06343073950048753,-0.0030074243585792994,-0.07619757410647504,0.010279840789968377,-0.11066426808372769,0.06133683106561851,-0.06440518994668235,0.06308066100900314
715,1519072878,-0.03881541039982837,-0.03975343612644058,-0.0005311826008229085,0.06918983962668059,-0.006150033088509337,-0.0765261148522155,-0.03792726098132102,-0.024939008162802187,-0.03417882333498048,-0.05993501717529496,-0.0543142082829866,0.04119753483045484,-0.0014146149843197574,-0.038103808883736115,-0.0019501457830840541,0.04576922388089136,-0.05923819734309436,-0.01288449627757814,0.052637580959920945,0.05017151704546294,0.03851951825836616,-0.0026647630259324638,-0.08572961197044983,0.0437156857609088,-0.005463813379045914,0.01907151512730216,-0.005266452218119295,-0.014550586527775144,-0.03813853966889081,-0.1216692247911354,0.06501244285420935,-0.05174286650615723,0.07942448358652078,-0.32059093754397266,-0.07696778870987389,0.0007863194779755854,-0.06049043099564752,-0.0869621489612273,-0.013847188872785469,-0.006946498664465775,-0.5567771649665584,0.023183703154038157,-0.04030907820771457,-0.007471981617288318,-0.042223416015498456,-0.02238925169806603,-0.01182941155636946,-0.012629288279606998,0.034670185192457445,0.12231957166916482,-0.011913206056901242,0.08172456443437524,-0.011007994282491744,-0.08765141456995162,-0.01268556299914195,0.07850754720460462,-0.012057289458405293,0.07785279242844813,-0.03389627955457146,-0.011180246738030081,0.018822530506434083,-0.02227025289060766,0.0442283002830089,0.48888909073469394,-0.05440716789112955,0.003139769294199769,-0.04095390154398673,0.06459510203220564,-0.0851385322498989,-0.02677538516844,-0.03668381114918447,-0.004285142517557109,-0.0077807738797614516,0.07966140191696357,-0.05764391548682511,-0.011748077359944702,0.07649346295169855,-0.07745233525103445,-0.0933497960192773,-0.035845240836395065,-0.012145127262961734,-0.009742056468879452,0.020722377267840188,-0.8262522158311577,-0.011080525183000015,-0.053689973185776445,-0.026920890424306867,-0.4717156067610008,-0.07482724515268743,-0.15362045876331856,-0.04018408329053114,0.0690830032794337,0.049895330198536765,-0.009140027506351804,-0.09291564432805825,-0.06015200986692422,-0.037508002520991214,-0.0005095062271494462,0.08004387815459826,0.015525688600093658,-0.07776004781170415,0.0687431517630384,-0.0025207674833864387,0.06855108990356255,0.066259972661329,-0.09173997451916927,0.06352416494579195,-0.04019261038967353,-0.026869990279357988,0.06550368388955427,0.016766838255773086,0.037488910651132565,-0.0367219348814663,-0.005825837634043368,-0.5537670638161081,0.07967264075381952,-0.011181753766999121,0.05001423410905085,-0.006863706056385877,-0.02222798458129784,-0.007938870453580191,0.05075788950183355,-0.05973094266683395,0.0015694910210435294,-0.07286533006384054,0.015255854030080514,-0.11066426808372769,0.06445353006317599,-0.05895199708200542,0.06870486600319467
716,1519072883,-0.03532844450966367,-0.03743048858263371,0.0014489597344218236,0.07143789483924533,-0.003786890247532219,-0.07437769928683674,-0.03513584405641482,-0.023211325575599535,-0.031424366656474204,-0.05751068365811575,-0.0525448432288268,0.04328740435748666,0.0012732051646363067,-0.03531271922023803,0.000524100009769389,0.04767790686615461,-0.056543401188203585,-0.010495730953558179,0.055964153919681174,0.0520769058495631,0.04061718799817924,-0.000688268028570784,-0.08572961197044983,0.045632541218436413,-0.003482733157506078,0.023278173560413378,-0.003284468847334018,-0.01037904783426514,-0.035350373937987456,-0.12018154273319101,0.06688259676448884,-0.049977864699484585,0.08163314044950011,0.4016465879377125,-0.07483904676785755,0.0028209174284570255,-0.058669188627318514,-0.08428540254105618,-0.011888044141301086,-0.004705786759593787,-0.5567771649665584,0.024982261891760067,-0.03805528574432544,-0.005229020327565898,-0.042223416015498456,-0.02065092412674689,-0.010039181461686806,-0.009648001856471336,0.03782449795847575,0.12512808863175334,-0.010120981491336336,0.08392395289592654,-0.007545422048240948,-0.0849804659284163,-0.00989735664590154,0.08126532026647405,-0.009548189499228718,0.08061329830178639,-0.03184204613682623,-0.009085429950393015,0.02068699347293876,-0.02053308956415518,0.04614068376131743,0.6225578959423456,-0.05264616433578693,0.005686868521096231,-0.0379499837475265,0.0664677602528376,-0.08246006893310613,-0.025051486079087297,-0.03461879628303333,-0.001315391077359432,-0.005778670915257614,0.08186881395108382,-0.05583017996974737,-0.009132300084140508,0.07869669776155959,-0.07479120083490311,-0.0912057310727796,-0.034106756366895495,-0.009360244866862738,-0.007376694730558805,0.022524274152628334,-0.826058047308151,-0.008467313771414199,-0.05191842274640318,-0.02461939484876247,-0.47170396962345806,-0.07270373235487991,-0.15362045876331856,-0.0379359408052186,0.07133235193264216,0.05243135918794855,-0.004657275654459483,-0.09077643677755734,-0.05797480886186315,-0.03544431612397486,0.002038024908597785,0.08224340896046649,0.018644099054609422,-0.07562868126509031,0.07099095239926437,-4.8145314546245564e-05,0.07135985636062449,0.06851577816135318,-0.08959695268052903,0.06664323332248386,-0.0379420727047212,-0.023992905881619075,0.06776272954769166,0.018632687083171912,0.04115872535375752,-0.0346708723915643,-0.0038459133869416153,-0.5528125285867793,0.0824307537845387,-0.009089585180760874,0.05191634166816039,-0.005093164799616402,-0.020488585154494997,-0.006168900032660758,0.05266277995137021,-0.05788104425000717,0.0036036756342092313,-0.07119920804252328,0.017121858995122564,-0.11066426808372769,0.06694688926122197,-0.057134266127113115,0.07095454800087128
717,1519072889,-0.032538871797531906,-0.03568827792477856,0.003429102069666556,0.07368595005181007,-0.0020145331167993803,-0.07079700667787213,-0.03234442713150861,-0.021483642988396886,-0.02866990997796793,-0.05569243352023134,-0.05018568982328039,0.04537727388451848,0.0028268584299288293,-0.03182385714086543,0.0029983458026228323,0.04958658985141787,-0.05317490599459013,-0.007509774298533225,0.058181869226187996,0.05398229465366326,0.04376369260789887,0.0017823507181313155,-0.08572961197044983,0.047549396675964035,-0.0015016529359662422,0.0250810271746039,-0.001302485476548741,-0.0075980220385918045,-0.03256220820708411,-0.11869386067524663,0.06937613531152816,-0.04821286289281194,0.08439396152822427,-0.26503420481461226,-0.07271030482584122,0.005364164866558826,-0.05624086546954651,-0.08093946951584227,-0.009928899409816701,-0.0017181708864311372,-0.5567771649665584,0.026780820629481974,-0.03429896497201023,-0.0029860590378434776,-0.042223416015498456,-0.018912596555427746,-0.008248951367004152,-0.00785923000258994,0.03971708561808673,0.1278630010901836,-0.00832875692577143,0.08612334135747783,-0.004775364260840311,-0.08164178012649712,-0.0071091502926611295,0.0834715387159696,-0.007540909531887458,0.08282170300045699,-0.029787812719080996,-0.00699061316275595,0.022551456439443434,-0.018795926237702695,0.048053067239625956,0.6088482748954069,-0.0497111584102159,0.007724547902613401,-0.035697045400181315,0.06896463788034686,-0.07911198978711516,-0.023327586989734594,-0.03203752770034441,0.0009119225027888258,-0.003276042209627818,0.08462807899373413,-0.054016444452669635,-0.006516522808336314,0.08089993257142063,-0.07266229330199803,-0.08834697781078267,-0.03120928225106288,-0.005879141871738991,-0.004419992557657997,0.025527435627275247,-0.8258638787851443,-0.006376744642145547,-0.049556355493905496,-0.02231789927321807,-0.47169233248591536,-0.0705802195570724,-0.15362045876331856,-0.03568779831990606,0.07358170058585062,0.05433338093000739,-0.003163025037162043,-0.08863722922705641,-0.05579760785680208,-0.032864708127704416,0.0045855560443450166,0.0855427051692688,0.020515145327318882,-0.07296447308182302,0.07380070319454682,0.0024244768542939477,0.07360686952627404,0.07077158366137737,-0.08673959022900872,0.06851467434849899,-0.03569153501976886,-0.021691238363427946,0.07002177520582906,0.02174243512883663,0.04325576232668606,-0.03210704427918679,-0.0018659891398398628,-0.5520170825623387,0.08463724420911403,-0.006997416594522626,0.05445248508030645,-0.0033226235428469256,-0.018749185727692155,-0.0032189493311283717,0.054567670400906876,-0.05556867122897369,0.005637860247374933,-0.06842233800699452,0.018987863960164615,-0.11066426808372769,0.06881690865975645,-0.05531653517222081,0.07320422999854789
718,1519072895,-0.029051905907367198,-0.03336533038097168,0.005904279988722471,0.07705803287065717,0.0009393954344220172,-0.06864859111249336,-0.028855155975375853,-0.019180066205460016,-0.025915453299461655,-0.05326810000305213,-0.048416324769120576,0.047467143411550304,0.004357206896241964,-0.02903276747736734,0.004977742436905587,0.05340395582194438,-0.050480109839699354,-0.005718200305518254,0.060954013359321525,0.055887683457763425,0.04638577978266523,0.004252969464833415,-0.08572961197044983,0.04946625213349166,0.00047942728557359357,0.027484831993524594,0.0006794978942365361,-0.0034264833450818005,-0.02977404247618076,-0.11720617861730226,0.07124628922180765,-0.045271193215024194,0.0866026183912036,-0.8761582648375766,-0.07058156288382487,0.007907412304660626,-0.0538125423117745,-0.07826272309567116,-0.007969754678332316,0.0005225410184408501,-0.5567771649665584,0.02857937936720388,-0.0320451725086211,0.0007522097783605553,-0.042223416015498456,-0.017174268984108603,-0.006458721272321498,-0.006070458148708544,0.04224053583090137,0.1305899758079693,-0.006536532360206525,0.08832272981902912,-0.002005306473439675,-0.07897083148496178,-0.003623892351110617,0.08567775716546516,-0.005031809572710882,0.08558220887379525,-0.027220020946899456,-0.004895796375118885,0.02441591940594811,-0.017058762911250212,0.05060291187737066,0.5882838433249991,-0.04795015485487328,0.010271647129509863,-0.031942148154606026,0.0708372961009788,-0.0764335264703224,-0.020454421840813426,-0.029972512834193277,0.0031392360829370835,-0.0012739392451239805,0.08683549102785439,-0.052202708935591896,-0.0039007455325321193,0.08310316738128168,-0.07000115888586668,-0.08620291286428498,-0.02947079778156331,-0.0030942594756399938,-0.0014632903847571902,0.027929964806992776,-0.8253784574776275,-0.004286175512876894,-0.04778480505453224,-0.02059177759155977,-0.4716806953483726,-0.06845670675926488,-0.15362045876331856,-0.03343965583459352,0.0763933864023612,0.05623540267206624,0.0005726015060815582,-0.08649802167655549,-0.05362040685174101,-0.030801021730688067,0.007133087180092248,0.08829211867660407,0.023633555781834646,-0.07030026489855574,0.07604850383077279,0.004402574589366102,0.07585388269192359,0.07359134053640758,-0.08459656839036848,0.07038611537451414,-0.031940638878181625,-0.0199649877247846,0.07228082086396645,0.024852183174501344,0.045877058542846745,-0.030055981789284793,0.00011393510726188974,-0.5512216365378981,0.08684373463368937,-0.0049052480082843785,0.056354592639415994,-0.0009619018671542917,-0.017009786300889312,-0.000858988769902462,0.05710752433362242,-0.05048145058270003,0.008689137167123485,-0.0639793459501485,0.020853868925206666,-0.11066426808372769,0.07068692805829094,-0.0534988042173285,0.0754539119962245
719,1519072901,-0.02626233319523543,-0.03162311972311653,0.007884422323967202,0.08099212949264546,0.003302538275399135,-0.0665001755471146,-0.026063739050469648,-0.01687648942252315,-0.02316099662095538,-0.049025516347988504,-0.04664695971496077,0.050079480320340077,0.00693109247240991,-0.026241677813869258,0.006957139071188341,0.057221321792470886,-0.04778531368480859,-0.003926626312503283,0.06428058631908176,0.05779307226186359,0.04953228439238486,0.006229464462195094,-0.08572961197044983,0.05266101122937102,0.0024605075071134296,0.02988863681244529,0.0026614812650218134,-0.0006454575494084649,-0.02628883531255157,-0.11571849655935788,0.07436321240560678,-0.04350619140835155,0.09046776790141745,-1.209498661213739,-0.06738844997080037,0.009942010255142067,-0.050170057575116486,-0.07424760346541447,-0.006010609946847933,0.0027632529233128375,-0.5567771649665584,0.03037793810492579,-0.02979138004523197,0.002995171068082975,-0.042223416015498456,-0.015435941412789459,-0.004668491177638844,-0.004281686294827147,0.04539484859691967,0.13341725470299032,-0.004146899606119985,0.09107196539596825,0.0007647513139609614,-0.07563214568304262,-0.0008356859978702062,0.08898708483970848,-0.003024529605369622,0.08779061357246584,-0.025165787529154226,-0.002277275390572552,0.027523357683455905,-0.013584436258345246,0.05315275651511536,0.4134861749765314,-0.045602150114416456,0.012818746356406324,-0.029689209807260846,0.0739583931353654,-0.07375506315352962,-0.018730522751460723,-0.027391244251504358,0.005366549663085341,0.001228689460505816,0.09014660907903477,-0.04978439491282157,-0.0018081237118887637,0.08585721089360798,-0.06627557070328279,-0.08191478297128958,-0.027152818488897217,-0.0003093770795409965,0.00031073091898329425,0.030933126281639686,-0.825135746823869,-0.002195606383608242,-0.04483222098891013,-0.018865655909901472,-0.47166905821082983,-0.0652714375625536,-0.15362045876331856,-0.02969275169240595,0.07864273505556964,0.05813742441412508,0.0028139774320277188,-0.08293267575905394,-0.05144320584667995,-0.028737335333671715,0.009171112088690033,0.09049164948247228,0.025504602054544107,-0.06657037344198154,0.07829630446699876,0.006380672324438256,0.07810089585757314,0.0764110974114378,-0.08245354655172826,0.07288137007586766,-0.02969010119322929,-0.018238737086141252,0.07566938935117254,0.026718032001900174,0.04849835475900743,-0.02749215367690729,0.0030838214779145183,-0.5505852797183457,0.09015347027055239,-0.0028130794220461303,0.058256700198525545,0.003169361065307818,-0.01527038687408647,0.0009109816510169703,0.059012414783159085,-0.04863155216587325,0.011740414086872038,-0.062313223928831235,0.023341875545262736,-0.11066426808372769,0.07380362705584842,-0.050469252625841315,0.07770359399390112
720,1519072906,-0.0206831877709719,-0.026396487749551063,0.011844706994456668,0.08492622611463377,0.006847252536864812,-0.06220334441635706,-0.020480905200657238,-0.013421124248117845,-0.016963469094316265,-0.046601182830809294,-0.04192865290386795,0.05425921937440372,0.009642217420345362,-0.019961726070998574,0.01091593233975385,0.06040246010124298,-0.04239572137502705,-0.00034347832647333907,0.0687160169320954,0.06287410907279736,0.05320320643705776,0.010676578206258874,-0.08572961197044983,0.057772625782778,0.007908478116347978,0.03349434404082634,0.007616439691985006,0.00561185049085654,-0.02071250385074487,-0.11224723842415432,0.07748013558940593,-0.03938785385944871,0.09433291741163127,-1.0983851957550184,-0.0631309660867677,0.014519855643725307,-0.04774173441734448,-0.06822492402002944,-0.0016025343010080688,0.007991580701347475,-0.5567771649665584,0.03457457515961024,-0.02453253096399067,0.007481093647527815,-0.042223416015498456,-0.010220958698832031,-0.000491287623379318,-0.00010788530243722172,0.04918002391614163,0.1362495848875124,-0.0005624504749901738,0.09547074231907084,0.006304866888762234,-0.06962251123958813,0.004740726708610614,0.0922964125139518,0.0019936703129835288,0.09220742296980705,-0.020543762339227455,0.001912358184701579,0.03125228361646525,-0.01011010960544028,0.05761498463116859,0.3586476907887769,-0.04208014300373122,0.016894105119440662,-0.025183333112570493,0.0777037095766293,-0.06772852069074589,-0.014708091542971084,-0.023261214519202086,0.009821176823381857,0.0052328953895134905,0.0940095801387452,-0.046156923878666094,0.002377119929397947,0.09026368051333006,-0.06308220940392516,-0.07691196476279495,-0.02367584954989808,0.005956608311681747,0.003858773526464263,0.0339362877562866,-0.824698867647104,0.0025081741572462258,-0.041289120110163606,-0.014838038652698773,-0.47163996536697295,-0.06155529016639045,-0.15362045876331856,-0.025196466721780865,0.08370376952528867,0.06320948239294866,0.00879097990121748,-0.07794119147455178,-0.046363070168204124,-0.02409404094038492,0.013247161905885603,0.0948907110942087,0.029246694599963024,-0.06337332362206079,0.0827919057394507,0.010831392228350605,0.08315667548028462,0.08092270841148615,-0.07673882164868764,0.07600043845255956,-0.025189025823324614,-0.01478623580885456,0.08075224208198167,0.03044972965669783,0.05269242870486452,-0.023390028697103285,0.007043669972118023,-0.5493125660792407,0.0934632059074154,0.0018942998969899271,0.06206091531674463,0.006710443578846769,-0.009472388784743664,0.005040912633162312,0.0634571591654113,-0.04446928072801298,0.015808783313203442,-0.05842560587909097,0.027073885475346837,-0.11066426808372769,0.0762969862538944,-0.0468337907160567,0.08276537848867349
721,1519072912,-0.0206831877709719,-0.026396487749551063,0.011844706994456668,0.08548823991777495,0.006847252536864812,-0.06220334441635706,-0.020480905200657238,-0.013421124248117845,-0.016963469094316265,-0.04538901607221969,-0.04192865290386795,0.05478168675616167,0.012265302016580904,-0.019961726070998574,0.01091593233975385,0.061038687762997396,-0.04239572137502705,-0.00034347832647333907,0.06982487458534882,0.06287410907279736,0.053727623872011035,0.010676578206258874,-0.08572961197044983,0.05841157760195388,0.007908478116347978,0.03469624645028668,0.007616439691985006,0.00561185049085654,-0.02071250385074487,-0.11224723842415432,0.07748013558940593,-0.03938785385944871,0.09433291741163127,0.1238629242909105,-0.062066595115759536,0.014519855643725307,-0.04652757283845848,-0.06822492402002944,-0.0016025343010080688,0.007991580701347475,-0.5567771649665584,0.03517409473885087,-0.02453253096399067,0.007481093647527815,-0.042223416015498456,-0.010220958698832031,-0.000491287623379318,-0.00010788530243722172,0.05044174902254895,0.13905521539895746,-0.0005624504749901738,0.09547074231907084,0.006997381335612393,-0.06962251123958813,0.004740726708610614,0.09284796712632569,0.0019936703129835288,0.09220742296980705,-0.020543762339227455,0.001912358184701579,0.03125228361646525,-0.01011010960544028,0.05825244579060477,0.6396949222510189,-0.04208014300373122,0.016894105119440662,-0.025183333112570493,0.0777037095766293,-0.06772852069074589,-0.014708091542971084,-0.022744960802664305,0.010563614683431276,0.0052328953895134905,0.0940095801387452,-0.044947766867280935,0.002377119929397947,0.09026368051333006,-0.062017755637472624,-0.07691196476279495,-0.02367584954989808,0.005956608311681747,0.003858773526464263,0.03453692005121598,-0.8246503255163523,0.0025081741572462258,-0.040698603297039185,-0.014838038652698773,-0.47163996536697295,-0.06049353376748669,-0.15362045876331856,-0.025196466721780865,0.08370376952528867,0.0638434896403016,0.00879097990121748,-0.07794119147455178,-0.046363070168204124,-0.02409404094038492,0.01375666813303505,0.09544059379567575,0.029246694599963024,-0.06230764034875388,0.0827919057394507,0.010831392228350605,0.08371842877169701,0.0814866597864922,-0.07673882164868764,0.07662425212789795,-0.025189025823324614,-0.01478623580885456,0.08131700349651602,0.031071679265830772,0.05374094719132879,-0.023390028697103285,0.007043669972118023,-0.5493125660792407,0.0934632059074154,0.0018942998969899271,0.06206091531674463,0.006710443578846769,-0.009472388784743664,0.005040912633162312,0.0634571591654113,-0.04446928072801298,0.015808783313203442,-0.05842560587909097,0.027073885475346837,-0.11066426808372769,0.0762969862538944,-0.04562197007946183,0.08276537848867349
722,1519072917,-0.017893615058840136,-0.024654277091695907,0.0138248493297014,0.08829830893348087,0.00980118108808621,-0.059338790329185376,-0.017689488275751033,-0.012269335856649412,-0.014209012415809989,-0.04357076593433528,-0.040159287849708146,0.05687155628319349,0.01481070394955182,-0.01647286399162597,0.013885027291177982,0.06358359841001507,-0.039027226181413584,0.0026424783285516136,0.07259701871848234,0.06477949787689752,0.056874128481730665,0.012653073203620554,-0.08572961197044983,0.0603284330594815,0.009889558337887815,0.0364991000644772,0.009598423062770282,0.008392876286529877,-0.01792433811984152,-0.10976776832758035,0.0812204434099649,-0.03762285205277607,0.09764590270610027,0.2349763897496313,-0.0599378531737432,0.016554453594206747,-0.04409924968068647,-0.06554817759985833,0.0008463966133474112,0.010232292606219462,-0.5567771649665584,0.03697265347657278,-0.021527474346138498,0.009724054937250235,-0.042223416015498456,-0.008482631127512888,0.0012989424713033362,0.0034696584053255713,0.053596061788567254,0.1418716701021905,0.0012297740905747314,0.09767013078062213,0.010459953569863189,-0.0669515625980528,0.007528933061851025,0.09615729480056902,0.004000950280324789,0.09441582766847766,-0.018489528921482225,0.004007174972338645,0.03311674658296993,-0.008372946278987797,0.0601648292689133,0.6362675169892843,-0.03914513707816018,0.019441204346337126,-0.022930394765225317,0.08020058720413856,-0.06505005737395311,-0.012984192453618383,-0.020163692219975382,0.014275803983678373,0.007735524095143287,0.09787255119845566,-0.04313403135020319,0.004992897205202141,0.09246691532319111,-0.059888848104567544,-0.07476789981629726,-0.020778375434065462,0.008741490707780745,0.006815475699365071,0.03754008152586289,-0.8244561569933455,0.005644027851149204,-0.0383365360445415,-0.011961169183268274,-0.4716254189450445,-0.05837002096967917,-0.15362045876331856,-0.022948324236468323,0.08595311817849713,0.06574551138236044,0.011032355827163642,-0.07580198392405085,-0.04418586916314306,-0.022030354543368567,0.01630419926878228,0.09764012460154398,0.03111774087267248,-0.059643432165486586,0.08616360669378965,0.013304014397190797,0.08596544193734657,0.08374246528651637,-0.07459579981004741,0.07974332050458985,-0.02293848813837228,-0.011333734531567866,0.08357604915465343,0.0329375280932296,0.05583798416425734,-0.02082620058472578,0.009023594219219775,-0.5485171200548001,0.09787618675656608,0.003986468483228175,0.06649916628800023,0.008480984835616245,-0.007732989357940822,0.0068108830540817445,0.06536204961494796,-0.0426193823111862,0.017842967926369142,-0.05675948385777371,0.028939890440388888,-0.11066426808372769,0.08128370464998637,-0.04380423912456952,0.0850150604863501
723,1519072923,-0.014406649168675428,-0.02291206643384075,0.016300027248757315,0.09110837794918679,0.012164323929063327,-0.05719037476380661,-0.014200217119618276,-0.009389864877978327,-0.010765941567677146,-0.041752515796450874,-0.03721034609277513,0.058961425810225315,0.01739494721415505,-0.013681774328127887,0.016359273084031425,0.06612850905703274,-0.03633243002652282,0.004434052321566585,0.07481473402498917,0.0673200162823644,0.05897179822154375,0.015123691950322654,-0.08572961197044983,0.06224528851700912,0.01187063855942765,0.038301953678667726,0.012075902276251878,0.011173902082203212,-0.015136172388938171,-0.10828008626963598,0.08433736659376405,-0.03468118237498832,0.10040672378482443,0.3460898552083521,-0.05780911123172686,0.019097701032308546,-0.042278007312357466,-0.0628714311796872,0.0028055413448317954,0.013966812447672774,-0.5567771649665584,0.03877121221429469,-0.019273681882749367,0.012714669990213461,-0.042223416015498456,-0.005585418508647651,0.0030891725659859906,0.005258430259206968,0.05548864944817824,0.1446931760949246,0.0042168150331829074,0.09986951924217342,0.013230011357263826,-0.06361287679613363,0.011014191003401537,0.09836351325006457,0.006008230247666049,0.09662423236714826,-0.015921737149300688,0.006625695956884977,0.03498120954947461,-0.0066357829525353134,0.062714673906658,0.6396949222510189,-0.03738413352281757,0.021988303573233586,-0.01992647696876508,0.08332168423852514,-0.06103236239876396,-0.010685660334481447,-0.018098677353824248,0.01650311756382663,0.010238152800773084,0.10063181624110597,-0.04132029583312545,0.007085519025845497,0.09522095883551741,-0.05775994057166246,-0.07262383486979956,-0.018460396141399372,0.01222259370290449,0.008589497003105556,0.03934197841065104,-0.8242619884703388,0.007734596980417857,-0.03656498560516824,-0.010235047501609976,-0.47161378180750174,-0.05624650817187165,-0.15362045876331856,-0.02070018175115578,0.0887648039950077,0.06764753312441929,0.013273731753109802,-0.07294970719004963,-0.0412829344897283,-0.019450746547098125,0.018342224177380066,0.10093942081034629,0.03298878714538194,-0.05751206561887275,0.08841140733001562,0.015282112132262951,0.0882124551029961,0.08656222216154659,-0.07102409674564703,0.08161476153060498,-0.019937771225102492,-0.009032067013376737,0.08583509481279082,0.03666922574802726,0.05793502113718588,-0.01877513809482378,0.011003518466321529,-0.5478807632352477,0.10008267718114142,0.006078637069466423,0.06840127384710978,0.010251526092385721,-0.005993589931137981,0.009760833755614132,0.0685368670308424,-0.040769483894359415,0.019877152539534846,-0.05509336183645646,0.03142789706044496,-0.11066426808372769,0.08315372404852085,-0.041986508169677215,0.08782716298344585
724,1519072928,-0.008827503744411897,-0.01942764511813044,0.020755347503057964,0.0950424745711751,0.016299823900773284,-0.05289354363304908,-0.008617383269805866,-0.00478271131210459,-0.005257028210664598,-0.038116015520682056,-0.03367161598445551,0.062618697482531,0.02003356834304352,-0.00809959500113172,0.020318066352596933,0.06994587502755925,-0.030942837716741275,0.009211582969606509,0.07869573581137611,0.07113079389056473,0.06264272026621664,0.01957080569438643,-0.08572961197044983,0.06671795125124023,0.015832799002507322,0.041306709702318596,0.016039869017822433,0.016735953673549884,-0.009559840927131472,-0.10530472215374723,0.08683090514080337,-0.031151178761643028,0.10427187329503827,0.45720332066707287,-0.054615998318702355,0.023166896933271428,-0.03802844178625645,-0.056848751734302184,0.0067238308078005635,0.019195140225707414,-0.5567771649665584,0.04176881011049787,-0.01476609695597111,0.01944355385938072,-0.042223416015498456,-0.0021087633660093652,0.008459862850033953,0.008835973966969762,0.058642962214196535,0.1475168469260163,0.008398672352834353,0.10426829616527603,0.018770126932065097,-0.0569355051922953,0.018681758474812665,0.10222439553668178,0.01002279018234857,0.10159314293915712,-0.011813270313810225,0.011339033729068375,0.03871013548248396,-0.0025824018574795195,0.06653944086327505,0.6328401117275496,-0.03386212641213233,0.02708250202702651,-0.015420600274074728,0.08706700067978904,-0.055675435765178416,-0.006088596096207575,-0.013452393904984193,0.020957744724123147,0.014242358729780758,0.10394293429228635,-0.03890198181035513,0.011793918122293048,0.10017823715770476,-0.05403435238907857,-0.06762101666130493,-0.014983427202400233,0.018488579094127235,0.012137539610586523,0.04294577218022733,-0.823922193555077,0.011915735238955161,-0.03184085110017287,-0.006207430244407278,-0.47159050753241627,-0.05306123897516038,-0.15362045876331856,-0.016203896780530698,0.09326350130142462,0.07271959110324287,0.017756483605002125,-0.06653208453854685,-0.03692853247960617,-0.01532337375306542,0.022418273994575636,0.10533848242208271,0.03735456178170401,-0.05324933252564509,0.09290700860246756,0.019732832036175298,0.0932682347257076,0.09050988178658889,-0.06673805306836655,0.08535764358263527,-0.015436695855197819,-0.005579565736090043,0.09035318612906561,0.04040092340282492,0.061604835839810836,-0.014673013115019777,0.01545834802230047,-0.5466080495961427,0.10339241281800442,0.011309058535062042,0.07220548896532887,0.013792608605924671,-0.0025147910775322963,0.013300774597452996,0.07234664792991573,-0.03660721245649915,0.02394552176586625,-0.05120574378671619,0.03640391030055709,-0.11066426808372769,0.08627042304607833,-0.03956286689648747,0.09232652697879908
725,1519072934,-0.0032483583201483664,-0.015362486916468411,0.02521066775735861,0.09953858499630457,0.01984453816223896,-0.04716443545870571,-0.001638840957540353,-0.0007514519419650698,0.001629113485601088,-0.03447951524491324,-0.0301328858761359,0.06784337130011055,0.025261611580752855,-0.0011218708423865126,0.024276859621162442,0.07376324099808576,-0.024879546368237044,0.012794730955636453,0.08313116642438975,0.07684696030286521,0.06736247718079609,0.02352379568910979,-0.08572961197044983,0.07055166216629546,0.02078549955635691,0.04491241693069964,0.020994827444785626,0.02368851816273322,-0.0018923851671472597,-0.10084167597991409,0.09057121296136234,-0.027621175148297736,0.10924135123674177,0.6238735188551541,-0.04929414346366152,0.02774474232185467,-0.033778876260155445,-0.05015688568387438,0.011621692636511523,0.02442346800374205,-0.5567771649665584,0.047164486323663594,-0.008004719565803724,0.025424783965307174,-0.042223416015498456,0.0025267768241750152,0.013233809769187697,0.013009774959359685,0.0624281375334185,0.15313099440004987,0.011983121483964163,0.10976676731915426,0.02569527140056669,-0.05159360790922463,0.02495522276960359,0.10663683243567289,0.014539170108866406,0.10600995233649833,-0.007704803478319763,0.015528667304342506,0.044303524381997986,0.0014709792375762745,0.07036420781989211,0.6328401117275496,-0.030340119301447088,0.03115786079006085,-0.010914723579384373,0.09143653652793025,-0.04964889330239468,-0.0026407979175021704,-0.009322364172681922,0.0268972476045185,0.018246564658788433,0.10835775836052686,-0.03285619675342933,0.015979161763579757,0.1051355154798921,-0.04977653732326841,-0.061188821821811845,-0.011506458263401095,0.02475456448534998,0.016276922652647654,0.04715019824473301,-0.8234367722475603,0.016619515779809628,-0.02829775022142635,-0.0021798129872045804,-0.4715614146885594,-0.0472215787811897,-0.15362045876331856,-0.008710088496155557,0.09832453577114364,0.07779164908206644,0.024480611382840606,-0.062253669437545005,-0.030396929464422965,-0.011196000959032714,0.027003830038920654,0.10973754403381913,0.04109665432712293,-0.048453757795763976,0.0974026098749195,0.024183551940087648,0.09888576763983147,0.09502149278663725,-0.06102332816532594,0.08910052563466556,-0.008685082800340806,-0.0021270644588033487,0.0948712774453404,0.04413262105762258,0.06579890978566792,-0.010570888135215771,0.019913177578279415,-0.5453353359570378,0.10835701627329894,0.01653948000065766,0.07600970408354796,0.01792387153838678,0.002123607393941949,0.01684071543929186,0.07679139231216793,-0.032907415622845576,0.028522437145489077,-0.04787349974408168,0.041379923540669224,-0.11066426808372769,0.0906338016426588,-0.03350376371351311,0.0979507319729906
726,1519072940,-0.0032483583201483664,-0.015362486916468411,0.02521066775735861,0.09953858499630457,0.01984453816223896,-0.04716443545870571,-0.001638840957540353,-0.0007514519419650698,0.001629113485601088,-0.03447951524491324,-0.0301328858761359,0.06784337130011055,0.025282326957623422,-0.0011218708423865126,0.024276859621162442,0.07376324099808576,-0.024879546368237044,0.012794730955636453,0.08313116642438975,0.07684696030286521,0.06736247718079609,0.02352379568910979,-0.08572961197044983,0.07055166216629546,0.02078549955635691,0.04491241693069964,0.020994827444785626,0.024383774611651556,-0.0018923851671472597,-0.10084167597991409,0.09057121296136234,-0.027621175148297736,0.10924135123674177,0.6238735188551541,-0.04929414346366152,0.02774474232185467,-0.033778876260155445,-0.05015688568387438,0.011621692636511523,0.02442346800374205,-0.5567771649665584,0.047164486323663594,-0.008004719565803724,0.025424783965307174,-0.042223416015498456,0.0025267768241750152,0.013233809769187697,0.013009774959359685,0.0624281375334185,0.15315480762198344,0.011983121483964163,0.10976676731915426,0.02569527140056669,-0.05159360790922463,0.02495522276960359,0.10663683243567289,0.014539170108866406,0.10600995233649833,-0.007704803478319763,0.015528667304342506,0.044303524381997986,0.0014709792375762745,0.07036420781989211,0.6294127064658149,-0.030340119301447088,0.03115786079006085,-0.010914723579384373,0.09143653652793025,-0.04964889330239468,-0.0026407979175021704,-0.009322364172681922,0.0268972476045185,0.018246564658788433,0.10835775836052686,-0.03285619675342933,0.015979161763579757,0.1051355154798921,-0.04977653732326841,-0.061188821821811845,-0.011506458263401095,0.02475456448534998,0.016276922652647654,0.04715019824473301,-0.8234367722475603,0.016619515779809628,-0.02829775022142635,-0.0021798129872045804,-0.4715614146885594,-0.0472215787811897,-0.15362045876331856,-0.008710088496155557,0.09832453577114364,0.07779164908206644,0.025227736691489325,-0.062253669437545005,-0.030396929464422965,-0.011196000959032714,0.027003830038920654,0.10973754403381913,0.04109665432712293,-0.048453757795763976,0.0974026098749195,0.024183551940087648,0.09888576763983147,0.09502149278663725,-0.06102332816532594,0.08910052563466556,-0.008685082800340806,-0.0021270644588033487,0.0948712774453404,0.04413262105762258,0.06579890978566792,-0.010570888135215771,0.019913177578279415,-0.5453353359570378,0.10835701627329894,0.01653948000065766,0.07600970408354796,0.01851405195730994,0.002123607393941949,0.01684071543929186,0.07679139231216793,-0.032907415622845576,0.029030983298780504,-0.04787349974408168,0.041379923540669224,-0.11066426808372769,0.0906338016426588,-0.03350376371351311,0.0979507319729906
727,1519072945,0.0009360007480492818,-0.013039539372661538,0.027685845676414526,0.10178664020886931,0.02279846671346036,-0.0435837428497411,0.0011525759673658522,0.0009762306452375815,0.004383570164107362,-0.03205518172773403,-0.02836352082197609,0.06993324082714238,0.027822550046376696,0.002366991236986091,0.027245954572586575,0.07567192398334902,-0.021511051174623583,0.014586304948651424,0.08590331055752327,0.07875234910696538,0.06998456435556245,0.025500290686471472,-0.08572961197044983,0.07246851762382309,0.02276657977789675,0.049720026568541034,0.022976810815570903,0.027164800407324892,0.0008957805637560901,-0.09885809990265491,0.09244136687164183,-0.025856173341625092,0.1114500080997211,0.6238735188551541,-0.04716540152164518,0.02977934027233611,-0.03195763389182644,-0.04748013926370326,0.014070623550867004,0.026664179908614038,-0.5567771649665584,0.0489630450613855,-0.004999662947951551,0.02766774525502959,-0.042223416015498456,0.004265104395494158,0.015024039863870351,0.015394804097868215,0.0655824502994368,0.15595899490785675,0.01377534604952907,0.11251600289609338,0.029850358081667645,-0.0489226592676893,0.027743429122844,0.10939460549754232,0.017048270068042982,0.10877045820983658,-0.005650570060574532,0.01762348409197957,0.046789475004004225,0.0032081425640287575,0.07291405245763681,0.6259853012040802,-0.02799211456099026,0.03370496001695731,-0.0064088468846940205,0.09330919474856221,-0.04630081415640371,-0.0009168988281494684,-0.007257349306530787,0.03135187476481502,0.02074919336441823,0.11056517039464711,-0.031042461236351588,0.018071783584223115,0.10733875028975315,-0.047115402907137054,-0.05904475687531415,-0.009188478970735003,0.027539446881448975,0.01805094395638814,0.05015335971937992,-0.8231940615938018,0.019232727191395446,-0.026526199782053086,0.0006970564822259178,-0.47154686826663095,-0.04509806598338219,-0.15362045876331856,-0.006461946010843015,0.1005738844243521,0.07969367082412529,0.027469112617435485,-0.06011446188704408,-0.0282197284593619,-0.008616392962762273,0.029041854947518438,0.1124869575411544,0.04421506478163869,-0.04632239124915014,0.09965041051114547,0.02665617410892784,0.10113278080548102,0.09784124966166746,-0.05816596571380563,0.09159578033601908,-0.006434545115388468,0.0007500199389355624,0.09713032310347779,0.046620419494154346,0.06946872448829287,-0.00800706002283827,0.021893101825381168,-0.544221711522821,0.11111512930401811,0.01863164858689591,0.07791181164265751,0.020874773633002573,0.0038630068207447907,0.018610685860211293,0.0786962827617046,-0.0305950426018121,0.03157371406523763,-0.04565200371565867,0.04324592850571128,-0.11066426808372769,0.09312716084070478,-0.03229194307691824,0.10020041397066722
728,1519072951,0.004422966638213989,-0.011297328714806383,0.029665988011659258,0.10459670922457523,0.025161609554437477,-0.040719188762569414,0.004641847123498608,0.002703913232440233,0.007138026842613636,-0.030236931589849622,-0.025414579065043078,0.07254557773593215,0.030430098109959315,0.005158080900484174,0.02922535120686933,0.07758060696861227,-0.01746885694228743,0.016975070272671387,0.08867545469065681,0.08065773791106554,0.07260665153032882,0.02747678568383315,-0.08572961197044983,0.07438537308135071,0.024747659999436584,0.05152288018273155,0.02495879418635618,0.029945826202998228,0.00368394629465944,-0.09737041784471052,0.09555829005544098,-0.024091171534952445,0.11365866496270043,0.6238735188551541,-0.045036659579628845,0.03283123719805827,-0.030136391523497435,-0.04480339284353214,0.01602976828235139,0.03039869975006735,-0.5567771649665584,0.05136112337834804,-0.002745870484562422,0.029910706544752013,-0.042223416015498456,0.0060034319668133005,0.016814269958553004,0.017183575951749613,0.06810590051225145,0.1587732847727322,0.015567570615093973,0.11471539135764468,0.03331293031591844,-0.04625171062615397,0.03053163547608441,0.11160082394703787,0.01905555003538424,0.11097886290850718,-0.003596336642829301,0.019718300879616638,0.0486539379705089,0.0049453058904812405,0.07610135825481769,0.6157030854188763,-0.026231111005647643,0.036252059243853774,-0.0034049290882337845,0.09518185296919415,-0.04362235083961094,0.0008070002612032336,-0.005192334440379651,0.034321626205012695,0.023251822070048028,0.11332443543729742,-0.029228725719273846,0.020687560860027307,0.10954198509961419,-0.04498649537423197,-0.05690069192881646,-0.006291004854902387,0.031020549876572722,0.021007646129288945,0.05195525660416807,-0.8229513509400435,0.021323296320664098,-0.024754649342679822,0.0024231781638842168,-0.4715352311290882,-0.042974553185574665,-0.15362045876331856,-0.004213803525530474,0.10282323307756056,0.08159569256618412,0.029710488543381645,-0.05797525433654315,-0.026042527454300832,-0.006036784966491833,0.032098892310415114,0.11468648834702262,0.04608611105434815,-0.044191024702536316,0.10246016130642793,0.028634271843999994,0.10337979397113056,0.10122495791170373,-0.0560229438751654,0.09346722136203423,-0.003433828202118684,0.002476270577578909,0.09995413017614953,0.04848626832155317,0.07209002070445356,-0.005955997532936267,0.02387302607248292,-0.5435853547032685,0.11332161972859345,0.02072381717313416,0.08044795505480357,0.02264531488977205,0.005602406247547633,0.022740616842356634,0.08060117321124126,-0.02828266958077862,0.03360789867840333,-0.04287513368012991,0.04511193347075333,-0.11066426808372769,0.09499718023923927,-0.029868301803728493,0.10245009596834383
729,1519072957,0.007212539350345754,-0.009555118056951228,0.03214116593071517,0.10740677824028115,0.026933966685170316,-0.03785463467539772,0.007433264048404813,0.005583384211111318,0.009892483521119912,-0.02781259807267041,-0.02364521401088327,0.07463544726296396,0.03260780210347767,0.007949170563982257,0.03169959699972277,0.08076174527738436,-0.014100361748673967,0.018766644265686357,0.09089316999716363,0.0825631267151657,0.0747043212701419,0.02994740443053525,-0.08572961197044983,0.07630222853887833,0.02672874022097642,0.05332573379692208,0.026940777557141457,0.03272685199867156,0.00647211202556279,-0.09588273578676615,0.09742844396572047,-0.02173783579272225,0.11586732182567977,0.4016465879377125,-0.04290791763761251,0.03486583514853971,-0.027100987576282425,-0.04212664642336102,0.01798891301383577,0.03263941165493934,-0.5567771649665584,0.05315968211606995,-0.0004920780211732931,0.03290132159771524,-0.042223416015498456,0.007741759538132443,0.01860450005323566,0.01956860509025814,0.06999848817186242,0.16156015335174476,0.01735979518065888,0.11691477981919597,0.03608298810331908,-0.04358076198461864,0.034016893417634926,0.11435859700890731,0.0210628300027255,0.11373936878184544,-0.0010285448706477622,0.021813117667253704,0.050518400937013576,0.006682469216933724,0.07801374173312622,0.6157030854188763,-0.023883106265190815,0.038289738625370946,-0.001151990740888608,0.09705451118982611,-0.040274271693619974,0.0036801654101244036,-0.002611065857690731,0.03654893978516095,0.025253925034551865,0.11553184747141768,-0.026810411696503528,0.022780182680670665,0.11284683731440574,-0.042325360958100626,-0.05475662698231876,-0.004552520385402817,0.033805432272671715,0.023964348302189752,0.05375715348895622,-0.8224659296325266,0.023936507732249913,-0.02239258209018214,0.004149299845542516,-0.4715235939915455,-0.04032016218831527,-0.15362045876331856,-0.001965661040217932,0.10507258173076901,0.08413172155559592,0.03195186446932781,-0.055836046786042225,-0.023865326449239763,-0.003973098569475479,0.034646423446162346,0.11743590185435789,0.048580839417960764,-0.041526816519269025,0.1047079619426539,0.030612369579072148,0.10618856042819251,0.1034807634117279,-0.05316558142364509,0.09596247606338774,-0.0011832905171663462,0.004777938095770038,0.10221317583428692,0.05159601636721789,0.07418705767738211,-0.003392169420558765,0.02585295031958467,-0.542948997883716,0.11607973275931263,0.022815985759372406,0.0823500626139131,0.024415856146541525,0.007341805674350475,0.024510587263276068,0.08250606366077792,-0.02319544893450496,0.03564208329156903,-0.038432141623283886,0.048221941745823414,-0.11066426808372769,0.09749053943728525,-0.02865648116713362,0.10469977796602044
730,1519072962,0.01000211206247752,-0.007812907399096071,0.0341213082659599,0.11021684725598707,0.028706323815903153,-0.03570621911001896,0.010224680973311018,0.007311066798313969,0.012646940199626186,-0.024176097796901594,-0.021875848956723464,0.07672531678999579,0.035274906875563165,0.01074026022748034,0.033678993634005526,0.08394288358615645,-0.011405565593783197,0.02055821825870133,0.09311088530367045,0.08446851551926586,0.07680199100995498,0.03192389942789693,-0.08572961197044983,0.0794969876347577,0.028709820442516257,0.055128587411112595,0.028922760927926734,0.035507877794344896,0.010654360621917814,-0.09439505372882177,0.09992198251275977,-0.019384500050492057,0.11918030712014877,0.45720332066707287,-0.039714804724588,0.03690043309902115,-0.024065583629067418,-0.038780713398147114,0.019948057745320154,0.03488012355981132,-0.5567771649665584,0.05495824085379186,0.0017617144422158357,0.03514428288743766,-0.042223416015498456,0.009480087109451587,0.020394730147918313,0.021357376944139535,0.0718910758314734,0.164380937731693,0.020346836123267056,0.11966401539613508,0.03885304589071971,-0.040242076182699475,0.03680509977087534,0.11766792468315063,0.02307010997006676,0.1164998746551837,0.0015392469015337764,0.024431638651800036,0.05300435155901981,0.010735850311989517,0.07992612521143475,0.6019934643719377,-0.020948100339619784,0.04032741800688811,0.001100947606456569,0.10017560822421269,-0.0375958083768272,0.005404064499477106,-0.0005460509915395956,0.03877625336530921,0.027756553740181662,0.11884296552259806,-0.023787519168040627,0.02487280450131402,0.1150500721242668,-0.03859977277551673,-0.0511831854048226,-0.002234541092736725,0.03659031466877072,0.025738369605930237,0.05555905037374436,-0.8222717611095199,0.026027076861518565,-0.020621031650808877,0.005875421527200815,-0.4715119568540027,-0.037134892991603996,-0.15362045876331856,0.0017812431019696377,0.10732193038397747,0.08603374329765476,0.034193240395273966,-0.05227070086854069,-0.021688125444178696,-0.0019094121724591267,0.03668444835476013,0.1196354326602261,0.05107556778157337,-0.03832976669934828,0.10695576257887987,0.032590467314144306,0.10843557359384205,0.10573656891175208,-0.05102255958500486,0.09908154444007965,0.0010672471677859914,0.006504188734413385,0.10503698290695866,0.053461865194616716,0.07628409465031065,-0.0008283413081812621,0.02931781775201274,-0.5423126410641635,0.11938946839617563,0.024908154345610653,0.08425217017302265,0.027366758241157318,0.009081205101153317,0.0262805576841955,0.08441095411031459,-0.021345550517678176,0.03818481405802616,-0.03676601960196663,0.050087946710865465,-0.11066426808372769,0.09998389863533123,-0.02562692957564644,0.10694945996369705
731,1519072968,0.015581257486741051,-0.0025862754255306063,0.03808159293644937,0.11471295768111656,0.03284182378761311,-0.030693249457468506,0.016505369054349982,0.010766431972719271,0.019533081895891872,-0.02114568090042758,-0.017157542145630644,0.08194999060757534,0.03793683280343102,0.016322439554476507,0.03763778690257104,0.08776024955668296,-0.0053422742452789666,0.024738557575736262,0.0981007447433108,0.09081981153293307,0.08099733048958116,0.03637101317196071,-0.08572961197044983,0.08460860218816468,0.033662520996365845,0.05993619704895399,0.03387771935488993,0.041765185834609905,0.016230692083724515,-0.09092379559361821,0.10366229033331875,-0.014677828566031668,0.12304545663036259,-0.43170440300269347,-0.035457320840555334,0.04147827848760439,-0.02163726047129541,-0.03342722055780487,0.02435613339116002,0.0393615473695553,-0.5567771649665584,0.059754397487716944,0.006269299368994094,0.040377859230123304,-0.042223416015498456,0.014695069823409014,0.025765420431966276,0.02493492065190233,0.07630711370389903,0.16721759759293026,0.0245286934429185,0.12406279231923768,0.04439316146552098,-0.03490017889962881,0.04307856406566626,0.12097725235739396,0.028088309888419913,0.1209166840525249,0.006161272091460546,0.02914497642398343,0.05673327749202916,0.014210176964894483,0.08502581448692416,0.3620750960505115,-0.017426093228934545,0.04491219661530174,0.005606824301146922,0.10392092466547659,-0.03156926591404347,0.009426495707966744,0.004100232457300459,0.043230880525605725,0.031760759669189335,0.1227059365823085,-0.020160048133885142,0.02958120359776157,0.11945654174398888,-0.03540641147615911,-0.046895055511827204,0.0012424278462624136,0.04216007946096871,0.029286412213411207,0.05916284414332066,-0.8217863398020031,0.030208215120055868,-0.016487413958937932,0.009327664890517413,-0.4714857732945315,-0.033418745595440835,-0.15362045876331856,0.006277528072594721,0.11294530201699862,0.09047179402912539,0.03942311755581501,-0.047992285767538834,-0.015156522428995496,0.002733882220827667,0.040760498171955706,0.12403449427196252,0.05481766032699229,-0.03513271687942753,0.1120133140103883,0.036546662784288614,0.11349135321655354,0.11137608266181252,-0.046022175294844314,0.10157679914143317,0.0070686809943255585,0.009956690011700079,0.11068459705230216,0.057193562849414376,0.08100242783939987,0.003273783671622742,0.033277666246216246,-0.5410399274250586,0.12269920403303865,0.030138575811206273,0.08869042114427826,0.031498021173619425,0.014299403381561843,0.03041048866634084,0.09012562545892457,-0.017645753684024608,0.04276172943764899,-0.03343377555933212,0.053819956640949566,-0.11066426808372769,0.10310059763288872,-0.021385557347564386,0.11313608545730772
732,1519072973,0.018370830198872815,-0.0008440647676754507,0.0400617352716941,0.1163989990905401,0.03579575233883451,-0.02854483389208974,0.019296785979256187,0.012494114559921924,0.022287538574398146,-0.01932743076254317,-0.015388177091470837,0.08351739275284921,0.040539202022796,0.01911352921797459,0.04011203269542448,0.0890327048801918,-0.0026474780903881973,0.026530131568751236,0.10031846004981762,0.09272520033703324,0.08257058279444097,0.03884163191866281,-0.08572961197044983,0.0865254576456923,0.035643601217905684,0.061138099458414336,0.0358597027256752,0.04454621163028324,0.019018857814627865,-0.08844432549704424,0.10553244424359824,-0.012912826759359022,0.12525411349334192,0.7905437170432352,-0.033328578898539,0.04351287643808583,-0.019816018102966404,-0.030750474137633748,0.0268050643055155,0.04160225927442729,-0.5567771649665584,0.061552956225438854,0.008523091832383223,0.042620820519845726,-0.042223416015498456,0.01643339739472816,0.02755565052664893,0.02791620707503799,0.07883056391671367,0.17002611455551878,0.026320918008483407,0.1268120278961768,0.04785573369977178,-0.03156149309770964,0.04586677041890667,0.12373502541926339,0.030095589855761173,0.1231250887511955,0.008215505509205778,0.031239793211620497,0.0592192281140354,0.015947340291346968,0.08693819796523268,0.6396949222510189,-0.015665089673591925,0.047459295842198206,0.0078597626484921,0.10579358288610854,-0.0288908025972507,0.01172502782710368,0.006681501039989379,0.0462006319658034,0.03376286263369317,0.12491334861642875,-0.018346312616807404,0.031673825418404924,0.12165977655384992,-0.03327750394325403,-0.0447509905653295,0.0029809123157619826,0.04494496185706771,0.03106043351715169,0.0609647410281088,-0.8216407134097481,0.03282142653164168,-0.013534829893315828,0.011629160466061812,-0.47147122687260307,-0.03129523279763332,-0.15362045876331856,0.008525670557907263,0.11519465067020708,0.09364183026589012,0.04166449348176117,-0.045140009033537605,-0.012979321423934428,0.00479756861784402,0.042798523080553486,0.12623402507783074,0.05668870659970175,-0.0330013503328137,0.11426111464661427,0.039019284953128806,0.11630011967361548,0.11306793678683065,-0.043879153456204086,0.10469586751812507,0.009319218679277897,0.01283377440943899,0.1123788812959052,0.0590594116768132,0.08257520556909628,0.005324846161524744,0.035257590493317996,-0.5404035706055061,0.12545731706375782,0.03223074439744452,0.0905925287033878,0.0332685624303889,0.016038802808364686,0.03218045908726027,0.09203051590846123,-0.015795855267197824,0.04479591405081469,-0.03176765353801486,0.05568596160599162,-0.11066426808372769,0.1062172966304462,-0.01956782639267208,0.11538576745498433
733,1519072979,0.021160402911004583,0.0008981458901797045,0.04204187760693883,0.11864705430310485,0.037568109469567346,-0.024964141283125133,0.023483911366615495,0.014221797147124574,0.025730609422530987,-0.017509180624658765,-0.013029023685924427,0.08560726227988102,0.04272985312685845,0.023300163713221713,0.04258627848827792,0.09094138786545505,0.0007210171032252643,0.029516088223776188,0.10253617535632445,0.0946305891411334,0.08519266996920732,0.04081812691602449,-0.08572961197044983,0.08844231310321991,0.038119951494830474,0.06294095307260486,0.03883267778185312,0.04802249387487491,0.021807023545531212,-0.08695664343909987,0.10989613670091704,-0.011147824952686377,0.12746277035632125,0.45720332066707287,-0.03013546598551449,0.04554747438856727,-0.0179947757346374,-0.02740454111241985,0.028764209036999885,0.044589875147589934,-0.5567771649665584,0.06335151496316076,0.01303067675916148,0.04486378180956815,-0.042223416015498456,0.019330610013593395,0.029345880621331585,0.03030123621354652,0.08072315157632465,0.1728057670066727,0.029307958951091583,0.1290114163577281,0.05062579148717242,-0.02889054445617431,0.04865497677214708,0.12594124386875893,0.03210286982310243,0.1253334934498661,0.010269738926951008,0.0343820183930761,0.06108369108054007,0.01768450361779945,0.08885058144354122,0.6259853012040802,-0.012143082562906688,0.04949697522371538,0.010112700995837276,0.10766624110674049,-0.02621233928045793,0.013448926916456381,0.008746515906140515,0.04842794554595166,0.03676601708044893,0.12932817268466926,-0.015927998594037082,0.034289602694209116,0.12386301136371096,-0.03114859641034895,-0.04260692561883181,0.0064578812547611214,0.048426064852191454,0.0340171356900525,0.06336727020782633,-0.8214465448867413,0.0354346379432275,-0.011763279453942566,0.01393065604160621,-0.4714595897350603,-0.028640841800373924,-0.15362045876331856,0.010773813043219805,0.11800633648671764,0.09554385200794897,0.04465299471635605,-0.04300080148303668,-0.010076386750519672,0.007377176614114461,0.04534605421630072,0.12843355588369895,0.058559752872411205,-0.030869983786199873,0.11875671591906621,0.041491907121969,0.11854713283926503,0.11532374228685482,-0.04173613161756385,0.10656730854414022,0.01231993559254768,0.01513544192763012,0.1146379269540426,0.060925260504212035,0.08467224254202482,0.008401439896377748,0.037237514740419746,-0.5396081245810656,0.12876705270062083,0.03432291298368277,0.09566481552767991,0.03562928410608154,0.018358002044101807,0.033950429508179704,0.09457036984117678,-0.01394595685037104,0.04733864481727182,-0.030101531516697606,0.05755196657103367,-0.11066426808372769,0.10933399562800367,-0.017144185119482337,0.11763544945266094
734,1519072985,0.02464736880116929,0.0026403565480348596,0.04451705552599475,0.12145712331881077,0.03934046660030018,-0.022815725717746368,0.02697318252274825,0.01710126812579566,0.028485066101037262,-0.015690930486774356,-0.010669870280378017,0.08769713180691284,0.04433011599010975,0.026091253376719796,0.044565675122560676,0.09412252617422714,0.0034158132581160335,0.03190485354779615,0.10475389066283126,0.09717110754660029,0.08729033970902042,0.04378286941206701,-0.08572961197044983,0.09035916856074754,0.04010103171637031,0.06474380668679539,0.0408146611526384,0.05080351967054825,0.024595189276434563,-0.08546896138115549,0.11176629061119653,-0.008794489210456181,0.13077575565079025,-0.15392073935589148,-0.028006724043498153,0.04809072182666907,-0.01495937178742239,-0.024727794692248728,0.030723353768484268,0.046830587052461924,-0.5567771649665584,0.06515007370088267,0.01528446922255061,0.04860205062577218,-0.042223416015498456,0.021068937584912538,0.03113611071601424,0.032090008067427914,0.08261573923593563,0.17554573075460397,0.03169759170517812,0.1317606519346672,0.053395849274573054,-0.02621959581463898,0.05214023471369759,0.1281474623182545,0.034110149790443696,0.12809399932320437,0.012837530699132547,0.037000539377622425,0.06356964170254631,0.019421666944251934,0.09267534840015826,0.6122756801571416,-0.010382079007564068,0.051534654605232544,0.01386759824141257,0.11078733814112707,-0.022864260134466963,0.016896725095161786,0.01081153077229165,0.050655259126099916,0.03876812004495277,0.1315355847187895,-0.014114263076959342,0.036905379970013315,0.12661705487603728,-0.029019688877443866,-0.040462860672334115,0.00819636572426069,0.05121094724829045,0.03579115699379298,0.06516916709261449,-0.8211552921022313,0.03752520707249615,-0.009991729014569302,0.017382899404922807,-0.4714479525975176,-0.026517329002566408,-0.15362045876331856,0.013021955528532346,0.1202556851399261,0.09744587375000781,0.04689437064230221,-0.04086159393253575,-0.007899185745458604,0.009956784610384902,0.047384079124898504,0.13118296939103422,0.06167816332692697,-0.027672933966279126,0.12100451655529218,0.04445905372457723,0.12079414600491457,0.11927140191189714,-0.03816442855316347,0.10843874957015535,0.01607083173413491,0.016861692566273467,0.11689697261217999,0.06341305894074381,0.08676927951495338,0.01045250238627975,0.0392174389875215,-0.538971767761513,0.13152516573134,0.036415081569921015,0.09756692308678946,0.03739982536285101,0.02009740147090465,0.03631039006940562,0.09647526029071345,-0.01163358382933756,0.04937282943043752,-0.027324661481168844,0.06066197484610376,-0.11066426808372769,0.11182735482604965,-0.015326454164590027,0.1204475519497567
735,1519072990,0.027436941513301054,0.0043825672058900155,0.04748726902886185,0.12370517853137551,0.041112823731033026,-0.020667310152367602,0.029764599447654454,0.019980739104466745,0.031239522779543536,-0.013266596969595144,-0.008900505226218209,0.08978700133394467,0.0464456738530164,0.02888234304021788,0.046545071756843436,0.0960312091594904,0.006110609413006803,0.03369642754081112,0.1069716059693381,0.09907649635070044,0.0893880094488335,0.04575936440942869,-0.08572961197044983,0.09291497583745104,0.04208211193791015,0.06654666030098591,0.042796644523423674,0.05358454546622158,0.02808039644006375,-0.08398127932321112,0.11363644452147602,-0.005852819532668438,0.1335365767295144,-0.32059093754397266,-0.025877982101481817,0.05114261875239123,-0.013138129419093385,-0.020712675061992043,0.032682498499968654,0.05205891483049656,-0.5567771649665584,0.06694863243860458,0.01753826168593974,0.051592665678735404,-0.042223416015498456,0.02280726515623168,0.03352308417559111,0.03447503720593644,0.08450832689554662,0.17832971288247307,0.0346846326477863,0.1339600403962185,0.05616590706197369,-0.022213172852335983,0.055625492655248104,0.13090523538012394,0.03611742975778495,0.13140660637121027,0.01591888082575039,0.03961906036216876,0.06543410466905099,0.02231693915500607,0.0945877318784668,0.6054208696336724,-0.00862107545222145,0.053572333986749716,0.01612053658875775,0.11328421576863634,-0.02018579681767419,0.01862062418451449,0.01339279935498057,0.052882572706248174,0.0407702230094566,0.13374299675290977,-0.012300527559881601,0.03899800179065667,0.12937109838836358,-0.026358554461312515,-0.035460042463839485,0.00993485019376026,0.05608449144146369,0.03756517829753347,0.06697106397740263,-0.8209611235792246,0.04013841848408197,-0.0070391449489471975,0.019109021086581107,-0.47143631545997483,-0.02439381620475889,-0.15362045876331856,0.016768859670719918,0.12250503379313456,0.0999819027394196,0.04913574656824837,-0.036583178831533905,-0.005721984740397537,0.012020471007401255,0.04942210403349629,0.13338250019690243,0.06417289169053958,-0.025541567419665293,0.12325231719151815,0.046437151459649384,0.12360291246197651,0.12152720741192131,-0.03602140671452323,0.11093400427150887,0.018321369419087248,0.018587943204916812,0.11972077968485173,0.06527890776814263,0.08886631648788192,0.013016330498657252,0.04169234429639869,-0.5381763217370724,0.13373165615591534,0.03903029230271882,0.09946903064589901,0.039170366619620485,0.02183680089770749,0.039260340770938,0.09838015074025011,-0.009783685412510774,0.05140701404360322,-0.025658539459851585,0.0625279798111458,-0.11066426808372769,0.11369737422458413,-0.01350872320969772,0.12269723394743332
736,1519072996,0.03301608693756458,0.00960919917945548,0.05144755369935131,0.12820128895650498,0.0446575379924987,-0.01565434049981715,0.03674314175991997,0.02343610427887205,0.03812566447580922,-0.009024013314531525,-0.004771986766511992,0.09501167515152421,0.047843961791779674,0.03516229478308856,0.05050386502540894,0.09984857513001691,0.012173900761511034,0.037279575526841066,0.11196146540897844,0.10415753316163422,0.09410776636341295,0.049712354404152045,-0.08572961197044983,0.09674868675250627,0.04653954243637478,0.07075331873409713,0.047751602950386864,0.06053710995540492,0.035050810767322124,-0.08051002118800756,0.117376752342035,-0.0023228159193231465,0.13850605467121793,-1.876179453966064,-0.020556127246440976,0.05521181465335411,-0.008281483103549373,-0.015359182221649802,0.03709057414580852,0.05654033864024054,-0.5567771649665584,0.0723443086517703,0.02279711076718104,0.05607858825818025,-0.042223416015498456,0.02744280534641606,0.03829703109474485,0.03805258091369924,0.08892436476797223,0.18106173888975985,0.03826908177891611,0.14000835866548456,0.06309105153047528,-0.016871275569265317,0.061201905361728925,0.13586922689148892,0.041135629676138104,0.13582341576855148,0.020027347661240855,0.04380869393744289,0.07164898122406657,0.026370320250061866,0.09841249883508385,0.32780104343316496,-0.003925065971307798,0.057647692749784055,0.0206264132834481,0.11827797102365487,-0.014159254354890455,0.022068422363219892,0.01752282908728284,0.059564513446692946,0.04477442893846428,0.13815782082115027,-0.0068593210086483804,0.04318324543194338,0.13542999411548143,-0.021568512512276084,-0.031171912570844094,0.013411819132759397,0.06165425623366169,0.04111322090501444,0.07177612233683768,-0.8204757022717077,0.044319556742619275,-0.0034960440702006728,0.022561264449897707,-0.47140431333173227,-0.019085034210240093,-0.15362045876331856,0.02276390629822003,0.12756606826285358,0.10505396071824318,0.05585987434608685,-0.03230476373053205,0.0008096182747856643,0.01666376540068805,0.05400766007784131,0.13778156180863885,0.0679149842359585,-0.020745992689784176,0.12774791846397007,0.05039334692979369,0.128658692084688,0.12603881841196965,-0.031021022424362693,0.11530069999887754,0.024322803245626815,0.022040444482203506,0.12423887100112652,0.0690106054229403,0.09358464967697114,0.018143986723412258,0.04614717385237763,-0.5369036080979676,0.13814463700506602,0.04373767162175488,0.1032732457641181,0.04389180997100576,0.026475199369181735,0.042800281612776866,0.1034598586056812,-0.005158939370443814,0.05598392942322605,-0.02177092141011132,0.06874799636128598,-0.11066426808372769,0.11743741302165311,-0.007449620026723359,0.1277590184422057
737,1519073002,0.03441087329363047,0.00960919917945548,0.05144755369935131,0.12876330275964618,0.0446575379924987,-0.01565434049981715,0.03674314175991997,0.02343610427887205,0.03812566447580922,-0.007811846555941919,-0.004182198415125389,0.09553414253328217,0.05034793297100945,0.03516229478308856,0.05050386502540894,0.09984857513001691,0.012173900761511034,0.037279575526841066,0.11251589423560515,0.10415753316163422,0.09463218379836622,0.049712354404152045,-0.08572961197044983,0.09738763857168214,0.04653954243637478,0.07195522114355747,0.047751602950386864,0.06053710995540492,0.035050810767322124,-0.08001412716869276,0.11800013697879481,-0.0023228159193231465,0.13850605467121793,-0.5983746011907747,-0.019491756275432807,0.05521181465335411,-0.007067321524663369,-0.015359182221649802,0.03758036032867961,0.05654033864024054,-0.5567771649665584,0.07294382823101093,0.02279711076718104,0.05607858825818025,-0.042223416015498456,0.02744280534641606,0.03829703109474485,0.039245095482953504,0.08955522732117589,0.18385365875827347,0.03826908177891611,0.14000835866548456,0.06309105153047528,-0.016871275569265317,0.061201905361728925,0.1364207815038628,0.041135629676138104,0.13637551694321912,0.020027347661240855,0.04380869393744289,0.07164898122406657,0.026370320250061866,0.09904995999452003,0.619130490680611,-0.003925065971307798,0.057647692749784055,0.022128372181678218,0.11827797102365487,-0.014159254354890455,0.022068422363219892,0.01752282908728284,0.059564513446692946,0.04477442893846428,0.13870967382968033,-0.005045585491570639,0.04318324543194338,0.13542999411548143,-0.020504058745823544,-0.031171912570844094,0.013411819132759397,0.06165425623366169,0.04111322090501444,0.07237675463176707,-0.8204271601409561,0.044842199024936434,-0.0034960440702006728,0.022561264449897707,-0.47140431333173227,-0.017492399611884455,-0.15362045876331856,0.02276390629822003,0.12756606826285358,0.10505396071824318,0.05585987434608685,-0.03230476373053205,0.0008096182747856643,0.017179686999942136,0.05400766007784131,0.13778156180863885,0.06916234841776481,-0.01968030941647726,0.12774791846397007,0.05039334692979369,0.128658692084688,0.1266027697869757,-0.031021022424362693,0.11654832734955431,0.024322803245626815,0.022040444482203506,0.12480363241566086,0.0690106054229403,0.09463316816343542,0.018143986723412258,0.04614717385237763,-0.5369036080979676,0.13869625961120985,0.04373767162175488,0.1032732457641181,0.04389180997100576,0.026475199369181735,0.042800281612776866,0.1034598586056812,-0.005158939370443814,0.05598392942322605,-0.02177092141011132,0.06874799636128598,-0.11066426808372769,0.11806075282116461,-0.006843709708425923,0.1277590184422057
738,1519073007,0.037200446005762236,0.011351409837310636,0.053427696034596045,0.13101135797221092,0.04702068083347582,-0.012073647890852541,0.03953455868482617,0.0251637868660747,0.040880121154315496,-0.0053875130387627075,-0.0024128333609655813,0.09814647944207194,0.05306164734105373,0.03865115686246117,0.05297811081826238,0.10175725811528016,0.015542395955124496,0.040265532181866015,0.11528803836873867,0.10606292196573437,0.09725427097313258,0.05168884940151373,-0.08572961197044983,0.09994344584838563,0.04852062265791461,0.07495997716720834,0.04973358632117214,0.06331813575107825,0.03783897649822548,-0.07852644511074838,0.12111706016259396,-0.0005578141126505008,0.14181903996568693,-0.26503420481461226,-0.01736301433341647,0.057755062091455915,-0.005246079156334364,-0.01268243580147868,0.039539505060163994,0.058781050545112526,-0.5567771649665584,0.07474238696873284,0.026553431539496256,0.05832154954790267,-0.042223416015498456,0.029181132917735202,0.04008726118942751,0.041033867336834895,0.09207867753399054,0.18667805120215103,0.04006130634448101,0.14220774712703585,0.06655362376472608,-0.014200326927729986,0.06399011171496934,0.13973010917810613,0.04314290964347937,0.13858392164188973,0.022081581078986084,0.045903510725079956,0.07351344419057125,0.02810748357651435,0.10096234347282855,0.619130490680611,-0.0009900600457367658,0.06019479197668052,0.025132289978138454,0.12077484865116414,-0.011480791038097684,0.023792321452572596,0.02010409766997176,0.06253426488689062,0.047277057644094074,0.14202079188086073,-0.003231849974492899,0.04579902270774757,0.13763322892534247,-0.017842924329692193,-0.029027847624346396,0.01572979842542549,0.06443913862976068,0.04406992307791524,0.0747792838114846,-0.8202329916179494,0.046932768154205086,-0.0011339768177029894,0.025438133919328202,-0.4713926761941895,-0.01536888681407694,-0.15362045876331856,0.02501204878353257,0.13037775407936417,0.10695598246030202,0.058101250272033014,-0.03016555618003113,0.0029868192798467317,0.019243373396958488,0.05655519121358854,0.14108085801744116,0.07103339469047426,-0.01754894286986343,0.13055766925925255,0.052865969098633885,0.13090570525033754,0.12885857528699987,-0.02887800058572246,0.11904358205090783,0.026573340930579153,0.02491752887994242,0.1276274394883326,0.07274230307773795,0.09725446437959609,0.020707814835789762,0.04812709809947939,-0.5359490728686388,0.14200599524807286,0.04582984020799313,0.10644342502930067,0.04566235122777523,0.028214598795984577,0.045750232314309254,0.10599971253839675,-0.0028465663494103336,0.05801811403639175,-0.018994051374582557,0.07061400132632803,-0.11066426808372769,0.12117745181872208,-0.005025978753533615,0.1300087004398823
739,1519073013,0.042082198251992824,0.01367435738111751,0.055902873953651955,0.13382142698791685,0.049974609384697215,-0.009925232325473776,0.04302382984095893,0.028043257844745786,0.04363457783282177,-0.0035692629008782996,0.0005361083959674312,0.10128128373261967,0.05577018286688036,0.04144224652595925,0.055452356611115826,0.10493839642405225,0.018237192110015267,0.04205710617488099,0.1175057536752455,0.10796831076983454,0.09935194071294566,0.05366534439887541,-0.08572961197044983,0.10249925312508913,0.05050170287945445,0.07676283078139887,0.05171556969195742,0.06609916154675159,0.04132418366185466,-0.07654286903348921,0.12423398334639311,0.002972189500694791,0.14402769682866626,0.012749458832189704,-0.015234272391400136,0.06029830952955771,-0.003424836788005359,-0.010005689381307558,0.04198843597451948,0.06176866641827517,-0.5567771649665584,0.07833950444417666,0.028807224002885382,0.06056451083762508,-0.042223416015498456,0.030919460489054345,0.04187749128411016,0.04282263919071629,0.09397126519360152,0.18950388687160033,0.04185353091004592,0.14440713558858717,0.06932368155212672,-0.011529378286194653,0.06677831806820975,0.1419363276276017,0.04565200960265594,0.14079232634056033,0.025162931205603933,0.04799832751271702,0.07537790715707593,0.03042370134511766,0.10351218811057325,0.619130490680611,0.0007709435096058535,0.06274189120357698,0.029638166672828807,0.12264750687179608,-0.008802327721304912,0.025516220541925295,0.022169112536122897,0.06476157846703888,0.04927916060859791,0.14478005692351104,-0.0014181144574151583,0.04789164452839093,0.13983646373520353,-0.01571401679678711,-0.0268837826778487,0.01746828289492506,0.06792024162488443,0.045843944381655725,0.07658118069627275,-0.8197475703104325,0.04902333728347374,0.0006375736216702731,0.027164255600986502,-0.47138103905664674,-0.01324537401626942,-0.15362045876331856,0.028009572097282626,0.1326271027325726,0.10885800420236086,0.06034262619797918,-0.028026348629530202,0.005164020284907799,0.02182298139322893,0.05859321612218632,0.14383027152477643,0.07290444096318373,-0.015417576323249598,0.1328054698954785,0.05484406683370604,0.1331527184159871,0.1316783321620301,-0.02673497874708223,0.12091502307692296,0.03032423707216638,0.027219196398133548,0.13045124656100435,0.07523010151426972,0.09935150135252464,0.022758877325691762,0.05060200340835658,-0.5351536268441982,0.14421248567264822,0.04792200879423138,0.10834553258841022,0.04743289248454471,0.02995399822278742,0.04811019287553516,0.10790460298793342,0.0017781796926566273,0.06005229864955745,-0.015661807331948045,0.07248000629137008,-0.11066426808372769,0.12304747121725657,-0.0032082477986413067,0.1322583824375589
740,1519073018,0.04766134367625635,0.01715877869682782,0.059863158624141426,0.1388795512161875,0.053519323646162895,-0.005628401194716245,0.04860666369077134,0.03149862301915109,0.04914349118983432,0.0018854875127749255,0.004074838504287046,0.10598349016844127,0.05849943376957756,0.047024425852955416,0.05941114987968134,0.10939199005633318,0.023626784419796803,0.04623744549191592,0.12194118428825915,0.11177908837803487,0.10354728019257184,0.05811245814293919,-0.08572961197044983,0.10761086767849612,0.05545440343330404,0.0803685380097799,0.05567953643352797,0.07166121313809826,0.0475975565563872,-0.07356750491760046,0.12797429116695208,0.006502193114040083,0.14844501055462492,-0.8761582648375766,-0.010976788507367463,0.0643675054305206,0.0008247287380956528,-0.003983009935922535,0.04590672543748824,0.06625009022801914,-0.5567771649665584,0.08193662191962048,0.03331480892966364,0.06654574094355153,-0.042223416015498456,0.034396115631692634,0.04545795147347547,0.04640018289847909,0.09775644051282348,0.19234992769905385,0.047230204606740635,0.14935575962707756,0.07486379712692799,-0.005519743842740156,0.07305178236300067,0.14690031913896667,0.04966656953733846,0.14631333808723684,0.029271398041094396,0.05323536948180969,0.0803498084010884,0.03563519132447511,0.1073369550671903,0.29352699081581834,0.0048799518054052984,0.06681724996661131,0.03414404336751916,0.12639282331305998,-0.002775785258521177,0.029538651750414934,0.027331649701500735,0.0692162056273354,0.053783892278731545,0.14919488099175154,0.0022093565767403226,0.05260004362483848,0.14479374205739087,-0.010391747964524408,-0.021880964469354072,0.022104241480257244,0.07349000641708242,0.05057466785829702,0.08018497446584903,-0.8193592332644191,0.05320447554201105,0.0053617081266656395,0.0306164989643031,-0.4713577647815613,-0.008998348420654386,-0.15362045876331856,0.034004618724782734,0.13768813720229164,0.11266204768647854,0.0648253780498715,-0.023034864345028046,0.009518422295029933,0.025950354187261635,0.06317877216653134,0.1487792158379799,0.0785175797813121,-0.010622001593368478,0.13786302132698694,0.05880026230385035,0.1376467447472862,0.13618994316207844,-0.02102025384404161,0.12528171880429165,0.03482531244207106,0.030671697675420242,0.13609886070634783,0.07958374877820032,0.10354557529838174,0.027373767927971266,0.05555181402611096,-0.5338809132050932,0.1486254665217989,0.05210634596670787,0.11278378355966583,0.05274451625485314,0.035172196503195946,0.05165013371737403,0.11234934737018563,0.005940451130516892,0.06513776018247171,-0.011218815275102026,0.0768340178764682,-0.11066426808372769,0.12678751001432553,0.0004272141111433094,0.13675774643291214
741,1519073024,0.05045091638838812,0.020062463126586414,0.06184330095938616,0.14056559262561105,0.05529168077689573,-0.0034799856293374794,0.05139808061567754,0.033226305606353736,0.05258656203796717,0.0024915708920697282,0.005844203558446854,0.10755089231371513,0.060959384772957384,0.0498155155164535,0.06139054651396409,0.11130067304159644,0.026321580574687573,0.04802901948493089,0.12360447076813925,0.11431960678350174,0.10512053249743165,0.06008895314030086,-0.08572961197044983,0.10888877131684786,0.057435483654843876,0.08157044041924025,0.05766151980431325,0.0744422389337716,0.050385722287290546,-0.07207982285965607,0.12859767580371192,0.008267194920712729,0.14954933898611458,0.3460898552083521,-0.009912417536359295,0.06640210338100204,0.002038890316981656,-0.0013062635157514138,0.047865870168972625,0.06849080213289113,-0.5567771649665584,0.08373518065734238,0.03556860139305277,0.06878870223327396,-0.042223416015498456,0.036134443203011776,0.048441668297946563,0.048188954752360486,0.0990181656192308,0.1951468988570685,0.04902242917230554,0.15155514808862885,0.07763385491432861,-0.002848795201204824,0.07583998871624108,0.14800342836371444,0.05217566949651504,0.14852174278590746,0.031325631458839626,0.05533018626944675,0.08221427136759307,0.03737235465092759,0.11052426086437118,0.6328401117275496,0.006640955360747918,0.0688549293481285,0.036396981714864336,0.12764126212681462,-9.732194172840557e-05,0.03126255083976764,0.02939666456765187,0.07144351920748365,0.05578599524323538,0.15029858700881166,0.002813935082432903,0.05469266544548183,0.1469969768672519,-0.009327294198071868,-0.019736899522856375,0.023842725949756814,0.07627488881318142,0.052348689162037505,0.08198687135063719,-0.819213606872164,0.0552950446712797,0.007133258566038902,0.0323426206459614,-0.4713461276440185,-0.007936592021750627,-0.15362045876331856,0.036252761210095276,0.13993748585550012,0.11456406942853739,0.06706675397581766,-0.02089565679452712,0.013147090636798378,0.028014040584277988,0.06521679707512912,0.1509787466438481,0.08038862605402156,-0.009556318320061563,0.14011082196321292,0.0607783600389225,0.13989375791293573,0.13900970003710866,-0.018877232005401378,0.1265293461549684,0.03707585012702339,0.03239794831406359,0.13779314494995087,0.08144959760559915,0.10511835302807813,0.02942483041787327,0.05753173827321271,-0.5332445563855408,0.14972871173408656,0.05472155669950569,0.11468589111877536,0.05451505751162261,0.036331796121064505,0.05342010413829346,0.1142542378197223,0.007790349547343677,0.06717194479563741,-0.00955269325378477,0.07870002284151024,-0.11066426808372769,0.12803418961334853,0.0016390347477381814,0.1395698489300079
742,1519073030,0.053240489100519886,0.022385410670393287,0.06382344329463088,0.1428136478381758,0.05706403790762857,-0.001331570063958714,0.05418949754058375,0.03495398819355639,0.05534101871647344,0.004915904409248939,0.008203356963993264,0.11016322922250492,0.06329763293722263,0.05260660517995158,0.06336994314824684,0.11320935602685969,0.029016376729578342,0.04982059347794587,0.1258221860746461,0.11622499558760191,0.10721820223724474,0.06206544813766254,-0.08572961197044983,0.11208353041272723,0.059911833931768674,0.08457519644289112,0.06063449486049117,0.07791852117836327,0.0531738880181939,-0.0696003527630821,0.13109121435075125,0.011208864598500472,0.15231016006483875,0.2349763897496313,-0.006719304623334791,0.06843670133148347,0.003860132685310661,0.0013704829044197077,0.05031480108332811,0.07073151403776312,-0.5567771649665584,0.08613325897430492,0.0378223938564419,0.07103166352299638,-0.042223416015498456,0.04019054086942311,0.05023189839262922,0.04997772660624188,0.10091075327884179,0.197939540338368,0.05081465373787045,0.15375453655018015,0.08040391270172925,-0.00017784655966949166,0.07862819506948149,0.15131275603795777,0.05468476945569161,0.15073014748457805,0.033893423231021166,0.057948707253993086,0.08407873433409774,0.039109517977380076,0.11243664434267972,0.6259853012040802,0.008401958916090538,0.07089260872964566,0.03864992006220951,0.1307623591612012,0.0032507572042625586,0.03298644992912034,0.03146167943380301,0.07367083278763191,0.05778809820773922,0.15305785205146197,0.005836827610895804,0.05678528726612519,0.14920021167711295,-0.006666159781940516,-0.01759283457635868,0.025581210419256383,0.07905977120928043,0.05412271046577799,0.08378876823542533,-0.8189708962184057,0.05738561380054835,0.008904809005412165,0.0340687423276197,-0.47133158122209007,-0.0052822010244912305,-0.15362045876331856,0.03850090369540782,0.14274917167201068,0.11710009841794917,0.07080238051906126,-0.018756449244026197,0.015324291641859446,0.03059364858054843,0.06725482198372691,0.15317827744971632,0.08225967232673102,-0.007424951773447733,0.14292057275849537,0.06275645777399466,0.1427025243699977,0.14126550553713285,-0.016019869553881072,0.1296484145316603,0.039326387811975734,0.034124198952706936,0.14061695202262262,0.08331544643299799,0.10773964924423882,0.03147589290777527,0.059511662520314465,-0.5326081995659883,0.15193520215866188,0.05681372528574393,0.11722203453092142,0.056285598768392085,0.03923079516573591,0.05519007455921289,0.11742905523561672,0.00964024796417046,0.06920612940880311,-0.007886571232467512,0.0805660278065523,-0.11066426808372769,0.12990420901188302,0.004668586339225362,0.1418195309276845
743,1519073035,0.05603006181265165,0.02412762132824844,0.06580358562987562,0.14506170305074054,0.06001796645884997,0.0029652610667988168,0.05698091446548995,0.03668167078075904,0.05878408956460628,0.006734154547133347,0.009972722018153071,0.11225309874953673,0.06593366464400227,0.05609546725932419,0.06584418894110029,0.11511803901212295,0.033058570961914495,0.052806550132970816,0.1291487590344063,0.11813038439170206,0.1098402894120111,0.06404194313502422,-0.08572961197044983,0.11400038587025485,0.061892914153308505,0.08637805005708164,0.06261647823127645,0.0806995469740366,0.05596205374909725,-0.06761677668582293,0.13296136826103072,0.012385532469615568,0.15451881692781808,0.4016465879377125,-0.004590562681318455,0.07047129928196491,0.005681375053639666,0.004047229324590829,0.05276373199768359,0.07297222594263511,-0.5567771649665584,0.08793181771202684,0.04082745047429407,0.07327462481271879,-0.042223416015498456,0.04192886844074225,0.05202212848731187,0.05295901302937754,0.1053267911512674,0.20076681923338902,0.05260687830343535,0.15595392501173147,0.08386648493598005,0.0024931020818658406,0.0814164014227219,0.1540705290998272,0.056692049423032874,0.15293855218324864,0.035947656648766396,0.06004352404163015,0.08594319730060242,0.04084668130383256,0.11434902782098824,0.6259853012040802,0.011336964841661568,0.07343970795654212,0.04090285840955469,0.13263501738183314,0.005929220521055331,0.034710349018473044,0.03404294801649192,0.077383022087879,0.060791252654494976,0.15526526408558222,0.007650563127973544,0.059924219997090224,0.15140344648697399,-0.004537252249035436,-0.015448769629860982,0.028478684535088998,0.08184465360537942,0.055896731769518475,0.08619129741514286,-0.8187767276953989,0.05999882521213416,0.01185739307103427,0.0363702379031641,-0.4713170348001616,-0.0026278100272318335,-0.15362045876331856,0.04074904618072036,0.14556085748852124,0.12027013465471391,0.07304375644500742,-0.01661724169352527,0.017501492646920514,0.03265733497756478,0.06929284689232469,0.15537780825558456,0.08413071859944048,-0.005293585226833902,0.14516837339472136,0.06522907994283485,0.14551129082705963,0.143521311037157,-0.013876847715240838,0.13214366923301382,0.04157692549692807,0.03700128335044585,0.14287599768076004,0.0851812952603968,0.10983668621716737,0.03403972102015278,0.061491586767416215,-0.5318127535415478,0.15579656040166873,0.05890589387198218,0.11912414209003097,0.05805614002516156,0.040970194592538756,0.056960044980132324,0.11996890916833228,0.011490146380997246,0.07124031402196881,-0.006220449211150256,0.08243203277159435,-0.11066426808372769,0.1342675876084635,0.00648631729411767,0.14406921292536112
744,1519073041,0.0602144208808493,0.025869831986103597,0.06778372796512035,0.14787177206644647,0.06179032358958281,0.005113676632177582,0.060470185621622714,0.03840935336796169,0.062227160412739124,0.008552404685017756,0.012921663775086084,0.1148654356583265,0.0679352879341208,0.05888655692282227,0.06831843473395373,0.1170267219973862,0.03575336711680527,0.05459812412598579,0.13192090316753985,0.12003577319580223,0.11246237658677746,0.06700668563106674,-0.08572961197044983,0.11655619314695834,0.06387399437484834,0.08878185487600235,0.06459846160206172,0.08348057276970994,0.0587502194800006,-0.06563320060856376,0.1367016760815897,0.014738868211845764,0.1567274737907974,0.0683061915615501,-0.002461820739302118,0.07301454672006671,0.007502617421968671,0.00672397574476195,0.05521266291203907,0.07670674578408843,-0.5567771649665584,0.09032989602898937,0.0430812429376832,0.07626523986568202,-0.042223416015498456,0.04366719601206139,0.05381235858199453,0.05534404216788607,0.10721937881087838,0.2035363691055408,0.055593919246043524,0.15815331347328276,0.08663654272338069,0.005831787883785006,0.08490165936427241,0.15627674754932275,0.05869932939037413,0.15514695688191926,0.038001890066511626,0.06266204502617648,0.0878076602671071,0.04258384463028504,0.1181737947776053,0.619130490680611,0.013097968397004188,0.07547738733805928,0.04540873510424505,0.1345076756024651,0.008607683837848101,0.038158147197178444,0.03610796288264306,0.07961033566802726,0.06329388136012477,0.15857638213676262,0.009464298645051284,0.06201684181773358,0.15360668129683505,-0.0024083447161303544,-0.013304704683363287,0.030796663827755092,0.08532575660050316,0.05826209350783912,0.0885938265948604,-0.8185340170416405,0.06261203662371997,0.013628943510407531,0.038096359584822395,-0.47130539766261886,-0.0005042972294243157,-0.15362045876331856,0.0429971886660329,0.14837254330503183,0.12217215639677276,0.07528513237095358,-0.013764964959524038,0.020404427320335268,0.03523694297383522,0.07184037802807193,0.15757733906145277,0.08600176487214993,-0.0031622186802200713,0.1485400743490603,0.067207177677907,0.14775830399270917,0.1469050192871933,-0.011733825876600606,0.13401511025902896,0.0453278216385153,0.03930295086863698,0.14569980475343178,0.08704714408779564,0.11245798243332805,0.03609078351005478,0.06347151101451796,-0.5311763967219952,0.15800305082624408,0.060998062458220426,0.12292835720825006,0.059826681281931034,0.042709594019341594,0.05990999568166471,0.12250876310104783,0.013802519402030726,0.07327449863513452,-0.003998953182727247,0.0842980377366364,-0.11066426808372769,0.13613760700699798,0.008304048249009977,0.14631889492303773
745,1519073046,0.06300399359298106,0.027612042643958754,0.07025890588417627,0.15068184108215238,0.06356268072031565,0.0072620921975563475,0.06326160254652892,0.04071293015089856,0.0649816170912454,0.010370654822902165,0.015280817180632494,0.11695530518535834,0.0705143523545064,0.061677646586320356,0.07029783136823649,0.12020786030615829,0.038448163271696034,0.057584080781010745,0.13413861847404668,0.12384655080400256,0.11456004632659054,0.06947730437776885,-0.08572961197044983,0.11847304860448596,0.06585507459638817,0.09058470849019286,0.066580444972847,0.08626159856538328,0.06153838521090395,-0.06414551855061938,0.13857182999186918,0.017680537889633505,0.15948829486952157,0.1794196570202709,-0.0003330787972857821,0.07504914467054816,0.009930940579740678,0.010069908769975853,0.057171807643523455,0.07969436165725108,-0.5567771649665584,0.09212845476671129,0.04533503540107233,0.07925585491864524,-0.042223416015498456,0.045405523583380535,0.05560258867667718,0.0577290713063946,0.10911196647048937,0.20635859671106077,0.057386143811608434,0.16090254905022186,0.08940660051078132,0.00917047368570417,0.08838691730582293,0.1590345206111922,0.060706609357715394,0.15845956392992516,0.04108324019312947,0.06475686181381354,0.09029361088911333,0.04490006239888835,0.12008617825591382,0.6157030854188763,0.014858971952346808,0.07751506671957646,0.047661673451590225,0.13700455322997437,0.011955762983839066,0.041031312346099615,0.03868923146533198,0.08183764924817552,0.06529598432462862,0.16078379417088287,0.011278034162129025,0.06463261909353778,0.15636072480916133,-0.0002794371832252735,-0.009731263105867125,0.03253514829725466,0.08880685959562691,0.060036114811579604,0.09039572347964854,-0.8183398485186338,0.0652252480353058,0.015991010762905215,0.040973229054252894,-0.4712937605250761,0.0016192155683832019,-0.15362045876331856,0.04524533115134544,0.15062189195824027,0.12470818538618454,0.07752650829689973,-0.010199619042022495,0.022581628325396338,0.03781655097010567,0.07387840293666971,0.16032675256878803,0.0891201753266657,-0.0004980104969527831,0.15078787498528626,0.0696797998467472,0.1505670704497711,0.14916082478721746,-0.008162122812200221,0.13713417863572086,0.047578359323467635,0.04102920150728032,0.14795885041156917,0.09015689213346036,0.11455501940625659,0.03814184599995678,0.06594641632339517,-0.5305400399024428,0.1602095412508194,0.06361327319101824,0.12483046476735961,0.061597222538700515,0.04444899344614444,0.061679966102584145,0.1244136535505845,0.016114892423064207,0.07530868324830021,-0.001222083147198486,0.08740804601170649,-0.11066426808372769,0.13800762640553246,0.010121779203902287,0.14969341791955262
746,1519073052,0.06579356630511284,0.029354253301813907,0.07322911938704336,0.15292989629471712,0.06533503785104848,0.009410507762935113,0.06605301947143512,0.044168295325303863,0.06773607376975167,0.014007155098670981,0.0170501822347923,0.11904517471239015,0.07218194019258704,0.06446873624981844,0.07227722800251925,0.12211654329142155,0.04114295942658681,0.05937565477402571,0.13635633378055348,0.12638706920946943,0.11770655093631018,0.07145379937513052,-0.08572961197044983,0.12102885588118945,0.06833142487331298,0.09238756210438338,0.06856242834363227,0.08904262436105662,0.06572063380725897,-0.062657836492675,0.1416887531756683,0.019445539696306153,0.16280128016399056,-0.37614767027333307,0.0028600341157387224,0.0770837426210296,0.012966344526955687,0.013415841795189754,0.05913095237500784,0.08193507356212307,-0.5567771649665584,0.0939270135044332,0.04758882786446146,0.08299412373484928,-0.042223416015498456,0.04714385115469968,0.05918304886604249,0.059517843160275995,0.11100455413010035,0.2091000036845638,0.06037318475421661,0.16365178462716098,0.09217665829818196,0.012509159487623336,0.09187217524737344,0.16234384828543552,0.06271388932505666,0.16066796862859578,0.0431374736108747,0.06737538279835988,0.09277956151111956,0.04663722572534083,0.12199856173422235,0.6019934643719377,0.016619975507689427,0.07955274610109363,0.0499146117989354,0.13950143085748362,0.014634226300631837,0.042755211435452314,0.04075424633148311,0.08406496282832378,0.06729808728913245,0.16409491222206324,0.015510083701977087,0.06672524091418112,0.1585639596190224,0.0034461509993586182,-0.006872509843870196,0.03427363276675423,0.09159174199172591,0.06181013611532009,0.09399951724922483,-0.818145679995627,0.06731581716457445,0.01776256120227848,0.0426993507359112,-0.4712821233875334,0.0053353629645463575,-0.15362045876331856,0.049741616121970526,0.15287124061144874,0.1266102071282434,0.0797678842228459,-0.006634273124520954,0.024758829330457404,0.03988023736712202,0.0759164278452675,0.16252628337465624,0.09099122159937516,0.002699039322967963,0.15303567562151224,0.07165789758181935,0.15281408361542065,0.15141663028724164,-0.006019100973559989,0.1396294333370744,0.04982889700841998,0.04275545214592367,0.1507826574842409,0.09202274096085918,0.11665205637918513,0.04019290848985878,0.06792634057049692,-0.5299036830828903,0.16351927688768242,0.06675152607037561,0.12673257232646915,0.0645481246333163,0.04734799249081584,0.06344993652350357,0.12631854400012116,0.01796479083989099,0.07785141401475734,0.000444038874118771,0.08927405097674854,-0.11066426808372769,0.14050098560357846,0.013151330795389467,0.1525055204166484
747,1519073058,0.07137271172937636,0.03400014838942766,0.07768443964134401,0.1574260067198466,0.06887975211251417,0.014423477415485565,0.07233370755247408,0.04819955469544338,0.07462221546601736,0.017037571995144996,0.020588912343111918,0.12374738114821175,0.07369675212624725,0.07144646040856364,0.07623602127108475,0.12593390926194806,0.04720625077509104,0.06295880276005565,0.14023733556694043,0.1308329764190365,0.12137747298098307,0.07540678936985389,-0.08572961197044983,0.12486256679624469,0.07278885537177761,0.09539231812803425,0.07302189092789915,0.09599518885023994,0.07129696526906568,-0.058690684338156655,0.14418229172270763,0.022975543309651444,0.16666642967420442,-1.3761688594018202,0.0076497034852754785,0.08115293852199247,0.016608829263613695,0.018769334635531997,0.0635390280208477,0.08641649737186703,-0.5567771649665584,0.09932268971759892,0.054350205254628844,0.08748004631429412,-0.042223416015498456,0.051199948821111015,0.06395699578519623,0.06309538686803878,0.11478972944932231,0.21185945097771347,0.06395763388534642,0.1686004086656514,0.0984092883198334,0.017851056770694,0.09744858795385426,0.16565317595967885,0.06723026925157449,0.165084778025937,0.04724594044636517,0.07156501637363401,0.09775146275513204,0.0501115523782458,0.12518586753140323,0.46146984864081664,0.020141982618374667,0.08362810486412797,0.054420488493625754,0.14387096670562485,0.020660768763415573,0.04620300961415772,0.04488427606378539,0.09000446570871913,0.07130229321814012,0.16740603027324363,0.01913755473613257,0.07091048455546783,0.16352123794120973,0.0066395122987162394,-0.002584379950874802,0.03775060170575337,0.0971615067839239,0.06594951915738122,0.09700267872387175,-0.817708800818862,0.07149695542311175,0.021305662081025002,0.04615159409922779,-0.4712559398280622,0.009051510360709513,-0.15362045876331856,0.05423790109259561,0.15793227508116775,0.13104825785971402,0.08649201200068438,-0.0023558580235191044,0.0320161660139943,0.044007610161154724,0.08050198388961251,0.16692534498639267,0.09473331414479408,0.006428930779542167,0.15753127689396418,0.07561409305196366,0.15786986323813215,0.15536428991228393,-0.0010187166833994477,0.1427485017137663,0.0550801516066421,0.046207953423210366,0.15473598738598135,0.09575443861565684,0.12032187108181008,0.044295033469662785,0.07188618906470041,-0.5286309694437854,0.16682901252454543,0.07145890538941167,0.13053678744468825,0.06808920714685525,0.05140659115335581,0.06698987736534244,0.13139825186555226,0.02166458767354456,0.08191978324108874,0.0037762829167532846,0.09425006421686068,-0.11066426808372769,0.14361768460113591,0.017998613341768954,0.15756730491142076
748,1519073063,0.07485967761954107,0.03516162216133109,0.07867451080896638,0.1602360757355525,0.070652109243247,0.01657189298086433,0.07512512447738029,0.0487754488911776,0.07737667214452364,0.019461905512324205,0.02117870069449852,0.1253147832934856,0.07627322712452402,0.07423755007206173,0.07772056874679682,0.12847881990896573,0.049901046929981804,0.06355599409106065,0.14356390852670067,0.13273836522313665,0.12347514272079615,0.07639503686853472,-0.08572961197044983,0.1267794222537723,0.07377939548254753,0.0989980253564153,0.0740128826132918,0.09947147109483162,0.07408513099996902,-0.058194790318841866,0.14605244563298714,0.02415221118076654,0.16887508653718375,-0.5428178684614143,0.008714074456283647,0.08217023749723319,0.0178229908424997,0.0221152676607459,0.0645186003865899,0.08865720927673902,-0.5567771649665584,0.10052172887608019,0.056603997718017975,0.08972300760401654,-0.042223416015498456,0.052358833868657105,0.06455373915009045,0.06488415872192019,0.11794404221534062,0.21466291665080092,0.06455504207386806,0.1707997971272027,0.10187186055408419,0.020522005412229333,0.10023679430709467,0.16841094902154827,0.06873572922708043,0.16784528389927522,0.04827305715523778,0.07261242476745254,0.09961592572163672,0.05184871570469828,0.12709825100971175,0.6122756801571416,0.021902986173717286,0.08515636440026585,0.05742440629008599,0.1457436249262568,0.023339232080208345,0.04677764264394196,0.04643303721339874,0.09297421714891682,0.07230334470039204,0.16961344230736386,0.01974213324182515,0.07195679546578952,0.16572447275107077,0.008768419831621322,0.00027437331112212715,0.038909591352086416,0.0999463891800229,0.06713220002654154,0.09880457560865989,-0.8175631744266069,0.07306488227006325,0.023077212520398266,0.04787771578088609,-0.47125012125929083,0.010113266759613273,-0.15362045876331856,0.05648604357790815,0.16018162373437622,0.13295027960177286,0.08948051323527927,-0.00021665047301817962,0.034193367019055364,0.0450394533596629,0.08152099634391141,0.16967475849372793,0.09785172459930984,0.007494614052849082,0.15977907753019013,0.07709766635326777,0.1601168764037817,0.15762009541230812,0.0011243051552407841,0.1458675700904582,0.05733068929159443,0.048509620941401495,0.15699503304411874,0.09824223705218861,0.12346742654120291,0.045833330337089286,0.07337113225002673,-0.5276764342144566,0.16958712555526462,0.07250498968253079,0.13243889500379777,0.06867938756577842,0.05198639096229009,0.0681698576459554,0.1333031423150889,0.023514486090371343,0.0829368755476716,0.005442404938070542,0.09611606918190273,-0.11066426808372769,0.1461110437991819,0.019210433978363826,0.15981698690909737
749,1519073069,0.07764925033167283,0.038065306591089684,0.08164472431183348,0.16248413094811726,0.07360603779446839,0.02015258558982894,0.07791654140228649,0.05165491986984869,0.0801311288230299,0.021886239029503415,0.024717430802818133,0.1279271202022754,0.07892220594184776,0.07842418456730885,0.08118451285679164,0.13038750289422898,0.05326954212359527,0.0671391420770906,0.14578162383320747,0.1346437540272368,0.12662164733051579,0.07985390311391766,-0.08572961197044983,0.12869627771129993,0.07675101581485727,0.101401830175336,0.0769858576694697,0.10225249689050496,0.07687329673087237,-0.0557153202222679,0.14916936881678627,0.026505546922996736,0.17108374340016308,-0.26503420481461226,0.011907187369308151,0.08573078391057572,0.020251314000271706,0.0254612006859598,0.06745731748381648,0.093138633086483,-0.5567771649665584,0.10291980719304272,0.061111582644796235,0.09196596889373897,-0.042223416015498456,0.0546766039637493,0.06753745597456154,0.06786544514505584,0.1198366298749516,0.21748225780517744,0.06754208301647623,0.172999185588754,0.10464191834148483,0.023860691214148497,0.10302500066033508,0.17061716747104383,0.07174664917809233,0.17005368859794584,0.05135440728185563,0.07575464994890814,0.10148038868814138,0.05474398791545242,0.12901063448802028,0.6122756801571416,0.024837992099288317,0.08872230331792089,0.059677344637431164,0.14761628314688874,0.026687311226199308,0.04965080779286313,0.049530559512625444,0.09520153072906508,0.07580702488827376,0.1723727073500142,0.02276502577028805,0.0756188836519154,0.1679277075609318,0.011961781130978942,0.003133126573119056,0.042386560291085555,0.1041237127741714,0.0706802426340225,0.1018077370833068,-0.8173204637728485,0.07620073596396622,0.025439279772895947,0.05075458525031659,-0.47123266555297666,0.01329853595632455,-0.15362045876331856,0.05873418606322069,0.16243097238758467,0.1348523013438317,0.09172188916122542,0.0019225570774827453,0.03637056802411643,0.048650904554441515,0.08508753993395753,0.1724241720010632,0.09972277087201929,0.01069166387276983,0.1625888283254726,0.08055933738964405,0.16236388956943124,0.1598759009123323,0.003981667606761093,0.14773901111647333,0.05958122697654677,0.0513867053391404,0.15925407870225614,0.10073003548872038,0.12608872275736357,0.048909924071942286,0.07634101862067937,-0.526880988190016,0.17179361597983994,0.07564324256188816,0.13497503841594385,0.07163028966039421,0.054885390006961486,0.07111980834748778,0.1352080327646256,0.025826859111404823,0.08598815246742016,0.0076639009664935505,0.09798207414694478,-0.11066426808372769,0.1479810631977164,0.021634075251553572,0.162066668906774
750,1519073075,0.08113621622183755,0.04038825413489656,0.08411990223088939,0.16585621376696438,0.07655996634568979,0.022301001155207705,0.08140581255841925,0.053958496652785556,0.08288558550153619,0.023704489167387825,0.026486795856977944,0.1300169897293072,0.0813717992567923,0.08121527423080693,0.0831639094910744,0.1342048688647555,0.055964338278486035,0.06952790740111055,0.148553767966341,0.13654914283133698,0.12924373450528215,0.08232452186061975,-0.08572961197044983,0.13061313316882756,0.07873209603639711,0.10380563499425668,0.07896784104025498,0.10642403558401496,0.08035850389450155,-0.054227638164323515,0.15103952272706575,0.02944721660078448,0.17384456447888724,-0.15392073935589148,0.014035929311324488,0.08827403134867752,0.023286717947486716,0.028137947106130923,0.06941646221530086,0.09537934499135499,-0.5567771649665584,0.10471836593076464,0.06336537510818537,0.09570423770994299,-0.042223416015498456,0.05641493153506844,0.0693276860692442,0.06965421699893724,0.12236008008776623,0.22030232057233978,0.06933430758204114,0.17519857405030528,0.10741197612888546,0.02653163985568383,0.1065102586018856,0.1728233859205394,0.0742557491372689,0.1728141944712841,0.05392219905403717,0.0778494667365452,0.10334485165464606,0.056481151241904906,0.131560479125765,0.6157030854188763,0.026598995654630937,0.09126940254481736,0.06343224188300646,0.150113160774398,0.02936577454299208,0.0525239729417843,0.05159557437877658,0.09742884430921334,0.07780912785277759,0.17458011938413445,0.02457876128736579,0.07823466092771958,0.17068175107325811,0.014090688663884023,0.005277191519616753,0.044125044760585125,0.10690859517027039,0.07304560437234316,0.10421026626302433,-0.8168350424653317,0.07829130509323487,0.02721083021226921,0.05248070693197489,-0.47122102841543395,0.015422048754132067,-0.15362045876331856,0.06173170937697075,0.16524265820409526,0.13675432308589056,0.09545751570446903,0.00406176462798367,0.038547769029177496,0.05071459095145787,0.08763507106970476,0.17517358550839845,0.1022174992356319,0.013888713692690574,0.16483662896169857,0.0825374351247162,0.1646109027350808,0.1626956577873625,0.006124689445401325,0.14961045214248847,0.063332123118134,0.053112955977783746,0.16151312436039353,0.1038397835343851,0.12871001897352427,0.05096098656184429,0.07832094286778112,-0.5260855421655755,0.1740001064044153,0.0777354111481264,0.13687714597505338,0.07399101133608683,0.05662478943376433,0.07406975904902018,0.13774788669734114,0.03091407975767848,0.0890394293871687,0.012662267030445321,0.10047008076700084,-0.11066426808372769,0.14985108259625088,0.02345180620644588,0.1643163509044506
751,1519073080,0.0839257889339693,0.04213046479275171,0.08610004456613413,0.1686662827826703,0.07833232347642263,0.02444941672058647,0.08419722948332545,0.055686179239988205,0.08564004218004245,0.02673490606386184,0.02825616091113775,0.13210685925633903,0.0840259569183337,0.08400636389430502,0.08514330612535714,0.13674977951177317,0.05865913443337681,0.07131948139412553,0.15077148327284784,0.13845453163543714,0.13134140424509524,0.08430101685798144,-0.08572961197044983,0.1338078922647069,0.08071317625793695,0.10560848860844721,0.08094982441104026,0.1092050613796883,0.08314666962540491,-0.05273995610637914,0.15290967663734525,0.031212218407457124,0.1766053855576114,0.0683061915615501,0.016164671253340823,0.09030862929915896,0.025715041105258723,0.03148388013134482,0.07137560694678524,0.09762005689622698,-0.5567771649665584,0.10651692466848654,0.06561916757157449,0.09794719899966542,-0.042223416015498456,0.058153259106387585,0.07111791616392685,0.07144298885281863,0.12425266774737721,0.2231295994673608,0.07172394033612767,0.1779478096272444,0.1101820339162861,0.029870325657602996,0.109298464955126,0.17502960437003492,0.07626302910461016,0.1750225991699547,0.0559764324717824,0.08046798772109154,0.10645228993215386,0.05879736901050822,0.1334728626040735,0.6157030854188763,0.028359999209973556,0.09330708192633452,0.06568518023035164,0.15198581899502997,0.03204423785978485,0.054247872031137,0.0541768429614655,0.0996561578893616,0.07981123081728143,0.1767875314182547,0.02639249680444353,0.08032728274836294,0.17343579458558442,0.016751823080015375,0.008850633097112915,0.04586352923008469,0.1096934775663694,0.07481962567608363,0.10601216314781248,-0.816640873942325,0.08038187422250352,0.030163414277891317,0.054206828613633184,-0.4712093912778912,0.017545561551939585,-0.15362045876331856,0.06397985186228329,0.1674920068573037,0.1386563448279494,0.09769889163041519,0.007627110545485212,0.04072497003423856,0.05277827734847422,0.08967309597830254,0.17737311631426667,0.10408854550834137,0.016552921875957863,0.16708442959792455,0.08451553285978836,0.16685791590073035,0.1649514632873867,0.008267711284041556,0.15148189316850363,0.06558266080308633,0.0548392066164271,0.16490169284759962,0.10570563236178393,0.1308070559464528,0.05301204905174629,0.0807958481766583,-0.525449185346023,0.17620659682899062,0.07982757973436466,0.13877925353416293,0.07694191343070263,0.05836418886056717,0.0758397294699396,0.1396527771468778,0.032763978174505264,0.09158216015362583,0.014328389051762577,0.1029580873870569,-0.11066426808372769,0.15172110199478536,0.025269537161338188,0.1665660329021272
752,1519073086,0.08950493435823284,0.04735709676631718,0.09006032923662359,0.17428642081408213,0.0818770377378883,0.028746247851344,0.08978006333313786,0.05914154441439351,0.09183756970668157,0.030371406339630657,0.03297446772223057,0.13733153307391857,0.08884228204074052,0.09028631563717571,0.08910209939392266,0.1418396008058085,0.06404872674315834,0.07549982071116046,0.1574246291923683,0.14353556844637091,0.13658557859462794,0.08874813060204521,-0.08572961197044983,0.13955845863728977,0.0861611468671715,0.11101704945101878,0.08590478283800344,0.1154623694199533,0.08942004251993745,-0.049268697971175585,0.15727336909466405,0.03533055595635996,0.1815748634993149,-1.0983851957550184,0.021486526108381664,0.0948864746877422,0.029357525841916733,0.037506559576729846,0.0757836825926251,0.1028483846742616,-0.5567771649665584,0.11131308130241163,0.07012675249835275,0.10243312157911026,-0.042223416015498456,0.063368241820345,0.07529511971818638,0.07621304712983569,0.13056129327941382,0.22870550146374352,0.07530838946725749,0.182346586550347,0.11641466393793753,0.03587996010105749,0.11487487766160683,0.17999359588139993,0.08128122902296331,0.1794394085672959,0.06059845766170917,0.08465762129636567,0.1101812158651632,0.06342980454771484,0.1392100130389991,0.6465497327744882,0.032469007505773,0.09738244068936885,0.07019105692504199,0.1569795742500485,0.03807078032256859,0.058270303239626633,0.05882312641030555,0.10485322290970753,0.08431596248741506,0.18175420849502527,0.03062454634429159,0.08503568184481049,0.1778422642053065,0.021009638145825536,0.01385345130560754,0.049919992992250355,0.11595946295759213,0.07895900871814476,0.11081722150724754,-0.8161554526348082,0.08560829704567516,0.03370651515663784,0.058234445870835885,-0.4711802984340343,0.022323465347006497,-0.15362045876331856,0.0699748984897834,0.17255304132702273,0.14372840280677296,0.10367589409960495,0.012618594829987369,0.045805105712714386,0.05742157174176102,0.09425865202264756,0.1828719433289372,0.10783063805376028,0.020815654969185523,0.1715800308703765,0.08896625276370071,0.17191369552344182,0.17059097703744713,0.013982436187082175,0.15584858889587228,0.07008373617299102,0.05829170789371379,0.1705493069929431,0.11068122923484747,0.1365739076220063,0.0576269396540258,0.08525067773263724,-0.5241764717069181,0.1806195776781413,0.08453495905340072,0.14258346865238203,0.0816633567820879,0.06416218694990998,0.07996966045208494,0.14409752152913,0.03692624961236553,0.09615907553324866,0.017660633094397093,0.106690097317141,-0.11066426808372769,0.15546114079185433,0.03072273002601511,0.17162781739689958
753,1519073091,0.08950493435823284,0.04735709676631718,0.09006032923662359,0.17428642081408213,0.0818770377378883,0.028746247851344,0.08978006333313786,0.05914154441439351,0.09183756970668157,0.030371406339630657,0.03297446772223057,0.13733153307391857,0.08887076568393755,0.09028631563717571,0.08910209939392266,0.1418396008058085,0.06404872674315834,0.07549982071116046,0.1574246291923683,0.14353556844637091,0.13658557859462794,0.08874813060204521,-0.08572961197044983,0.13955845863728977,0.0861611468671715,0.11101704945101878,0.08590478283800344,0.1154623694199533,0.08942004251993745,-0.049268697971175585,0.15727336909466405,0.03533055595635996,0.1815748634993149,0.1238629242909105,0.022550897079389832,0.0948864746877422,0.030571687420802737,0.037506559576729846,0.0757836825926251,0.1028483846742616,-0.5567771649665584,0.11131308130241163,0.07012675249835275,0.10243312157911026,-0.042223416015498456,0.063368241820345,0.07529511971818638,0.07621304712983569,0.13056129327941382,0.2287293146856771,0.07530838946725749,0.182346586550347,0.11641466393793753,0.03587996010105749,0.11487487766160683,0.17999359588139993,0.08128122902296331,0.1794394085672959,0.06059845766170917,0.08465762129636567,0.1101812158651632,0.06342980454771484,0.1392100130389991,0.6157030854188763,0.032469007505773,0.09738244068936885,0.07019105692504199,0.1569795742500485,0.03807078032256859,0.058270303239626633,0.05882312641030555,0.10485322290970753,0.08431596248741506,0.18175420849502527,0.03183370335567675,0.08503568184481049,0.1778422642053065,0.021009638145825536,0.01385345130560754,0.049919992992250355,0.11595946295759213,0.07895900871814476,0.11081722150724754,-0.8161554526348082,0.08560829704567516,0.03370651515663784,0.05938519365860809,-0.4711802984340343,0.02338522174591026,-0.15362045876331856,0.0699748984897834,0.17255304132702273,0.14372840280677296,0.10367589409960495,0.012618594829987369,0.045805105712714386,0.05742157174176102,0.09425865202264756,0.1828719433289372,0.10783063805376028,0.02188133824249244,0.1715800308703765,0.08946077719746874,0.17191369552344182,0.17059097703744713,0.013982436187082175,0.15584858889587228,0.07008373617299102,0.05829170789371379,0.1705493069929431,0.11068122923484747,0.1365739076220063,0.0576269396540258,0.08525067773263724,-0.5241764717069181,0.1806195776781413,0.08453495905340072,0.14258346865238203,0.0816633567820879,0.06416218694990998,0.07996966045208494,0.14409752152913,0.03692624961236553,0.09615907553324866,0.017660633094397093,0.106690097317141,-0.11066426808372769,0.15546114079185433,0.03193455066260999,0.17162781739689958
754,1519073097,0.0922945070703646,0.04909930742417234,0.09204047157186832,0.17709648982978807,0.0848309662891097,0.03161080193851569,0.09257148025804407,0.06086922700159616,0.09459202638518785,0.03340182323610467,0.03474383277639038,0.1394214026009504,0.09146795605908489,0.09377517771654831,0.09207119434534679,0.1443845114528262,0.06741722193677181,0.07848577736618541,0.16019677332550183,0.14544095725047107,0.13973208320434757,0.0907246255994069,-0.08572961197044983,0.1414753140948174,0.08814222708871133,0.1128199030652093,0.08788676620878873,0.11824339521562663,0.09220820825084079,-0.046789227874601616,0.16101367691522303,0.03709555776303261,0.1848878487937839,0.2905331224789917,0.024679639021406168,0.09692107263822364,0.03239292978913174,0.04018330599690097,0.07823261350698058,0.1050890965791336,-0.5567771649665584,0.11311164004013353,0.07388307327066797,0.10467608286883268,-0.042223416015498456,0.06510656939166415,0.07708534981286903,0.07919433355297135,0.13371560604543212,0.23155298551676878,0.0771006140328224,0.1845459750118983,0.11987723617218833,0.03855090874259282,0.11766308401484724,0.18330292355564323,0.08328850899030457,0.18164781326596652,0.0626526910794544,0.08675243808400274,0.11204567883166788,0.06516696787416733,0.14112239651730762,0.6259853012040802,0.035404013431344035,0.09992953991626533,0.07244399527238717,0.15947645187755777,0.04074924363936136,0.05999420232897934,0.06140439499299447,0.10856541220995462,0.08681859119304486,0.1856171795547357,0.033647438872754495,0.08765145912061469,0.18004549901516756,0.024202999445183157,0.015997516252105236,0.052817467108082966,0.11874434535369113,0.08191571089104557,0.11382038298189445,-0.8159127419810498,0.08822150845726097,0.03665909922225995,0.061111315340266384,-0.47116575201210587,0.025508734543717774,-0.15362045876331856,0.07222304097509595,0.1748023899802312,0.14626443179618476,0.10591727002555111,0.014757802380488294,0.04798230671777545,0.05948525813877737,0.09680618315839479,0.1850714741348054,0.10970168432646975,0.02401270478910627,0.17495173182471543,0.0914388749325409,0.17472246198050376,0.1728467825374713,0.016125458025722406,0.1583438435972258,0.07233427385794335,0.061744209171000486,0.1728083526510805,0.1125470780622463,0.13867094459493487,0.0601907677664033,0.087230601979739,-0.5233810256824775,0.18503255852729197,0.08662712763963897,0.14702171962363764,0.08343389803885738,0.06590158637671283,0.08173963087300437,0.14600241197866667,0.03877614802919231,0.09819326014641436,0.01932675511571435,0.10855610228218306,-0.11066426808372769,0.1604478591879463,0.033752281617502294,0.1738774993945762
755,1519073103,0.09578147296052932,0.05084151808202749,0.09451564949092424,0.179906558845494,0.08660332341984255,0.033759217503894455,0.09606075141417683,0.06374869798026725,0.0980350972333207,0.03522007337398908,0.03769277453332339,0.14151127212798223,0.09418943869545562,0.0965662673800464,0.09405059097962955,0.14692942209984386,0.07011201809166258,0.08027735135920039,0.16241448863200866,0.14734634605457123,0.14182975294416067,0.09368936809544942,-0.08572961197044983,0.14339216955234502,0.09012330731025117,0.11462275667939982,0.089868749579574,0.12102442101129997,0.09499637398174415,-0.04530154581665724,0.16350721546226235,0.040037227440820354,0.18764866987250806,0.5127600533964333,0.026808380963422505,0.09946432007632544,0.03421417215746075,0.04286005241707209,0.08019175823846497,0.10882361642058691,-0.5567771649665584,0.11491019877785545,0.07613686573405709,0.1076666979217959,-0.042223416015498456,0.06684489696298329,0.07887557990755169,0.08098310540685276,0.1356081937050431,0.23437304828393116,0.08008765497543056,0.18674536347344958,0.12264729395958897,0.041221857384128154,0.12114834195639775,0.1855091420051388,0.08529578895764584,0.1838562179646371,0.06522048285163594,0.08937095906854907,0.11391014179817256,0.0669041312006198,0.14367224115505234,0.6225578959423456,0.03716501698668665,0.10247663914316178,0.0754479130688474,0.16259754891194436,0.044097322785352326,0.06344200050768474,0.0634694098591456,0.11079272579010288,0.08932121989867466,0.18837644459738603,0.035461174389832234,0.08974408094125803,0.1822487338250286,0.026331906978088238,0.018141581198602933,0.055135446400749064,0.12222544834881488,0.08368973219478607,0.1156222798666826,-0.815718573458043,0.09031207758652962,0.03843064966163321,0.06283743702192468,-0.4711541148745631,0.027632247341525293,-0.15362045876331856,0.07447118346040849,0.17761407579674177,0.1494344680329495,0.10815864595149727,0.01689700993098922,0.05088524139119021,0.06206486613504781,0.09884420806699258,0.1878208876421407,0.1115727305991792,0.026144071335720102,0.17719953246094142,0.09341697266761305,0.1775312284375657,0.17566653941250152,0.018982820477242715,0.16021528462324094,0.07533499077121314,0.06347045980964383,0.1750673983092179,0.11503487649877807,0.1407679815678634,0.0622418302563053,0.08921052622684075,-0.522744668862925,0.18723904895186733,0.08871929622587721,0.14892382718274716,0.08520443929562685,0.06764098580351566,0.08409959143423028,0.1491772293945611,0.04108852105022579,0.10022744475958006,0.02210362515124311,0.11042210724722511,-0.11066426808372769,0.16231787858648078,0.0355700125723946,0.1761271813922528
756,1519073108,0.10136061838479284,0.053164465625834365,0.09798089857760252,0.1838406554674823,0.09014803768130822,0.038056048634651986,0.10164358526398924,0.06720406315467255,0.10354401059033325,0.03764440689116829,0.0400519279388698,0.14464607641852995,0.09696788861822042,0.10214844670704255,0.09751453508962436,0.15074678807037037,0.07550161040144411,0.08386049934523032,0.1662954904183956,0.15179225326413828,0.1449762575538803,0.09665411059149194,-0.08572961197044983,0.14786483228657613,0.09309492764256093,0.11762751270305069,0.09284172463575192,0.12658647260264663,0.10057270544355085,-0.04282207572008327,0.1666241386460615,0.042390563183050546,0.1915138193827219,0.6794302515845145,0.029469308390942927,0.1025162170020476,0.037249576104675754,0.04888273186245711,0.08313047533569154,0.11405194419862155,-0.5567771649665584,0.11730827709481799,0.08064445066083535,0.11364792802772235,-0.042223416015498456,0.06974210958184854,0.082456040096917,0.08396439182998841,0.1387625064710614,0.23720032717895218,0.08367210410656038,0.19114414039655217,0.1288799239812404,0.04789922898796649,0.12811885783949878,0.189370024291756,0.08830670890865772,0.18882512853664596,0.06830183297825378,0.09303688844691393,0.11763906773118192,0.07037845785352477,0.14749700811166938,0.6225578959423456,0.03951302172714348,0.10604257806081684,0.07995378976353776,0.16571864594633093,0.05012386524813606,0.06631516565660592,0.06708318587491009,0.1152473529503994,0.09232437434543041,0.1916875626485664,0.03727490990690997,0.0934061691273839,0.18720601214721594,0.02899304139421959,0.02314439940709756,0.057453425693415154,0.12849143374003763,0.08664643436768688,0.1186254413413295,-0.815427320673533,0.0934479312804326,0.04197375054037973,0.06628968038524129,-0.471136659168249,0.029755760139332812,-0.15362045876331856,0.07896746843103357,0.18211277310315868,0.15323851151706716,0.1126413978033896,0.023314632582491994,0.05523964340131234,0.06516039573057233,0.10241075165703871,0.19221994925387711,0.11656218732640443,0.02934112115564085,0.18169513373339335,0.09687864370398933,0.1820252547688648,0.17961419903754383,0.023983204767403257,0.1645819803506096,0.07983606614111781,0.06692296108693052,0.17958548962549267,0.11876657415357572,0.1439135370272562,0.06531842399115831,0.09267539365926881,-0.5214719552238201,0.19054878458873034,0.09238059125179414,0.15272804230096626,0.08756516097131949,0.06996018503925279,0.08704954213576267,0.15298701029363443,0.04478831788387936,0.10327872167932861,0.025435869193877622,0.11539812048733725,-0.11066426808372769,0.16543457758403826,0.03738774352728691,0.18118896588702518
757,1519073114,0.10415019109692461,0.05664888694154467,0.1014461476642808,0.18608871068004704,0.09310196623252961,0.04020446420003075,0.10583071065134854,0.07008353413334363,0.10698708143846608,0.040674823787642304,0.043000869695802815,0.14725841332731973,0.0994589126869061,0.10563730878641515,0.10048363004104849,0.15265547105563362,0.07819640655633489,0.08684645600025528,0.16851320572490242,0.1556030308723386,0.14812276216359993,0.09961885308753446,-0.08572961197044983,0.14978168774410375,0.09705708808564059,0.11943036631724122,0.09680569137732248,0.12936749839831999,0.1054519954726317,-0.0408384996428241,0.168494292556341,0.04533223286083829,0.19372247624570124,0.6238735188551541,0.032130235818463346,0.10556811392776976,0.04089206084133377,0.052897851492713796,0.08606919243291812,0.11629265610349354,-0.5567771649665584,0.11970635541178054,0.08364950727868752,0.11738619684392639,-0.042223416015498456,0.07379820724825986,0.08663324365117651,0.08634942096849695,0.1406550941306724,0.2400023496264679,0.08606173686064691,0.1938933759734913,0.13234249621549118,0.05123791478988565,0.1323011673693594,0.19157624274125157,0.09181944885150492,0.19103353323531658,0.07138318310487163,0.09617911362836953,0.12012501835318815,0.07327373006427891,0.1494093915899779,0.619130490680611,0.04244802765271451,0.10960851697847188,0.08220672811088293,0.16759130416696288,0.05280232856492883,0.06861369777574285,0.0701807081741368,0.11895954225064649,0.09532752879218617,0.19389497468268665,0.04090238094106546,0.09654510185834894,0.18996005565954224,0.03218640269357721,0.027432529300092955,0.060350899809247766,0.1312763161361366,0.08960313654058767,0.12162860281597641,-0.8151846100197745,0.09658378497433558,0.04492633460600184,0.06916654985467179,-0.4711133848931635,0.03347190753549597,-0.15362045876331856,0.08421313423009617,0.18436212175636713,0.15514053325912602,0.11488277372933575,0.026166909316493226,0.05886831174308079,0.06825592532609687,0.10546778901993538,0.19441948005974533,0.11843323359911388,0.03307101261221505,0.1839429343696193,0.10034031474036559,0.18427226793451434,0.181870004537568,0.02612622660604349,0.16645342137662475,0.08433714151102249,0.06922462860512166,0.18184453528363007,0.12063242298097455,0.1465348332434169,0.06839501772601131,0.09614026109169689,-0.5208355984042675,0.19275527501330567,0.09656492842427064,0.1546301498600758,0.09110624348485843,0.07401878370179275,0.08940950269698858,0.15489190074317108,0.04663821630070615,0.10683854475236859,0.02710199121519488,0.11850812876240734,-0.11066426808372769,0.16730459698257275,0.039811384800476655,0.1845634888835401
758,1519073120,0.10763715698708931,0.05839109759939983,0.10342628999952554,0.18833676589261175,0.09487432336326246,0.043785156808995356,0.10862212757625475,0.07181121672054629,0.11043015228659893,0.04249307392552671,0.04477023474996262,0.15039321761786745,0.10211048092633866,0.10912617086578777,0.10246302667533125,0.15456415404089688,0.08156490174994835,0.08863802999327025,0.17073092103140924,0.15750841967643878,0.15022043190341303,0.10159534808489613,-0.08572961197044983,0.15169854320163137,0.09903816830718043,0.12243512234089209,0.09928317059080408,0.13353903709183,0.10824016120353507,-0.03835902954625013,0.17036444646662047,0.04709723466751094,0.1964832973244254,0.6794302515845145,0.035323348731487854,0.10811136136587156,0.04332038399910577,0.05557459791288492,0.08900790953014469,0.11928027197665618,-0.5567771649665584,0.12330347288722435,0.0866545638965397,0.11962915813364881,-0.042223416015498456,0.07611597734335206,0.08902021711075339,0.08873445010700547,0.14254768179028338,0.2428195259424868,0.08785396142621182,0.19664261155043042,0.13511255400289182,0.053908863431420984,0.1350893737225998,0.1937824611907471,0.09382672881884618,0.19324193793398717,0.07343741652261686,0.0982739304160066,0.12323245663069594,0.0750108933907314,0.15132177506828645,0.6122756801571416,0.04420903120805713,0.11164619635998904,0.08521064590734317,0.17071240120134945,0.056150407710919795,0.07033759686509555,0.07224572304028794,0.12118685583079475,0.09783015749781597,0.1961023867168069,0.043925273469528354,0.0986377236789923,0.19216329046940328,0.03431531022648229,0.02957659424659065,0.06266887910191386,0.13475741913126035,0.09137715784432816,0.12343049970076457,-0.8148933572352645,0.0991969963859214,0.0466978850453751,0.07089267153633008,-0.47110174775562075,0.03665717673220724,-0.15362045876331856,0.08646127671540871,0.18717380757287772,0.15831056949589076,0.11936552558122807,0.028306116866994153,0.06177124641649555,0.07031961172311323,0.10750581392853317,0.19661901086561354,0.12030427987182335,0.03573522079548234,0.1861907350058453,0.10231841247543774,0.18764278768298867,0.18412581003759218,0.029697929670443875,0.1683248624026399,0.08658767919597482,0.070950879243765,0.18410358094176746,0.12249827180837339,0.14915612945957757,0.07044608021591331,0.09812018533879864,-0.5201992415847151,0.19551338804402485,0.09918013915706846,0.15653225741918536,0.09287678474162792,0.0757581831285956,0.09176946325821449,0.15743175467588663,0.048488114717532935,0.1088727293655343,0.028768113236512138,0.12037413372744939,-0.11066426808372769,0.16917461638110726,0.04344684671026127,0.1868131708812167
759,1519073125,0.11112412287725403,0.060714045143206705,0.10590146791858145,0.1911468349083177,0.09782825191448385,0.048081987939752886,0.11141354450116095,0.07411479350348316,0.1131846089651052,0.04612957420129553,0.04653959980412243,0.15300555452665723,0.10485526836168879,0.11261503294516037,0.10543212162675539,0.15647283702616013,0.08628079502100719,0.09102679531729022,0.17405749399116946,0.15941380848053893,0.15336693651313266,0.10357184308225782,-0.08572961197044983,0.153615398659159,0.10101924852872027,0.12543987836454296,0.10126515396158935,0.13701531933642164,0.11102832693443841,-0.036871347488305756,0.17410475428717945,0.048862236474183585,0.1997962826188944,0.2349763897496313,0.038516461644512355,0.11065460880397336,0.04635578794632078,0.05825134433305604,0.09096705426162907,0.1230147918181095,-0.5567771649665584,0.12570155120418688,0.09041088466885491,0.12187211942337123,-0.042223416015498456,0.0778543049146712,0.09081044720543605,0.091119479245514,0.14570199455630167,0.24566123709322513,0.08964618599177673,0.19939184712736954,0.13857512623714263,0.056579812072956315,0.13787758007584022,0.1976433434773643,0.09633582877802276,0.19600244380732543,0.07549164994036209,0.10036874720364367,0.12571840725270217,0.07674805671718388,0.15387161970603114,0.44433282233214333,0.04655703594851395,0.11419329558688551,0.08896554315291846,0.17320927882885873,0.05949848685691076,0.07206149595444825,0.07431073790643906,0.12489904513104184,0.10033278620344577,0.19996535777651736,0.04694816599799126,0.10125350095479649,0.19436652527926432,0.03804089840906619,0.03172065919308835,0.06556635321774648,0.1382385221263841,0.0937425195826488,0.12643366117541147,-0.8146021044507544,0.10181020779750721,0.048469435484748365,0.07376954100576058,-0.471090110618078,0.039842445928918516,-0.15362045876331856,0.08870941920072126,0.18942315622608616,0.1602125912379496,0.12235402681582296,0.030445324417495076,0.06394844742155661,0.07289921971938366,0.1100533450642804,0.1993684243729488,0.12342269032633911,0.03893227061540309,0.18900048580112774,0.10479103464427794,0.1898898008486382,0.18750951828762843,0.03255529212196418,0.17206774445467019,0.08883821688092716,0.07382796364150392,0.1869273880144392,0.1256080198540381,0.1523016849189704,0.07300990832829081,0.10010010958590039,-0.5190856171504983,0.1993747462870317,0.1012723077433067,0.15906840083133142,0.09523750641732055,0.07749758255539843,0.09471941395974688,0.1593366451254233,0.050800487738566415,0.11141546013199143,0.031544983272040895,0.12224013869249144,-0.11066426808372769,0.17291465517817622,0.04647639830174845,0.18906285287889332
760,1519073131,0.11461108876741873,0.06245625580106186,0.10788161025382617,0.19339489012088243,0.10019139475546097,0.05094654202692458,0.11490281565729371,0.0758424760906858,0.11593906564361148,0.04673565758059033,0.04948854156105544,0.15509542405368906,0.10747835295792434,0.11540612260865846,0.10741151826103813,0.1583815200114234,0.08964929021462066,0.09281836931030518,0.1762752092976763,0.1613191972846391,0.15546460625294573,0.1055483380796195,-0.08572961197044983,0.1555322541166866,0.1030003287502601,0.12784368318346365,0.10324713733237463,0.139796345132095,0.11381649266534176,-0.03439187739173179,0.1753515235606991,0.050627238280856225,0.20090061105038406,0.901657182501956,0.03958083261552053,0.11319785624207516,0.04696286873576378,0.06092809075322716,0.09341598517598455,0.1252555037229815,-0.5567771649665584,0.1275001099419088,0.09266467713224404,0.12411508071309364,-0.042223416015498456,0.07959263248599034,0.0926006773001187,0.09290825109939539,0.14759458221591265,0.24846614599188432,0.09143841055734163,0.20159123558892084,0.14203769847139341,0.059250760714491646,0.14066578642908062,0.19874645270211208,0.09834310874536402,0.19821084850599605,0.07754588335810732,0.10246356399128073,0.12758287021920686,0.07848522004363637,0.15705892550321202,0.6362675169892843,0.048318039503856575,0.11674039481378197,0.0919694609493787,0.17445771764261336,0.06217695017370353,0.07378539504380095,0.0763757527725902,0.1271263587111901,0.1023348891679496,0.20106906379357747,0.04755274450368384,0.10334612277543985,0.19656976008912536,0.03910535217551873,0.03386472413958604,0.06730483768724604,0.1410234045224831,0.09610788132096945,0.12823555806019962,-0.8144079359277476,0.10390077692677586,0.05024098592412162,0.07549566268741888,-0.47107556419614954,0.04090420232782228,-0.15362045876331856,0.09095756168603379,0.19167250487929463,0.16211461298000843,0.12459540274176911,0.032584531967996,0.06612564842661768,0.0754788277156541,0.11260087620002764,0.201567955178817,0.12529373659904858,0.039997953888710004,0.1912482864373537,0.1067691323793501,0.19213681401428778,0.19032927516265866,0.03469831396060442,0.17269155813000855,0.09183893379419694,0.07555421428014726,0.18918643367257662,0.12747386868143692,0.1549229811351311,0.07506097081819281,0.10208003383300214,-0.5184492603309457,0.20047799149931936,0.10336447632954494,0.16097050839044094,0.09700804767409002,0.07923698198220128,0.09766936466127926,0.16124153557495996,0.053112860759599895,0.11344964474515712,0.033211105293358155,0.12410614365753349,-0.11066426808372769,0.1741613347771992,0.047082308620045886,0.19131253487656993
761,1519073136,0.11740066147955049,0.06419846645891701,0.1103567881728821,0.19620495913658836,0.10196375188619382,0.05309495759230334,0.11769423258219991,0.0787219470693569,0.11869352232211774,0.04915999109776954,0.051257906615215246,0.15718529358072086,0.10973373961470731,0.11819721227215653,0.10988576405389158,0.16156265832019548,0.09234408636951143,0.09460994330332016,0.17849292460418312,0.16385971569010596,0.15756227599275882,0.1080189568263216,-0.08572961197044983,0.15872701321256596,0.10498140897179994,0.12964653679765417,0.1052291207031599,0.14257737092776832,0.1166046583962451,-0.032904195333787405,0.17722167747097858,0.052980574023086424,0.2031092679133634,0.6794302515845145,0.041709574557536856,0.11523245419255661,0.04999827268297879,0.06427402377844106,0.09537512990746894,0.12749621562785346,-0.5567771649665584,0.12929866867963072,0.09491846959563317,0.12785334952929767,-0.042223416015498456,0.08133096005730948,0.09439090739480135,0.09529328023790393,0.14948716987552363,0.25125517940925446,0.09323063512290654,0.20379062405047213,0.14550027070564422,0.061921709356026984,0.14415104437063114,0.20150422576398153,0.10035038871270528,0.20097135437933428,0.08011367513028886,0.1045583807789178,0.12944733318571153,0.0813804922543905,0.15897130898152054,0.6294127064658149,0.05007904305919919,0.11877807419529914,0.09422239929672388,0.17633037586324532,0.06552502931969449,0.07665856019272213,0.07895702135527913,0.13083854801143718,0.10433699213245344,0.20327647582769773,0.04997105852645416,0.10543874459608321,0.19932380360145166,0.041766486591650075,0.03672347740158297,0.06904332215674562,0.1438082869185821,0.09906458349387026,0.13003745494498778,-0.8139225146202308,0.10651398833836168,0.052603053176619306,0.07722178436907717,-0.4710639270586068,0.043558593325081676,-0.15362045876331856,0.09320570417134634,0.19392185353250307,0.16465064196942023,0.12683677866771528,0.03472373951849693,0.06830284943167875,0.07754251411267045,0.11514840733577486,0.20431736868615227,0.1277884649626612,0.04266216207197729,0.19349608707357968,0.10874723011442225,0.19494558047134972,0.19258508066268284,0.037555676412124726,0.1751868128313621,0.09408947147914928,0.07785588179833838,0.19201024074524836,0.13058361672710164,0.15702001810805963,0.07711203330809482,0.10455493914187933,-0.5178129035113933,0.20323610453003854,0.10545664491578319,0.1628726159495505,0.0987785889308595,0.08097638140900412,0.0994393350821987,0.16314642602449664,0.05820008140587355,0.11548382935832283,0.038209471357309926,0.12659415027758955,-0.11066426808372769,0.1766546939752452,0.048900039574938194,0.1941246373736657
762,1519073142,0.12019023419168226,0.0671021508886756,0.11233693050812682,0.19901502815229427,0.10373610901692665,0.05524337315768211,0.12048564950710612,0.08044962965655954,0.12144797900062403,0.05279649137353836,0.053027271669375056,0.1592751631077527,0.11228690981400469,0.12098830193565462,0.11186516068817433,0.16474379662896757,0.0950388825244022,0.09640151729633513,0.18071063991068995,0.16703536369693958,0.1596599457325719,0.11048957557302369,-0.08572961197044983,0.1606438686700936,0.10745775924872474,0.1314493904118447,0.10721110407394518,0.14535839672344167,0.12008986555987429,-0.03141651327584303,0.1797152160180179,0.055333909765316616,0.2064222532078324,0.3460898552083521,0.044902687470561364,0.11726705214303804,0.053033676630193795,0.06695077019861219,0.09733427463895332,0.12973692753272545,-0.5567771649665584,0.1310972274173526,0.0971722620590223,0.1300963108190201,-0.042223416015498456,0.08306928762862863,0.09677788085437823,0.09708205209178532,0.1513797575351346,0.25408606636820485,0.0962176760655147,0.20653985962741125,0.14827032849304486,0.06526039515794614,0.14693925072387154,0.20481355343822485,0.10285948867188185,0.20373186025267254,0.0826814669024704,0.10717690176346413,0.13193328380771777,0.08369671002299381,0.1608836924598291,0.5505823854459178,0.05360105016988443,0.12081575357681631,0.09647533764406906,0.17882725349075457,0.06820349263648727,0.07895709231185906,0.08102203622143025,0.13306586159158545,0.10683962083808324,0.20658759387887812,0.052993951054917054,0.10753136641672656,0.20207784711377796,0.04549207477423397,0.038867542348080666,0.0713613014494117,0.1465931693146811,0.10083860479761074,0.1318393518297759,-0.8137283460972241,0.10860455746763033,0.05437460361599257,0.07894790605073547,-0.47105228992106407,0.04674386252179295,-0.15362045876331856,0.0962032274850964,0.19617120218571155,0.16655266371147906,0.12907815459366143,0.03828908543599847,0.07048005043673981,0.07960620050968681,0.11718643224437264,0.20651689949202048,0.13028319332627378,0.04585921189189804,0.19630583786886213,0.1107253278494944,0.19719259363699926,0.194840886162707,0.039698698250764955,0.17768206753271562,0.09634000916410163,0.07958213243698173,0.19426928640338575,0.13244946555450046,0.15911705508098817,0.08018862704294782,0.10702984445075653,-0.5171765466918409,0.20654584016690156,0.108071855648581,0.16540875936169655,0.1029098518633216,0.08387538045367553,0.10120930550311813,0.1650513164740333,0.060049979822700335,0.1190436524313628,0.039875593378627186,0.12908215689764563,-0.11066426808372769,0.17914805317329116,0.05192959116642537,0.19749916037018062
763,1519073148,0.12576937961594578,0.07116730909033764,0.11629721517861628,0.20294912477428256,0.10728082327839233,0.06025634281023256,0.12606848335691853,0.08390499483096485,0.12764550652726314,0.055826908270012375,0.05774557848046788,0.16397736954357428,0.11500839245037542,0.12657048126265077,0.11582395395673985,0.16792493493773966,0.10110217387290643,0.10058185661337006,0.18459164169707687,0.1708461413051399,0.16333086777724481,0.11493668931708748,-0.08572961197044983,0.1657554832235006,0.11191518974718936,0.1356560488449559,0.11216606250090837,0.15161570476370667,0.12636323845440683,-0.027945255140639474,0.18283213920181704,0.06004058124977701,0.21028740271804622,0.2349763897496313,0.04916017135459404,0.12184489753162128,0.0554619997879658,0.07230426303895443,0.10174235028479318,0.13421835134246943,-0.5567771649665584,0.1358933840512777,0.10167984698580056,0.13458223339846495,-0.042223416015498456,0.08828427034258605,0.10155182777353197,0.10065959579954811,0.15516493285435656,0.25691262365044,0.10039953338516616,0.21148848366590167,0.15381044406784614,0.07127002960140065,0.15251566343035236,0.20812288111246818,0.10737586859839969,0.20814866965001375,0.08730349209239717,0.11189023953564753,0.13628369739622867,0.0877500911180496,0.16598338173531849,0.49574390125816326,0.057710058465683875,0.12489111233985065,0.10098121433875941,0.1831967893388958,0.07423003509927101,0.0829795235203487,0.08515206595373254,0.13752048875188197,0.11084382676709091,0.21045056493858855,0.05662142208907254,0.1122397655131741,0.20648431673350007,0.04868543607359159,0.04315567224107606,0.07483827038841084,0.1521629341068791,0.10438664740509171,0.13544314559935222,-0.813291466920459,0.11278569572616763,0.0579177044947391,0.08297552330793817,-0.47102610636159287,0.05046000991795611,-0.15362045876331856,0.10144889328415899,0.20179457381873267,0.1709907144429497,0.13430803175420247,0.04328056972050063,0.07628591978356933,0.0842494949029736,0.12126248206156821,0.2109159611037569,0.1340252858716927,0.04905626171181878,0.20136338930037057,0.11517604775340676,0.20224837325971073,0.19991644853776142,0.0446990825409255,0.18080113590940752,0.1008410845340063,0.08303463371426843,0.1993521391341949,0.13618116320929813,0.16331112902684525,0.08480351764522732,0.11148467400673547,-0.5159038330527359,0.20985557580376454,0.11277923496761706,0.16984701033295216,0.10645093437686055,0.08793397911621549,0.10533923648526347,0.17076598782264327,0.0637497766563539,0.1231120216576942,0.0432078374212617,0.13281416682772973,-0.11066426808372769,0.18226475217084864,0.056170963394507424,0.2019985243655338
764,1519073153,0.12855895232807754,0.07232878286224108,0.11728728634623865,0.2051971799868473,0.10964396611936945,0.06383703541919716,0.1295577545130513,0.08448088902669906,0.1303999632057694,0.05643299164930717,0.05833536683185448,0.16554477168884815,0.117659960689808,0.12936157092614886,0.1173085014324519,0.16983361792300292,0.10447066906651989,0.10177623927538004,0.1879182146568371,0.17275153010924008,0.16490412008210462,0.11592493681576832,-0.08572961197044983,0.16767233868102818,0.11290572985795928,0.13745890245914644,0.11365255002899732,0.15439673055938,0.12915140418531018,-0.026457573082695095,0.18470229311209654,0.06062891518533455,0.21249605958102555,0.9572139152313165,0.0502245423256022,0.122862196506862,0.05667616136685181,0.07498100945912554,0.10321170883340648,0.13645906324734142,-0.5567771649665584,0.13709242320975898,0.10393363944918968,0.13757284845142817,-0.042223416015498456,0.0900225979139052,0.1021485711384262,0.10304462493805665,0.15895010817357855,0.2597218622258144,0.10159434976220943,0.21368787212745297,0.15727301630209692,0.07394097824293598,0.15600092137190288,0.21088065417433763,0.10837950858207032,0.21035707434868436,0.08833060880126979,0.11293764792946606,0.13814816036273336,0.08890820000235126,0.167895765213627,0.6465497327744882,0.0594710620210265,0.1269287917213678,0.10323415268610459,0.18506944755952776,0.07690849841606377,0.08355415655013293,0.08670082710334588,0.14049024019207965,0.11234540399046879,0.2126579769727088,0.05722600059476512,0.1132860764234958,0.2086875515433611,0.04974988984004413,0.04529973718757376,0.07657675485791042,0.1549478165029781,0.10497798783967187,0.13664441018921097,-0.8131458405282039,0.11435362257311912,0.06027977174723678,0.08470164498959647,-0.4710173785084358,0.05152176631685987,-0.15362045876331856,0.10369703576947154,0.20404392247194114,0.17416075067971443,0.13654940768014864,0.04541977727100155,0.0784631207886304,0.08528133810148178,0.1222814945158671,0.21311549190962512,0.13589633214440217,0.0501219449851257,0.20361118993659655,0.11665962105471087,0.2050571397167727,0.20217225403778558,0.04684210437956573,0.18392020428609943,0.10384180144727607,0.08476088435291178,0.20161118479233228,0.13804701203669695,0.16488390675654166,0.08634181451265383,0.11247463613028634,-0.5151083870282953,0.21261368883448373,0.11382531926073619,0.1717491178920617,0.10763129521470688,0.08909357873408405,0.10592922662556994,0.17267087827217995,0.0655996750731807,0.12412911396427706,0.04487395944257895,0.13468017179277178,-0.11066426808372769,0.18538145116840613,0.05677687371280486,0.20424820636321042
765,1519073159,0.13134852504020933,0.07465173040604794,0.12025749984910575,0.20744523519941205,0.11259789467059085,0.06598545098457594,0.13304702566918405,0.08736036000537015,0.13453164822352884,0.059463408545781186,0.061874096940174095,0.16815710859763794,0.12015098475849367,0.13285043300552146,0.12077244554244673,0.17174230090826617,0.10716546522141066,0.10535938726140999,0.19013592996334394,0.17465691891334023,0.16805062469182425,0.11888967931181084,-0.08572961197044983,0.1695891941385558,0.11587735019026904,0.13926175607333696,0.11712102092787156,0.15787301280397167,0.13193956991621353,-0.02397810298612113,0.18906598556941534,0.0635705848631223,0.21470471644400488,0.8461004497725957,0.05341765523862671,0.12591409343258417,0.059104484524623815,0.07765775587929667,0.10615042593063305,0.13944667912050407,-0.5567771649665584,0.13949050152672152,0.1076899602215049,0.1398158097411506,-0.042223416015498456,0.09291981053277043,0.10513228796289728,0.1060259113611923,0.16084269583318953,0.26253254402676046,0.10398398251629597,0.21588726058900426,0.16004307408949756,0.07661192688447131,0.15878912772514328,0.21308687262383316,0.11139042853308222,0.21256547904735495,0.09141195892788763,0.11607987311092166,0.14001262332923803,0.09122441777095457,0.16980814869193553,0.6431223275127536,0.062406067946597525,0.12998531079364356,0.10548709103344976,0.18694210578015968,0.07958696173285655,0.08642732169905411,0.09031460311911037,0.14271755377222792,0.1158490841783505,0.2159690950238892,0.0608534716289206,0.11694816460962167,0.21089078635322214,0.05294325113940175,0.047443802134071456,0.08005372379690956,0.15842891949810184,0.10852603044715284,0.13964757166385788,-0.8129031298744456,0.11801211854933927,0.06323235581285888,0.08700314056514087,-0.47099992280212166,0.05523791371302302,-0.15362045876331856,0.10594517825478407,0.20629327112514959,0.17606277242177326,0.13953790891474352,0.047558984821502476,0.08209178913039884,0.08889278929626039,0.12584803810591325,0.21531502271549333,0.13776737841711162,0.05331899480504644,0.2069828908909355,0.1196267676573191,0.20730415288242224,0.20442805953780976,0.048985126218205964,0.18579164531211456,0.10684251836054587,0.08821338563019847,0.20387023045046967,0.1399128608640958,0.16750520297270236,0.08941840824750683,0.11544452250093896,-0.5144720302087428,0.21592342447134674,0.11696357214009355,0.17555333301028078,0.11058219730932267,0.09141277796982117,0.10887917732710234,0.1745757687217166,0.06744957349000748,0.12768893703731704,0.04654008146389621,0.13654617675781383,-0.11066426808372769,0.1884981501659636,0.05980642530429204,0.20649788836088703
766,1519073164,0.13483549093037403,0.0763939410639031,0.12322771335197286,0.21025530421511798,0.11437025180132368,0.0681338665499547,0.13723415105654335,0.09081572517977544,0.1372861049020351,0.0612816586836656,0.0642332503457205,0.17024697812466974,0.12163472362684803,0.13633929508489406,0.12275184217672948,0.17428721155528384,0.10986026137630142,0.10774815258542995,0.19235364526985077,0.17783256692017382,0.17014829443163734,0.12185442180785336,-0.08572961197044983,0.17150604959608343,0.11835370046719383,0.1410646096875275,0.11910300429865685,0.160654038599645,0.13472773564711688,-0.02249042092817675,0.19093613947969482,0.06592392060535249,0.2185698659542187,0.012749458832189704,0.05607858266614713,0.12845734087068597,0.06213988847183882,0.08100368890451057,0.10810957066211743,0.14168739102537606,-0.5567771649665584,0.14128906026444343,0.10994375268489402,0.14280642479411382,2.0492055607241295,0.09465813810408957,0.10692251805757993,0.10841094049970083,0.1627352834928005,0.26525951874454623,0.10816583983594741,0.21863649616594336,0.1628131318768982,0.07928287552600664,0.1622743856666938,0.21529309107332872,0.11339770850042348,0.21532598492069321,0.09397975070006917,0.11974580248928653,0.14249857395124427,0.09296158109740706,0.1736329156485526,0.6225578959423456,0.06416707150194015,0.13202299017516075,0.10924198827902505,0.1906874222214236,0.08293504087884751,0.08987511987775951,0.09237961798526151,0.14494486735237616,0.11785118714285434,0.2187283600665395,0.06266720714599834,0.11956394188542585,0.21364482986554845,0.05507215867230683,0.050302555396068385,0.08179220826640912,0.16121380189420084,0.11030005175089333,0.14144946854864604,-0.8126118770899354,0.12010268767860792,0.06500390625223215,0.09045538392845746,-0.4709882856645789,0.05736142651083054,-0.11931896773952232,0.10819332074009662,0.20910495694166017,0.17796479416383212,0.1417792848406897,0.0496981923720034,0.08426899013545991,0.09147239729253083,0.12788606301451103,0.2180644362228286,0.1408857888716274,0.05651604462496719,0.20979264168621795,0.12259391425992733,0.20955116604807178,0.20837571916285208,0.05255682928260635,0.1876630863381297,0.11134359373045054,0.08993963626884181,0.20612927610860707,0.14240065930062756,0.1696022399456309,0.09146947073740884,0.11742444674804073,-0.5136765841843022,0.21812991489592207,0.11905574072633181,0.17808947642242684,0.11235273856609214,0.0937319772055583,0.11123913788832825,0.17711562265443215,0.06976194651104095,0.12972312165048275,0.04876157749231922,0.1396561850328839,-0.11066426808372769,0.1903681695644981,0.06162415625918435,0.2093099908579828
767,1519073170,0.1362302772864399,0.07987836237961342,0.12570289127102877,0.21194134562454153,0.12441360887547644,0.074579113246091,0.13862985951899645,0.10118182070299135,0.14554947493755394,0.07340332626956166,0.07425965231929274,0.17285931503345953,0.12430441782104235,0.13773483991664312,0.12473123881101224,0.1793770328493192,0.11794464984097373,0.11790040521251478,0.19401693174973086,0.18227847412974088,0.1727703816064037,0.12383091680521503,-0.08572961197044983,0.1772566159686663,0.12033478068873367,0.1518817313726706,0.12108498766944212,0.1627398079464,0.13681885994529439,-0.014556116619140058,0.19592321657377346,0.07710226538094592,0.22077852281719806,0.2349763897496313,0.059271695579171634,0.13100058830878777,0.07367442347125586,0.0836804353246817,0.11006871539360182,0.1469157188034107,-0.5567771649665584,0.15148089311153423,0.1129488093027462,0.14729234737355865,2.0492055607241295,0.10450866100823139,0.11766389862567586,0.11854731433836208,0.16715132136522612,0.2652804455153363,0.11891918722933685,0.22028603751210685,0.16489067521744866,0.08195382416754197,0.1650625920199342,0.21805086413519814,0.117412268435106,0.2175343896193638,0.09706110082668702,0.12236432347383286,0.14622749988425363,0.10396361549827278,0.17809514376460583,0.17699521191683998,0.07414609164888165,0.13406066955667792,0.11149492662637023,0.19568117747644212,0.0842742725372439,0.09964388138409148,0.09496088656795043,0.14791461879257384,0.12185539307186201,0.22093577210065976,0.07354962024846479,0.12165656370606921,0.21529725597294422,0.058797746854890726,0.05530537360456301,0.08468968238224174,0.1646949048893246,0.12035283913875608,0.15226084985737492,-0.6129095511775213,0.12271589909019373,0.07563320888847172,0.10023674012452116,-0.47096210210510775,0.060546695707541814,-0.11931896773952232,0.11194022488228418,0.21022963126826438,0.1830368521426557,0.14476778607528457,0.05397660747300525,0.09152632681899679,0.09353608368954719,0.1299240879231088,0.2191642016257627,0.14400419932614317,0.05971309444488793,0.21091654200433094,0.12457201199499948,0.21123642592230896,0.2100675732878702,0.05469985112124658,0.19327740941617513,0.11359413141540288,0.09972172322115411,0.20838832176674446,0.14488845773715933,0.17222353616179156,0.09403329884978634,0.11989935205691792,-0.5117675137256448,0.22088802792664125,0.12167095145912961,0.18252772739368245,0.12238580568778584,0.10358857395744106,0.12185896041384484,0.18156036703668435,0.08594855765827532,0.13175730626364845,0.062090553662857276,0.14214419165293998,3.145238479542147,0.19597822776010154,0.07313645230683563,0.2104348318568211
768,1519073176,0.1397172431766046,0.08045909926556513,0.12966317594151824,0.21418940083710628,0.1279583231369421,0.07601139028967684,0.14281698490635575,0.10463718587739666,0.14692670327680707,0.07703982654533047,0.07897795913038556,0.17808398885103907,0.12695857548258374,0.14122370199601572,0.12918488123814845,0.18128571583458244,0.11861834887969643,0.12148355319854473,0.1962346470562377,0.18545412213657447,0.17749013852098314,0.1277839067999384,-0.08572961197044983,0.17917347142619391,0.12528748124258327,0.15608838980578182,0.12603994609640531,0.16691134663991,0.1410011085416494,-0.010093070445306919,0.19841675512081278,0.08122060292984876,0.22353934389592223,-0.7650447993788558,0.06459355043421247,0.135578433697371,0.07792398899735686,0.08635718174485281,0.11496657722231278,0.14990333467657335,-0.5567771649665584,0.15687656932469995,0.11670513007506142,0.14953530866328107,2.0492055607241295,0.10914420119841577,0.1224378455448296,0.12212485804612487,0.16967477157804076,0.26528116712812216,0.12250363636046666,0.22358512020443377,0.1690457618985496,0.0846247728090773,0.16785079837317463,0.2208086371970676,0.11791408842694132,0.22029489549270206,0.10168312601661379,0.126553957049107,0.1493349381617614,0.10743794215117775,0.18064498840235052,-0.3850992510076441,0.07884210112979531,0.13813602831971225,0.11524982387194553,0.1988022745108287,0.08762235168323486,0.10309167956279688,0.0990909163002527,0.15236924595287035,0.12185539307186201,0.22314318413478001,0.07959540530539058,0.12584180734735592,0.21915291689020105,0.06358778880392715,0.05744943855106071,0.08468968238224174,0.16817600788444834,0.12449222218081721,0.1564652759218806,-0.4124790933038319,0.12689703734873103,0.07917630976721825,0.10368898348783775,-0.47095628353633634,0.06638635590151248,-0.11931896773952232,0.11643650985290926,0.2136036542480771,0.1855728811320675,0.1499976632358256,0.056828884207006485,0.09370352782405786,0.09869529968208807,0.13450964396745382,0.22136373243163093,0.14712260978065891,0.06450866917476905,0.21316434264055692,0.1285282074651438,0.2140451923793709,0.21232337878789437,0.058271554185646966,0.19577266411752864,0.11809520678530755,0.10374964137798859,0.21064736742488185,0.14675430656455815,0.1769418693508808,0.09916095507454134,0.12435418161289685,-0.5117675137256448,0.2230945183512166,0.12637833077816568,0.184429834952792,0.12651706862024795,0.1088067722378496,0.12598889139599018,0.18537014793575768,0.08641103226248201,0.13633422164327128,0.06264592766996302,0.1464982032380381,5.070261271934087,0.19784824715863603,0.07858964517151255,0.21324693435391687
769,1519073181,0.14041463635463755,0.08045909926556513,0.12966317594151824,0.21418940083710628,0.1279583231369421,0.07601139028967684,0.14281698490635575,0.10463718587739666,0.14692670327680707,0.07703982654533047,0.07897795913038556,0.17860645623279703,0.1291103852550139,0.14122370199601572,0.12918488123814845,0.18128571583458244,0.11861834887969643,0.12148355319854473,0.1967890758828644,0.18545412213657447,0.17749013852098314,0.1277839067999384,-0.08572961197044983,0.17917347142619391,0.12528748124258327,0.156689341010512,0.12603994609640531,0.16691134663991,0.1410011085416494,-0.010093070445306919,0.19841675512081278,0.08122060292984876,0.22353934389592223,0.2349763897496313,0.06459355043421247,0.135578433697371,0.07792398899735686,0.08635718174485281,0.11496657722231278,0.14990333467657335,-0.5567771649665584,0.15807560848318122,0.11670513007506142,0.14953530866328107,2.0492055607241295,0.10914420119841577,0.1224378455448296,0.12331737261537913,0.16967477157804076,0.26528116712812216,0.12250363636046666,0.22358512020443377,0.1690457618985496,0.0846247728090773,0.16785079837317463,0.22136019180944147,0.11791408842694132,0.22029489549270206,0.10168312601661379,0.126553957049107,0.1493349381617614,0.10743794215117775,0.18064498840235052,-0.47078438255101057,0.07884210112979531,0.13813602831971225,0.11600080332106058,0.1988022745108287,0.08762235168323486,0.10309167956279688,0.0990909163002527,0.15236924595287035,0.12185539307186201,0.22314318413478001,0.07959540530539058,0.12584180734735592,0.21915291689020105,0.06358778880392715,0.05744943855106071,0.08468968238224174,0.16817600788444834,0.12449222218081721,0.1564652759218806,-0.2546200840993665,0.1274196796310482,0.07917630976721825,0.10426435738172386,-0.47095628353633634,0.06638635590151248,-0.11931896773952232,0.11643650985290926,0.2136036542480771,0.1855728811320675,0.1499976632358256,0.056828884207006485,0.09370352782405786,0.09869529968208807,0.13450964396745382,0.22136373243163093,0.14712260978065891,0.06450866917476905,0.21316434264055692,0.12902273189891184,0.2140451923793709,0.21232337878789437,0.058271554185646966,0.1970202914682054,0.11809520678530755,0.10374964137798859,0.21064736742488185,0.14675430656455815,0.17746612859411293,0.09916095507454134,0.12435418161289685,-0.5117675137256448,0.22364614095736043,0.12637833077816568,0.184429834952792,0.12651706862024795,0.1088067722378496,0.12598889139599018,0.18537014793575768,0.08641103226248201,0.13633422164327128,0.06264592766996302,0.1464982032380381,7.304238339648191,0.19909492675765902,0.07858964517151255,0.21324693435391687
770,1519073187,0.14250681588873637,0.08162057303746857,0.13164331827676296,0.21531342844338863,0.13032146597791924,0.07744366733326268,0.14421269336880888,0.1063648684645993,0.14692670327680707,0.08007024344180448,0.08074732418454537,0.18121879314158681,0.13101619992710606,0.1433170192436393,0.13165912703100188,0.18255817115809128,0.11929204791841912,0.12446950985356968,0.19845236236274452,0.1860892517379412,0.1801122256957495,0.12976040179730008,-0.08572961197044983,0.18045137506454567,0.1272685614641231,0.15969409703416287,0.1280219294671906,0.16830185953774668,0.1423951914071011,-0.00860538838736254,0.20028690903109225,0.0829856047365214,0.2246436723274119,-0.2094774720852519,0.06672229237622881,0.1381216811354728,0.07974523136568587,0.08769555495493837,0.11692572195379716,0.15214404658144534,-0.5567771649665584,0.15987416722090314,0.11895892253845054,0.15103061618976268,2.0492055607241295,0.11088252876973491,0.12422807563951226,0.12510614446926052,0.1721982217908554,0.26528116712812216,0.12429586092603156,0.22468481443520943,0.1711233052391001,0.08596024712984497,0.16924490154979482,0.22356641025893703,0.11841590841877662,0.22195119901670501,0.10373735943435902,0.12864877383674406,0.15057791347276453,0.10917510547763024,0.1812824495617867,-0.717557561395906,0.08119010587025213,0.14068312754660872,0.11825374166840576,0.20005071332458335,0.08896158334163125,0.10481557865214959,0.10115593116640383,0.15459655953301862,0.12235591881298798,0.22479874316037018,0.08140914082246832,0.12845758462316012,0.2202545342951316,0.06624892322005851,0.058878815182059174,0.08584867202857478,0.17026466968152257,0.12744892435371802,0.1594684373965275,-0.02176348288355447,0.12951024876031686,0.0809478602065915,0.10599047906338216,-0.47095628353633634,0.06850986869932,-0.11931896773952232,0.11793527150978429,0.2147283285746813,0.1868408956267734,0.15074478854447432,0.05754195339050679,0.09370352782405786,0.10075898607910443,0.13705717510320106,0.2230133805360321,0.14899365605336837,0.06664003572138288,0.21485019311772638,0.131000829633984,0.21516869896219565,0.21345128153790646,0.05970023541140712,0.19889173249422054,0.11959556524194244,0.1066267257757275,0.2123416516684849,0.14924210500108992,0.18008742481027362,0.10172478318691884,0.1263341058599986,-0.5114493353158686,0.2247493861696481,0.1284704993644039,0.18633194251190155,0.12828760987701743,0.11054617166465243,0.1283488519572161,0.18664007490211545,0.08687350686668871,0.13836840625643698,0.06375667568417454,0.14774220654806614,9.704575401766537,0.20034160635668202,0.08040737612640486,0.21437177535275517
771,1519073193,0.1445989954228352,0.08220130992342028,0.13411849619581886,0.21699946985281218,0.13327539452914064,0.07744366733326268,0.1463062560624885,0.10924433944327039,0.14692670327680707,0.0824945769589837,0.08369626594147839,0.18383113005037657,0.13375580851823854,0.14471256407538832,0.13363852366528464,0.18446685414335454,0.11929204791841912,0.12626108384658466,0.20288779297575815,0.18735951094067466,0.1822098954355626,0.13223102054400218,-0.08572961197044983,0.18236823052207327,0.12924964168566294,0.1614969506483534,0.13000391283797585,0.16969237243558336,0.14378927427255278,-0.00711770632941816,0.2015336783046119,0.08592727441430914,0.22574800075890156,0.1238629242909105,0.06885103431824514,0.1406649285735746,0.08278063531290088,0.08903392816502394,0.11888486668528155,0.15363785451802667,-0.5602460913902577,0.16227224553786568,0.12046145084737662,0.1525259237162443,1.978309663207532,0.11262085634105405,0.12601830573419492,0.12689491632314193,0.17535253455687372,0.26528116712812216,0.12608808549159647,0.22578450866598507,0.17250833413280042,0.08729572145061264,0.17063900472641502,0.22522107409605868,0.11891772841061195,0.22305540136604032,0.10630515120654055,0.13074359062438112,0.15182088878376765,0.11091226880408271,0.1844697553589676,-0.9129196613147815,0.08353811061070895,0.14323022677350516,0.12050668001575093,0.20067493273146067,0.09030081500002764,0.10711411077128653,0.10373719974909275,0.15608143525311746,0.12235591881298798,0.22590244917743033,0.08322287633954607,0.13055020644380347,0.2213561517000621,0.06891005763618986,0.0595935034975584,0.08584867202857478,0.17165711087957208,0.12922294565745848,0.16127033428131565,0.17803592729036305,0.1316008178895855,0.08330992745908919,0.10771660074504046,-0.47095628353633634,0.07063338149712753,-0.09689106976242477,0.11943403316665932,0.21585300290128553,0.18810891012147926,0.15223903916177176,0.05896809175750741,0.09370352782405786,0.10333859407537486,0.13909520001179884,0.2252129113419003,0.1502410202351747,0.06930424390465018,0.21597409343583937,0.13297892736905614,0.21629220554502043,0.21570708703793065,0.060414576024287195,0.2007631735202357,0.12184610292689478,0.10835297641437085,0.21403593591208794,0.15172990343762172,0.18218446178320216,0.10377584567682084,0.12831403010710035,-0.5112902461109805,0.22585263138193576,0.13056266795064217,0.18760001421797456,0.1300581511337869,0.11228557109145527,0.13129880265874846,0.18727503838529436,0.0873359814708954,0.14040259086960266,0.06431204969128028,0.14836420820308016,11.130518210945752,0.2009649461561935,0.08222510708129717,0.21549661635159348
772,1519073198,0.1494807476690658,0.08626646812508232,0.1390688520339307,0.21924752506537692,0.13800168021109485,0.08245663698581314,0.15049338144984784,0.11442738720487834,0.15381284497307274,0.08794932737263692,0.08841457275257121,0.1885333364861982,0.13657309977263563,0.14889919857063544,0.1385870152509915,0.18764799245212663,0.12468164022820066,0.1304414231636196,0.2167485136414258,0.19053515894750825,0.18640523491518876,0.13717225803740637,-0.08572961197044983,0.18747984507548027,0.13370707218412756,0.16630456028619478,0.13446337542224274,0.17247339823125668,0.14866856430163364,-0.0026546601555850207,0.2052739861251709,0.09063394589876954,0.2279566576218809,0.4016465879377125,0.07310851820227782,0.14473412447453748,0.08763728162844489,0.0937182344003234,0.12378272851399251,0.15737237435947998,-0.5602460913902577,0.1676679217510314,0.12496903577415489,0.15701184629568915,1.978309663207532,0.11783583905501148,0.13079225265334865,0.131664974600159,0.1867080605145396,0.2652847751920515,0.13146475918829117,0.2285337442429242,0.17527839192020106,0.09196988157329947,0.17412426266796555,0.22742729254555424,0.12343410833712978,0.22636800841404622,0.11092717639646732,0.1354569283965645,0.15803576533878322,0.11786092210989264,0.18765706115614847,-1.0740077086163105,0.08823412009162261,0.14730558553653952,0.1265145156086714,0.20442024917272456,0.09431850997521679,0.11286044106912886,0.10941599063100838,0.15979362455336454,0.12686065048312162,0.22866171422008064,0.08805950438508671,0.1347354500850902,0.22466100391485366,0.07370009958522629,0.06602569833705149,0.0887461461444074,0.1744419932756711,0.13454500956867996,0.16607539264075072,0.379291601386831,0.1357819561481228,0.09039612921658224,0.11347033968390145,-0.4709475556831793,0.07488040709274256,-0.09425249352982507,0.12467969896572192,0.218102351554494,0.19127894635824402,0.15597466570501536,0.06467264522550988,0.09878366350253369,0.10798188846866166,0.14368075605614386,0.22851220755070262,0.15710152323510937,0.07356697699787784,0.21822189407206535,0.13792417170673651,0.21853921871066997,0.2179628925379548,0.06541496031444774,0.2038822418969276,0.1270973575251169,0.11353172833030088,0.21742450439929403,0.15857134913808407,0.18637853572905924,0.10839073627910036,0.13375882178663018,-0.5096993540620993,0.2280591218065111,0.13474700512311866,0.19077019348315716,0.1359599553230185,0.11692396956292953,0.1360187237812003,0.19108481928436769,0.0887234052835155,0.1449795062492255,0.06542279770549178,0.15582822806324836,12.295038171775444,0.2047049849532625,0.08707238962767666,0.2177462983492701
773,1519073204,0.15087553402513168,0.08858941566888918,0.14104899436917545,0.22093356647480047,0.1397740373418277,0.08388891402939898,0.15188908991230093,0.116155069792081,0.1593217583300853,0.08976757751052132,0.09018393780673102,0.19062320601323,0.1393127083637681,0.1502947434023845,0.14056641188527427,0.1901929030991443,0.12602903830564605,0.13283018848763956,0.21896622894793263,0.1924405477516084,0.18850290465500183,0.13914875303476804,-0.08572961197044983,0.18811879689465613,0.13618342246105236,0.1681074139003853,0.13644535879302802,0.17386391112909336,0.15075968859981115,-0.0011669780976406407,0.20652075539869055,0.09239894770544219,0.22906098605337055,0.5683167861257937,0.07576944562979825,0.14676872242501893,0.0894585239967739,0.09505660761040896,0.1257418732454769,0.1588661822960613,-0.5567771649665584,0.16946648048875332,0.12647156408308097,0.15850715382217076,1.978309663207532,0.11957416662633062,0.13317922611292551,0.13345374645404037,0.18860064817415056,0.2652883832559808,0.13385439194237772,0.23018328558908766,0.17666342081390138,0.09330535589406713,0.17551836584458574,0.228530401770302,0.12544138830447105,0.22747221076338153,0.11298140981421255,0.13807544938111085,0.1599002283052879,0.12017713987849596,0.189569444634457,-1.2042491085622276,0.09116912601719364,0.1493432649180567,0.12726549505778648,0.20504446857960187,0.09565774163361318,0.11458434015848157,0.11148100549715952,0.16127850027346338,0.12986380492987737,0.22976542023714078,0.09108239691354961,0.1373512273608944,0.2257626213197842,0.07582900711813137,0.06674038665255073,0.09222311508340654,0.17583443447372057,0.13631903087242042,0.16787728952553885,0.5785085059917283,0.13787252527739147,0.0921676796559555,0.11519646136555975,-0.47093300926125087,0.07753479809000195,-0.09425249352982507,0.12692784145103447,0.21978936304440033,0.1925469608529499,0.1574689163223128,0.0660987835925105,0.10531526651771689,0.11004557486567801,0.14571878096474164,0.22961197295363672,0.15834888741691566,0.07569834354449166,0.2199077445492348,0.13990226944180867,0.21966272529349476,0.21965474666297294,0.06684364154020789,0.20512986924760435,0.12784753675343435,0.11525797896894424,0.21855402722836273,0.15919329874721702,0.1884755727019878,0.11095456439147786,0.13623372709550738,-0.5092220864474349,0.22916236701879877,0.13736221585591646,0.1926723010422667,0.1389108574176343,0.11982296860760093,0.13778869420211973,0.19235474625072546,0.09057330370034228,0.14752223701568262,0.06708891972680904,0.1570722313732764,13.221900997741933,0.205328324752774,0.09010194121916384,0.21943355984752755
774,1519073210,0.15227032038119756,0.13679057720288182,0.14302913670442016,0.22205759408108286,0.14213718018280483,0.08890188368194943,0.15328479837475403,0.11788275237928365,0.16069898666933843,0.09219191102770054,0.09313287956366403,0.19323554292201978,0.14214294672870934,0.15169028823413352,0.14254580851955703,0.19082913076089872,0.13209232965415027,0.13521895381165952,0.22173837308106614,0.19371080695434184,0.19060057439481493,0.14112524803212972,-0.08572961197044983,0.19067460417135962,0.13865977273797714,0.170511218719306,0.13941833384920593,0.17594968047584836,0.15215377146526282,0.0013124919989333254,0.2077675246722102,0.09534061738322992,0.23071747870060505,-0.04280727389717069,0.07843037305731866,0.14880332037550037,0.0912797663651029,0.09639498082049452,0.12819080415983236,0.15961308626435197,-0.5567771649665584,0.1724640783849565,0.12797409239200705,0.16075011511189316,1.978309663207532,0.12305082176896891,0.13496945620760817,0.13583877559254892,0.1917549609401689,0.2652977642221971,0.13624402469646427,0.23128297981986332,0.17874096415445184,0.0946408302148348,0.17760952060951607,0.23073662021979757,0.1309614082146595,0.22857641311271684,0.11554920158639409,0.14069397036565717,0.16114320361629103,0.12191430320494843,0.19084436695332935,-1.3447727242933485,0.09293012957253627,0.15189036414495313,0.12876745395601658,0.20754134620711115,0.09766658912120775,0.11630823924783427,0.11354602036331064,0.16350581385361165,0.1318659078943812,0.23142097926273095,0.09289613243062735,0.13996700463669856,0.2268642387247147,0.07849014153426273,0.06816976328354919,0.12003886659539964,0.17722687567177006,0.1380930521761609,0.169679186410327,0.7790360481269211,0.1404857366889773,0.09393923009532877,0.11749795694110415,-0.470912644270551,0.07965831088780947,-0.09425249352982507,0.1284266031079095,0.2220387116976088,0.19571699708971463,0.15971029224825897,0.0668118527760108,0.10604100018607057,0.11262518286194845,0.14775680587333942,0.23071173835657083,0.15959625159872198,0.0778297100911055,0.2215935950264043,0.14237489161064887,0.2219097384591443,0.22078264941298503,0.06898666337884812,0.20762512394895788,0.12934789521006923,0.11698422960758759,0.22024831147196577,0.1604371979654829,0.19109686891814848,0.11300562688137986,0.13821365134260913,-0.5076311943985538,0.23081723483723027,0.13945438444215472,0.19394037274833972,0.14068139867440377,0.12214216784333805,0.13955866462303917,0.194894600183441,0.09381062592978914,0.14955642162884833,0.07042116376944356,0.15769423302829041,12.794118154988169,0.20782168395081996,0.09191967217405615,0.22055840084636585
775,1519073215,0.15366510673726344,0.13679057720288182,0.1450092790396649,0.22318162168736522,0.14390953731353767,0.08961802220374235,0.15468050683720713,0.1196104349664863,0.161387600838965,0.09401016116558494,0.09490224461782383,0.1953254124490516,0.1443750285865129,0.1537836054817571,0.14502005431241047,0.19210158608440756,0.13276602869287296,0.13820491046668446,0.22340165956094626,0.1949810661570753,0.19374707900453456,0.1431017430294914,-0.08572961197044983,0.1913135559905355,0.14064085295951698,0.17231407233349652,0.14140031721999122,0.177340193373685,0.1535478543307145,0.0037919620955072916,0.21026106321924953,0.09710561918990257,0.23182180713209471,0.6238735188551541,0.08055911499933499,0.1508379183259818,0.09310100873343191,0.09773335403058007,0.13063973507418786,0.16110689420093327,-0.5567771649665584,0.1742626371226784,0.1302278848553962,0.1622454226383748,-0.40556489078806096,0.12478914934028805,0.13675968630229082,0.1376275474464303,0.1930166860465762,0.2652977642221971,0.13803624926202918,0.23238267405063898,0.18012599304815216,0.09597630453560246,0.17900362378613627,0.23183972944454534,0.1314632282064948,0.22968061546205212,0.11760343500413932,0.14278878715329424,0.16238617892729415,0.12365146653140092,0.1921192892722017,-1.3893289926958992,0.0958651354981073,0.15392804352647033,0.1302694128542467,0.20816556561398847,0.09967543660880233,0.11803213833718697,0.11612728894599957,0.1649906895737105,0.13286695937663312,0.23307653828832114,0.09470986794770508,0.14258278191250276,0.22796585612964523,0.08061904906716781,0.06959913991454765,0.12177735106489922,0.17861931686981958,0.1398670734799014,0.1732829801799033,0.9750006299714558,0.14257630581824593,0.09630129734782646,0.11922407862276245,-0.4708951885642369,0.081781823685617,-0.041480968877830864,0.12992536476478453,0.223163386024213,0.1963510043370676,0.1612045428655564,0.06823799114301142,0.10676673385442427,0.1146888692589648,0.1497948307819372,0.23181150375950493,0.16021993368962514,0.07996107663771933,0.2227174953445173,0.14435298934572102,0.22303324504196909,0.22191055216299713,0.07112968521748836,0.20887275129963465,0.13084825366670413,0.1198613140053265,0.22137783430103447,0.1616810971837488,0.19319390589107702,0.11556945499375736,0.14019357558971088,-0.5071539267838894,0.2324721026556618,0.14154655302839297,0.19520844445441277,0.14245193993117322,0.1238815672701409,0.1413286350439586,0.19616452714979876,0.09612299895082263,0.15159060624201404,0.07264265979786656,0.15893823633831844,14.671609520407468,0.20969170334935444,0.09373740312894846,0.22168324184520416
776,1519073221,0.1564546794493952,0.14027499851859213,0.1474844569587208,0.22542967689992996,0.1456818944442705,0.14762524246896902,0.1567740695308868,0.12248990594515739,0.1655192858567244,0.09582841130346935,0.09785118637475684,0.1974152819760834,0.1460969942888788,0.15517915031350613,0.1474943001052639,0.19464649673142523,0.1381556210026545,0.13999648445969945,0.23726238022661392,0.19561619575844202,0.19584474874434765,0.14606648552553392,-0.08572961197044983,0.19259145962888724,0.14262193318105681,0.17411692594768705,0.14338230059077647,0.17873070627152168,0.15494193719616617,0.0052796441534516715,0.212131217129529,0.09887062099657522,0.23292613556358438,0.012749458832189704,0.08268785694135133,0.15338116576408362,0.09492225110176092,0.09907172724066564,0.13308866598854333,0.16334760610580526,-0.1925398904781346,0.1760611958604003,0.13173041316432227,0.1629930764016156,-0.40556489078806096,0.1265274769116072,0.13854991639697348,0.14060883386956596,0.20311048689783476,0.265303537124484,0.14102329020463736,0.2334823682814146,0.18151102194185248,0.09797951601675396,0.18039772696275647,0.2329428386692931,0.134975968149342,0.23078481781138743,0.11965766842188456,0.14540730813784059,0.1630076665827957,0.1253886298578534,0.19403167275051023,-1.4613045031923269,0.09762613905344991,0.1559657229079875,0.13327333065070693,0.2094140044277431,0.10101466826719872,0.12090530348610815,0.1181923038121507,0.1657331274337599,0.13587011382338887,0.23473209731391134,0.09712818197047542,0.14467540373314614,0.22906747353457574,0.08274795660007289,0.0703138282300469,0.12467482518073184,0.1807079786668938,0.14341511608738236,0.17508487706469145,0.9776704471627983,0.14518951722983175,0.09807284778719971,0.12095020030442075,-0.4617425798868634,0.08443621468287639,-0.041480968877830864,0.13067474559322204,0.22485039751411937,0.1976190188317735,0.16195166817420512,0.07037719869351235,0.1437791509404624,0.11726847725523525,0.1528518681448339,0.2334611518639061,0.16146729787143144,0.08209244318433316,0.22496529598074325,0.14633108708079318,0.22415675162479384,0.22360240628801525,0.07184402583036843,0.20949656497497302,0.13309879135165648,0.12216298152351762,0.22250735713010317,0.1635469460111476,0.19529094286400556,0.11762051748365936,0.14217349983681263,-0.5061993915545606,0.23412697047409328,0.1436387216146312,0.19837862371959533,0.1442224811879427,0.12562096669694373,0.14368859560518452,0.19806941759933544,0.0988978465760628,0.15362479085517974,0.116517206359221,0.16018223964834646,11.93855246948064,0.21093838294837744,0.09555513408384077,0.22280808284404247
777,1519073226,0.15784946580546108,0.14201720917644728,0.14946459929396555,0.22655370450621234,0.14745425157500333,0.1504897965561407,0.1581697779933399,0.12421758853236003,0.1703395850441104,0.09885882819994336,0.09962055142891665,0.19950515150311524,0.14779306577015647,0.15657469514525518,0.14947369673954666,0.19591895205493406,0.14152411619626798,0.1423852497837194,0.23837123787986733,0.1981567141639089,0.19794241848416072,0.14853710427223601,-0.08572961197044983,0.19450831508641486,0.14460301340259665,0.17591977956187757,0.14536428396156176,0.18012121916935836,0.15633602006161784,0.0067673262113960506,0.21275460176628885,0.10181229067436295,0.23458262821081888,-0.4872611357320539,0.08481659888336766,0.15541576371456506,0.09735057425953292,0.10107928705579398,0.13504781072002772,0.16558831801067725,0.24454483890797396,0.17785975459812223,0.13248167731878532,0.1659836914545788,-0.042223416015498456,0.12826580448292635,0.14093688985655037,0.1429938630080745,0.20374134945103842,0.2653071451884133,0.14281551477020224,0.23513190962757807,0.1828960508355528,0.1006504646582893,0.18248888172768676,0.23459750250641478,0.13698324811668328,0.23244112133539038,0.12222546019406609,0.14750212492547765,0.16487212954930036,0.12828390206860754,0.1946691339099464,-1.5161429873800816,0.09938714260879253,0.15800340228950466,0.134024310099822,0.21128666264837503,0.1030235157547933,0.12377846863502931,0.12077357239483962,0.16721800315385874,0.1393737940112706,0.23583580333097146,0.09894191748755315,0.1472911810089503,0.23071989964197154,0.08540909101620424,0.07317258149204382,0.12757229929656444,0.18279664046396807,0.14518913739112285,0.1768867739494796,0.977864615685805,0.14780272864141755,0.10102543185282181,0.12382706977385124,-0.4489359100210662,0.08655972748068391,-0.012456630319234045,0.13217350725009705,0.2259750718407236,0.1988870333264794,0.16344591879150255,0.07322947542751357,0.14740781928223085,0.11984808525150568,0.15488989305343168,0.2345609172668402,0.1633383441441409,0.08475665136760045,0.22608919629885624,0.14880370924963338,0.22584201149903102,0.22473030903802735,0.07470138828188874,0.21199181967632655,0.13459914980829135,0.12388923216216097,0.2242016413737062,0.1647908452294135,0.19738797983693412,0.11967157997356136,0.14464840514568983,-0.5055630347350082,0.23523021568638094,0.14625393234742903,0.19964669542566835,0.14599302244471218,0.12736036612374657,0.14545856602610394,0.19933934456569322,0.10121021959709628,0.15565897546834545,0.118738702387644,0.16204824461338851,9.680809688280217,0.21218506254740044,0.09737286503873308,0.22505776484171908
778,1519073232,0.16063903851759287,0.14434015672025416,0.15342488396445503,0.22880175971877706,0.15395289438769041,0.15263821212151946,0.1609611949182461,0.13170421307690486,0.17378265589224323,0.10491966199289139,0.10551843494278268,0.20211748841190502,0.1504653493864596,0.15936578480875327,0.1524427916909708,0.19910009036370616,0.14421891235115875,0.1483571630937693,0.24058895318637413,0.2013323621707425,0.20108892309388035,0.15150184676827855,-0.08572961197044983,0.19770307418229424,0.14757463373490642,0.18253024281390948,0.14784176317504336,0.18220698851611336,0.16051826865797286,0.012222160423858777,0.2164949095868478,0.10828396396549599,0.2367912850737982,-0.15392073935589148,0.08694534082538401,0.15795901115266683,0.10402846294340594,0.10509440668605066,0.1374967416343832,0.16932283785213056,0.09538100268890516,0.18385495039052857,0.13623799809110054,0.16972196027078285,-0.042223416015498456,0.13463967224442985,0.14809781023528099,0.14895643585434581,0.20752652477026037,0.2681322592450768,0.14938700484394024,0.2378811452045172,0.1849735941761033,0.10398915046020846,0.1852770880809272,0.23680372095591032,0.13949234807585986,0.23520162720872864,0.12479325196624763,0.15012064591002397,0.16860105548230972,0.13465350093226666,0.19849390086656346,-1.1185639770188611,0.10467015327482039,0.16055050151640113,0.13853018679451234,0.21440775968276163,0.10637159490078427,0.1300994319626559,0.12283858726099076,0.1701877545940564,0.14237694845802634,0.2380432153650917,0.10559228105017153,0.14938380282959368,0.2323723257493673,0.08753799854910932,0.07817539970053844,0.1461161336378932,0.1848853022610423,0.15110254173692447,0.18409436148863217,0.9782044106010668,0.14989329777068622,0.10693059998406602,0.13015618260659834,-0.448863177911424,0.0892141184779433,-0.012456630319234045,0.13816855387759716,0.22766208333062993,0.20205706956324412,0.16643442002609746,0.07750789052851542,0.1713570303379026,0.12191177164852204,0.15743742418917892,0.2367604480727084,0.16708043668955982,0.08688801791421427,0.2277750467760257,0.15177085585224162,0.22752727137326817,0.2269861145380515,0.07898743195916921,0.21511088805301845,0.1383500459498786,0.13079423471673435,0.2264606870318436,0.16790059327507822,0.2000092760530948,0.12172264246346337,0.147123310454567,-0.5049266779154558,0.2374367061109563,0.14886914308022683,0.20218283883781443,0.15307518747179008,0.13489776363989223,0.1519484575694752,0.20187919849840877,0.112309610098057,0.158710252388094,0.12706931249423029,0.1645362512334446,7.8270840363472365,0.21530176154495792,0.10343196822170744,0.22674502633997654
779,1519073238,0.16342861122972463,0.14724384115001274,0.15788020421875568,0.2310498149313418,0.1574976086491561,0.156935043252277,0.16445046607437885,0.13573547244704437,0.17998018341888236,0.10855616226866022,0.1090571650511023,0.20734216222948457,0.15154772782794673,0.16355241930400038,0.15640158495953632,0.20164500101072383,0.1489348056222176,0.15194031107979925,0.24280666849288096,0.20514313977894283,0.20528426257350654,0.1554548367630019,-0.08572961197044983,0.20025888145899773,0.15203206423337104,0.18733785245175089,0.15230122575931024,0.18637852720962336,0.1633064343888762,0.01618931257837712,0.2183650634971273,0.11181396757884128,0.23955210615252237,-1.4872823248605411,0.09226719568042485,0.16202820705362972,0.10827802846950695,0.10977871292135012,0.14190481728022306,0.17156354975700255,-0.05725175995386291,0.18985014618293494,0.1407455830178788,0.17271257532374606,-0.042223416015498456,0.13927521243461424,0.1528717571544347,0.15253397956210862,0.20941911242987138,0.27084047203043,0.15297145397507006,0.24063038078145632,0.18843616641035407,0.10799557342251145,0.18806529443416758,0.23900993940540588,0.14250326802687174,0.23741003190739926,0.1289017188017381,0.1543102794852981,0.17170849375981753,0.13812782758517161,0.20040628434487198,-0.8443715560800884,0.10819216038550562,0.16462586027943546,0.14078312514185753,0.21752885671714822,0.11105890570517161,0.1335472301413613,0.1274848707098308,0.17389994389430352,0.14487957716365615,0.24025062739921196,0.11042890909571218,0.15356904647088038,0.2351263692616936,0.09179581361491948,0.08246352959353384,0.14785461810739275,0.1876701846571413,0.15465058434440543,0.1876981552582085,0.9786898319085835,0.15407443602922352,0.11106421767593697,0.13360842596991493,-0.4488399036363385,0.09399202227301022,-0.012456630319234045,0.14116607719134722,0.23047376914714052,0.20522710580000886,0.17166429718663848,0.08107323644601697,0.17716289968473212,0.12603914444255473,0.16151347400637447,0.23950986158004367,0.16895148296226928,0.0916835926440954,0.23002284741225168,0.15572705132238593,0.2303360378303301,0.2292419200380757,0.08327347563644967,0.2169823290790336,0.14210094209146582,0.13424673599402104,0.228719732689981,0.17038839171161,0.20472760924218403,0.12582476744326737,0.15108315894877053,-0.503972142686127,0.23964319653553165,0.15409956454582246,0.20408494639692396,0.15661626998532904,0.1389563623024322,0.15548839841131404,0.2050540159143032,0.11462198311909047,0.16277862161442538,0.1292908085226533,0.16764625950851467,5.973358384414257,0.2171717809434924,0.1094910714046818,0.23011954933649145
780,1519073243,0.16552079076382345,0.15014752557977135,0.1598603465540004,0.23273585634076535,0.1598607514901332,0.15908345881765576,0.16584617453683195,0.13746315503424703,0.18204602592776206,0.11158657916513423,0.1108265301052621,0.2094320317565164,0.15404134131874123,0.16564573655162396,0.15887583075238976,0.20291745633423267,0.15095590273838566,0.1537318850728142,0.24446995497276108,0.20577826938030955,0.2079063497482729,0.15743133176036359,-0.08572961197044983,0.2008978332781736,0.15401314445491088,0.18974165727067158,0.15428320913009552,0.18776904010746004,0.16470051725432788,0.0176769946363215,0.21961183277064697,0.11357896938551393,0.24065643458401204,-0.7094880666494955,0.09439593762244118,0.16406280500411116,0.11009927083783595,0.11178627273647847,0.14386396201170745,0.17305735769358388,-0.11969243558044985,0.19164870492065683,0.14299937548126793,0.17346022908698688,-0.042223416015498456,0.14101354000593339,0.15466198724911737,0.15491900870061714,0.21131170008948236,0.2736381648012305,0.15476367854063494,0.24173007501223198,0.19051370975090456,0.10999878490366297,0.1894593976107878,0.24066460324252753,0.1435069080105424,0.2390663354314022,0.13095595221948333,0.15640509627293517,0.17295146907082062,0.1398649909116241,0.20168120666374434,-0.5187680562152958,0.11112716631107666,0.16717295950633193,0.1430360634892027,0.21877729553090283,0.11306775319276618,0.135271129230714,0.12954988557598193,0.17612725747445176,0.14688168012815997,0.2413543334162721,0.11224264461278992,0.15566166829152372,0.23622798666662415,0.09445694803105083,0.0838929062245323,0.15017259740005884,0.18906262585519082,0.15642460564814592,0.19010068443792602,0.9788840004315903,0.15668764744080935,0.11283576811531024,0.13648529543934543,-0.44883699435195284,0.09611553507081773,-0.012456630319234045,0.14191545801978475,0.23159844347374473,0.2058611130473618,0.1724114224952872,0.08321244399651789,0.17861436702143949,0.1281028308395711,0.16355149891497225,0.24060962698297778,0.1714462113258819,0.09381495919070923,0.23114674773036467,0.1581996734912261,0.2314595444131549,0.2303698227880878,0.08470215686220983,0.21885377010504872,0.14285112131978325,0.13654840351221217,0.2298492555190497,0.1716322909298759,0.2073489054583447,0.12838859555564486,0.15306308319587228,-0.5033357858665746,0.24129806435396314,0.1561917331320607,0.205353018102997,0.15838681124209852,0.14069576172923504,0.15725836883223349,0.20632394288066097,0.11508445772329717,0.1648128062275911,0.12984618252975905,0.16889026281854272,5.189089839365689,0.21966514014153837,0.1113088023595741,0.23124439033532976
781,1519073249,0.16761297029792227,0.15479342066738508,0.16184048888924513,0.23385988394704774,0.16163310862086605,0.1734062292535142,0.16724188299928505,0.13919083762144968,0.1854890967758949,0.11340482930301864,0.11377547186219511,0.2115219012835482,0.15665924707075912,0.16704128138337299,0.1613500765452432,0.2041899116577415,0.1549980969707218,0.15671784172783917,0.2461332414526412,0.20704852858304298,0.21052843692303924,0.15990195050706568,-0.08572961197044983,0.20217573691652535,0.15599422467645072,0.19214546208959227,0.15626519250088078,0.18985480945421504,0.16609460011977956,0.019164676694265883,0.22148198668092645,0.11534397119218658,0.2417607630155017,-0.37614767027333307,0.09652467956445752,0.16660605244221297,0.11192051320616496,0.11446301915664958,0.14582310674319182,0.17529806959845587,-0.20294666974923245,0.19344726365837875,0.144501903790194,0.1749555366134685,-0.042223416015498456,0.14275186757725253,0.15645221734380002,0.15670778055449855,0.21320428774909334,0.27646255724510804,0.15655590310619985,0.24282976924300761,0.19189873864460488,0.1126697335451983,0.190853500787408,0.24176771246727533,0.14651782796155427,0.2401705377807375,0.13301018563722855,0.15849991306057223,0.17419444438182374,0.1421812086802274,0.20359359014205286,-0.3028415247260123,0.11288816986641928,0.1692106388878491,0.1452890018365479,0.22002573434465747,0.11574621650955896,0.13756966134985094,0.1316149004421331,0.1776121331945506,0.1488837830926638,0.24300989244186227,0.11405638012986766,0.15827744556732792,0.23732960407155465,0.09658585556395591,0.08675165948652923,0.1542290611622245,0.19115128765226505,0.15938130782104673,0.19250321361764353,0.979369421739107,0.15877821657007798,0.1146073185546835,0.13878679101488983,-0.4488224479300244,0.09823904786862525,-0.004540901621434915,0.14341421967665977,0.23272311780034896,0.2071291275420677,0.17465279842123338,0.08535165154701882,0.19312904038851328,0.13068243883584155,0.1660990300507195,0.24225927508737893,0.17206989341678502,0.09594632573732306,0.23283259820753413,0.1606722956600663,0.23258305099597967,0.23206167691310592,0.08755951931373014,0.2201013974557255,0.14435147977641816,0.1388500710304033,0.2309787783481184,0.1734981397572747,0.2099702016745054,0.13043965804554689,0.15553798850474945,-0.5022221614323578,0.2424013095662508,0.15828390171829895,0.20725512566210655,0.16015735249886798,0.14243516115603788,0.16020831953376588,0.20695890636383987,0.12063415297377753,0.1668469908407568,0.1431751587002971,0.16951226447355672,4.214695586426559,0.2202884799410499,0.11312653331446641,0.23236923133416806
782,1519073254,0.16900775665398815,0.15769710509714369,0.16431566680830104,0.23610793915961248,0.16458703717208745,0.17483850629710004,0.16933544569296471,0.14207030860012076,0.1875549392847746,0.11582916282019784,0.11554483691635492,0.21361177081058003,0.15890945488332447,0.16913459863099656,0.16332947317952595,0.20673482230475917,0.15701919408688988,0.15910660705185914,0.24779652793252133,0.20831878778577642,0.2131505240978056,0.16237256925376778,-0.08572961197044983,0.20345364055487708,0.15797530489799055,0.19454926690851296,0.15824717587166606,0.19194057880097004,0.16748868298523123,0.020652358752210262,0.2227287559544461,0.11769730693441677,0.24396941987848103,-0.43170440300269347,0.09918560699197794,0.16914929988031477,0.11556299794282297,0.11647057897177793,0.14778225147467622,0.1767918775350372,-0.26885627179951865,0.19524582239610067,0.14675569625358315,0.17719849790319092,-0.042223416015498456,0.14449019514857167,0.15824244743848268,0.15849655240837993,0.21446601285550065,0.2792559203391934,0.15834812767176476,0.24392946347378328,0.1932837675383052,0.1146729450263498,0.1929446555523383,0.2428708216920231,0.15003056790440147,0.24182684130474044,0.1355779774094101,0.1605947298482093,0.17481593203732532,0.1439183720066799,0.20423105130148902,-0.13832607216274864,0.1146491734217619,0.17175773811474554,0.146790960734778,0.22189839256528943,0.11775506399715353,0.13986819346898788,0.134196169024822,0.17909700891464944,0.15088588605716766,0.24411359845892242,0.1158701156469454,0.16089322284313212,0.23898203017895045,0.09924698998008727,0.0881810361175277,0.15596754563172407,0.19254372885031457,0.16174666955936737,0.19490574279736106,0.9798548430466238,0.16086878569934665,0.11696938580718118,0.14051291269654814,-0.4488049922237103,0.10036256066643277,0.01920628447196248,0.1449129813335348,0.23441012929025531,0.2083971420367736,0.17689417434717952,0.08677778991401944,0.19458050772522065,0.1327461252328579,0.16864656118646673,0.2439089231917801,0.17456462178039764,0.09967621719389726,0.23395649852564712,0.16265039339513845,0.23370655757880443,0.23318957966311799,0.08898820053949029,0.22134902480640226,0.1466020174613705,0.14057632166904666,0.2321083011771871,0.17536398858467353,0.21259149789066606,0.13249072053544889,0.1575179127518512,-0.5015858046128052,0.24350455477853847,0.1603760703045372,0.20852319736817956,0.16192789375563746,0.1441745605828407,0.16256828009499177,0.20886379681337652,0.12525889901584447,0.1693897216072139,0.14761815075714313,0.1720002710936128,3.40666132789167,0.22153515954007286,0.11555017458765615,0.23349407233300637
783,1519073260,0.17040254301005403,0.161181526412854,0.16629580914354578,0.23779398056903603,0.1687225371437974,0.18486444560220094,0.1707311541554178,0.14552567377452608,0.1903093959632809,0.12067782985455627,0.11908356702467454,0.21570164033761186,0.16114153674112805,0.1705301434627456,0.1653088698138087,0.20927973295177685,0.15971399024178065,0.16328694636889407,0.24945981441240145,0.2102241765898766,0.2152481938376187,0.16434906425112947,-0.08572961197044983,0.2053704960124047,0.16045165517491533,0.198154974136894,0.16022915924245135,0.19472160459664337,0.16957980728340877,0.02362772286809902,0.2245989098647256,0.12181564448331961,0.2450737483099707,-1.042828463025658,0.10131434893399427,0.1711838978307962,0.11981256346892398,0.11914732539194905,0.1497413962061606,0.17903258943990918,-0.33823480027350417,0.19884293987154447,0.14900948871697225,0.17869380542967253,-0.042223416015498456,0.14796685029120996,0.16182290762784798,0.16207409611614274,0.2169894630683153,0.28205577794835157,0.16312739317993785,0.24612885193533457,0.19536131087885567,0.11734389366788513,0.19503581031726863,0.24397393091677086,0.15304148785541336,0.24348314482874342,0.13763221082715532,0.16321325083275565,0.1779233703148331,0.14912986198603734,0.20614343477979755,-0.12804385637754467,0.11934518290267555,0.174304837341642,0.14904389908212318,0.22377105078592138,0.11976391148474812,0.1438906246774775,0.13626118389097314,0.18058188463474828,0.1538890405039234,0.24521730447598253,0.11949758668110087,0.16350900011893632,0.24063445628634622,0.10190812439621862,0.09103978937952463,0.1611829990402228,0.19532861124641354,0.1658860526014285,0.19911016886186675,0.9806800592694025,0.1629593548286153,0.12110300349905212,0.14396515605986474,-0.44879044580178185,0.10248607346424028,0.01920628447196248,0.14791050464728486,0.23553480361685955,0.20903114928412653,0.1791355502731257,0.08963006664802066,0.20474077908217228,0.13480981162987424,0.1706845860950645,0.24555857129618125,0.17581198596220396,0.10180758374051109,0.2350803988437601,0.1646284911302106,0.23483006416162922,0.23431748241313008,0.09041688176525045,0.2232204658324174,0.14885255514632284,0.14460423982588114,0.23380258542079013,0.17722983741207238,0.2146885348635946,0.13505454864782637,0.16048779912250383,-0.5009494477932528,0.24460779999082616,0.16246823889077544,0.2097912690742526,0.1684198783637922,0.14823315924538066,0.16610822093683064,0.2101337237797343,0.1331209672873583,0.1729495446802539,0.15928100490636393,0.17386627605865485,2.5510956423841407,0.22340517893860737,0.11918563649744077,0.23518133383126383
784,1519073266,0.1731921157221858,0.16524668461451603,0.17025609381403525,0.24060404958474196,0.17226725140526308,0.18772899968937262,0.173522571080324,0.14898103894893136,0.19512969515066686,0.12431433013032508,0.12380187383576736,0.22040384677343344,0.1632053061618583,0.1740190055421182,0.1692676630823742,0.21182464359879452,0.1630824854353941,0.166870094354924,0.2516775297189083,0.21212956539397676,0.21996795075219813,0.16830205424585282,-0.08572961197044983,0.20920420692745995,0.16540435572876494,0.2029625837747354,0.16518411766941454,0.19819788684123504,0.17306501444703795,0.027594875022617368,0.22646906377500509,0.12593398203222245,0.2478345693886949,-1.5983957903192618,0.10610401830353103,0.17576174321937946,0.123455048205582,0.12383163162724851,0.15414947185200045,0.18202020531307184,-0.386799770205294,0.20303957692622893,0.15201454533482445,0.18168442048263575,-0.042223416015498456,0.15318183300516738,0.16659685454700174,0.16565163982390552,0.21888205072792627,0.2848361520122913,0.16671184231106764,0.24832824039688586,0.1981313686662563,0.12135031663018812,0.19782401667050903,0.24618014936626642,0.15705604779009588,0.245691549527414,0.1422542360170821,0.16740288440802978,0.1797878332813378,0.15260418863894232,0.20933074057697842,-0.11433423533060603,0.12286719001336079,0.17838019610467634,0.15129683742946837,0.22689214782030795,0.12445122228913547,0.1473384228561829,0.14039121362327542,0.18280919821489655,0.15739272069180513,0.24742471651010278,0.12433421472664152,0.16769424376022304,0.24283769109620726,0.10616593946202878,0.09532791927252002,0.16465996797922192,0.1988097142415373,0.16943409520890948,0.20271396263144303,0.9811654805769192,0.1671404930871526,0.12464610437779865,0.14799277331706742,-0.44876426224231064,0.1072639772593072,0.01920628447196248,0.15165740878947243,0.2383464894333701,0.21220118552089126,0.1828711768163693,0.0931954125655222,0.2090951810922944,0.13945310602316105,0.17476063591226007,0.2483079848035165,0.17830671432581657,0.10607031683373876,0.23732819947998607,0.16907921103412296,0.23763883061869115,0.2371372392881603,0.09541726605541098,0.22509190685843253,0.15185327205959262,0.14805674110316783,0.23719115390799625,0.17971763584860415,0.21940686805268383,0.13915667362763037,0.16444764761670735,-0.5001540017688122,0.24681429041540148,0.1671756182098115,0.21169337663336213,0.17196096087733115,0.1534513575257892,0.17023815191897598,0.21330854119562873,0.1358958149125985,0.1770179139065853,0.1620578749418927,0.1757322810236969,1.9569528052261345,0.22589853813665334,0.12403291904382026,0.23743101582894044
785,1519073271,0.1731921157221858,0.16524668461451603,0.17025609381403525,0.24060404958474196,0.17226725140526308,0.18844513821116554,0.173522571080324,0.14898103894893136,0.19512969515066686,0.12431433013032508,0.12380187383576736,0.22040384677343344,0.16587241093394378,0.1740190055421182,0.1692676630823742,0.21182464359879452,0.1637561844741168,0.166870094354924,0.252231958545535,0.21212956539397676,0.21996795075219813,0.16879617799519325,-0.08572961197044983,0.20920420692745995,0.16540435572876494,0.2029625837747354,0.16518411766941454,0.19819788684123504,0.17306501444703795,0.027594875022617368,0.2270924484117649,0.12593398203222245,0.2478345693886949,-0.15392073935589148,0.10663620378903511,0.17576174321937946,0.123455048205582,0.12383163162724851,0.15414947185200045,0.18202020531307184,-0.40067547590009106,0.20303957692622893,0.15201454533482445,0.18168442048263575,-0.042223416015498456,0.15318183300516738,0.16659685454700174,0.16684415439315978,0.2201437758343336,0.2876432257493081,0.16671184231106764,0.24832824039688586,0.19951639755995662,0.12201805379057196,0.19782401667050903,0.2467317039786403,0.1575578677819312,0.245691549527414,0.1422542360170821,0.16740288440802978,0.1797878332813378,0.15260418863894232,0.20933074057697842,0.22840629084285985,0.12286719001336079,0.17838019610467634,0.15129683742946837,0.22689214782030795,0.12445122228913547,0.14791305588596715,0.14090746733981319,0.1850365117950448,0.15739272069180513,0.24797656951863287,0.12433421472664152,0.16769424376022304,0.24338849979867253,0.10616593946202878,0.09532791927252002,0.16465996797922192,0.1988097142415373,0.17002543564348963,0.20271396263144303,0.9811654805769192,0.16766313536946975,0.12464610437779865,0.14856814721095354,-0.44876135295792496,0.1072639772593072,0.01920628447196248,0.15165740878947243,0.2383464894333701,0.21283519276824422,0.1828711768163693,0.09390848174902251,0.2090951810922944,0.13945310602316105,0.17527014213940953,0.24885786750498357,0.17830671432581657,0.10607031683373876,0.23732819947998607,0.169573735467891,0.23820058391010354,0.2371372392881603,0.09541726605541098,0.2263395342091093,0.15185327205959262,0.14805674110316783,0.23719115390799625,0.18033958545773707,0.21940686805268383,0.13915667362763037,0.16444764761670735,-0.49999491256392403,0.24736591302154531,0.1671756182098115,0.21169337663336213,0.17196096087733115,0.1534513575257892,0.17023815191897598,0.21330854119562873,0.13635828951680518,0.1770179139065853,0.16261324894899842,0.17635428267871092,1.8143585243082128,0.22652187793616482,0.1246388293621177,0.23743101582894044
786,1519073277,0.17458690207825167,0.16698889527237118,0.17223623614927996,0.2422900909941655,0.17522117995648448,0.19130969229833725,0.1749182795427771,0.15070872153613402,0.19788415182917313,0.1261325802682095,0.12557123888992716,0.22249371630046527,0.168601661836641,0.17611232278974176,0.17223675803379834,0.21309709892230336,0.1664509806290076,0.16985605100994897,0.25444967385204176,0.2133998245967102,0.22311445536191776,0.1707726729925549,-0.08572961197044983,0.2104821105658117,0.16738543595030478,0.2053663885936561,0.1671661010401998,0.1995883997390717,0.17445909731248962,0.02957845109987654,0.2289626023220444,0.1276989838388951,0.24893889782018455,0.1238629242909105,0.10876494573105146,0.1777963411698609,0.125276290573911,0.12583919144237685,0.15659840276635595,0.18426091721794383,-0.42842688728968525,0.20483813566395082,0.15426833779821356,0.18243207424587657,-0.042223416015498456,0.15492016057648653,0.1683870846416844,0.1704216981009226,0.22266722604714823,0.29047266948268674,0.16850406687663255,0.2494279346276615,0.20090142645365694,0.12402126527172345,0.19921811984712923,0.24783481320338807,0.15956514774927247,0.24679575187674932,0.14430846943482734,0.16949770119566684,0.1810308085923409,0.15434135196539478,0.20996820173641462,0.30380920660102234,0.12580219593893183,0.1809272953315728,0.15279879632769847,0.2281405866340626,0.12646006977673005,0.14963695497531984,0.1434887359225021,0.18577894965509423,0.16039587513856088,0.24963212854422304,0.12614795024371925,0.17031002103602721,0.24449011720360306,0.10829484699493386,0.09675729590351849,0.16755744209505455,0.20089837603861155,0.1723907973818103,0.20631775640101932,0.981359649099926,0.17079898906337274,0.12759868844342076,0.15029426889261183,-0.4487468065359965,0.10938749005711472,0.01920628447196248,0.15240678961790993,0.23947116375997435,0.215371221757656,0.183618302125018,0.09533462011602313,0.2112723820973555,0.1415167924201774,0.17781767327515674,0.24995763290791767,0.1789303964167197,0.10820168338035259,0.23957600011621205,0.17155183320296316,0.2398858437843407,0.2382651420381724,0.09684594728117114,0.2269633478844477,0.15260345128791006,0.15150924238045452,0.23832067673706495,0.18158348467600297,0.2220281642688445,0.1417205017400079,0.1664275718638091,-0.4993585557443716,0.24902078083997684,0.16926778679604976,0.21486355589854472,0.17373150213410063,0.15519075695259205,0.17200812233989543,0.21394350467880763,0.13774571332942528,0.179052098519751,0.16372399696320994,0.17759828598873895,1.457872822013409,0.22839189733469933,0.12645656031701,0.23855585682777875
787,1519073283,0.17667908161235052,0.16873110593022633,0.17471141406833587,0.24397613240358906,0.17758432279746159,0.1927419693419231,0.17701184223645677,0.1535881925148051,0.19994999433805286,0.1279508304060939,0.1285201806468602,0.22458358582749707,0.17113670608117662,0.1775078676214908,0.1742161546680811,0.21564200956932103,0.16847207774517567,0.17164762500296393,0.2555585315052952,0.21467008379944363,0.22521212510173086,0.17373741548859745,-0.08572961197044983,0.21176001420416343,0.16936651617184462,0.20716924220784663,0.16914808441098508,0.20097891263690837,0.1758531801779413,0.03106613315782092,0.23083275623232388,0.13064065351668283,0.250595390467419,0.2349763897496313,0.11089368767306779,0.1803395886079627,0.12770461373168301,0.1278467512575052,0.15855754749784032,0.18575472515452515,-0.4527093722555802,0.20663669440167273,0.15577086610713964,0.18467503553559897,-0.042223416015498456,0.15665848814780567,0.17077405810126126,0.17221046995480396,0.22329808860035189,0.2932819080580611,0.17149110781924073,0.25052762885843716,0.20228645534735726,0.12669221391325877,0.20130927461205955,0.24893792242813587,0.16157242771661373,0.24789995422608463,0.14687626120700886,0.17211622218021316,0.18165229624784246,0.15607851529184727,0.21251804637415933,0.3620750960505115,0.12756319949427444,0.18347439455846928,0.15505173467504366,0.23001324485469454,0.12913853309352283,0.15308475315402525,0.14555375078865324,0.18726382537519307,0.16239797810306472,0.25128768756981323,0.127961685760797,0.1724026428566706,0.24559173460853356,0.11042375452783894,0.09818667253451695,0.1692959265645541,0.20229081723666104,0.17416481868555075,0.20811965328580748,0.9815538176229327,0.1728895581926414,0.12937023888279403,0.15202039057427014,-0.44873516939845376,0.11151100285492224,0.01920628447196248,0.15390555127478497,0.24115817524988067,0.21600522900500896,0.18511255274231544,0.09818689685002437,0.21344958310241657,0.14409640041644783,0.17985569818375455,0.25160728101231883,0.18017776059852603,0.11086589156361987,0.24069990043432504,0.17352993093803531,0.24100935036716548,0.23995699616319052,0.09970330973269145,0.22821097523512443,0.1548539889728624,0.15323549301909786,0.23945019956613364,0.18344933350340178,0.22412520124177307,0.1437715642299099,0.16840749611091085,-0.4988812881297072,0.2501240260522645,0.17188299752884756,0.21549759175158123,0.1755020433908701,0.1569301563793949,0.1749580730414278,0.21584839512834428,0.13959561174625207,0.18108628313291672,0.16594549299163294,0.17822028764375297,1.172684260177566,0.2296385769337223,0.12827429127190232,0.23968069782661705
788,1519073288,0.17946865432448228,0.1710540534740332,0.17867169873882535,0.2462241876161538,0.18231060847941583,0.19489038490730184,0.18050111339258954,0.15761945188494464,0.20201583684693256,0.13219341406115753,0.13205891075517978,0.22876332488156073,0.17381934738591504,0.18029895728498888,0.17768009877807592,0.21755069255458429,0.17116687390006644,0.17582796431999886,0.257776246811802,0.21721060220491054,0.22940746458135702,0.1771962817339804,-0.08572961197044983,0.2149547733000428,0.17332867661492427,0.21077494943622765,0.17360754699525197,0.2037599384325817,0.17864134590884465,0.03404149727370968,0.2333262947793632,0.13417065713002813,0.25280404733039835,0.4016465879377125,0.11515117155710046,0.18440878450892556,0.13134709846834103,0.13253105749280467,0.16247583696080908,0.18948924499597847,-0.47352293079777585,0.21023381187711654,0.15802465857052878,0.18990861187828462,-0.042223416015498456,0.160714585814217,0.175548005020415,0.17578801366256677,0.22582153881316655,0.2961077437275104,0.1756729651388922,0.2532768644353763,0.20574902758160807,0.13203411119632946,0.20618863573023027,0.2516956954900053,0.1640815276757903,0.25121256127409053,0.15098472804249932,0.17682955995239655,0.1841382468698487,0.1607109508290539,0.21443042985246785,0.41005876971479677,0.13108520660495968,0.1885685930122622,0.15805565247150388,0.2318859030753265,0.13315622806871197,0.15595791830294642,0.1502000342374933,0.19023357681539074,0.16540113254982047,0.25349509960393346,0.13158915679495248,0.17711104195311814,0.24889658682332513,0.11521379647687537,0.10318949074301158,0.1716139058572202,0.20577192023178478,0.17830420172761188,0.21172344705538376,0.9819421546689462,0.1770706964511787,0.13409437338778937,0.15604800783147282,-0.44871771369213964,0.11575802845053727,0.01920628447196248,0.1561536937600975,0.24340752390308915,0.21854125799442076,0.18735392866826162,0.10389145031802684,0.21490105043912394,0.14822377321048053,0.18444125422809957,0.2543566945196541,0.18391985314394493,0.11512862465684753,0.242947701070551,0.17748612640817962,0.24325636353281502,0.2422128016632147,0.10327501279709184,0.23133004361181636,0.15860488511444962,0.1561125774168368,0.24227400663880538,0.18593713193993355,0.22831927518763015,0.1478736892097139,0.1728623256668898,-0.49824493131015474,0.25233051647683985,0.17659037684788362,0.2180337351637273,0.17904312590440905,0.16040895523300058,0.17849801388326667,0.21838824906105983,0.14144551016307885,0.1851546523592481,0.16761161501295022,0.18195229757383707,0.9350271253143635,0.2315085963322568,0.13190975318168693,0.24249280032371281
789,1519073294,0.18086344068054816,0.1739577379037918,0.18114687665788126,0.24734821522243616,0.18408296561014867,0.19632266195088768,0.1825946760862692,0.1593471344721473,0.20408167935581226,0.13401166419904192,0.1338282758093396,0.23085319440859253,0.17646055793691234,0.18239227453261245,0.18064919372950006,0.21882314787809312,0.1731879710162345,0.17761953831301383,0.2588851044650554,0.22038625021174413,0.2320295517561234,0.17966690048068248,-0.08572961197044983,0.21559372511921868,0.17630029694723404,0.21257780305041818,0.17558953036603725,0.20515045133041837,0.18212655307247383,0.03552917933165406,0.23394967941612305,0.1359356589367008,0.25446053997763285,0.5127600533964333,0.11781209898462089,0.186443382459407,0.13438250241555602,0.13587699051801855,0.16443498169229348,0.1909830529325598,-0.4873986364925729,0.21203237061483846,0.1602784510339179,0.19215157316800704,-0.042223416015498456,0.16245291338553614,0.1785317218448861,0.17757678551644818,0.2264524013663702,0.2989270848818869,0.1774651897044571,0.25492640578153974,0.20782657092215853,0.13403732267748095,0.20827979049516057,0.2527988047147531,0.16659062763496688,0.2523167636234258,0.15303896146024457,0.1789243767400336,0.18662419749185494,0.1630271685976572,0.2157053521713402,0.4511876328556127,0.1328462101603023,0.19060627239377936,0.15880663192061895,0.23375856129595843,0.13583469138550475,0.15825645042208336,0.15226504910364444,0.19246089039553899,0.16740323551432432,0.25459880562099363,0.13521662782910795,0.17920366377376148,0.24999820422825567,0.11734270400978045,0.10676293232050774,0.17335239032671976,0.2071643614298343,0.18007822303135237,0.2141259762351013,0.9821363231919529,0.17916126558044734,0.13586592382716264,0.15892487730090332,-0.4487031672702112,0.11894329764724855,0.01920628447196248,0.1606499787307226,0.24453219822969335,0.2191752652417737,0.18884817928555905,0.10531758868502744,0.217078251444185,0.1502874596074969,0.18647927913669735,0.2554564599225882,0.1845435352348481,0.11832567447676828,0.244071601388664,0.18045327301078784,0.2443798701156398,0.24334070441322678,0.10541803463573207,0.2325776709624931,0.16085542279940196,0.1589896618145757,0.24340352946787408,0.18718103115819945,0.2304163121605587,0.1499247516996159,0.17533723097576698,-0.4977676636954904,0.2534337616891275,0.179728629727241,0.2186677710167638,0.1814038475801017,0.16330795427767197,0.1802679843041861,0.21902321254423873,0.14283293397569893,0.18769738312570525,0.1687223630271617,0.1831963008838651,0.7211357039374812,0.2327552759312798,0.1343333944548767,0.24474248232138943
790,1519073299,0.18295562021464698,0.17628068544759867,0.18362205457693717,0.24847224282871855,0.1858553227408815,0.1999033545598523,0.1839903845487223,0.16165071125508415,0.2075247502039451,0.13582991433692634,0.1355976408634994,0.23398799869914028,0.17904998004573322,0.184485591780236,0.18262859036378282,0.21945937553984754,0.17655646620984797,0.17941111230602882,0.25999396211830883,0.22102137981311085,0.23412722149593648,0.18164339547804417,-0.08572961197044983,0.21687162875757043,0.17828137716877387,0.21498160786933887,0.17806700957951885,0.20793147712609172,0.1835206359379255,0.03850454344754282,0.23519644868964268,0.13770066074337342,0.25611703262486735,0.5127600533964333,0.1204730264121413,0.1889866298975088,0.13741790636277104,0.1378845503331469,0.16737369878952005,0.19247686086914112,-0.50127434218737,0.2162290076695229,0.16253224349730702,0.19364688069448865,-0.042223416015498456,0.16477068348062834,0.18032195193956876,0.17936555737032955,0.22771412647277753,0.3017449828106917,0.17925741427002198,0.2565759471277032,0.20921159981585885,0.13604053415863246,0.20967389367178077,0.25390191393950085,0.16960154758597876,0.25342096597276115,0.15509319487798978,0.18101919352767068,0.1884886604583596,0.1647643319241097,0.21634281333077637,0.47175206442602063,0.1346072137156449,0.19264395177529653,0.1610595702679641,0.23563121951659038,0.13851315470229753,0.15998034951143605,0.15433006396979557,0.19394576611563782,0.17040638996108007,0.25570251163805374,0.1370303633461857,0.18129628559440483,0.25165063033565144,0.11947161154268553,0.1081923089515062,0.1762498644425524,0.20925302322690853,0.18185224433509287,0.21592787311988945,0.9824275759764629,0.181251834709716,0.13763747426653591,0.16065099898256163,-0.4486857115638971,0.12106681044505607,0.01920628447196248,0.1621487403875976,0.2462192097195997,0.2217112942311855,0.19258380582880266,0.10745679623552837,0.22070691978595344,0.15235114600451324,0.18851730404529513,0.2565562253255223,0.1857908994166544,0.12098988266003557,0.24519550170677698,0.18243137074586,0.24606512998987695,0.24446860716323887,0.10827539708725238,0.2332014846378315,0.16235578125603686,0.16071591245321903,0.24453305229694278,0.18842493037646535,0.23303760837671939,0.1519758141895179,0.17731715522286873,-0.49713130687593793,0.2545370069014152,0.18182079831347925,0.21993584272283684,0.18317438883687118,0.16504735370447482,0.182627944865412,0.22156306647695428,0.14468283239252572,0.18973156773887095,0.17038848504847898,0.18506230584890715,0.5785414230195596,0.23400195553030279,0.13736294604636384,0.24586732332022773
791,1519073305,0.1850477997487458,0.17860363299140555,0.1860972324959931,0.2495962704350009,0.18821846558185862,0.2034840471688169,0.1853860930111754,0.163954288038021,0.20890197854319822,0.13886033123340036,0.1379567942690458,0.2360778682261721,0.18154359353652771,0.18657890902785956,0.18559768531520693,0.22073183086335638,0.17992496140346143,0.18239706896105376,0.26165724859818895,0.22229163901584428,0.23674930867070285,0.18361989047540583,-0.08572961197044983,0.21814953239592216,0.1802624573903137,0.21798636389298975,0.1800489929503041,0.21001724647284672,0.18491471880337718,0.04048811952480199,0.23706660259992218,0.13946566255004608,0.257221361056357,0.5683167861257937,0.12260176835415763,0.19102122784799025,0.13923914873110005,0.13989211014827524,0.16982262970387554,0.19397066880572245,-0.5116811214584679,0.21802756640724483,0.16478603596069616,0.19439453445772947,-0.042223416015498456,0.1665090110519475,0.18211218203425142,0.18234684379346522,0.2296067141323885,0.30455855106278124,0.1810496388355869,0.25822548847386667,0.21128914315640931,0.13804374563978394,0.21106799684840097,0.2555565777766225,0.17211064754515534,0.25507726949676407,0.15714742829573503,0.18311401031530775,0.18973163576936272,0.16650149525056218,0.2182551968090849,0.5060261170433672,0.13695521845610176,0.195191051002193,0.1633125086153093,0.23687965833034502,0.14119161801909028,0.16170424860078875,0.15639507883594672,0.1961730796957861,0.17340954440783582,0.2573580706636439,0.13944867736895603,0.18391206287020903,0.25275224774058197,0.12213274595881689,0.10962168558250467,0.17972683338155152,0.21064546442495805,0.18480894650799368,0.21893103459453636,0.9826702866302214,0.184387688403619,0.13940902470590918,0.16295249455810604,-0.4486740744263543,0.12372120144231546,0.01920628447196248,0.16289812121603514,0.24734388404620394,0.22297930872589136,0.1940780564461001,0.10888293460252899,0.22215838712266084,0.15493075400078368,0.19106483518104236,0.2576559907284564,0.18766194568936387,0.1231212492066494,0.24688135218394644,0.1849039929147002,0.24775038986411413,0.246160461288257,0.11113275953877269,0.235696739339185,0.1631059604843543,0.16359299685095793,0.24566257512601147,0.18904687998559827,0.23565890459288005,0.1545396423018954,0.17929707946997048,-0.4961767716466092,0.2567434973259905,0.18391296689971748,0.2218379502819464,0.1855351105125638,0.16678675313127767,0.18439791528633145,0.22219802996013316,0.1460702562051458,0.19227429850532807,0.17205460706979622,0.18630630915893517,0.4359471421016381,0.23649531472834875,0.13918067700125616,0.24699216431906604
792,1519073311,0.18713997928284462,0.1809265805352124,0.18857241041504902,0.25128231184442446,0.19117239413308001,0.20563246273419566,0.18747965570485503,0.1668337590166921,0.21027920688245139,0.14067858137128475,0.14031594767459224,0.2381677377532039,0.18395434551983994,0.18797445385960862,0.1880719311080604,0.22264051384861963,0.1826197575583522,0.18418864295406873,0.26276610625144237,0.22419702781994447,0.23884697841051591,0.18559638547276752,-0.08572961197044983,0.21878848421509806,0.18224353761185355,0.21978921750718028,0.1825264721637857,0.21140775937068337,0.18630880166882885,0.04197580158274637,0.23831337187344184,0.14181899829227626,0.2583256894878467,0.45720332066707287,0.12473051029617398,0.1940731247737124,0.14106039109942906,0.14189966996340359,0.1717817744353599,0.1962113807105944,-0.5186189743058665,0.21982612514496672,0.16628856426962224,0.19588984198421108,-0.042223416015498456,0.1694062236708127,0.18390241212893407,0.18413561564734662,0.23086843923879583,0.3073627383486546,0.1828418634011518,0.25932518270464233,0.2133666864969598,0.14004695712093546,0.2124621000250212,0.25665968700137026,0.1746197475043319,0.25618147184609935,0.15971522006791655,0.1852088271029448,0.19097461108036584,0.16823865857701464,0.22016758028739342,0.5231631433520405,0.13871622201144437,0.19773815022908947,0.16556544696265446,0.23750387773722234,0.14387008133588305,0.16342814769014147,0.15846009370209785,0.19840039327593434,0.17541164737233966,0.2584617766807041,0.14126241288603378,0.1860046846908524,0.2538538651455125,0.12426165349172197,0.11176575052900237,0.1814653178510511,0.21273412622203228,0.1871743082463143,0.22073293147932452,0.9828644551532281,0.18647825753288763,0.14118057514528243,0.16467861623976432,-0.4486595280044259,0.12584471424012297,0.01920628447196248,0.16439688287291016,0.24846855837280818,0.22424732322059726,0.19557230706339754,0.1103090729695296,0.22288412079101452,0.15751036199705412,0.19361236631678957,0.2598555215343246,0.18890930987117016,0.12525261575326324,0.24800525250205943,0.18688209064977235,0.24887389644693889,0.24785231541327513,0.11327578137741291,0.2363205530145234,0.16535649816930664,0.16589466436914907,0.24679209795508017,0.192156628031263,0.2377559415658086,0.1565907047917974,0.18127700371707225,-0.49569950403194485,0.25784674253827816,0.18600513548595574,0.2231060219880194,0.18730565176933328,0.1685261525580805,0.18793785612817032,0.22346795692649093,0.14792015462197258,0.19430848311849377,0.17372072909111347,0.1869283108139492,0.3408842881563571,0.23711865452786027,0.14099840795614846,0.2486794258173235
793,1519073316,0.1885347656389105,0.1826687911930676,0.19055255275029376,0.25240633945070684,0.19294475126381286,0.20778087829957445,0.18887536416730816,0.16856144160389475,0.21165643522170452,0.14370899826775876,0.14208531272875205,0.24025760728023574,0.18656189358342257,0.18936999869135765,0.19005132774234315,0.22391296917212847,0.18598825275196565,0.18598021694708372,0.2638749639046958,0.22483215742131119,0.240944648150329,0.18806700421946962,-0.08572961197044983,0.22134429149180154,0.18422461783339336,0.2215920711213708,0.184508455534571,0.21279827226852005,0.18770288453428052,0.04346348364069075,0.2395601411469615,0.14358400009894892,0.25943001791933634,0.5683167861257937,0.1268592522381903,0.19610772272419386,0.14409579504664405,0.1445764163835747,0.1737409191668443,0.19770518864717573,-0.525556827153265,0.22162468388268863,0.16779109257854832,0.1981328032739335,-0.042223416015498456,0.17114455124213185,0.18569264222361673,0.18652064478585514,0.23213016434520314,0.3101828011158169,0.18582890434375998,0.260424876935418,0.21475171539066013,0.1427179057624708,0.2145532547899515,0.25831435083849197,0.17662702747167316,0.25783777537010233,0.1617694534856618,0.18782734808749116,0.19221758639136896,0.17055487634561797,0.22144250260626577,0.5437275749224485,0.140477225566787,0.19977582961060664,0.1670674058608846,0.23875231655097698,0.14587892882347764,0.1657266798092784,0.16104136228478677,0.19914283113598377,0.1774137503368435,0.2595654826977642,0.1430761484031115,0.18809730651149575,0.25550629125290825,0.1274550147910796,0.1146245037909993,0.18320380232055067,0.2141265674200818,0.18953966998463495,0.22253482836411265,0.9833498764607449,0.18909146894447346,0.1435426423977801,0.16640473792142263,-0.44864498158249744,0.1279682270379305,0.01920628447196248,0.1658956445297852,0.2495932326994124,0.22551533771530316,0.19706655768069498,0.11316134970353084,0.2243355881277219,0.15957404839407047,0.1961598974525368,0.2609552869372587,0.19078035614387961,0.12791682393653053,0.24969110297922892,0.1888601883848445,0.25055915632117604,0.24898021816328722,0.11470446260317307,0.23819199404053853,0.16685685662594155,0.16762091500779241,0.24848638219868321,0.1934005272495289,0.23985297853873713,0.1586417672816994,0.18375190902594943,-0.49506314721239236,0.2589499877505659,0.188097304072194,0.22500812954712895,0.18907619302610276,0.17026555198488333,0.18970782654908974,0.2247378838928487,0.15346984987245293,0.19634266773165948,0.17871909515506526,0.18941631743400528,0.26958714769739633,0.23836533412688324,0.14281613891104078,0.2498042668161618
794,1519073322,0.18992955199497638,0.18499173873687444,0.19253269508553847,0.25409238086013036,0.1947171083945457,0.2099292938649532,0.19027107262976126,0.1702891241910974,0.21303366356095765,0.14552724840564318,0.14385467778291183,0.24234747680726756,0.1888509427276202,0.19076554352310668,0.19203072437662588,0.22582165215739172,0.18800934986813375,0.1877717909400987,0.2649838215579492,0.22610241662404462,0.24304231789014208,0.1900434992168313,-0.08572961197044983,0.2219832433109774,0.18670096811031817,0.2239958759402915,0.18649043890535627,0.21418878516635673,0.18979400883245803,0.04495116569863513,0.24018352578372132,0.1459373358411791,0.260534346350826,0.4016465879377125,0.12898799418020665,0.19865097016229566,0.14591703741497306,0.14658397619870306,0.17570006389832868,0.1984520926154664,-0.5324946800006635,0.22342324262041055,0.16854235673301138,0.19962811080041512,-0.042223416015498456,0.172882878813451,0.18748287231829938,0.18830941663973655,0.2327610268984068,0.31297760743547404,0.1876211289093249,0.26207441828158146,0.21613674428436044,0.14472111724362227,0.2159473579665717,0.25941746006323974,0.17913612743084975,0.2594940788941053,0.16433724525784332,0.18992216487512822,0.19408204935787363,0.1734501485563721,0.22207996376570197,0.5540097907076524,0.14399923267747222,0.2018135089921238,0.16856936475911471,0.24000075536473162,0.14788777631107222,0.1674505788986311,0.1631063771509379,0.2006277068560826,0.1799163790424733,0.2606691887148243,0.14549446242588182,0.1901899283321391,0.25715871736030405,0.12958392232398466,0.11605388042199775,0.18552178161321675,0.21551900861813128,0.19131369128837544,0.2243367252489008,0.9835440449837516,0.1911820380737421,0.14531419283715338,0.16870623349696703,-0.4486333444449547,0.1306226180351899,0.01920628447196248,0.16814378701509772,0.25071790702601665,0.22678335221000906,0.19781368298934368,0.11530055725403177,0.2257870554644293,0.16163773479108684,0.1981979223611346,0.26205505234019283,0.19265140241658907,0.13004819048314434,0.2508150032973419,0.1913328105536847,0.2516826629040008,0.2501081209132993,0.11684748444181331,0.2388158077158769,0.16835721508257642,0.16934716564643576,0.2496159050277519,0.19402247685866184,0.24247427475489783,0.1617183610165524,0.18622681433482663,-0.49458587959772804,0.2606048555689974,0.19018947265843222,0.22564216540016546,0.19320745595856487,0.17316455102955475,0.19206778711031566,0.22537284737602759,0.15485727368507304,0.19939394465140803,0.1803852171763825,0.1906603207440333,0.19829000723843557,0.24023535352541775,0.14463386986593307,0.2509291078150001
795,1519073327,0.19271912470710817,0.1896376338244882,0.19649297975602795,0.25634043607269513,0.19944339407649994,0.2135099864739178,0.19306248955466745,0.1737444893655027,0.21785396274834362,0.149163748681412,0.14857298459400467,0.2475721506248471,0.1915646570976645,0.19355663318660477,0.19648436680376208,0.22773033514265498,0.1927252431391926,0.19195213025713362,0.26831039451770944,0.22991319423224493,0.24723765736976827,0.19449061296089507,-0.08572961197044983,0.22581695422603265,0.1911583986087828,0.22880348557813288,0.19144539733231947,0.21766506741094838,0.19327921599608722,0.048422423833838685,0.24267706433076064,0.15064400732563948,0.2632951674295502,-0.8761582648375766,0.13430984903524748,0.20272016606325854,0.14955952215163107,0.15059909582895972,0.18010813954416854,0.20143970848862905,-0.539432532848062,0.22821939925433563,0.17154741335086354,0.20261872585337834,-0.042223416015498456,0.17809786152740842,0.19285356260234734,0.1930794749167536,0.23717706477083242,0.3158207618117841,0.19180298622897632,0.2653735009739084,0.2202918309654614,0.14872754020592527,0.2194326159081222,0.26272678773748304,0.18365250735736757,0.26170248359277587,0.1689592704477701,0.1946355026473116,0.19718948763538144,0.1775035296514279,0.225904730722319,0.2900995855540837,0.14869524215838587,0.20690770744591672,0.17082230310645988,0.24312185239911818,0.15257508711545956,0.17204764313690496,0.16723640688324018,0.20508233401637913,0.18392058497148098,0.26342845375747465,0.1497265119657299,0.19489832742858665,0.2593619521701651,0.13384173738979482,0.11962732199949391,0.1889987505522159,0.21830389101423028,0.19486173389585643,0.2279405190184771,0.9840294662912684,0.19588581861459656,0.1488572937158999,0.17330922464805582,-0.4486071608854835,0.1354005218302568,0.01920628447196248,0.17114131032884777,0.2540919300058293,0.23058739569412673,0.2015493095325873,0.11886590317153331,0.23014145747455142,0.16628102918437362,0.20227397217833018,0.2648044658475281,0.19452244868929855,0.134310923576372,0.25362475409262436,0.19578353045759705,0.2550531826524752,0.25349182916333557,0.12113352811909377,0.2425586897679072,0.17060775276752876,0.17337508380327024,0.253004473514958,0.1965102752951936,0.24719260794398706,0.1668460172413074,0.19068164389080555,-0.49363134436839934,0.26336296859971653,0.19541989412402785,0.22881234466534806,0.1967485384721038,0.17780294950102898,0.1956077279521545,0.2291826282751009,0.1576321213103132,0.20346231387773941,0.1826067132048055,0.19252632570907535,0.10322715329315459,0.2433520525229752,0.14948115241231258,0.254303630811515
796,1519073333,0.19411391106317405,0.19021837071043993,0.1979780865074615,0.2574644636789775,0.20121575120723278,0.21494226351750365,0.19515605224834712,0.17489627775697114,0.2185425769179702,0.15098199881929641,0.15034234964816448,0.24966202015187894,0.19423953013607645,0.19564995043422834,0.19796891427947416,0.2290027904661638,0.19407264121663798,0.19374370425014859,0.26941925217096285,0.23054832383361165,0.24985974454453463,0.19646710795825675,-0.08572961197044983,0.2270948578643844,0.19313947883032265,0.2306063391923234,0.19342738070310472,0.21905558030878505,0.1946732988615389,0.050901893930412646,0.2439238336042803,0.15240900913231215,0.2643994958610399,0.7349869843138749,0.13643859097726382,0.20475476401374,0.15138076451996008,0.15260665564408807,0.18255707045852404,0.2021866124569197,-0.539432532848062,0.23001795799205754,0.17380120581425268,0.20411403337985995,-0.042223416015498456,0.17983618909872756,0.19464379269703,0.194868246770635,0.23780792732403608,0.3186292787743726,0.19359521079454123,0.26647319520468404,0.22167685985916172,0.1513984888474606,0.2208267190847424,0.2638298969622308,0.1841543273492029,0.2628066859421112,0.17101350386551534,0.19673031943494868,0.19843246294638453,0.1792406929778804,0.22717965304119137,0.598566059110203,0.15045624571372848,0.20894538682743388,0.17157328255557494,0.2437460718059955,0.15458393460305414,0.17377154222625768,0.1698176754659291,0.20656720973647796,0.18542216219485885,0.26453215977453476,0.15154024748280762,0.19699094924923,0.2604635695750956,0.13597064492269992,0.12105669863049238,0.19073723502171547,0.21969633221227977,0.1966357551995969,0.230943680493124,0.9842236348142751,0.19797638774386522,0.15180987778152202,0.17445997243582803,-0.4486013423167121,0.13752403462806434,0.01920628447196248,0.17264007198572281,0.25521660433243354,0.23185541018883263,0.20304356014988473,0.12100511072203424,0.23014145747455142,0.16834471558138997,0.20431199708692796,0.2659042312504622,0.19576981287110484,0.13644229012298584,0.25474865441073735,0.19726710375890116,0.25617668923529996,0.2546197319133477,0.12256220934485391,0.24318250344324557,0.1728582904524811,0.1751013344419136,0.25413399634402667,0.19775417451345947,0.2492896449169156,0.1688970797312094,0.19266156813790733,-0.49331316595862307,0.2644662138120042,0.19751206271026608,0.22944638051838456,0.19851907972887328,0.17954234892783183,0.19737769837307395,0.2304525552414587,0.1580945959145199,0.20549649849090512,0.18316208721191127,0.19377032901910338,0.10322715329315459,0.24397539232248672,0.15129888336720487,0.25542847181035333
797,1519073339,0.19620609059727287,0.19196058136829508,0.2004532644265174,0.25858849128525985,0.2029881083379656,0.21709067908288243,0.19794746917325332,0.17719985453990802,0.22129703359647648,0.1528002489571808,0.15270150305371089,0.25175188967891077,0.19659849367721224,0.1977432676818519,0.2009380092308983,0.23027524578967265,0.19609373833280605,0.19613246957416855,0.27052810982421627,0.23181858303634512,0.2519574142843477,0.19893772670495885,-0.08572961197044983,0.22773380968356027,0.19561582910724742,0.23240919280651393,0.19640035575928264,0.22044609320662173,0.1960673817269906,0.05238957598835703,0.24704075678807944,0.15417401093898478,0.26550382429252956,0.6238735188551541,0.13856733291928017,0.2067893619642214,0.15320200688828908,0.15461421545921641,0.1845162151900084,0.20517422833008236,-0.5429014592717614,0.23181651672977943,0.17530373412317876,0.20486168714310077,-0.042223416015498456,0.1827334017175928,0.19643402279171265,0.19725327590914352,0.2390696524304434,0.3214262499323873,0.19598484354862777,0.2675728894354597,0.22306188875286204,0.1534017003286121,0.2222208222613626,0.26493300618697857,0.18616160731654416,0.26446298946611413,0.17306773728326055,0.19934884041949502,0.1990539506018861,0.18097785630433286,0.2290920365194999,0.598566059110203,0.1522172492690711,0.21098306620895108,0.17457720035203517,0.24499451061975014,0.15659278209064872,0.17549544131561037,0.17188269033208023,0.2080520854565768,0.18792479090048864,0.266739571808655,0.15395856150557793,0.1996067265250342,0.2621159956824914,0.13809955245560498,0.12320076357699007,0.19305521431438155,0.22178499400935403,0.1995924573724977,0.23274557737791216,0.9844178033372819,0.20058959915545105,0.15358142822089527,0.1767614680113724,-0.44858970517916935,0.14017842562532373,0.01920628447196248,0.17338945281416032,0.2563412786590378,0.23312342468353853,0.20379068545853346,0.12243124908903484,0.23304439214796616,0.1709243235776604,0.2068595282226752,0.2670039966533963,0.19701717705291116,0.13857365666959967,0.25699645504696333,0.19973972592774136,0.2573001958181247,0.2563115860383658,0.12470523118349415,0.24443013079392234,0.17510882813743345,0.1779784188396525,0.25526351917309537,0.19899807373172537,0.25138668188984414,0.1709481422211114,0.19464149238500908,-0.49283589834395874,0.26667270423657957,0.19960423129650434,0.23261655978356713,0.20087980140456593,0.18128174835463468,0.19914766879399337,0.2310875187246376,0.15948201972714,0.20803922925736226,0.18427283522612278,0.19501433232913143,0.05569572632051408,0.2464687515205327,0.1531166143220972,0.25655331280919164
798,1519073344,0.19760087695333875,0.19428352891210193,0.2034234779293845,0.2602745326946834,0.20476046546869844,0.2192390946482612,0.20004103186693298,0.1800793255185791,0.22336287610535618,0.15461849909506523,0.1550606564592573,0.2538417592059426,0.199073981213245,0.19913881251360094,0.20291740586518103,0.2321839287749359,0.19878853448769682,0.1991184262291935,0.2716369674774697,0.23372397184044527,0.25405508402416077,0.20190246920100138,-0.08572961197044983,0.22901171332191203,0.19759690932878726,0.23421204642070445,0.19838233913006792,0.22253186255337673,0.19746146459244227,0.05387725804630141,0.2482875260615991,0.15652734668121498,0.2677124811555089,0.5683167861257937,0.14122826034680058,0.2093326094023232,0.15623741083550408,0.15796014848443032,0.1864753599214928,0.20592113229837303,-0.5463703856954606,0.23361507546750135,0.17680626243210484,0.20710464843282317,-0.042223416015498456,0.18447172928891195,0.1982242528863953,0.19963830504765206,0.24033137753685072,0.32424198302283447,0.19837447630271432,0.26922243078162317,0.22444691764656235,0.1554049118097636,0.22431197702629294,0.2660361154117264,0.18917252726755604,0.26667139416478475,0.1756355290554421,0.20196736140404134,0.20091841356839077,0.18271501963078535,0.2310044199978084,0.6019934643719377,0.15397825282441374,0.21302074559046824,0.17532817980115023,0.24749138824725941,0.1592712454074415,0.1795178725241,0.17446395891476915,0.2087945233166262,0.19092794534724442,0.2683951308342452,0.15637687552834828,0.2022225038008384,0.2637684217898872,0.14022845998851008,0.12677420515448623,0.19595268843021416,0.22317743520740352,0.2013664786762382,0.2345474742627003,0.9847090561217919,0.20320281056703685,0.15594349547339295,0.18021371137468903,-0.44857224947285523,0.14283281662258313,0.01920628447196248,0.17488821447103536,0.25859062731224625,0.23439143917824443,0.2060320613844796,0.12457045663953577,0.23522159315302724,0.17350393157393085,0.20889755313127298,0.26865364475779746,0.19951190541652375,0.14177070648952042,0.25812035536507627,0.20270687253034958,0.25898545569236187,0.25856739153839,0.12756259363501446,0.2456777581445991,0.17810954505070323,0.17970466947829586,0.25639304200216406,0.2008639225591242,0.2534837188627727,0.1729992047110134,0.19662141663211083,-0.49219954152440626,0.26777594944886723,0.2016963998827426,0.23388463148964017,0.20324052308025856,0.18302114778143752,0.20209761949552577,0.23426233614053202,0.16179439274817348,0.21058196002381938,0.18704970526165154,0.19750233894918748,0.031930012834193826,0.24771543111955568,0.15554025559528695,0.25824057430744907
799,1519073350,0.19899566330940463,0.19602573956995709,0.20589865584844042,0.2613985603009658,0.2065328225994313,0.22067137169184703,0.2021345945606126,0.1829587964972502,0.22542871861423588,0.15764891599153924,0.1574198098648037,0.25593162873297437,0.2014329447543808,0.20053435734535,0.2048968024994638,0.23345638409844474,0.2008096316038649,0.20091000022220848,0.2727458251307231,0.2349942310431787,0.2561527537639739,0.20387896419836304,-0.08572961197044983,0.23092856877943965,0.1995779895503271,0.23601490003489498,0.20085981834354952,0.22392237545121338,0.2002496303233456,0.05536494010424579,0.24953429533511876,0.1594690163590027,0.26881680958699855,0.45720332066707287,0.14335700228881693,0.21238450632804537,0.15805865320383308,0.1613060815096442,0.18843450465297717,0.20965565213982634,-0.5498393121191599,0.23541363420522327,0.17830879074103093,0.21009526348578642,-0.042223416015498456,0.1862100568602311,0.20061122634597217,0.20142707690153344,0.24096224009005437,0.32703823256806325,0.20195892543384414,0.27087197212778663,0.22583194654026267,0.15874359761168277,0.22640313179122323,0.26769077924884804,0.1911798072348973,0.2683276976887877,0.17871687918205995,0.20510958658549694,0.20278287653489546,0.18503123739938865,0.23227934231668076,0.6019934643719377,0.15632625756487056,0.2150584249719854,0.17683013869938036,0.24873982706101405,0.1612800928950361,0.18124177161345273,0.17652897378092028,0.21027939903672505,0.19293004831174823,0.2694988368513053,0.158190611045426,0.20431512562148174,0.26542084789728293,0.1428895944046414,0.12963295841648317,0.19769117289971375,0.22665853820252727,0.20314049997997868,0.23634937114748844,0.9849032246447986,0.2052933796963055,0.15771504591276622,0.1819398330563473,-0.44856061233531247,0.14495632942039063,0.01920628447196248,0.17863511861322293,0.2597153016388504,0.23565945367295033,0.20752631200177707,0.12813580255703733,0.2366730604897346,0.17608353957020131,0.21093557803987076,0.2697534101607316,0.20138295168923323,0.14390207303613425,0.2598062058422458,0.20468497026542173,0.26010896227518665,0.25969529428840205,0.1289912748607746,0.24754919917061424,0.1796099035073381,0.1814309201169392,0.25808732624576713,0.2021078217773901,0.2555807558357012,0.17556303282339092,0.199096321940988,-0.4917222739097419,0.2688791946611549,0.2043116106155404,0.2351527031957132,0.20501106433702804,0.18476054720824037,0.2044575800567517,0.23489729962371092,0.16318181656079356,0.21261614463698508,0.18816045327586303,0.19874634225921553,0.008164299347873574,0.24896211071857868,0.15735798655017924,0.2593654153062874
800,1519073355,0.20248262919956933,0.20067163465757085,0.2098589405189299,0.2636466155135305,0.21007753686089697,0.22496820282260457,0.20562386571674537,0.18641416167165548,0.22956040363199529,0.16128541626730805,0.1615483283245099,0.26115630255055394,0.20303579703974092,0.2040232194247226,0.2088555957680293,0.235365067083708,0.20552552487492373,0.2044931482082384,0.27496354043722987,0.2381698790500123,0.2608725106785533,0.20783195419308642,-0.08572961197044983,0.23348437605614314,0.20403542004879174,0.2402215584680062,0.2053192809278164,0.22809391414472338,0.2037348374869748,0.05982798627807893,0.25140444924539823,0.16358735390790557,0.27212979488146755,-1.3761688594018202,0.14867885714385776,0.21645370222900825,0.1629152995193771,0.1653212011399009,0.19333236648168814,0.212643268012989,-0.5498393121191599,0.240809310418389,0.18206511151334615,0.21233822477550882,-0.042223416015498456,0.19084559705041548,0.20538517326512593,0.2061971351785505,0.24348569030286904,0.32979479341006945,0.20554337456497393,0.27417105482011356,0.22929451877451346,0.1634177577343696,0.22919133814446366,0.27044855231071746,0.19569618716141515,0.27108820356212593,0.18333890437198672,0.20929922016077107,0.20651180246790482,0.18908461849444447,0.23419172579498929,0.2798173697688797,0.16043526586067,0.21913378373501974,0.17983405649584058,0.25248514350227796,0.16663701952862162,0.18468956979215811,0.18117525722976033,0.21399158833697215,0.19693425424075592,0.27170624888542555,0.1642363961023518,0.20850036926276846,0.26872570011207453,0.14714740947045157,0.13320639999397932,0.20116814183871287,0.22944342059862627,0.20668854258745964,0.24055379721199413,0.9853886459523155,0.20999716023715997,0.1624391804177616,0.1853920764196639,-0.44853151949145564,0.15026511141490945,0.01920628447196248,0.18163264192697298,0.262526987455361,0.23882948990971506,0.21200906385366938,0.13241421765803915,0.24102746249985674,0.1807268339634881,0.21501162785706635,0.27195294096659983,0.20387768005284584,0.14869764776601538,0.2620540064784717,0.20864116573556604,0.26291772873224856,0.26195109978842623,0.13399165915093517,0.25066826754730615,0.18336079964892535,0.1848834213942259,0.2603463719039045,0.2039736706047889,0.26029908902479043,0.18017792342567043,0.20355115149696695,-0.49060864947552507,0.2710856850857302,0.20901898993457646,0.23768884660785924,0.20914232726949014,0.1893989456797146,0.20799752089859053,0.23807211703960535,0.16641913879024042,0.2171930600166079,0.19149269731849755,0.20247835218929963,-0.039367127624766934,0.25083213011711314,0.16281117941485618,0.26217751780338316
801,1519073361,0.20318002237760227,0.20183310842947427,0.2098589405189299,0.2636466155135305,0.21125910828138553,0.2256843413443975,0.20562386571674537,0.18641416167165548,0.22956040363199529,0.16189149964660285,0.1615483283245099,0.26115630255055394,0.20552423168631778,0.2040232194247226,0.2098452940851707,0.235365067083708,0.20619922391364642,0.2044931482082384,0.2760723980904833,0.2381698790500123,0.2608725106785533,0.20783195419308642,-0.08572961197044983,0.23348437605614314,0.20403542004879174,0.24082250967273636,0.2053192809278164,0.22809391414472338,0.2037348374869748,0.05982798627807893,0.2526512185189179,0.16358735390790557,0.27212979488146755,0.012749458832189704,0.14867885714385776,0.21645370222900825,0.1629152995193771,0.1653212011399009,0.19333236648168814,0.212643268012989,-0.5498393121191599,0.240809310418389,0.18206511151334615,0.21233822477550882,-0.042223416015498456,0.19084559705041548,0.20538517326512593,0.2061971351785505,0.24474741540927636,0.3325946510192276,0.20554337456497393,0.27417105482011356,0.22998703322136363,0.1634177577343696,0.22919133814446366,0.27100010692309134,0.19669982714508577,0.27108820356212593,0.18333890437198672,0.20929922016077107,0.20651180246790482,0.18908461849444447,0.23419172579498929,0.6122756801571416,0.1610222670457842,0.21964320358039904,0.1813360153940707,0.25248514350227796,0.16663701952862162,0.18468956979215811,0.18117525722976033,0.21473402619702156,0.19693425424075592,0.27225810189395566,0.1642363961023518,0.20850036926276846,0.2692765088145398,0.14767963635367787,0.13320639999397932,0.20116814183871287,0.22944342059862627,0.20668854258745964,0.24055379721199413,0.9853886459523155,0.20999716023715997,0.1624391804177616,0.18596745031355003,-0.4485286102070699,0.15026511141490945,0.01920628447196248,0.18163264192697298,0.262526987455361,0.23882948990971506,0.21200906385366938,0.13241421765803915,0.24102746249985674,0.1807268339634881,0.21501162785706635,0.27195294096659983,0.20387768005284584,0.14869764776601538,0.2620540064784717,0.2091356901693341,0.26291772873224856,0.26195109978842623,0.13399165915093517,0.2512920812226445,0.18336079964892535,0.18660967203286924,0.2603463719039045,0.2039736706047889,0.2608233482680226,0.18069068904814592,0.20355115149696695,-0.49044956027063696,0.27163730769187405,0.20901898993457646,0.23768884660785924,0.20914232726949014,0.1893989456797146,0.20799752089859053,0.23807211703960535,0.16688161339444713,0.2171930600166079,0.19149269731849755,0.20310035384431363,-0.039367127624766934,0.25207880971613617,0.16281117941485618,0.26217751780338316
802,1519073367,0.20457480873366815,0.20357531908732943,0.2118390828541746,0.2647706431198129,0.21303146541211837,0.22854889543156917,0.20701957417919847,0.18814184425885813,0.23093763197124842,0.16431583316378207,0.16331769337866972,0.26324617207758577,0.2063062371631817,0.20611653667234614,0.21182469071945345,0.23663752240721683,0.2088940200685372,0.20747910486326337,0.2771812557437367,0.23944013825274577,0.2634945978533197,0.2098084491904481,-0.08572961197044983,0.234123327875319,0.20651177032571652,0.24382726569638724,0.20730126429860168,0.22948442704256006,0.20512892035242647,0.060819774316708514,0.25452137242919737,0.1653523557145782,0.2732341233129572,-1.1539419284843786,0.1508075990858741,0.21899694966711006,0.16473654188770612,0.16732876095502924,0.19529151121317254,0.21488397991786098,-0.5533082385428592,0.24260786915611088,0.18431890397673528,0.21383353230199045,-0.042223416015498456,0.19258392462173463,0.20717540335980858,0.20798590703243192,0.24600914051568368,0.3345877455337881,0.20733559913053884,0.2752707490508892,0.2320645765619141,0.1654209692155211,0.23058544132108386,0.2721032161478391,0.19870710711242703,0.2727445070861289,0.18539313778973196,0.21139403694840814,0.2077547777789079,0.19082178182089693,0.23546664811386164,0.4820342802112246,0.16395727297135523,0.2216808829619162,0.18208699484318577,0.25310936290915526,0.1686458670162162,0.18641346888151084,0.18324027209591148,0.21696133977716983,0.1994368829463857,0.27391366091954583,0.16605013161942955,0.21111614653857266,0.27037812621947027,0.1503407707698092,0.1346357766249778,0.2040656159545455,0.2315320823957005,0.20964524476036045,0.24355695868664104,0.9855828144753221,0.2120877293664286,0.16421073085713486,0.1876935719952083,-0.44851406378514147,0.15238862421271696,0.01920628447196248,0.183131403583848,0.26365166178196525,0.24009750440442096,0.21350331447096682,0.13384035602503977,0.24247892983656413,0.18279052036050444,0.21806866521996301,0.273602589071001,0.2057487263255553,0.1508290143126292,0.2637398569556412,0.21111378790440624,0.26404123531507334,0.2630790025384383,0.1361346809895754,0.2519158948979829,0.18486115810556022,0.18833592267151258,0.2614758947329732,0.20583951943218773,0.26344464448418325,0.18325451716052343,0.2055310757440687,-0.48965411424619637,0.27329217551030555,0.21111115852081472,0.2395909541669688,0.21091286852625962,0.19171814491545172,0.21094747160012292,0.23934204400596312,0.1691939864154806,0.2192272446297736,0.1942695673540263,0.20372235549932766,-0.06313284111108719,0.25332548931515914,0.16462891036974847,0.26330235880222147
803,1519073372,0.206666988267767,0.2058982666311363,0.21431426077323054,0.26645668452923643,0.21539460825309548,0.229981172475155,0.20911313687287814,0.19044542104179502,0.23231486031050158,0.16613408330166649,0.16626663513560275,0.26585850898637553,0.209221926457714,0.2075120815040952,0.21380408735373618,0.2385462053924801,0.2109151171847053,0.20927067885627834,0.2782901133969901,0.24007526785411248,0.26559226759313276,0.2122790679371502,-0.08572961197044983,0.23604018333284663,0.20849285054725636,0.24563011931057777,0.20928324766938694,0.23087493994039673,0.20652300321787814,0.06280335039396769,0.25576814170271706,0.16829402539236596,0.2743384517444469,-0.5428178684614143,0.15293634102789044,0.22154019710521186,0.16716486504547812,0.1693363207701576,0.1972506559446569,0.21563088388615165,-0.5533082385428592,0.24500594747307344,0.18507016813119834,0.21607649359171285,-0.042223416015498456,0.19432225219305377,0.20896563345449123,0.2097746788863133,0.24664000306888734,0.33810488625209656,0.20912782369610375,0.2763704432816649,0.2334496054556144,0.16742418069667261,0.23267659608601415,0.2737578799849608,0.20121620707160362,0.2738487094354642,0.1879609295619135,0.2134888537360452,0.20837626543440949,0.19255894514734942,0.23801649275160636,0.6157030854188763,0.16571827652669785,0.22422798218881265,0.185090912639646,0.2543578017229099,0.17065471450381078,0.18871200100064775,0.1853052869620626,0.21844621549726867,0.20143898591088955,0.27501736693660594,0.1678638671365073,0.213208768359216,0.2714797436244008,0.1524696783027143,0.1367798415714755,0.20522460560087855,0.23292452359375002,0.21141926606410094,0.24535885557142917,0.986068235782839,0.21417829849569728,0.1659822812965081,0.18941969367686662,-0.44850242664759876,0.15451213701052446,0.01920628447196248,0.18388078441228553,0.2647763361085695,0.2407315116517739,0.21425043977961553,0.1352664943920404,0.2439303971732715,0.18537012835677488,0.2201066901285608,0.27525223717540215,0.2069960905073616,0.15349322249589648,0.2648637572737542,0.2130918856394784,0.2651647418978981,0.2653348080384625,0.13756336221533555,0.25378733592399805,0.18711169579051257,0.19006217331015593,0.2631701789765763,0.20770536825958658,0.2655416814571118,0.18530557965042543,0.20751099999117045,-0.4890177574266439,0.2743954207225932,0.21320332710705295,0.24085902587304184,0.2126834097830291,0.19345754434225457,0.21389742230165532,0.2406119709723209,0.17381873245754756,0.22126142924293932,0.1981571854037666,0.20496635880935568,-0.06313284111108719,0.25457216891418216,0.1664466413246408,0.2644271998010598
804,1519073378,0.21085134733596464,0.20996342483279834,0.21827454544372,0.2698287673480836,0.21893932251456116,0.23284572656232672,0.21190455379778433,0.1939007862162003,0.23644654532826098,0.1715888337153197,0.16980536524392237,0.27160565018571303,0.21184760047605836,0.2110009435834678,0.2177628806223017,0.2423635713630066,0.21495731141704144,0.21285382684230827,0.28050782870349694,0.24325091586094608,0.2703120245077122,0.21623205793187356,-0.08572961197044983,0.23987389424790187,0.21344555110110597,0.2492358265389588,0.2132472144109575,0.23365596573607006,0.21070525181423316,0.06577871450985645,0.25763829561299656,0.17182402900571125,0.2765471086074262,-1.4317255921311807,0.1571938249119231,0.22560939300617475,0.17080734978213613,0.17402062700545703,0.20165873159049677,0.2186184997593143,-0.5533082385428592,0.25040162368623914,0.1880752247490505,0.21831945488143528,-0.042223416015498456,0.19779890733569205,0.21254609364385654,0.2133522225940761,0.24916345328170197,0.34093072192154583,0.21390708920427684,0.279119678858604,0.23621966324301505,0.17209834081935943,0.23546480243925458,0.27651565304683023,0.20573258699812144,0.27660921530880245,0.19206939639740395,0.21872589570513787,0.21148370371191727,0.1983494895688577,0.24056633738935104,0.2729625592454104,0.16982728482249732,0.228303340951847,0.1888458098852213,0.2562304599435418,0.17467240947899992,0.19215979917935316,0.19098407784397822,0.22067352907741694,0.20594371758102317,0.2772247789707262,0.17149133817066278,0.21739401200050273,0.27423378713672714,0.157791947134977,0.1410679714644709,0.2098605641862107,0.23570940598984902,0.21614998954074224,0.24956328163593486,0.9864565728288525,0.21835943675423458,0.1712969326146279,0.1928719370401832,-0.44847624308812756,0.1587591626061395,0.01920628447196248,0.1883770693829106,0.26702568476177796,0.2432675406411857,0.21723894101421043,0.14025797867654255,0.24755906551503995,0.1894975011508076,0.2246922461729058,0.27855153338420446,0.21011450096187737,0.15775595558912414,0.26767350806903667,0.2170480811096227,0.2674117550635477,0.2675906135384867,0.14113506527973593,0.25690640430068995,0.1893622334754649,0.19351467458744262,0.2671235088783167,0.2108151163052513,0.2697357554029689,0.18992047025270495,0.21295579167070028,-0.4880632221973152,0.2766019111471686,0.21738766427952944,0.2433951692851879,0.21799503355333752,0.1980959428137288,0.21743736314349418,0.24251686142185755,0.17659358008278775,0.22634689077585357,0.20093405543929535,0.20807636708442578,-0.08689855459740743,0.25644218831271665,0.1700821032344254,0.2672393022981555
805,1519073384,0.21224613369203052,0.21054416171875007,0.22025468777896473,0.2709527949543659,0.220711679645294,0.23356186508411964,0.21330026226023743,0.19562846880340296,0.23782377366751412,0.1734070838532041,0.17157473029808215,0.27369551971274486,0.21459756675562613,0.21239648841521683,0.21974227725658446,0.24363602668651543,0.21563101045576413,0.21464540083532324,0.28161668635675036,0.2445211750636795,0.2724096942475253,0.21820855292923524,-0.08572961197044983,0.2411517978862536,0.21542663132264578,0.25103868015314934,0.2152291977817428,0.23504647863390674,0.21209933467968484,0.06726639656780083,0.2588850648865162,0.1735890308123839,0.2782036012546607,0.1238629242909105,0.15985475233944352,0.2276439909566562,0.17262859215046514,0.17602818682058538,0.20361787632198117,0.21936540372760496,-0.5533082385428592,0.2522001824239611,0.18957775305797658,0.2198147624079169,-0.042223416015498456,0.1995372349070112,0.2149330671034334,0.21514099444795748,0.24979431583490563,0.34374140372249196,0.21569931376984172,0.2802193730893796,0.23760469213671537,0.17410155230051094,0.23685890561587478,0.277618762271578,0.20623440698995676,0.2777134176581378,0.1941236298151492,0.22082071249277493,0.2127266790229204,0.2000866528953102,0.2424787208676596,0.6294127064658149,0.17158828837783993,0.23034102033336418,0.19034776878345142,0.2587273375710511,0.1766812569665945,0.19388369826870586,0.19304909271012938,0.22141596693746635,0.2069447690632751,0.27832848498778634,0.1739096521934331,0.22000978927630693,0.27533540454165767,0.15992085466788208,0.14321203641096858,0.21044005900937723,0.2371018471878985,0.2179240108444827,0.251365178520723,0.9866507413518592,0.22045000588350325,0.17306848305400116,0.1945980587218415,-0.4484733338037419,0.1614135536033989,0.01920628447196248,0.18987583103978564,0.26871269625168426,0.24390154788853863,0.21798606632285913,0.14168411704354317,0.24901053285174732,0.19156118754782395,0.2267302710815036,0.27965129878713857,0.21136186514368366,0.15988732213573797,0.26879740838714966,0.21902617884469486,0.2685352616463725,0.26928246766350483,0.14256374650549608,0.2575302179760283,0.1908625919320998,0.19524092522608597,0.2682530317073854,0.21205901552351716,0.27183279237589747,0.19197153274260695,0.21493571591780203,-0.4879041329924271,0.27770515635945625,0.22000287501232726,0.2440292051382244,0.219765574810107,0.19983534224053165,0.2192073335644136,0.24442175187139423,0.17705605468699445,0.22838107538901928,0.2014894294464011,0.2093203703944538,-0.08689855459740743,0.2576888679117396,0.1731116548259126,0.2683641432969938
806,1519073389,0.2136409200480964,0.21402858303446037,0.22223483011420947,0.2720768225606483,0.22248403677602682,0.2357102806494984,0.21469597072269053,0.1973561513906056,0.23988961617639382,0.17522533399108853,0.17393388370362858,0.2763078566215346,0.21703421296002656,0.21379203324696588,0.22172167389086722,0.24427225434826985,0.2183258066106549,0.21643697482833824,0.28272554401000377,0.24515630466504623,0.2745073639873384,0.2201850479265969,-0.08572961197044983,0.24306865334378122,0.21790298159957058,0.25344248497207,0.2182021728379207,0.23713224798066174,0.2134934175451365,0.0697458666643748,0.2601318341600359,0.1759423665546141,0.27930792968615037,0.0683061915615501,0.16251567976696393,0.2296785889071376,0.17444983451879414,0.17803574663571373,0.20606680723633664,0.2208592116641863,-0.5533082385428592,0.25519778032016427,0.19108028136690267,0.22205772369763932,-0.042223416015498456,0.20301389004964948,0.21672329719811606,0.21752602358646603,0.25105604094131295,0.34655425036179566,0.21749153833540663,0.28131906732015527,0.23898972103041569,0.17610476378166243,0.23895006038080507,0.27927342610869965,0.20974714693280397,0.27881762000747307,0.19669142158733072,0.222915529280412,0.2139696543339235,0.20182381622176265,0.24375364318653192,0.6122756801571416,0.17334929193318255,0.23237869971488134,0.19109874823256648,0.25935155697792844,0.17935972028338729,0.19560759735805858,0.1951141075762805,0.22290084265756518,0.20994792351003086,0.2799840440133765,0.17572338771051083,0.22210241109695028,0.27643702194658815,0.16204976220078715,0.14464141304196704,0.21333753312520987,0.238494288385948,0.2196980321482232,0.25316707540551114,0.9868934520056175,0.22306321729508904,0.17484003349337443,0.1963241804034998,-0.44845587809742776,0.1635370664012064,0.01920628447196248,0.19062521186822315,0.2703997077415906,0.2458035696305975,0.220974567557454,0.1438233245940441,0.2504620001884547,0.19414079554409439,0.22876829599010137,0.2807510641900727,0.21198554723458682,0.1620186886823518,0.26992130870526265,0.221004276579767,0.2702205215206096,0.2704103704135169,0.1454211089570164,0.2594016590020435,0.1923629503887347,0.1969671758647293,0.2699473159509885,0.21330291474178306,0.2744540885920581,0.19402259523250895,0.21691564016490378,-0.4872677761728746,0.2788084015717439,0.2220950435985655,0.24529727684429742,0.22153611606687648,0.20273434128520307,0.22097730398533305,0.24632664232093088,0.17890595310382124,0.23041526000218499,0.20315555146771835,0.20994237204946783,-0.08689855459740743,0.2589355475107626,0.17553529609910232,0.2694889842958321
807,1519073395,0.21503570640416228,0.21577079369231553,0.22421497244945418,0.2732008501669307,0.22543796532724822,0.239290973258463,0.2167895334163702,0.19908383397780827,0.24126684451564695,0.17764966750826772,0.1757032487577884,0.27839772614856645,0.21958479373721512,0.21588535049458943,0.22419591968372066,0.2455447096717787,0.22169430180426836,0.22002012281436817,0.2849432593165106,0.2464265638677797,0.27712945116210475,0.222655666673299,-0.08572961197044983,0.24434655698213298,0.21988406182111042,0.25524533858626053,0.22018415620870596,0.2385227608784984,0.21488750041058818,0.07222533676094876,0.26200198807031533,0.17770736836128673,0.28041225811764003,0.2349763897496313,0.16464442170898028,0.23171318685761905,0.17627107688712315,0.18004330645084207,0.20851573815069213,0.22235301960076762,-0.5567771649665584,0.25699633905788616,0.1933340738302918,0.2228053774608801,-0.042223416015498456,0.20475221762096862,0.21851352729279871,0.2193147954403474,0.25421035370733125,0.34936348893717006,0.21988117108949318,0.28241876155093093,0.24106726437096618,0.17877571242319776,0.2403441635574253,0.2809280899458213,0.21175442690014523,0.27992182235680835,0.19874565500507596,0.22553405026495835,0.21459114198942508,0.20356097954821514,0.2443911043459681,0.6294127064658149,0.17628429785875357,0.2349257989417778,0.1926007071307966,0.2605999957916831,0.18203818360018006,0.1979061294771955,0.19769537615896943,0.22512815623771346,0.21245055221566064,0.28163960303896673,0.17753712322758858,0.2252413438279153,0.2775386393515187,0.1647108966169185,0.14607078967296552,0.21623500724104247,0.2398867295839975,0.22206339388654384,0.25617023688015805,0.9870876205286243,0.2251537864243577,0.17779261755899653,0.1992010498729303,-0.4484413316754993,0.16566057919901395,0.01920628447196248,0.19212397352509816,0.27208671923149697,0.24833959862000926,0.22172169286610274,0.14596253214454502,0.2519134675251621,0.19620448194111073,0.2313158271258486,0.2818508295930068,0.21323291141639314,0.16415005522896564,0.2721691093414886,0.2234768987486072,0.2719057813948468,0.27153827316352896,0.1482784714085367,0.26127310002805865,0.1938633088453696,0.19926884338292045,0.27107683878005717,0.213924864350916,0.2765511255649867,0.19658642334488644,0.21889556441200553,-0.4866314193533221,0.28101489199631924,0.22418721218480375,0.2478334202564435,0.22330665732364594,0.2044737407120059,0.22274727440625247,0.24759656928728865,0.18075585152064802,0.23244944461535066,0.2048216734890356,0.21118637535949586,-0.08689855459740743,0.2620522465083201,0.17735302705399464,0.27061382529467043
808,1519073400,0.21782527911629404,0.2180937412361224,0.22669015036851012,0.2748868915763542,0.22721032245798106,0.24143938882384178,0.21888309611004986,0.20196330495647935,0.24264407285490008,0.17946791764615214,0.1786521905147214,0.2804875956755983,0.22224154082086534,0.217978667742213,0.2266701654765741,0.24745339265704194,0.22371539892043643,0.22181169680738314,0.286052116969764,0.24769682307051313,0.2792271209019178,0.22512628542000113,-0.08572961197044983,0.24562446062048474,0.22186514204265026,0.25704819220045105,0.22216613957949125,0.23991327377633506,0.2169786247087657,0.07371301881889314,0.26449552661735465,0.18064903803907448,0.2815165865491297,0.4016465879377125,0.16677316365099662,0.23425643429572085,0.17809231925545216,0.1820508662659704,0.2109646690650476,0.2245937315056396,-0.5567771649665584,0.25879489779560805,0.19483660213921788,0.22430068498736172,-0.042223416015498456,0.20649054519228777,0.22030375738748137,0.22229608186348307,0.25547207881373857,0.35219076783219105,0.22286821203210136,0.2835184557817066,0.2424522932646665,0.18077892390434927,0.2417382667340455,0.2820311991705691,0.21426352685932182,0.2810260247061437,0.2013134467772575,0.22815257124950467,0.21583411730042817,0.20529814287466763,0.2469409489837128,0.6225578959423456,0.1780453014140962,0.23696347832329498,0.19560462492725683,0.26184843460543766,0.18404703108777462,0.20077929462611668,0.19976039102512055,0.2266130319578123,0.2144526551801645,0.2832951620645569,0.1799554372503589,0.22733396564855868,0.2786402567564492,0.16683980414982358,0.1482148546194632,0.21797349171054203,0.24197539138107174,0.22502009605944465,0.2579721337649462,0.987281789051631,0.2277669978359435,0.1795641679983698,0.2009271715545886,-0.4484267852535709,0.16831497019627334,0.01920628447196248,0.1936227351819732,0.2737737307214033,0.24897360586736222,0.22321594348340018,0.14738867051154564,0.25336493486186945,0.19878408993738117,0.23386335826159585,0.28350047769740794,0.21448027559819943,0.16628142177557947,0.2738549598186581,0.22545499648367937,0.27302928797767156,0.2732301272885471,0.14970715263429685,0.2625207273787354,0.19611384653032193,0.20214592778065935,0.27220636160912587,0.21641266278744778,0.27864816253791524,0.19863748583478844,0.22087548865910728,-0.4861541517386578,0.28266975981475073,0.226279380771042,0.24973552781555303,0.22507719858041542,0.20621314013880873,0.2251072349674784,0.25013642322000423,0.1821432753332681,0.23448362922851637,0.20593242150324712,0.21243037866952388,-0.08689855459740743,0.26329892610734307,0.17917075800888693,0.27173866629350873
809,1519073406,0.21922006547235992,0.21983595189397756,0.22916532828756603,0.2760109191826366,0.2289826795887139,0.24358780438922054,0.22027880457250296,0.2042668817394162,0.24539852953340638,0.18189225116333135,0.1810113439202678,0.2825774652026301,0.2234378538351406,0.21937421257396203,0.22864956211085685,0.24872584798055078,0.2264101950753272,0.2242004621314031,0.28716097462301743,0.2496022118746133,0.28132479064173094,0.22759690416670322,-0.08572961197044983,0.24754131607801233,0.2238462222641901,0.2588510458146416,0.22414812295027653,0.24130378667417174,0.21837270757421737,0.07520070087683751,0.26511891125411446,0.1824140398457471,0.2831730791963642,-0.5428178684614143,0.16890190559301296,0.2362910322462023,0.18112772320266715,0.1853967992911843,0.212923813796532,0.2268344434105116,-0.5567771649665584,0.26059345653332994,0.19633913044814397,0.22654364627708415,-0.042223416015498456,0.2082288727636069,0.22209398748216402,0.22408485371736447,0.2561029413669422,0.3548917644896856,0.2252578447861879,0.28516799712787005,0.24383732215836681,0.18411760970626842,0.2438294214989758,0.2836858630076908,0.21627080682666305,0.2826823282301466,0.20336768019500273,0.230771092234051,0.2170770926114313,0.20819341508542177,0.247578410143149,0.6019934643719377,0.1798063049694388,0.23900115770481214,0.19710658382548696,0.26372109282606965,0.1867254944045674,0.2030778267452536,0.20234165960780948,0.22809790767791113,0.21745580962692024,0.284398868081617,0.18176917276743665,0.22994974292436285,0.280292682863845,0.16950093856595494,0.15178829619695935,0.22029147100320814,0.244064053178146,0.22679411736318514,0.25977403064973437,0.9874759575746377,0.22985756696521217,0.18192623525086749,0.203228667130133,-0.4484151481160281,0.17043848299408085,0.01920628447196248,0.19512149683884822,0.27489840504800755,0.2502416203620681,0.22471019410069762,0.1516670856125475,0.25554213586693053,0.2013636979336516,0.23590138317019363,0.28460024310034204,0.21635132187090889,0.16894562995884677,0.2749788601367711,0.22792761865251956,0.27415279456049635,0.2743580300385592,0.15256451508581717,0.26439216840475055,0.1976142049869568,0.20387217841930272,0.2739006458527289,0.2170346123965807,0.28074519951084376,0.20068854832469044,0.22335039396798448,-0.4855177949191053,0.28377300502703845,0.22837154935728024,0.25100359952162604,0.2268477398371849,0.20795253956561158,0.2268772053883978,0.2507713867031831,0.1844556483543016,0.23651781384168208,0.20870929153877588,0.21429638363456596,-0.11066426808372769,0.26454560570636604,0.18098848896377925,0.2734259277917662
810,1519073412,0.22131224500645877,0.22215889943778444,0.23164050620662194,0.277134946788919,0.23075503671944675,0.24502008143280637,0.22167451303495606,0.2071463527180873,0.2467757578726595,0.18371050130121575,0.1827807089744276,0.28466733472966194,0.2261722835820554,0.2207697574057111,0.2306289587451396,0.24999830330405962,0.22843129219149527,0.22599203612441807,0.28826983227627084,0.25150760067871347,0.2839468778164973,0.22957339916406488,-0.08572961197044983,0.24818026789718822,0.22632257254111487,0.2606538994288321,0.2261301063210618,0.24269429957200842,0.22116087330512071,0.07668838293478189,0.26636568052763415,0.18476737558797732,0.28427740762785386,-0.15392073935589148,0.17103064753502928,0.23832563019668374,0.18294896557099616,0.18807354571135543,0.21488295852801637,0.22832825134709292,-0.5567771649665584,0.2623920152710519,0.19709039460260702,0.22953426133004737,-0.042223416015498456,0.20996720033492605,0.22567444767152933,0.226469882855873,0.25736466647334955,0.3577176001591349,0.2270500693517528,0.2868175384740335,0.24522235105206713,0.18612082118741993,0.24592057626390612,0.28478897223243854,0.21877990678583964,0.2843386317541496,0.20593547196718426,0.23286590902168808,0.21956304323343753,0.20993057841187426,0.24885333246202135,0.6088482748954069,0.18156730852478142,0.2410388370863293,0.19860854272371706,0.2649695316398243,0.18873434189216198,0.20480172583460632,0.2044066744739606,0.22884034553796054,0.21945791259142408,0.28550257409867713,0.18479206529589953,0.23204236474500622,0.2813943002687755,0.17162984609886,0.1546470494589563,0.2220299554727077,0.2454564943761955,0.22856813866692563,0.26217655982945187,0.9876701260976445,0.232470778376798,0.18369778569024073,0.2049547888117913,-0.44840351097848535,0.17309287399134024,0.01920628447196248,0.1988684009810358,0.2760230793746118,0.25214364210412693,0.22545731940934635,0.1530932239795481,0.2569936032036379,0.20342738433066798,0.2379394080787914,0.28570000850327615,0.2175986860527152,0.1710769965054606,0.276102760454884,0.22990571638759172,0.27583805443473347,0.2754859327885713,0.1547075369244574,0.2656397957554273,0.19836438421527428,0.20559842905794606,0.2750301686817976,0.2182785116148466,0.2828422364837723,0.20273961081459244,0.22533031821508623,-0.4850405273044409,0.2848762502393261,0.2315098022366376,0.2522716712276991,0.2297986419318007,0.210851538610283,0.22864717580931726,0.25204131366954086,0.18584307216692167,0.23906054460813922,0.2098200395529874,0.215540386944594,-0.11066426808372769,0.26516894550587755,0.18280621991867155,0.27511318929002365
811,1519073417,0.22410181771859053,0.22564332075349475,0.2360958264609226,0.2793830020014837,0.23429975098091244,0.24860077404177097,0.22516378419108882,0.2106017178924926,0.25090744289041894,0.18734700157698458,0.18631943908274723,0.28989200854724145,0.22776218875687143,0.2242586194850837,0.2345877520137051,0.2519069862893229,0.23247348642383142,0.230769566772458,0.29048754758277767,0.25468324868554704,0.28814221729612344,0.23352638915878826,-0.08572961197044983,0.25073607517389174,0.23028473298419455,0.2654615090666735,0.23058956890532867,0.24686583826551842,0.2239490390360241,0.08065553508930025,0.26823583443791366,0.1882973792013226,0.287038228706578,-1.3206121266724598,0.17635250239007014,0.24239482609764662,0.18719853109709716,0.19208866534161212,0.21929103417385623,0.23056896325196488,-0.5567771649665584,0.2677876914842176,0.20084671537492224,0.2317772226197698,-0.042223416015498456,0.2146027405251104,0.23044839459068306,0.23064368384826292,0.2592572541329605,0.3604662232604966,0.2306345184828826,0.28956677405097264,0.24868492328631792,0.19012724414972293,0.24870878261714652,0.28754674529430796,0.22229264672868684,0.2865470364528202,0.21004393880267472,0.2370555425969622,0.22267048151094535,0.21340490506477922,0.25076571594032987,0.4306232012852047,0.18508931563546668,0.24511419584936364,0.20086148107106225,0.26746640926733356,0.19342165269654935,0.2082495240133117,0.20853670420626289,0.23255253483820765,0.22346211852043177,0.2877099861327974,0.1890241148357476,0.23675076384145377,0.2841483437811018,0.17588766116467017,0.15822049103645247,0.22550692441170683,0.2482413767722945,0.23211618127440659,0.2657803535990282,0.9881555474051613,0.23717455891765246,0.18724088656898727,0.2084070321751079,-0.4483802367033999,0.17787077778640717,0.01920628447196248,0.20111654346634836,0.2788347651911223,0.25467967109353873,0.23068719656988737,0.15665856989704965,0.26134800521376006,0.20755475712470067,0.242015457895987,0.28789953930914436,0.22009341441632782,0.17587257123534172,0.27835056109111,0.23386191185773603,0.27864682089179543,0.27774173828859544,0.15899358060173785,0.2681350504567808,0.2021152803568615,0.20905093033523275,0.277289214339935,0.22014436044224542,0.28756056967286153,0.20684173579439646,0.22929016670928973,-0.4842450812800003,0.28708274066390144,0.23674022370223324,0.25417377878680864,0.23333972444533965,0.21433033746388866,0.23218711665115613,0.2552161310854353,0.18815544518795516,0.2431289138344706,0.2120415355814104,0.21802839356465006,-0.11066426808372769,0.26766230470392355,0.18825941278334848,0.27848771228653857
812,1519073423,0.22619399725268935,0.22622405763944645,0.23708589762854496,0.2805070296077661,0.23607210811164525,0.25074918960714976,0.22655949265354192,0.21175350628396103,0.2515960570600455,0.18916525171486898,0.18749901578552045,0.29093694331075737,0.2303386637551482,0.22704970914858177,0.23656714864798786,0.25317944161283173,0.23449458353999952,0.23256114076547296,0.29270526288928445,0.2559535078882805,0.28971546960098327,0.23451463665746908,-0.08572961197044983,0.2513750269930676,0.23177054315034942,0.2678653138855942,0.23158056059072132,0.24825635116335507,0.22534312190147576,0.08164732312792983,0.2694826037114333,0.1894740470724377,0.2881425571380677,-0.37614767027333307,0.1774168733610783,0.24341212507288734,0.18841269267598318,0.19342703855169768,0.22027060653959843,0.2320627711885462,-0.5567771649665584,0.26838721106345825,0.2038517719927744,0.2332725301462514,-0.042223416015498456,0.21518218304888348,0.2316418813204715,0.23183619841751718,0.26178070434577516,0.363275461835871,0.23182933485992588,0.2906664682817483,0.2507624666268684,0.19079498131010675,0.2501028857937667,0.2886498545190558,0.2232962867123575,0.2882033399768231,0.21107105551154734,0.23810295099078074,0.2232919691664469,0.21456301394908087,0.2520406382592022,0.619130490680611,0.1868503191908093,0.24664245538550153,0.20386539886752247,0.26871484808108814,0.1947608843549457,0.20939879007288018,0.21008546535587624,0.2347798484183559,0.22446317000268368,0.2888136921498575,0.19023327184713276,0.23832023020693627,0.28524996118603235,0.177484341814349,0.1589351793519517,0.22724540888120642,0.249633817970344,0.23270752170898676,0.2681828827787457,0.9882526316666647,0.23821984348228678,0.1890124370083605,0.2107085277506523,-0.44837732741901415,0.1789325341853109,0.01920628447196248,0.20261530512322337,0.27995943951772656,0.25594768558824466,0.2314343218785361,0.15737163908054996,0.2620737388821137,0.20858660032320886,0.24303447035028589,0.2895491874135455,0.22196446068903727,0.17693825450864864,0.279474461409223,0.23584000959280818,0.2797703274746202,0.27886964103860756,0.15970792121461794,0.26938267780745756,0.2036156388134964,0.21135259785342386,0.27841873716900367,0.22201020926964427,0.2896576066457901,0.20838003266182295,0.2302801288328406,-0.48344963525555973,0.28873760848233293,0.23778630799535236,0.25544185049288165,0.23452008528318596,0.21548993708175723,0.23336709693176907,0.2558510945686142,0.18908039439636853,0.24414600614105347,0.21259690958851615,0.2192723968746781,-0.11066426808372769,0.26953232410245803,0.18947123341994335,0.2796125532853769
813,1519073429,0.22828617678678817,0.22854700518325333,0.24005611113141204,0.2821930710171896,0.23902603666286665,0.2521814666507356,0.22865305534722158,0.2140570830668979,0.2536618995689252,0.192195668611343,0.19044795754245344,0.2940717476013051,0.2325707456129518,0.2284452539803308,0.239536243599412,0.25445189693634057,0.2365156806561676,0.23494990608949293,0.29381412054253786,0.2572237670910139,0.29338639164565616,0.2374793791535116,-0.08572961197044983,0.2526529306314193,0.2347421634826592,0.27026911870451487,0.23455353564689924,0.24964686406119174,0.22673720476692744,0.083630899205189,0.2713527576217128,0.1918273828146679,0.2897990497853022,-0.43170440300269347,0.1806099862741028,0.24697267148622987,0.19144809662319817,0.19677297157691157,0.223209323636825,0.2343034830934182,-0.5567771649665584,0.2713848089596614,0.2053543003017005,0.23402018390949222,-0.042223416015498456,0.2180793956677487,0.23402885478004837,0.23422122755602573,0.2630424294521825,0.36606233041488356,0.23421896761401242,0.29231600962791177,0.2521474955205687,0.19413366711202593,0.2514969889703869,0.28975296374380355,0.22580538667153405,0.2893075423261584,0.21415240563816518,0.24124517617223634,0.22515643213295156,0.217458286159835,0.2539530217375107,0.6122756801571416,0.18919832393126612,0.24969897445777728,0.20611833721486766,0.2705875063017201,0.19810896350093668,0.21169732219201712,0.21318298765510293,0.23626472413845473,0.22696579870831346,0.29046925117544775,0.19265158586990308,0.24145916293790132,0.28635157859096283,0.18067770311370662,0.16179393261394862,0.22898389335070599,0.25172247976741824,0.23625556431646771,0.2711860442533926,0.9885438844511747,0.24135569717618977,0.1913745042608582,0.2135853972200828,-0.4483627809970857,0.1821178033820222,0.01920628447196248,0.2041140667800984,0.2810841138443308,0.2572157000829505,0.23292857249583354,0.1602239158145512,0.2635252062188211,0.21219805151798748,0.24660101394033201,0.2911988355179467,0.22321182487084357,0.18066814596522282,0.28116031188639246,0.2388071561954164,0.280893834057445,0.28056149516362566,0.16327962427901832,0.27063030515813435,0.2058661764984487,0.213654265371615,0.27954825999807237,0.22387605809704308,0.2928031621051829,0.21145662639667595,0.23374499626526868,-0.4829723676408954,0.2898408536946206,0.24092456087470973,0.25734395805199123,0.2368808069588786,0.21780913631749435,0.23690703777360794,0.25712102153497196,0.19093029281319532,0.24719728306080202,0.21481840561693916,0.2205164001847061,-0.11066426808372769,0.270779003701481,0.1918948746931331,0.2807373942842152
814,1519073434,0.22968096314285405,0.23145068961301193,0.24253128905046797,0.28444112622975437,0.24138917950384378,0.2550460207379073,0.23004876380967468,0.216936554045569,0.2557277420778049,0.1940139187492274,0.19221732259661325,0.29616161712833694,0.23489604666667294,0.22984079881207986,0.24151564023369476,0.25699680758335824,0.23921047681105836,0.2367414800825079,0.295477407022418,0.25785889669238066,0.2960084788204225,0.24044412164955414,-0.08572961197044983,0.2545697860889469,0.23672324370419903,0.2726729235234356,0.23653551901768452,0.25173263340794677,0.22882832906510495,0.08511858126313337,0.2725995268952324,0.19418071855689809,0.29090337821679185,-0.37614767027333307,0.18273872821611914,0.24951591892433167,0.1944835005704132,0.1994497179970827,0.2251684683683094,0.23579729102999952,-0.5567771649665584,0.27318336769738333,0.20685682861062657,0.23626314519921465,-0.042223416015498456,0.21981772323906784,0.23581908487473102,0.2360099994099071,0.2643041545585898,0.368865796087971,0.23601119217957733,0.2934157038586874,0.25353252441426904,0.19680461575356126,0.25358814373531724,0.2908560729685513,0.22881630662254593,0.2909638458501614,0.21672019741034673,0.2433399929598734,0.22577791978845313,0.2191954494862875,0.2552279440563831,0.6122756801571416,0.19095932748660874,0.2522460736846737,0.20762029611309776,0.2712117257085974,0.20011781098853126,0.21514512037072253,0.21576425623779186,0.23774959985855357,0.22996895315506924,0.29157295719250786,0.19446532138698083,0.24355178475854466,0.28800400469835863,0.1828066106466117,0.16465268587594556,0.2318813674665386,0.2531149209654677,0.23921226648936852,0.27358857343311016,0.9890293057586915,0.2434462663054584,0.19432708832648032,0.2153115189017411,-0.4483453252907716,0.18424131617982972,0.01920628447196248,0.20561282843697343,0.28220878817093503,0.2578497073303035,0.2351699484217797,0.16236312336505213,0.26570240722388216,0.21426173791500383,0.24914854507607923,0.29284848362234783,0.22508287114355302,0.1833323541484901,0.28228421220450545,0.24078525393048855,0.28201734064026973,0.2816893979136378,0.16470830550477847,0.2712541188334727,0.20736653495508361,0.21538051601025834,0.28124254424167544,0.2257419069244419,0.29542445832134356,0.21350768888657795,0.23572492051237043,-0.4823360108213429,0.29094409890690826,0.243016729460948,0.25861202975806424,0.23924152863457124,0.2195485357442972,0.23926699833483384,0.25839094850132976,0.196017513459469,0.24974001382725913,0.21981677168089092,0.22238240514974816,-0.11066426808372769,0.2714023435009925,0.1937126056480254,0.2818622352830535
815,1519073440,0.23107574949891993,0.2331929002708671,0.24649157372095742,0.28781320904860147,0.24316153663457662,0.2564782977814931,0.23144447227212778,0.22039191921997428,0.25710497041705804,0.19643825226640663,0.19575605270493288,0.30086382356415853,0.2400412283969,0.2312363436438289,0.24349503686797752,0.26081417355388475,0.24123157392722644,0.24092181939954282,0.2982495511555515,0.2610345446992143,0.30072823573500196,0.2424206166469158,-0.08572961197044983,0.25776454518482633,0.23870432392573887,0.27627863075181663,0.23851750238846978,0.25451365920362007,0.23091945336328246,0.08660626332107776,0.27322291153199224,0.19771072217024338,0.29255987086402635,0.0683061915615501,0.18539965564363955,0.2515505168748131,0.1969118237281852,0.20145727781221104,0.22712761309979376,0.2380380029348715,-0.5567771649665584,0.27738000475206775,0.20760809276508962,0.23775845272569626,-0.042223416015498456,0.22155605081038698,0.24059303179388478,0.23958754311766992,0.2674584673246081,0.37169091014463446,0.2407904576877504,0.29616493943562655,0.25491755330796934,0.1994755643950966,0.25498224691193744,0.2919591821932991,0.23132540658172251,0.293172250548832,0.2208286642458372,0.2480533307320568,0.22888535806596091,0.22209072169704164,0.25841524985356396,0.598566059110203,0.19565533696752238,0.25428375306619094,0.20837127556221283,0.2730843839292294,0.20212665847612585,0.21686901946007522,0.21989428597009414,0.238492037718603,0.23197105611957305,0.292676663209568,0.19930194943252147,0.2482601838549922,0.2902072395082197,0.18546774506274305,0.16679675082244325,0.23361985193603818,0.255203582762542,0.24098628779310902,0.2771923672026865,0.9894661849354567,0.2476274045639957,0.19787018920522684,0.2170376405833994,-0.4483336881532289,0.18901921997489662,0.01920628447196248,0.20861035175072348,0.2855828111507477,0.2603857363197153,0.23741132434772586,0.16521540009905333,0.2664281408922359,0.21838911070903652,0.25118656998467703,0.2955978971296831,0.2269539174162625,0.1859965623317574,0.28453201284073143,0.2427633516655607,0.2842643538059193,0.284509154788668,0.16613698673053864,0.27250174618414946,0.20886689341171852,0.2171067666489017,0.28406635131434715,0.22885165497010662,0.2996185322672007,0.21812257948885747,0.23819982582124763,-0.48169965400179043,0.29315058933148364,0.24772410877998405,0.26051413731717377,0.24337279156703334,0.22128793517110004,0.24103696875575328,0.26220072940040307,0.19740493727208908,0.2532998369002991,0.22092751969510244,0.22424841011479021,-0.11066426808372769,0.2738957026990385,0.19613624692121515,0.2846743377801492
816,1519073446,0.2338653222110517,0.23900026913038427,0.24847171605620216,0.28893723665488386,0.24670625089604228,0.2593428518686648,0.23423588919703398,0.22211960180717694,0.26123665543481744,0.20128691930076503,0.19870499446186587,0.30295369309119036,0.2401033745275117,0.235422978139076,0.247453830136543,0.2620866288773936,0.2452737681595626,0.24271339339255782,0.29935840880880493,0.2623048039019477,0.3028259054748151,0.2468677303909796,-0.08572961197044983,0.25968140064235395,0.24415229453497342,0.2792833867754675,0.24347246081543297,0.25798994144821175,0.2337076190941858,0.09057341547559611,0.27571645007903156,0.20065239184803113,0.2953206919427505,-1.1539419284843786,0.1901893250131763,0.25612836226339636,0.2005543084648432,0.20547239744246773,0.23153568874563363,0.24102561880803416,-0.5567771649665584,0.2791785634897897,0.21211567769186787,0.24000141401541866,-0.042223416015498456,0.2267710335243444,0.24238326188856743,0.24256882954080558,0.26872019243101547,0.3745174674268696,0.2425826822533153,0.29726463366640216,0.2583801255422202,0.20481746167816725,0.25777045326517783,0.2947169552551685,0.23634360650007566,0.2942764528981673,0.22339645601801872,0.25014814751969383,0.23012833337696403,0.22614410279209743,0.25905271101300015,0.30038180133928766,0.197416340522865,0.2583591118292253,0.21062421390955802,0.27620548096361597,0.20681396928051318,0.22089145066856486,0.22195930083624527,0.24220422701885008,0.2364757877897067,0.2948840752436882,0.2011156849495992,0.25035280567563556,0.2913088569131502,0.19025778701177948,0.17037019239993942,0.23825581052137035,0.25868468575766573,0.24512567083517015,0.2789942640874746,0.989708895589215,0.2502406159755815,0.1996417396446001,0.22048988394671598,-0.448304595309372,0.19114273277270416,0.01920628447196248,0.21085849423603603,0.2867074854773519,0.2622877580617741,0.24114695089096946,0.1702068843835555,0.270782542902358,0.22096871870530696,0.25577212602902205,0.2966976625326172,0.2282012815980688,0.19025929542498507,0.2856559131588444,0.24671954713570501,0.2859496136801565,0.2856370575386801,0.17113737102069917,0.27562081456084137,0.21111743109667083,0.22055926792618838,0.2857606355579502,0.22947360457923957,0.30223982848336134,0.22017364197875947,0.24265465537722658,-0.48074511877246173,0.2942538345437713,0.24981627736622228,0.26178220902324684,0.24691387408057228,0.22708593326044285,0.24516689973789862,0.26283569288358194,0.20064225950153594,0.2573682061266305,0.2237043897306312,0.22549241342481827,-0.11066426808372769,0.27451904249854997,0.20098352946759465,0.28579917877898753
817,1519073451,0.2338653222110517,0.23900026913038427,0.24847171605620216,0.28893723665488386,0.24788782231653086,0.26149126743404355,0.23423588919703398,0.22211960180717694,0.26123665543481744,0.20128691930076503,0.19870499446186587,0.30295369309119036,0.24209205070708614,0.235422978139076,0.24794867929511372,0.2620866288773936,0.24662116623700797,0.24271339339255782,0.30046726646205835,0.2623048039019477,0.3028259054748151,0.2468677303909796,-0.08572961197044983,0.25968140064235395,0.24415229453497342,0.2792833867754675,0.24347246081543297,0.25798994144821175,0.2337076190941858,0.09057341547559611,0.27633983471579143,0.20065239184803113,0.2953206919427505,-0.26503420481461226,0.1907215104986804,0.25612836226339636,0.2005543084648432,0.20614158404751048,0.23153568874563363,0.24102561880803416,-0.5567771649665584,0.2791785634897897,0.21211567769186787,0.24000141401541866,-0.042223416015498456,0.2267710335243444,0.24238326188856743,0.24256882954080558,0.27061278009062645,0.37728268762230616,0.2425826822533153,0.29726463366640216,0.2590726399890703,0.20481746167816725,0.25777045326517783,0.2947169552551685,0.23684542649191098,0.2942764528981673,0.22339645601801872,0.25014814751969383,0.23012833337696403,0.22614410279209743,0.25905271101300015,0.6019934643719377,0.1985903428930934,0.25886853167460455,0.21062421390955802,0.27620548096361597,0.20681396928051318,0.22089145066856486,0.22195930083624527,0.24294666487889952,0.2364757877897067,0.2954359282522183,0.2011156849495992,0.25035280567563556,0.2913088569131502,0.19025778701177948,0.17037019239993942,0.23825581052137035,0.25868468575766573,0.24512567083517015,0.2789942640874746,0.989708895589215,0.2502406159755815,0.1996417396446001,0.2216406317344882,-0.44830168602498627,0.19114273277270416,0.01920628447196248,0.21085849423603603,0.2867074854773519,0.2622877580617741,0.24114695089096946,0.1702068843835555,0.270782542902358,0.22096871870530696,0.25577212602902205,0.2966976625326172,0.2282012815980688,0.19025929542498507,0.2856559131588444,0.2477085960032411,0.2859496136801565,0.2856370575386801,0.17113737102069917,0.27562081456084137,0.21111743109667083,0.22171010168528396,0.2857606355579502,0.22947360457923957,0.30223982848336134,0.22068640760123498,0.24265465537722658,-0.4805860295675736,0.29480545714991513,0.24981627736622228,0.26178220902324684,0.24691387408057228,0.22708593326044285,0.24516689973789862,0.26283569288358194,0.20110473410574264,0.2573682061266305,0.22425976373773693,0.22549241342481827,-0.11066426808372769,0.275765722097573,0.20158943978589208,0.28579917877898753
818,1519073457,0.23526010856711757,0.24074247978823943,0.2504518583914469,0.2906232780643074,0.250250965157508,0.26292354447762945,0.23563159765948707,0.2238472843943796,0.2626138837740706,0.20310516943864945,0.20047435951602569,0.3050435626182222,0.244753976634954,0.23751629538669958,0.25042292508796715,0.2633590842009024,0.24864226335317605,0.24569935004758275,0.30213055294193847,0.2629399335033144,0.3059724100845347,0.24884422538834128,-0.08572961197044983,0.2609593042807057,0.24613337475651326,0.2816871915943882,0.24545444418621826,0.2593804543460484,0.23510170195963748,0.09255699155285528,0.2782099886260709,0.20241739365470376,0.2964250203742402,0.0683061915615501,0.19285025244069673,0.2581629602138778,0.2023755508331722,0.20814914386263883,0.23398461965998912,0.24326633071290615,-0.5567771649665584,0.2809771222275116,0.214369470155257,0.24149672154190027,-0.042223416015498456,0.22850936109566355,0.24417349198325008,0.24555011596394125,0.27187450519703377,0.3801041936150403,0.24437490681888022,0.2983643278971778,0.2604576688827706,0.20682067315931876,0.25916455644179803,0.29582006447991627,0.23885270645925225,0.2953806552475026,0.22545068943576396,0.2522429643073309,0.23137130868796715,0.22788126611854992,0.2603276333318725,0.6294127064658149,0.20035134644843605,0.261415630901501,0.21212617280778812,0.27682970037049326,0.20882281676810777,0.22261534975791755,0.22505682313547196,0.24443154059899835,0.2389784164953365,0.2970914872778085,0.20292942046667695,0.25296858295143976,0.29296128302054597,0.19238669454468457,0.1725142573464371,0.24057378981403646,0.26077334755473996,0.24749103257349078,0.2825980578570509,0.9899030641122217,0.25285382738716733,0.2025943237102222,0.22336675341614648,-0.4482871396030578,0.19326624557051167,0.01920628447196248,0.21235725589291105,0.28783215980395616,0.26418977980383296,0.2426412015082669,0.1716330227505561,0.2715082765707117,0.22303240510232333,0.2583196571647693,0.29834731063701836,0.22882496368897196,0.1923906619715989,0.2879037137950704,0.24968669373831326,0.2876348735543936,0.2867649602886922,0.17256605224645932,0.27686844191151816,0.21261778955330574,0.22458718608302286,0.2868901583870189,0.2313394534066384,0.30486112469952203,0.22273747009113698,0.24463457962432833,-0.47994967274802114,0.2964603249683466,0.25190844595246054,0.26431835243539287,0.24868441533734176,0.2288253326872457,0.24693687015881804,0.26410561984993974,0.20249215791836273,0.2594023907397962,0.22537051175194844,0.22735841838986032,-0.11066426808372769,0.2776357414961075,0.20340717074078438,0.28692401977782583
819,1519073462,0.23735228810121642,0.24248469044609458,0.2529270363105028,0.29230931947373096,0.2532048937087294,0.2643558215212153,0.23772516035316674,0.22672675537305068,0.2646797262829503,0.20492341957653384,0.2034233012729587,0.307133432145254,0.24706633057813102,0.23891184021844863,0.2524023217222499,0.2652677671861657,0.2506633604693441,0.24749092404059772,0.3032394105951919,0.26421019270604784,0.30807007982434775,0.2518089678843838,-0.08572961197044983,0.2615982560998816,0.2481144549780531,0.28349004520857873,0.24743642755700354,0.2607709672438851,0.23649578482508915,0.09404467361079966,0.2800801425363504,0.20535906333249151,0.2980815130214747,0.012749458832189704,0.19497899438271307,0.2607062076519796,0.2048038739909442,0.21015670367776718,0.2359437643914735,0.24476013864948748,-0.5567771649665584,0.2827756809652335,0.2158719984641831,0.2452349903581043,-0.042223416015498456,0.2302476886669827,0.24596372207793274,0.24733888781782262,0.2731362303034411,0.3828917838068387,0.2473619477614884,0.2994640221279535,0.26184269777647096,0.20882388464047025,0.26264981438334856,0.2969231737046641,0.2408599864265935,0.2964848575968379,0.2280184812079455,0.25486148529187724,0.23199279634346873,0.22961842944500238,0.26224001681018105,0.6225578959423456,0.20211235000377867,0.26447214997377677,0.2143791111551333,0.27932657799800253,0.21150128008490054,0.22606314793662297,0.2271218380016231,0.2459164163190972,0.2414810452009663,0.29874704630339866,0.20474315598375467,0.2550612047720831,0.29461370912794177,0.19451560207758964,0.17394363397743556,0.24289176910670254,0.2621657887527895,0.24926505387723127,0.28439995474183905,0.9900972326352285,0.254944396516436,0.20436587414959548,0.2250928750978048,-0.4482755024655151,0.19538975836831918,0.01920628447196248,0.21310663672134858,0.2895191712938625,0.26545779429853883,0.24413545212556434,0.17377223030105704,0.2736854775757728,0.22561201309859377,0.26035768207336707,0.2999969587414195,0.23007232787077825,0.1950548701548662,0.2890276141131834,0.2516647914733854,0.2887583801372184,0.2884568144137103,0.17542341469797965,0.27749225558685653,0.21486832723825808,0.2263134367216662,0.2880196812160876,0.23320530223403724,0.3069581616724506,0.22478853258103898,0.24661450387143008,-0.47947240513335676,0.2975635701806343,0.25400061453869877,0.2655864241414659,0.25045495659411127,0.23056473211404854,0.24988682086035044,0.2660105102994764,0.2043420563351895,0.26143657535296194,0.22759200778037145,0.22922442335490237,-0.11066426808372769,0.27888242109513045,0.2052249016956767,0.28804886077666414
820,1519073468,0.24014186081334818,0.24422690110394973,0.25639228539718106,0.29455737468629567,0.2561588222599508,0.26650423708659404,0.2412144315092995,0.230182120547456,0.26674556879183,0.20855991985230268,0.20578245467850512,0.3102682364358017,0.24946154602879034,0.24240070229782124,0.25586626583224475,0.26781267783318335,0.2533581566242349,0.2510740720266277,0.3054571259016987,0.2680209703142482,0.3112165844340674,0.2547737103804263,-0.08572961197044983,0.26479301519576093,0.2515813453657478,0.2858938500274994,0.25090489845587777,0.2635519930395584,0.2392839505559925,0.09652414370737362,0.2819502964466299,0.20771239907472172,0.300290169884454,0.012749458832189704,0.1981721072957376,0.26375810457770177,0.20783927793815923,0.21350263670298109,0.23888248148870006,0.2484946584909408,-0.5567771649665584,0.28577327886143666,0.21887705508203525,0.24822560541106756,-0.042223416015498456,0.233724343809621,0.25014092563219226,0.24972391695633117,0.27502881796305206,0.38569380625435445,0.2509463968926182,0.30166341058950474,0.2646127555638716,0.21283030760277324,0.2661350723248991,0.2996809467665335,0.24286726639393477,0.29924536347017616,0.23109983133456333,0.2585274146702421,0.2338572593099734,0.2336718105400582,0.2647898614479257,0.6157030854188763,0.2044603547442355,0.2680380888914318,0.21738302895159353,0.2811992362186345,0.21484935923089152,0.2283616800557599,0.2307356140173876,0.24814372989924544,0.2439836739065961,0.30095445833751894,0.20776604851221758,0.258723292958209,0.29681694393780284,0.1987734171433998,0.17751707555493174,0.24520974839936863,0.2656468917479132,0.2522217560501321,0.28740311621648595,0.9903884854197386,0.258080250210339,0.207908975028342,0.22854511846112138,-0.44826386532797236,0.19857502756503045,0.01920628447196248,0.21610416003509864,0.291768519947071,0.2679938232879506,0.2463768280515105,0.1780506454020589,0.27513694491248014,0.2287075426941183,0.2634147194362637,0.3021964895472877,0.23319073832529402,0.19825191997478694,0.2912754147494093,0.2551264625097617,0.29156714659428035,0.2907126199137345,0.17828077714949994,0.28061132396354843,0.21786904415152786,0.22919052111940513,0.29084348828875933,0.23507115106143606,0.31010371713184337,0.22786512631589198,0.25007937130385816,-0.47883604831380433,0.2997700606052096,0.2581849517111753,0.26748853170057546,0.2528156782698039,0.2340435309676542,0.25224678142157636,0.26791540074901304,0.2061919547520163,0.2644878522727105,0.22925812980168872,0.23109042831994442,-0.11066426808372769,0.28075244049366493,0.20764854296886642,0.29142338377317906
821,1519073473,0.24153664716941406,0.24771132241966004,0.2593624989000482,0.29568140229257805,0.2591127508111722,0.2679365141301799,0.24330799420297913,0.23248569733039284,0.26950002547033625,0.21098425336948187,0.20873139643543812,0.31340304072634945,0.25215454502196405,0.24379624712957026,0.25883536078366887,0.2684489054949378,0.255379253740403,0.2534628373506476,0.3065659835549521,0.26992635911834834,0.3148875064787403,0.25773845287646885,-0.08572961197044983,0.26607091883411266,0.2550482357534425,0.2888986060511503,0.2538778735120557,0.2649425059373951,0.24276915771962168,0.0985077197846328,0.2831970657201495,0.21065406875250944,0.3019466625316885,0.2349763897496313,0.20189740569426617,0.2668100015034239,0.21026760109593123,0.21818694293828053,0.24182119858592666,0.24924156245923146,-0.5567771649665584,0.2881713571783992,0.22037958339096134,0.25121622046403075,-0.042223416015498456,0.2360421139047132,0.25372138582155757,0.2533014606640939,0.2762905430694594,0.3885124257959451,0.25333602964670476,0.3033129519356682,0.26669029890442203,0.21616899340469242,0.2682262270898294,0.3007840559912813,0.24587818634494665,0.30034956581951144,0.2341811814611812,0.2616696398516977,0.23634320993197963,0.2365670827508123,0.2654273226073619,0.619130490680611,0.20739536066980652,0.27109460796370755,0.2181340084007086,0.28307189443926645,0.21819743837688246,0.23123484520468107,0.2338331363166143,0.24962860561934427,0.2464863026122259,0.30205816435457905,0.21199809805206565,0.26186222568917406,0.2979185613427333,0.20143455155953116,0.1818052054479271,0.2469482328688682,0.2670393329459627,0.25517845822303287,0.29100690998606227,0.9907282803350004,0.2617387461865591,0.2108615590939641,0.23199736182443798,-0.44824350033727256,0.2028220531606455,0.01920628447196248,0.2198510641772862,0.29345553143697733,0.26926183778265655,0.24787107866880795,0.18090292213606013,0.2780398795858949,0.23180307228964284,0.26698126302630987,0.30329625495022183,0.23443810250710032,0.2014489697947077,0.2923993150675223,0.25858813354613797,0.29269065317710513,0.29184052266374655,0.18113813960102026,0.28185895131422517,0.2201195818364802,0.23206760551714403,0.29197301111782803,0.23631505027970195,0.3132492725912362,0.23094172005074498,0.25354423873628623,-0.47835878069913995,0.3008733058174973,0.2618462467370922,0.2687566034066485,0.25635676078334285,0.2375223298212599,0.2551967321231087,0.2704552546817286,0.20757937856463637,0.26804767534575047,0.2303688778159002,0.23233443162997244,-0.11066426808372769,0.28199912009268796,0.21128400487865104,0.29311064527143654
822,1519073479,0.24362882670351288,0.2500342699634669,0.26134264123529294,0.29680542989886044,0.260885107941905,0.2715172067391445,0.24470370266543226,0.2342133799175955,0.27225448214884257,0.2128025035073663,0.21050076148959793,0.3165378450168972,0.2548190603719407,0.24588956437719384,0.2608147574179516,0.2697213608184466,0.2587477489340164,0.2552544113436626,0.30767484120820554,0.2711966183210818,0.3169851762185534,0.2597149478738305,-0.08572961197044983,0.2673488224724644,0.25702931597498235,0.29130241087007097,0.2563553527255373,0.26772353173306845,0.24416324058507335,0.10197897791983636,0.2844438349936692,0.2124190705591821,0.303603155178923,0.2905331224789917,0.2045583331217866,0.2688445994539053,0.21391008583258925,0.22019450275340888,0.24524970186602432,0.2507353703958128,-0.5567771649665584,0.2923679942330837,0.22263337585435047,0.25196387422727157,-0.042223416015498456,0.23835988399980537,0.25610835928113446,0.2556864898026025,0.2775522681758667,0.3913541369466834,0.25512825421226965,0.3049624932818317,0.2687678422449725,0.2181722048858439,0.2696203302664496,0.3024387198284029,0.24888910629595853,0.3014537681688468,0.2362354148789264,0.2637644566393348,0.2382076728984843,0.2383042460772648,0.2667022449262343,0.598566059110203,0.20915636422514913,0.2731322873452247,0.22038694674805379,0.2849445526598984,0.22087590169367524,0.23295874429403376,0.23589815118276544,0.252598357059542,0.24948945705898165,0.30316187037163916,0.21381183356914338,0.2639548475098174,0.2995709874501291,0.20356345909243623,0.18394927039442482,0.24984570698470082,0.2684317741440122,0.25695247952677336,0.292208174575921,0.9909709909887587,0.26435195759814495,0.21263310953333736,0.23372348350609629,-0.4482260446309584,0.204945565958453,0.01920628447196248,0.2213498258341612,0.2945802057635815,0.2711638595247154,0.25085957990340285,0.18232906050306075,0.28094281425930967,0.23386675868665918,0.26901928793490765,0.30439602035315594,0.23506178459800348,0.20464601961462842,0.2940851655446918,0.2605662312812101,0.29437591305134225,0.29296842541375867,0.18399550205254056,0.28373039234024033,0.22161994029311508,0.23379385615578738,0.2931025339468967,0.23755894949796783,0.3158705688073969,0.23299278254064698,0.255524162983388,-0.47772242387958747,0.301976551029785,0.26446145746989,0.270658710965758,0.2581273020401123,0.23926172924806274,0.25696670254402815,0.27109021816490747,0.20942927698146316,0.27008185995891615,0.23203499983721748,0.2342004365950145,-0.11066426808372769,0.2826224598921994,0.21431355647013822,0.29423548627027485
823,1519073485,0.2457210062376117,0.2523572175072738,0.26431285473816,0.2979294575051428,0.2632482507828821,0.275814037869902,0.24609941112788536,0.23709285089626658,0.27432032465772227,0.2158329204038403,0.21227012654375774,0.318627714543929,0.2574576815008292,0.24798288162481738,0.26378385236937574,0.27099381614195545,0.26278994316635257,0.25824036799868755,0.30933812768808566,0.2718317479224485,0.31960726339331974,0.26169144287119217,-0.08572961197044983,0.2679877742916403,0.25901039619652216,0.294908118098452,0.25833733609632253,0.2698093010798234,0.24555732345052503,0.10346665997778073,0.28631398890394866,0.21418407236585474,0.30470748361041267,0.5683167861257937,0.20668707506380293,0.2713878468920071,0.21573132820091825,0.22220206256853722,0.24720884659750872,0.2522291783323941,-0.5567771649665584,0.2941665529708056,0.2248871683177396,0.2534591817537532,-0.042223416015498456,0.24009821157112451,0.2578985893758171,0.258071518941111,0.2794448558354777,0.39416193229648605,0.2569204787778346,0.30606218751260733,0.270845385585523,0.22017541636699542,0.2710144334430698,0.3035418290531507,0.2513982062551351,0.3031100716928497,0.23828964829667165,0.26585927342697185,0.23945064820948742,0.2400414094037173,0.2679771672451066,0.6259853012040802,0.21150436896560595,0.2756793865721212,0.22263988509539895,0.2855687720667757,0.22355436501046802,0.23468264338338649,0.23796316604891657,0.2548256706396902,0.25199208576461146,0.3048174293972294,0.2162301475919137,0.2665706247856216,0.30067260485505964,0.2062245935085676,0.18537864702542328,0.25274318110053345,0.2705204359410865,0.2599091816996742,0.29521133605056793,0.9912137016425171,0.2669651690097308,0.21440465997271063,0.2360249790816407,-0.4482144074934157,0.2075999569557124,0.01920628447196248,0.22284858749103625,0.29570488009018575,0.2730658812667742,0.253100955829349,0.18446826805356167,0.2831200152643707,0.23593044508367553,0.2715668190706549,0.30549578575609004,0.2375565129616161,0.20677738616124225,0.2957710160218613,0.2630388534500503,0.29606117292557943,0.29466027953877677,0.1861385238911808,0.2849780196909171,0.22312029874974998,0.2366709405535263,0.2942320567759654,0.23818089910710077,0.3190161242667897,0.2355566106530245,0.25750408723048973,-0.47660879944537066,0.3041830414543603,0.26655362605612826,0.2725608185248676,0.26048802371580493,0.2410011286748656,0.2593266631052541,0.2723601451312653,0.21127917539828994,0.27262459072537326,0.23370112185853473,0.23544443990504252,-0.11066426808372769,0.28573915888975693,0.21613128742503054,0.29536032726911315
824,1519073490,0.24781318577171052,0.2540994281651289,0.26678803265721596,0.29961549891456635,0.265020607913615,0.27796245343528075,0.248192973821565,0.23939642767920347,0.27638616716660197,0.2176511705417247,0.21521906830069076,0.32071758407096085,0.26014291222767644,0.24937842645656644,0.2657632490036585,0.2729024991272187,0.26548473932124333,0.26003194199170254,0.3104469853413391,0.2737371367265487,0.32170493313313286,0.2641620616178943,-0.08572961197044983,0.269265677929992,0.26099147641806203,0.29671097171264255,0.26031931946710785,0.2711998139776601,0.2469514063159767,0.10495434203572511,0.28756075817746835,0.21653740810808494,0.30581181204190233,0.6238735188551541,0.20881581700581925,0.2744397438177293,0.21755257056924726,0.22420962238366557,0.2491679913289931,0.25521679420555676,-0.5567771649665584,0.29596511170852746,0.2263896966266657,0.2549544892802348,-0.042223416015498456,0.24183653914244366,0.25968881947049977,0.2598602907949924,0.280706580941885,0.3969863247403636,0.25871270334339946,0.30771172885877085,0.2729229289260735,0.2221786278481469,0.27240853661969,0.3046449382778985,0.2534054862224764,0.304214274042185,0.24085744006885318,0.2679540902146089,0.24069362352049053,0.24177857273016978,0.27052701188285133,0.6225578959423456,0.21326537252094857,0.2777170659536384,0.22489282344274414,0.28681721088053036,0.2255632124980626,0.23698117550252343,0.2400281809150677,0.25631054635978906,0.25449471447024125,0.3059211354142895,0.21804388310899145,0.26866324660626495,0.3017742222599902,0.20835350104147266,0.18752271197192097,0.25506116039319954,0.2726090977381607,0.2616832030034147,0.2970132329353561,0.9914078701655239,0.2690557381389994,0.21617621041208387,0.23775110076329897,-0.4482027703558729,0.20972346975351994,0.01920628447196248,0.22359796831947376,0.29682955441679,0.2743338957614801,0.2545952064466464,0.1858944064205623,0.28457148260107806,0.23902597467920006,0.2741143502064021,0.30769531656195825,0.23818019505251925,0.20890875270785608,0.2968949163399743,0.2650169511851225,0.2971846795084042,0.2963521336637949,0.18828154572982103,0.28560183336625544,0.22537083643470232,0.23839719119216965,0.2953615796050341,0.2412906471527655,0.3211131612397183,0.2376076731429265,0.2594840114775915,-0.4761315318307063,0.305286286666648,0.26864579464236654,0.2738288902309406,0.26225856497257444,0.24274052810166843,0.26286660394709294,0.273630072097623,0.21312907381511673,0.274658775338539,0.23592261788695773,0.23668844321507057,-0.11066426808372769,0.2863624986892684,0.21794901837992284,0.2970475887673706
825,1519073496,0.2492079721277764,0.25642237570893583,0.26876817499246064,0.30073952652084873,0.2679745364648364,0.2808270075224525,0.2502865365152447,0.24112411026640612,0.2777633955058551,0.22007550405890391,0.21698843335485055,0.3228074535979926,0.26277894393445606,0.25077397128831547,0.26823749479651193,0.27417495445072754,0.2688532345148568,0.2618235159847175,0.31155584299459244,0.27500739592928214,0.32380260287294593,0.266138556615256,-0.08572961197044983,0.27118253338751963,0.26297255663960184,0.29851382532683307,0.2623013028378931,0.2725903268754968,0.24834548918142837,0.10644202409366949,0.28818414281422816,0.21830240991475758,0.306916140473392,0.7349869843138749,0.2109445589478356,0.2769829912558311,0.22119505530590527,0.2268863688038367,0.2511271360604775,0.2559636981738474,-0.5567771649665584,0.2977636704462494,0.22714096078112872,0.25719745056995724,-0.042223416015498456,0.2435748667137628,0.2614790495651824,0.2616490626488738,0.28133744349508866,0.3998128820225988,0.2616997442860076,0.3093612702049343,0.2743079578197738,0.22484957648968223,0.2744996913846203,0.3057480475026463,0.25591458618165297,0.30587057756618796,0.24291167348659842,0.27057261119915527,0.2425580864869952,0.24409479049877308,0.27116447304228747,0.6225578959423456,0.2156133772614054,0.2802641651805348,0.22639478234097424,0.288065649694285,0.22824167581485535,0.23870507459187612,0.24260944949775662,0.25779542207988787,0.25649681743474506,0.3070248414313496,0.2198576186260692,0.2707558684269083,0.3039774570698512,0.21101463545760402,0.1903814652339179,0.2567996448626991,0.2740015389362102,0.26463990517631547,0.2988151298201442,0.9918932914730406,0.27114630726826805,0.21853827766458156,0.24005259633884338,-0.4481853146495588,0.21184698255132745,0.01920628447196248,0.2250967299763488,0.2979542287433942,0.27496790300883306,0.25534233175529514,0.18874668315456353,0.2860229499377855,0.2410896610762164,0.2766618813421493,0.30879508196489236,0.2400512413252287,0.21210580252777683,0.29801881665808727,0.2674895733539626,0.298308186091229,0.297480036413807,0.19042456756846127,0.28684946071693224,0.22762137411965466,0.24069885871036076,0.2970558638486372,0.24253454637103136,0.3232101982126468,0.24017150125530398,0.26195891678646865,-0.47549517501115385,0.30638953187893564,0.27073796322860477,0.2750969619370136,0.2640291062293439,0.24447992752847125,0.26522656450831883,0.27426503558080195,0.21867876906559708,0.2766929599517047,0.2409209839509095,0.23917644983512662,-0.11066426808372769,0.2876091782882914,0.21976674933481516,0.2981724297662089
826,1519073502,0.2506027584838423,0.2587453232527427,0.2707483173277054,0.30242556793027225,0.2697468935955692,0.2822592845660383,0.25168224497769776,0.24285179285360875,0.28051785218436137,0.22249983757608313,0.21875779840901036,0.32489732312502445,0.26548230061606504,0.2521695161200645,0.2702168914307947,0.2760836374359908,0.2708743316310249,0.2636150899777325,0.31266470064784585,0.27691278473338227,0.325900272612759,0.26811505161261767,-0.08572961197044983,0.2724604370258714,0.2654489069165267,0.3003166789410236,0.2642832862086784,0.27398083977333343,0.2504366134796059,0.10792970615161387,0.29005429672450767,0.22065574565698778,0.30802046890488166,0.7349869843138749,0.213605486375356,0.27901758920631253,0.22301629767423428,0.22889392861896504,0.2530862807919619,0.2574575061104287,-0.5567771649665584,0.2995622291839713,0.22864348909005483,0.257945104333198,-0.042223416015498456,0.24531319428508194,0.2644627663896535,0.26403409178738235,0.282599168601496,0.4026480986582643,0.26349196885157256,0.3110108115510978,0.27569298671347414,0.22685278797083375,0.2758937945612405,0.30740271133976793,0.25842368614082956,0.30752688109019094,0.24547946525877995,0.27266742798679233,0.2444225494534999,0.24699006270952722,0.27243939536115985,0.5711468170163257,0.21854838318697645,0.282301844562052,0.22789674123920436,0.2886898691011623,0.23025052330244994,0.2404289736812288,0.24467446436390775,0.25928029779998674,0.25899944614037484,0.3086804004569398,0.22227593264883952,0.27284849024755164,0.3050790744747817,0.21367576987373538,0.19181084186491637,0.2591176241553652,0.2753939801342597,0.26641392648005596,0.30061702670493234,0.9920874599960474,0.2737595186798539,0.22030982810395483,0.2417787180205017,-0.44817076822763036,0.21450137354858684,0.01920628447196248,0.22734487246166132,0.29907890306999846,0.2768699247508919,0.2568365823725926,0.19088589070506445,0.2889258846112002,0.24315334747323278,0.27869990625074714,0.30989484736782646,0.24192228759793816,0.21423716907439067,0.2991427169762002,0.2694676710890348,0.2999934459654661,0.2986079391638191,0.19185324879422141,0.28872090174294734,0.2283715533479721,0.24242510934900413,0.2981853866777059,0.24377844558929726,0.32530723518557536,0.2427353293676815,0.2644338220953458,-0.47501790739648947,0.30804439969736713,0.2733531739614026,0.27573099779005017,0.26875054958072914,0.2467991267642084,0.2669965349292383,0.2755349625471597,0.2200661928782172,0.28025278302474466,0.242031731965121,0.23979845149014065,-0.11066426808372769,0.2888558578873144,0.2221903906080049,0.2998596912644664
827,1519073507,0.25339233119597404,0.2628104814544047,0.27470860199819486,0.304673623142837,0.27388239356727917,0.2858399771750029,0.25447366190260395,0.24630715802801406,0.2846495372021208,0.22613633785185194,0.2234761052201032,0.330121996942604,0.26821155151876225,0.2549606057835626,0.2741756846993602,0.27799232042125405,0.27491652586336107,0.2677954292947674,0.3148824159543527,0.27945330313884914,0.3300956120923852,0.272068041607341,-0.08572961197044983,0.27629414794092666,0.26990633741499126,0.305124288578865,0.2697337404783379,0.2774571220179251,0.2539218206432351,0.11140096428681742,0.2919244506347871,0.22536241714144817,0.3107812899836058,0.1794196570202709,0.21839515574489277,0.2830867851072754,0.22665878241089227,0.2329090482492217,0.2574943564378017,0.25969821801530074,-0.5567771649665584,0.30435838581789637,0.23089728155344394,0.26168337314940204,-0.042223416015498456,0.2516870620465855,0.26863996994391304,0.2688041500643994,0.28449175626110695,0.40547321271492776,0.2670764179827024,0.31321020001264904,0.2791555589477249,0.23085921093313674,0.27937905250279105,0.31016048440163735,0.262438246075512,0.3097352857888615,0.2501014904487067,0.27685706156206646,0.24690850007550613,0.25104344380458304,0.2762641623177769,0.4511876328556127,0.22207039029766168,0.28688662317046565,0.23014967958654953,0.2918109661355489,0.2349378341068373,0.24387677185993423,0.24880449409621003,0.2622500492401844,0.26300365206938253,0.31088781249106007,0.22650798218868756,0.2775568893439992,0.3072823092846428,0.21793358493954554,0.19538428344241254,0.26259459309436434,0.27817886253035873,0.26996196908753695,0.30422082047450866,0.9925728813035642,0.27846329922070834,0.22385292898270134,0.24638170917159047,-0.4481504032369305,0.21927927734365377,0.01920628447196248,0.23034239577541138,0.30245292604981117,0.28003996098765666,0.2605722089158362,0.1937381674390657,0.29255455295296867,0.24779664186651956,0.2827759560679427,0.3120943781736947,0.2437933338706476,0.21849990216761833,0.3013905176124262,0.2739183909929471,0.3028022124225281,0.30199164741385537,0.19685363308438195,0.2912161564443009,0.23137227026124188,0.24587761062629082,0.301573955164912,0.24564429441669608,0.33002556837466457,0.2468374543474855,0.2688886516513248,-0.4742224613720489,0.3102508901219425,0.27806055328043866,0.2782671412021962,0.2722916320942681,0.25143752523568264,0.27053647577107715,0.27934474344623306,0.22237856589925065,0.28432115225107607,0.24425322799354401,0.24228645811019672,-0.11066426808372769,0.2913492170853604,0.22643176283608696,0.3026717937615621
828,1519073513,0.25339233119597404,0.26339121834035645,0.27470860199819486,0.304673623142837,0.275654750698012,0.28727225421858876,0.25447366190260395,0.24630715802801406,0.28533815137174734,0.22613633785185194,0.2240658935714898,0.33116693170611994,0.2708372255371066,0.2556583781994371,0.2756602321750723,0.27799232042125405,0.2769376229795291,0.2695870032877824,0.3159912736076061,0.27945330313884914,0.331668864397245,0.27256216535668143,-0.08572961197044983,0.27629414794092666,0.2708968775257612,0.30572523978359517,0.2697337404783379,0.2774571220179251,0.2539218206432351,0.11239275232544702,0.2919244506347871,0.2259507510770057,0.3107812899836058,1.0127706479606768,0.21839515574489277,0.28410408408251614,0.22665878241089227,0.2329090482492217,0.2584739288035439,0.25969821801530074,-0.5567771649665584,0.30555742497637767,0.23239980986237002,0.26168337314940204,-0.042223416015498456,0.2516870620465855,0.2692367133088072,0.26940040734902654,0.28638434392071793,0.40827956483915867,0.267673826171224,0.31321020001264904,0.27984807339457507,0.23085921093313674,0.27937905250279105,0.31016048440163735,0.2629400660673474,0.3097352857888615,0.25112860715757934,0.27790446995588497,0.24690850007550613,0.25104344380458304,0.2762641623177769,0.6465497327744882,0.2238313938530043,0.2884148827066035,0.23014967958654953,0.2918109661355489,0.2349378341068373,0.24445140488971845,0.24932074781274782,0.2637349249602832,0.26400470355163447,0.31088781249106007,0.22771713920007272,0.2791263557094817,0.3072823092846428,0.21793358493954554,0.19538428344241254,0.26433307756386387,0.27817886253035873,0.27114464995669724,0.3060227173592968,0.9926699655650676,0.27950858378534266,0.22444344579582579,0.24638170917159047,-0.44814749395254483,0.2203410337425575,0.01920628447196248,0.23034239577541138,0.30245292604981117,0.28067396823500956,0.2605722089158362,0.1937381674390657,0.29255455295296867,0.24882848506502775,0.28379496852224156,0.3120943781736947,0.2437933338706476,0.21849990216761833,0.3013905176124262,0.2739183909929471,0.3033639657139405,0.30199164741385537,0.19685363308438195,0.2912161564443009,0.23137227026124188,0.24760386126493417,0.301573955164912,0.24564429441669608,0.3310740868611288,0.24837575121491198,0.2688886516513248,-0.4737451937573845,0.31080251272808634,0.27910663757355775,0.2782671412021962,0.27288181251319127,0.2525971248535512,0.2717164560516901,0.27934474344623306,0.22330351510766405,0.28533824455765894,0.24536397600775553,0.24228645811019672,-0.11066426808372769,0.2919725568848719,0.22643176283608696,0.3026717937615621
829,1519073518,0.25687929708613877,0.2657141658841633,0.27866888666868433,0.30692167835540174,0.2780178935389891,0.2894206697839675,0.2593586415211898,0.24976252320241937,0.2867153797110005,0.22977283812762075,0.2287842003825826,0.3343017359966677,0.27353281395238915,0.2584494678629352,0.2791241762850671,0.2799010034065173,0.2789587200956972,0.27197576861180234,0.3182089889141129,0.28199382154431607,0.3348153690069646,0.2765151553514048,-0.08572961197044983,0.2782110033984543,0.27386849785807094,0.308729995807246,0.27468869890530107,0.28023814781359846,0.25670998637413844,0.11536811644133577,0.29628814309210594,0.22889242075479346,0.31298994684658515,1.0683273806900373,0.22265263962892545,0.28766463049585866,0.23030126714755028,0.2369241678794784,0.2619024320836416,0.26343273785675403,-0.5567771649665584,0.3079555032933402,0.23465360232575916,0.2639263344391245,-0.042223416015498456,0.25632260223676984,0.27222043013327835,0.2729779510567893,0.28890779413353257,0.41110179244467865,0.2712582753023538,0.31540958847420036,0.2826181311819757,0.23553337105582356,0.28216725885603144,0.31236670285113294,0.26544916602652396,0.31249579166219976,0.2542099572841972,0.2815703993342498,0.2487729630420108,0.25451777045748797,0.2794514681149578,0.6431223275127536,0.22676639977857532,0.29147140177887926,0.23390457683212484,0.29430784376305813,0.23895552908202644,0.24789920306842386,0.25396703126158787,0.2659622385404315,0.26650733225726425,0.31419893054224046,0.2319491887399208,0.28226528844044674,0.3094855440945038,0.2221914000053557,0.1989577250199087,0.26607156203336346,0.28165996552548245,0.2746926925641782,0.3090258788339437,0.9929612183495776,0.2831670797615628,0.22916758030082116,0.2498339525349071,-0.4481300382462307,0.22458805933817255,0.01920628447196248,0.23333991908916143,0.3052646118663217,0.28320999722442136,0.26281358484178236,0.19801658254006752,0.29400602028967604,0.25295585785906044,0.2873615121122877,0.3142939089795629,0.24691174432516338,0.222762635260846,0.30532416872582163,0.27787458646309143,0.30561097887959005,0.3048114042888856,0.20042533614878236,0.2937114111456544,0.23587334563114656,0.25105636254222086,0.30383300082304937,0.24751014324409493,0.33421964232052165,0.2519651105722405,0.2728485001455283,-0.4732679261427202,0.31411224836494933,0.2822448904529151,0.2827053921734518,0.27583271460780706,0.2549163240892883,0.275256396893529,0.28188459737894855,0.22469093892028413,0.2883895214774075,0.24647472402196702,0.24415246307523877,-0.11066426808372769,0.29571259568194086,0.23006722474587157,0.3049214757592387
830,1519073524,0.25827408344220465,0.2680371134279702,0.2811440645877402,0.3086077197648253,0.27979025066972196,0.2915690853493463,0.26075434998364294,0.25264199418109046,0.28946983638950674,0.23159108826550517,0.2305535654367424,0.33639160552369946,0.2761584879707335,0.2605427851105588,0.28110357291934984,0.282445914053535,0.281653516250588,0.27376734260481733,0.31931784656736634,0.2838992103484162,0.3369130387467777,0.2794798978474473,-0.08572961197044983,0.2801278588559819,0.27634484813499577,0.31053284942143655,0.2766706822760864,0.28232391716035343,0.2581040692395901,0.11685579849928016,0.2975349123656256,0.23124575649702364,0.3157507679253093,1.0127706479606768,0.22531356705644587,0.2896992284463401,0.2333366710947653,0.23960091429964953,0.26386157681512595,0.26492654579333536,-0.5567771649665584,0.3097540620310621,0.2369073947891483,0.2661692957288469,-0.042223416015498456,0.258060929808089,0.274010660227961,0.27536298019529787,0.28953865668673623,0.4139276281141279,0.2748427244334836,0.3170591298203638,0.28400316007567605,0.23753658253697507,0.28425841362096177,0.3134698120758807,0.26846008597753585,0.31415209518620274,0.25677774905637873,0.28523632871261473,0.2500159383530139,0.25683398822609127,0.28072639043383013,0.6362675169892843,0.22852740333391794,0.2935090811603964,0.23540653573035494,0.29742894079744475,0.24163399239881922,0.2513470012471293,0.2565482998442768,0.26744711426053036,0.27001101244514597,0.31585448956783063,0.23315834575130595,0.2843579102610901,0.3111379702018996,0.22432030753826077,0.20181647828190563,0.2695485309723626,0.28305240672353194,0.2764667138679187,0.3108277757187319,0.9932039290033361,0.2857802911731486,0.23212016436644325,0.2515600742165654,-0.4481125825399166,0.22671157213598006,0.01920628447196248,0.23408929991759897,0.30695162335622805,0.2844780117191273,0.2650549607677285,0.20015579009056844,0.2969089549630908,0.2555354658553309,0.2893995370208855,0.31594355708396404,0.24878279059787284,0.22595968508076675,0.30701001920299115,0.2798526841981636,0.30729623875382717,0.3065032584139037,0.20328269860030265,0.2943352248209928,0.23737370408778144,0.2527826131808642,0.3055272850666524,0.2499979416806267,0.3363166792934502,0.2540161730621425,0.2753234054544055,-0.4726315693231677,0.315215493577237,0.2843370590391534,0.2839734638795248,0.2776032558645765,0.2572355233250254,0.2770263673144484,0.28378948782848523,0.22700331194131762,0.2909322522438646,0.24925159405749578,0.24601846804028082,-0.11066426808372769,0.29695927528096383,0.23249086601906133,0.3066087372574962
831,1519073530,0.25966886979827053,0.26977932408582533,0.28411427809060735,0.3097317473711077,0.2815626078004548,0.2930013623929321,0.2628479126773226,0.25609735935549577,0.2908470647287599,0.2346215051619792,0.23232293049090222,0.3384814750507313,0.278825592742819,0.2619383299423078,0.2830829695536326,0.2830821417152894,0.28367461336675603,0.27675329925984227,0.32042670422061975,0.28516946955114963,0.3390107084865908,0.2819505165941494,-0.08572961197044983,0.28140576249433363,0.27882119841192055,0.3123357030356271,0.27914816148956795,0.2837144300581901,0.26089223497049346,0.11834348055722453,0.29878168163914526,0.23359909223925385,0.31685509635679904,1.0127706479606768,0.2274423089984622,0.2922424758844419,0.2351579134630943,0.2429468473248634,0.26582072154661035,0.267914161666498,-0.5567771649665584,0.31155262076878404,0.23765865894361132,0.26766460325532854,-0.042223416015498456,0.2597992573794081,0.27639763368753784,0.27715175204917925,0.29080038179314355,0.41675418539636305,0.2778297653760918,0.3187086711665273,0.28538818896937634,0.24087526833889422,0.28565251679758197,0.31512447591300236,0.2704673659448771,0.31580839871020566,0.25934554082856026,0.287854849697161,0.25250188897502013,0.2585711515525438,0.28263877391213865,0.6328401117275496,0.23087540807437476,0.2955467605419136,0.23615751517947,0.29805316020432204,0.2436428398864138,0.25422016639605044,0.2586133147104279,0.26818955212057977,0.2720131154096498,0.31695819558489075,0.23557665977407627,0.2869736875368943,0.3127903963092954,0.22698144195439213,0.20467523154390255,0.2712870154418622,0.28583728911963097,0.2782407351716592,0.31262967260352,0.9934466396570945,0.28787086030241726,0.2338917148058165,0.2544369436859959,-0.44810094540237383,0.2288350849337876,0.01920628447196248,0.23783620405978653,0.3080762976828323,0.28574602621383316,0.26580208607637723,0.20372113600807,0.2976346886314445,0.25759915225234725,0.2914375619294833,0.31704332248689815,0.2506538368705823,0.22809105162738055,0.3081339195211041,0.28281983080077183,0.30841974533665195,0.30819511253892184,0.2047113798260628,0.2968304795223463,0.23887406254441634,0.25450886381950755,0.30665680789572114,0.25061989128975964,0.33841371626637873,0.25658000117452,0.27730332970150723,-0.47215430170850337,0.31631873878952466,0.2869522697719512,0.2852415355855979,0.2805541579591923,0.25955472256076256,0.2793863278756743,0.28505941479484304,0.2283907357539377,0.2934749830103217,0.2503623420717073,0.24788447300532288,-0.11066426808372769,0.29758261508047534,0.23430859697395362,0.3077335782563345
832,1519073535,0.26315583568843526,0.2744252191734391,0.28807456276109683,0.3119798025836724,0.28510732206192047,0.29729819352368964,0.26633718383345534,0.2595527245299011,0.29497874974651933,0.238258005437748,0.23645144895060843,0.34370614886831086,0.28156002248973383,0.2654271920216804,0.2875366119807688,0.28562705236230707,0.2883905066378149,0.2803364472458722,0.3226444195271266,0.28834511755798325,0.34373046540117025,0.28590350658887276,-0.08572961197044983,0.28332261795186126,0.2832786289103852,0.31654236146873826,0.28360762407383483,0.2878859687517001,0.2636804007013968,0.12231063271174288,0.3012752201861846,0.23830576372371423,0.3196159174355232,-0.32059093754397266,0.23276416385350304,0.29682032127302516,0.2400145597786383,0.2469619669551201,0.2707185833753213,0.27090177753966066,-0.5567771649665584,0.31694829698194976,0.24141497971592654,0.2714028720715326,-0.042223416015498456,0.26443479756959254,0.2811715806066916,0.2819218103261963,0.2926929694527545,0.4195908452576004,0.2814142145072216,0.3220077538588542,0.2895432756504773,0.24488169130119725,0.2891377747391325,0.3178822489748718,0.2749837458713949,0.3185689045835439,0.2644811243729233,0.29204448327243515,0.25560932725252794,0.26204547820544877,0.2845511573904472,0.30038180133928766,0.23498441637017423,0.2996221193049479,0.23916143297593026,0.3011742572387086,0.24833015069080114,0.2576679645747558,0.2627433444427302,0.27264417928087625,0.2760173213386575,0.3197174606275411,0.2410178663253095,0.291158931178181,0.31609524852408694,0.2312392570202023,0.20824867312139872,0.2747639843808613,0.2893183921147547,0.28178877777914013,0.3168340986680257,0.9939320609646113,0.2925746408432717,0.23743481568456304,0.25903993483708465,-0.44807185255851695,0.23414386692830638,0.01920628447196248,0.24008434654509908,0.3108879834993429,0.28891606245059787,0.27103196323691825,0.20728648192557153,0.3027148243099203,0.262242446645634,0.2960231179738283,0.31924285329276636,0.25314856523419493,0.23288662635726168,0.31038172015733007,0.2872705507046842,0.3112285117937139,0.31045091803894603,0.20899742350334327,0.2999495478990382,0.24262495868600356,0.258536781976342,0.30891585355385853,0.25248574011715846,0.343132049455468,0.2611948917767995,0.28126317819571073,-0.4711997664791746,0.31907685182024387,0.29165964909098724,0.2871436431447074,0.28409524047273127,0.2641931210322368,0.2829262687175132,0.28823423221073746,0.2316280579833846,0.2975433522366531,0.25313921210723606,0.25161648293540695,-0.11066426808372769,0.3006993140780328,0.23976178983863056,0.31054568075343025
833,1519073541,0.26385322886646817,0.2750059560593908,0.28807456276109683,0.3119798025836724,0.28628889348240905,0.29873047056727553,0.26633718383345534,0.2595527245299011,0.29497874974651933,0.2388640888170428,0.23645144895060843,0.34370614886831086,0.2842478426386899,0.2654271920216804,0.2880314611393395,0.28562705236230707,0.2897379047152603,0.2803364472458722,0.3231988483537533,0.28834511755798325,0.34373046540117025,0.28590350658887276,-0.08572961197044983,0.28332261795186126,0.2832786289103852,0.31654236146873826,0.28360762407383483,0.2878859687517001,0.2636804007013968,0.12231063271174288,0.3012752201861846,0.23830576372371423,0.3196159174355232,1.179440846148758,0.23276416385350304,0.29682032127302516,0.2400145597786383,0.2469619669551201,0.2707185833753213,0.27090177753966066,-0.5567771649665584,0.31694829698194976,0.24141497971592654,0.2714028720715326,-0.042223416015498456,0.26443479756959254,0.2811715806066916,0.2819218103261963,0.29395469455916184,0.4224000838329747,0.2814142145072216,0.3220077538588542,0.2902357900973275,0.24488169130119725,0.2891377747391325,0.31843380358724566,0.27548556586323025,0.3185689045835439,0.2644811243729233,0.29204448327243515,0.25560932725252794,0.26204547820544877,0.2845511573904472,0.6396949222510189,0.23674541992551684,0.30013153915032725,0.24066339187416036,0.3011742572387086,0.24833015069080114,0.2576679645747558,0.2627433444427302,0.2741290550009751,0.2760173213386575,0.3197174606275411,0.2410178663253095,0.291158931178181,0.3166460572265522,0.23177148390342855,0.20824867312139872,0.2747639843808613,0.2893183921147547,0.28178877777914013,0.3168340986680257,0.9939320609646113,0.2925746408432717,0.23743481568456304,0.25903993483708465,-0.44806894327413127,0.23414386692830638,0.01920628447196248,0.24008434654509908,0.3108879834993429,0.28891606245059787,0.27103196323691825,0.20728648192557153,0.3027148243099203,0.262242446645634,0.2960231179738283,0.31924285329276636,0.25314856523419493,0.23288662635726168,0.31038172015733007,0.2872705507046842,0.3112285117937139,0.31045091803894603,0.20899742350334327,0.2999495478990382,0.24262495868600356,0.2596876157354376,0.30891585355385853,0.25248574011715846,0.343132049455468,0.2622204230217505,0.28126317819571073,-0.4710406772742865,0.3196284744263877,0.29165964909098724,0.2871436431447074,0.28409524047273127,0.2641931210322368,0.2829262687175132,0.28823423221073746,0.23209053258759127,0.2975433522366531,0.2536945861143418,0.25161648293540695,-0.11066426808372769,0.3013226538775443,0.23976178983863056,0.31054568075343025
834,1519073547,0.26524801522253405,0.27674816671724595,0.2900547050963415,0.3131038301899548,0.28806125061314186,0.3008788861326543,0.26773289229590846,0.2612804071171037,0.29635597808577246,0.241288422334222,0.23940039070754146,0.3463184857771006,0.2868605695464902,0.267520509269304,0.29001085777362223,0.2862632800240615,0.2917590018314284,0.2827252125698922,0.3248621348336334,0.28898024715935,0.34687697001088985,0.28788000158623445,-0.08572961197044983,0.2852394734093889,0.285259709131925,0.3201480686971193,0.28558960744462014,0.2892764816495368,0.26577152499957435,0.12379831476968725,0.3037687587332239,0.2400707655303869,0.32072024586701287,1.1238841134193978,0.23489290579551939,0.2988549192235066,0.24183580214696732,0.24896952677024844,0.2726777281068057,0.2731424894445327,-0.5567771649665584,0.3193463752989123,0.24442003633377873,0.27215052583477334,-0.042223416015498456,0.2661731251409117,0.2829618107013743,0.28371058218007766,0.29521641966556916,0.425220868212923,0.2832064390727865,0.3231074480896299,0.29162081899102776,0.24688490278234873,0.2905318779157527,0.3195369128119935,0.27799466582240684,0.3202252081075469,0.26653535779066856,0.2941393000600722,0.2568523025635311,0.26436169597405207,0.2864635408687557,0.6362675169892843,0.23850642348085946,0.3021692185318444,0.2421653507723905,0.30242269605246325,0.2503389981783957,0.25939186366410855,0.2648083593088813,0.2748714928610245,0.2785199500442873,0.32137301965313125,0.24283160184238722,0.2937747084539852,0.31774767463148273,0.23443261831955992,0.2103927380678964,0.27766145849669394,0.291407053911829,0.28474547995204097,0.32043789243760196,0.994126229487618,0.29466520997254037,0.2392063661239363,0.26076605651874296,-0.44805439685220283,0.2362673797261139,0.01920628447196248,0.2423324890304116,0.31201265782594706,0.28955006969795083,0.271779088545567,0.20871262029257215,0.303440557978274,0.26482205464190445,0.29857064910957554,0.3208925013971675,0.2550196115069044,0.2350179929038755,0.3120675706344995,0.28924864843975634,0.31235201837653864,0.31214277216396413,0.2111404453419835,0.30119717524971495,0.24412531714263846,0.2614138663740809,0.31061013779746155,0.25497353855369026,0.3462776049148608,0.2642714855116525,0.28373808350458796,-0.4699270528400697,0.32073171963867536,0.29375181767722547,0.28967978655685345,0.2858657817295008,0.26593252045903965,0.2846962391384326,0.2895041591770952,0.23440290560862476,0.29957753684981886,0.25647145614987055,0.252860486245435,-0.11066426808372769,0.3025693334765673,0.24157952079352285,0.31167052175226856
835,1519073552,0.2673401947566329,0.2796518511470045,0.29252988301539745,0.3147898715993783,0.29042439345411897,0.3023111631762401,0.26982645498958807,0.26358398390004056,0.29842182059465217,0.24310667247210643,0.24116975576170127,0.34840835530413244,0.28952508489646683,0.268916054101053,0.291990254407905,0.28880819067107916,0.29378009894759644,0.28451678656290713,0.3259709924868868,0.29025050636208344,0.348974639750703,0.2903506203329365,-0.08572961197044983,0.2858784252285647,0.28724078935346486,0.32195092231130984,0.2875715908154054,0.29066699454737344,0.267165607865026,0.12528599682763164,0.3043921433699837,0.24301243520817462,0.32182457429850253,1.1238841134193978,0.2370216477375357,0.30190681614922876,0.24426412530473932,0.25097708658537676,0.2746368728382901,0.274636297381114,-0.5567771649665584,0.3211449340366342,0.24517130048824176,0.27514114088773656,-0.042223416015498456,0.2679114527122308,0.2847520407960569,0.2854993540339591,0.2964781447719765,0.4280416525928712,0.2849986636383514,0.32420714232040554,0.2930058478847281,0.24888811426350024,0.29262303268068296,0.32064002203674125,0.28050376578158337,0.3218815116315498,0.2691031495628501,0.2962341168477093,0.2580952778745342,0.26609885930050453,0.2883759243470642,0.6328401117275496,0.24026742703620207,0.30471631775874086,0.24441828911973565,0.3036711348662179,0.25234784566599033,0.2616903957832455,0.2668733741750325,0.2763563685811234,0.28052205300879113,0.32247672567019137,0.24464533735946498,0.2958673302746286,0.3194001007388785,0.23656152585246498,0.21182211469889486,0.27939994296619347,0.29279949510987846,0.28651950125578146,0.3222397893223901,0.9946116507951348,0.29675577910180906,0.24097791656330955,0.26249217820040127,-0.44804275971466007,0.23839089252392143,0.01920628447196248,0.24383125068728664,0.3131373321525513,0.29081808419265676,0.27327333916286445,0.21085182784307308,0.3056177589833351,0.2668857410389208,0.3006086740181733,0.3225421495015687,0.25689065777961384,0.2376822010871428,0.3131914709526125,0.2912267461748285,0.3134755249593634,0.3138346262889823,0.21256912656774365,0.30244480260039175,0.2463758548275908,0.2631401170127243,0.31173966062653025,0.2568393873810891,0.3483746418877893,0.2663225480015545,0.2857180077516897,-0.4694497852254053,0.321834964850963,0.29584398626346375,0.29031382240989,0.28763632298627023,0.2676719198858425,0.28882617012057793,0.29013912266027414,0.23902765165069173,0.30161172146298454,0.26035907419961085,0.2547264912104771,-0.11066426808372769,0.3038160130755903,0.24339725174841517,0.31279536275110686
836,1519073558,0.27082716064679757,0.2813940618048597,0.29550009651826453,0.3175999406150843,0.29337832200534036,0.3044595787416189,0.2726178719144943,0.26646345487871165,0.30048766310353187,0.24674317274787524,0.24352890916724768,0.3525880943581961,0.29228281944236106,0.2717071437645511,0.2949593493593291,0.29135310131809683,0.2964748951024872,0.2875027432179321,0.32818870779339365,0.29215589516618357,0.3521211443604226,0.2933153628289791,-0.08572961197044983,0.28971213614361996,0.2902124096857746,0.32435472713023056,0.2905445658715833,0.2934480203430468,0.2706508150286552,0.1282613609435204,0.30688568191702303,0.24536577095040482,0.32403323116148186,1.1238841134193978,0.24021476065056022,0.3049587130749509,0.24729952925195434,0.2543230196105907,0.2780653761183878,0.27687700928598596,-0.5567771649665584,0.3253415710913186,0.24817635710609393,0.277384102177459,-0.042223416015498456,0.27080866533109604,0.28713901425563376,0.2878843831724676,0.29837073243158746,0.43086460181117703,0.28858311276948123,0.32695637789734466,0.29577590567212875,0.2522268000654194,0.2954112390339234,0.3228462404862368,0.28251104574892466,0.32408991633022044,0.27218449968946795,0.2999000462260742,0.261202716152042,0.27015224039556035,0.2902883078253728,0.6225578959423456,0.2426154317766589,0.30777283683101664,0.2474222069161959,0.30554379308684987,0.2556959248119813,0.26456356093216665,0.27100340390733474,0.2785836821612716,0.2830246817144209,0.32468413770431165,0.2470636513822353,0.2990062630055936,0.32160333554873954,0.24028711403504888,0.21539555627639104,0.28113842743569306,0.29558437750597744,0.2900675438632624,0.325242950797037,0.9949029035796448,0.299891632795712,0.2451115342551805,0.26536904766983177,-0.44803112257711736,0.2415761617206327,0.01920628447196248,0.2468287740010367,0.31538668080575977,0.2927201059347156,0.2755147150888106,0.2137041045770743,0.30706922632004247,0.2699812706344453,0.3041752176082194,0.32529156300890394,0.2593853861432264,0.24087925090706355,0.3154392715888385,0.29419389277743674,0.315722538125013,0.3160904317890065,0.21614082963214404,0.3043162436264069,0.2493765717408606,0.26544178453091544,0.31512822911373634,0.2593271858176208,0.35152019734718215,0.2693991417364075,0.2896778562458932,-0.46881342840585283,0.32404145527553835,0.2989822391428211,0.29284996582203604,0.2911774054998092,0.26999111912157964,0.2911861306818039,0.2926789765929897,0.24087755006751851,0.3051715445360245,0.26202519622092807,0.25721449783053313,-0.11066426808372769,0.3056860324741248,0.24642680333990233,0.3150450447487835
837,1519073563,0.27222194700286345,0.2842977462346183,0.29847031002113167,0.3192859820245078,0.29574146484631747,0.3058918557852047,0.2740135803769474,0.2687670316616485,0.30255350561241157,0.25037967302364406,0.24647785092418067,0.3562453660305018,0.29496287132499066,0.27310268859630016,0.29792844431075327,0.2932617843033601,0.2984959922186553,0.28989150854195206,0.32929756544664707,0.29406128397028375,0.35526764897014224,0.2962801053250216,-0.08572961197044983,0.2916289916011476,0.2936793000734693,0.3273594831538814,0.29401303677045754,0.29483853324088344,0.2727419393268327,0.13024493702077958,0.30750906655378285,0.24830744062819257,0.32568972380871636,1.179440846148758,0.2439400590490888,0.3080106100006731,0.24972785240972634,0.2576689526358046,0.2810040932156143,0.2783708172225673,-0.5567771649665584,0.3283391689875218,0.24892762126055698,0.2796270634671814,-0.042223416015498456,0.27428532047373433,0.29071947444499907,0.2908656695956033,0.2996324575379948,0.43368322135276766,0.2915701537120894,0.3280560721281203,0.29716093456582904,0.25556548586733857,0.2975023937988537,0.32450090432335843,0.28552196569993654,0.3251941186795557,0.2752658498160858,0.30356597560443904,0.2618242038075435,0.2736265670484653,0.2915632301442451,0.6294127064658149,0.24613743888734413,0.31082935590329236,0.248924165814426,0.3074164513074818,0.2590440039579722,0.2668620930513036,0.27410092620656146,0.2800685578813705,0.28602783616117666,0.32578784372137176,0.2506911224163908,0.3021451957365586,0.3227049529536701,0.24401270221763277,0.21825430953838798,0.2840359015515257,0.2969768187040269,0.2930242460361632,0.3276454799767546,0.9952426984949067,0.303027486489615,0.2474736015076782,0.26767054324537615,-0.4480136668708032,0.24529230911679584,0.01920628447196248,0.24907691648634925,0.3170736922956661,0.29398812042942146,0.27700896570610806,0.21655638131107555,0.3092464273251035,0.2730768002299699,0.3072322549711161,0.32639132841183804,0.2600090682341296,0.2440763007269843,0.31712512206600796,0.29716103938004496,0.3168460447078378,0.31721833453901854,0.21899819208366436,0.306187684652422,0.250126750969178,0.2683188689286543,0.3168225133573394,0.2605710850358867,0.354665752806575,0.272988501093736,0.2931427236783213,-0.4683361607911885,0.32514470048782607,0.30264353416873807,0.29411803752810906,0.29471848801334816,0.2734699179751853,0.29413608138333625,0.2945838670425263,0.2422649738801386,0.3087313676090645,0.2631359442351396,0.25783649948554715,-0.11066426808372769,0.30693271207314776,0.25006226524968694,0.31673230624704096
838,1519073569,0.2736167333589294,0.2883629044362803,0.3004504523563764,0.3204100096307902,0.29869539339753887,0.31018868691596224,0.2754092888394005,0.2704947142488512,0.30461934812129127,0.25219792316152845,0.2488370043297271,0.35885770293929153,0.2976170289865321,0.2751960058439237,0.3004026901036067,0.2945342396268689,0.30253818645099145,0.29228027386597205,0.33151528075315384,0.2953315431730172,0.3573653187099553,0.29825660032238327,-0.08572961197044983,0.2935458470586752,0.2961556503503941,0.32976328797280213,0.29649051598393916,0.29692430258763847,0.2741360221922844,0.13272440711735353,0.30937922046406235,0.2506607763704228,0.326794052240206,0.2349763897496313,0.24660098647660922,0.31004520795115453,0.25154909477805537,0.25967651245093293,0.2834530241299698,0.2798646251591486,-0.5567771649665584,0.331336766883725,0.2511814137239461,0.28037471723042223,-0.042223416015498456,0.27660309056882654,0.2925097045396817,0.2932506987341118,0.30278677030401313,0.4365206028267908,0.29395978646617593,0.32915576635889593,0.29923847790637953,0.2575686973484901,0.2988964969754739,0.326707122772854,0.28953652563461907,0.32629832102889106,0.27783364158826734,0.3061844965889854,0.26306717911854666,0.2753637303749178,0.29347561362255364,0.46146984864081664,0.24907244481291518,0.31337645513018886,0.24967514526354107,0.30866489012123643,0.261722467274765,0.26858599214065626,0.2766821947892504,0.28229587146151874,0.2895315163490584,0.327443402746962,0.2525048579334685,0.3047609730123628,0.32380657035860055,0.24614160975053787,0.21968368616938644,0.2880923653136913,0.29836925990207647,0.2947982673399037,0.3294473768615427,0.9954368670179133,0.3056406979012008,0.24983566876017588,0.27054741271480665,-0.4479933018801034,0.24741582191460337,0.01920628447196248,0.2505756781432243,0.3187607037855725,0.2971581566661862,0.2792503416320542,0.21869558886157647,0.31142362833016457,0.2756564082262403,0.3092702798797139,0.3280409765162392,0.2612564324159359,0.24620766727359814,0.3188109725431775,0.29963366154888516,0.3190930578734873,0.31891018866403664,0.22185555453518466,0.30868293935377555,0.2516271094258129,0.27062053644684547,0.3185167976009424,0.2618149842541526,0.35728704902273567,0.2755523292061135,0.29512264792542303,-0.4673816255618598,0.32679956830625756,0.3047357027549763,0.29602014508721863,0.2964890292701176,0.2763689170198567,0.29590605180425567,0.2958537940088841,0.24503982150537876,0.3107655522222302,0.2659128142706684,0.25908050279557515,-0.11066426808372769,0.30880273147168225,0.2524859065228767,0.31785714724587927
839,1519073575,0.27501151971499527,0.2895243782081838,0.3024305946916211,0.3215340372370726,0.30046775052827174,0.3116209639595481,0.2768049973018536,0.2722223968360538,0.3059965764605444,0.2540161732994129,0.2506063693838869,0.36094757246632336,0.3001727886079383,0.27659155067567276,0.30238208673788947,0.29580669495037776,0.3045592835671595,0.295266230520997,0.33262413840640725,0.2966018023757506,0.35998740588472167,0.30072721906908534,-0.08572961197044983,0.294823750697027,0.29813673057193396,0.33156614158699266,0.2984724993547244,0.2983148154854751,0.27553010505773606,0.13470798319461272,0.31124937437434186,0.2524257781770954,0.3278983806716957,1.179440846148758,0.24872972841862556,0.312079805901636,0.25337033714638435,0.2616840722660613,0.2859019550443253,0.2806115291274393,-0.5567771649665584,0.33313532562144693,0.2526839420328722,0.28187002475690387,-0.042223416015498456,0.2783414181401457,0.2942999346343644,0.2950394705879932,0.3034176328572168,0.43932695495102175,0.2957520110317408,0.3302554605896716,0.3006235068000799,0.2602396459900254,0.30029060015209413,0.3278102319976018,0.291041985610125,0.32740252337822634,0.2798878750060126,0.30827931337662245,0.26431015442954975,0.27710089370137025,0.294750535941426,0.6465497327744882,0.25083344836825777,0.315414134511706,0.2511771041617712,0.3099133289349911,0.26373131476235956,0.2708845242597932,0.2792634633719393,0.28378074718161755,0.29153361931356225,0.32909896177255216,0.25431859345054625,0.307376750288167,0.3249081877635311,0.24827051728344293,0.22182775111588413,0.2898308497831909,0.29976170110012595,0.29716362907822436,0.33245053833618965,0.99563103554092,0.3077312670304695,0.252788252825798,0.27227353439646496,-0.4479816647425606,0.24953933471241088,0.01920628447196248,0.2513250589716618,0.3198853781121767,0.29779216391353913,0.28074459224935167,0.2208347964120774,0.31287509566687194,0.2777200946232567,0.31181781101546113,0.3291407419191733,0.2625037965977422,0.24833903382021197,0.32049682302034693,0.3016117592839573,0.3202165644563121,0.32003809141404876,0.2232842357609448,0.3099305667044523,0.25312746788244783,0.2723467870854888,0.3196463204300111,0.2630588834724185,0.3593840859956642,0.2776033916960155,0.2971025721725248,-0.46706344715208353,0.32845443612468905,0.30682787134121453,0.29792225264632816,0.29825957052688706,0.27810831644665956,0.2976760222251751,0.29712372097524187,0.24596477071379216,0.3127997368353959,0.2670235622848799,0.2603245061056032,-0.11066426808372769,0.31067275087021673,0.254303637477769,0.3189819882447176
840,1519073580,0.27849848560515994,0.2912665888660389,0.30490577261067703,0.3232200786464961,0.30224010765900455,0.31376937952492684,0.27889855999553326,0.2751018678147249,0.30737380479979753,0.2564405068165921,0.2535553111408199,0.3630374419933552,0.3026327396113181,0.2779870955074218,0.3048563325307429,0.297715377935641,0.3065803806833276,0.2976549958450169,0.33373299605966067,0.29723693197711737,0.36208507562453474,0.30319783781578746,-0.08572961197044983,0.2954627025162028,0.30011781079347377,0.3333689952011832,0.3004544827255097,0.29970532838331176,0.27692418792318774,0.13669155927187188,0.3131195282846213,0.25536744785488313,0.32900270910318535,1.0127706479606768,0.2508584703606419,0.3146230533397377,0.2551915795147134,0.2636916320811896,0.28835088595868075,0.2835991450006019,-0.5567771649665584,0.3349338843591688,0.25418647034179825,0.28336533228338545,-0.042223416015498456,0.2800797457114648,0.29609016472904703,0.29802075701112885,0.3046793579636241,0.44213835836475374,0.29754423559730575,0.33135515482044725,0.30200853569378017,0.26224285747117687,0.30168470332871433,0.32946489583472344,0.29304926557746624,0.3285067257275616,0.2824556667781941,0.3103741301642595,0.2649316420850513,0.27883805702782277,0.29666291941973455,0.6396949222510189,0.2525944519236004,0.3174518138932232,0.2549320014073465,0.31053754834186836,0.26574016224995417,0.27375768940871437,0.28132847823809043,0.2852656229017164,0.29353572227806607,0.3307545207981423,0.25673690747331657,0.3099925275639712,0.3260098051684616,0.25093165169957427,0.22325712774688258,0.2915693342526905,0.3018503628972002,0.29893765038196485,0.33425243522097775,0.9958252040639268,0.31034447844205526,0.25455980326517125,0.27399965607812327,-0.4479700276050179,0.2521937257096703,0.01920628447196248,0.2528238206285368,0.3221347267653851,0.29906017840824506,0.2822388428666491,0.22297400396257833,0.31360082933522565,0.28029970261952714,0.3138558359240589,0.33079039002357447,0.26312747868864533,0.2504704003668258,0.3221826734975164,0.30358985701902946,0.32134007103913687,0.32172994553906686,0.22471291698670498,0.3111781940551291,0.25537800556740015,0.2752238714832277,0.3207758432590798,0.26492473229981733,0.36148112296859275,0.2796544541859175,0.29908249641962653,-0.4665861795374192,0.33010930394312055,0.3089200399274528,0.29982436020543773,0.3000301117836566,0.2798477158734624,0.30003598278640103,0.2996635749079574,0.24735219452641224,0.3148339214485616,0.26813431029909135,0.26094650776061723,-0.11066426808372769,0.3125427702687512,0.2561213684326613,0.3201068292435559
841,1519073586,0.2798932719612258,0.2935895364098458,0.30688591494592177,0.3243441062527785,0.3040124647897374,0.31591779509030565,0.2802942684579864,0.2768295504019276,0.3101282614783038,0.2588648403337713,0.25591446454636635,0.365127311520387,0.30503054448408623,0.2793826403391708,0.30683572916502566,0.29898783325914985,0.30927517683821837,0.3000437611690369,0.3348418537129141,0.29977745038258424,0.36418274536434786,0.30566845656248953,-0.08572961197044983,0.29737955797373045,0.30209889101501364,0.33517184881537365,0.302436466096295,0.30109584128114847,0.2783182707886394,0.13817924132981627,0.314366297558141,0.2571324496615558,0.33065920175041985,0.8461004497725957,0.25298721230265825,0.31665765129021917,0.25822698346192835,0.26636837850136075,0.29031003069016514,0.2843460489688926,-0.5567771649665584,0.3367324430968907,0.25493773449626134,0.28560829357310785,-0.042223416015498456,0.28181807328278397,0.2978803948237297,0.2998095288650103,0.3059410830700314,0.44493244307162494,0.30112868472843557,0.3330046961666107,0.3033935645874805,0.2655815432730961,0.3037758580936446,0.3311195596718451,0.29555836553664283,0.3301630292515646,0.28450990019593936,0.3135163553457151,0.266796105051556,0.2817333292385769,0.2979378417386069,0.6294127064658149,0.254355455478943,0.31948949327474035,0.2564339603055766,0.31241020656250035,0.26841862556674695,0.2760562215278513,0.28390974682077935,0.2860080607617658,0.2965388767248218,0.3318582268152025,0.2585506429903943,0.3126083048397754,0.3276622312758574,0.2535927861157056,0.22611588100887953,0.2938873135453566,0.3032428040952497,0.30071167168570534,0.3360543321057659,0.9960193725869335,0.31243504757132395,0.2569218705176689,0.27630115165366764,-0.4479554811830895,0.2543172385074778,0.01920628447196248,0.2543225822854118,0.32325940109198936,0.30032819290295093,0.2829859681752978,0.22653934988007987,0.3165037640086404,0.2828793106157976,0.3158938608326567,0.33189015542650857,0.26499852496135484,0.25313460855009307,0.3233065738156294,0.30606247918786966,0.32246357762196165,0.322857848289079,0.22757027943822528,0.3130496350811442,0.2561281847957176,0.27695012212187103,0.3224701275026829,0.26616863151808323,0.3635781599415213,0.28170551667581956,0.3015574017285037,-0.4659498227178667,0.3312125491554082,0.31101220851369105,0.30109243191151075,0.301800653040426,0.28158711530026526,0.30180595320732045,0.3009335018743152,0.24966456754744573,0.31686810606172733,0.27091118033462014,0.2634345143806733,-0.11066426808372769,0.3131661100682627,0.2579390993875536,0.3217940907418133
842,1519073591,0.2812880583172917,0.29591248395365266,0.30985612844878885,0.32546813385906087,0.30578482192047024,0.3173500721338915,0.28168997692043946,0.27970902138059867,0.3121941039871835,0.2606830904716557,0.25768382960052616,0.36721718104741885,0.3077209540551511,0.28077818517091985,0.3088151257993084,0.29962406092090427,0.3112962739543864,0.30183533516205185,0.3359507113661675,0.30168283918668437,0.36628041510416093,0.3076449515598512,-0.08572961197044983,0.2986574616120822,0.3045752412919384,0.3369747024295642,0.30441844946708024,0.3024863541789851,0.28110643651954276,0.13966692338776063,0.3156130668316606,0.25889745146822846,0.3317635301819095,0.901657182501956,0.2551159542446746,0.3186922492407006,0.2600482258302574,0.2690451249215319,0.29226917542164954,0.28733366484205525,-0.5567771649665584,0.33853100183461265,0.2564402628051874,0.2878512548628303,-0.042223416015498456,0.2835564008541031,0.301460855013095,0.3021945580035188,0.3065719456232351,0.4477626084177894,0.30292090929400045,0.3346542375127742,0.3047785934811808,0.26758475475424753,0.3058670128585749,0.33222266889659285,0.2980674654958194,0.3312672316008999,0.28656413361368455,0.31561117213335216,0.26866056801806065,0.2834704925650294,0.2992127640574792,0.6328401117275496,0.25611645903428565,0.3215271726562575,0.2579359192038067,0.313658645376255,0.2704274730543415,0.27778012061720403,0.2859747616869305,0.28749293648186464,0.29854097968932564,0.3329619328322626,0.26036437850747207,0.31470092666041877,0.32876384868078795,0.2557216936486107,0.22897463427087644,0.2956257980148561,0.30533146589232396,0.30248569298944583,0.33785622899055406,0.9962135411099402,0.3150482589829098,0.2586934209570422,0.27802727333532595,-0.44794093476116104,0.2564407513052853,0.01920628447196248,0.2580694864275994,0.3243840754185936,0.30159620739765686,0.2844802187925952,0.22867855743058077,0.31868096501370147,0.2849429970128139,0.31793188574125447,0.3329899208294427,0.2662458891431611,0.2552659750967069,0.3244304741337424,0.3080405769229418,0.3241488374961988,0.32398575103909105,0.2297133012768655,0.314297262431821,0.2576285432523525,0.2786763727605144,0.3235996503317516,0.2674125307363491,0.36567519691444983,0.28375657916572156,0.30353732597560545,-0.46547255510320235,0.33231579436769587,0.3141504613930484,0.30172646776454726,0.3047515551350418,0.28390631453600235,0.3035759236282399,0.30220342884067297,0.25105199136006584,0.31941083682818444,0.27202192834883165,0.2640565160356873,-0.11066426808372769,0.3144127896672857,0.25975683034244595,0.3234813522400708
843,1519073597,0.28407763102942346,0.29939690526936297,0.3143114487030895,0.3277161890716256,0.3093295361819359,0.3209307647428561,0.28517924807657224,0.28374028075073815,0.3156371748353164,0.2643195907474245,0.2612225597088457,0.37244185486499837,0.3099685724456076,0.28426704725029245,0.3132687682264446,0.30216897156792194,0.3153384681867226,0.3066128658100918,0.3381684266726743,0.3042233575921513,0.37100017201874036,0.3115979415545746,-0.08572961197044983,0.3005743170696098,0.3085374017350181,0.3417823120674056,0.3088779120513471,0.3066578928724951,0.2838946022504461,0.14363407554227897,0.31748322074194013,0.2630157890171313,0.3345243512606337,-0.0983640066265311,0.2604378090997154,0.3227614451416635,0.2642977913563584,0.2743986177618741,0.2966772510674894,0.2895743767469272,-0.5567771649665584,0.3439266780477784,0.26019658357750264,0.2908418699157935,-0.042223416015498456,0.28819194104428747,0.30563805856735454,0.3063683589959087,0.3090953958360497,0.4505754550570931,0.30650535842513027,0.3374034730897133,0.3082411657154316,0.27159117771655056,0.3086552192118153,0.3349804419584623,0.30158020543866665,0.33402773747423814,0.2911861588036113,0.3198008057086263,0.27176800629556847,0.28694481921793435,0.30112514753578773,0.4409054170704087,0.2596384661449709,0.32560253141929185,0.2601888575511519,0.31677974241064155,0.27578439968792706,0.2812279187959094,0.29062104513577053,0.2912051257821118,0.3025451856183333,0.33516934486638283,0.2658055850587053,0.3194093257568663,0.3315178921931142,0.2599795087144209,0.23397745247937107,0.2991027669538553,0.30811634828842294,0.30662507603150696,0.3420606550550597,0.996698962417457,0.31975203952376424,0.26282703864891316,0.2832056383803009,-0.4479205697704612,0.2617495332998041,0.01920628447196248,0.26031762891291194,0.3271957612351042,0.30476624363442156,0.28896297064448756,0.231530834164582,0.3223096333554699,0.28907036980684664,0.3225174417855995,0.335739334336778,0.26874061750677375,0.260061549826588,0.32667827476996836,0.3129858212606222,0.32695760395326073,0.32624155653911524,0.23471368556702604,0.3174163308085129,0.2613794393939397,0.2827042909173489,0.325858695989889,0.26990032917288087,0.37039353010353904,0.28785870414552556,0.30749717446980895,-0.46467710907876175,0.3350739073984151,0.31885784071208445,0.3042626111766933,0.3082926376485808,0.28738511338960804,0.30711586447007877,0.3047432827733885,0.25336436438109927,0.32347920605451586,0.27424342437725463,0.2671665243107574,-0.11066426808372769,0.3175294886648432,0.26521002320712284,0.32629345473716653
844,1519073603,0.28477502420745643,0.2999776421553147,0.3143114487030895,0.3282782028747668,0.3105111076024245,0.32307918030823485,0.28517924807657224,0.28374028075073815,0.3156371748353164,0.2643195907474245,0.2612225597088457,0.37244185486499837,0.31236378789626695,0.28566259208204153,0.3137636173850153,0.30216897156792194,0.316685866264168,0.3072100571410968,0.33872285549930103,0.304858487193518,0.3720490068886469,0.3115979415545746,-0.08572961197044983,0.3005743170696098,0.30903267179040306,0.3417823120674056,0.3088779120513471,0.3066578928724951,0.2838946022504461,0.14363407554227897,0.31748322074194013,0.2630157890171313,0.3345243512606337,0.6238735188551541,0.2604378090997154,0.3227614451416635,0.2642977913563584,0.2743986177618741,0.2966772510674894,0.2895743767469272,-0.5567771649665584,0.3439266780477784,0.2616991118864287,0.2908418699157935,-0.042223416015498456,0.28819194104428747,0.3062348019322488,0.3063683589959087,0.3097262583892534,0.4533666533128209,0.30650535842513027,0.3374034730897133,0.3089336801622818,0.27159117771655056,0.3086552192118153,0.3349804419584623,0.30258384542233724,0.33457983864890584,0.2911861588036113,0.3198008057086263,0.27176800629556847,0.28694481921793435,0.30112514753578773,0.6396949222510189,0.2602254673300851,0.32611195126467113,0.261690816449382,0.31677974241064155,0.27578439968792706,0.2812279187959094,0.29062104513577053,0.2919475636421612,0.3030457113594593,0.33516934486638283,0.2658055850587053,0.31993248121202716,0.3315178921931142,0.2599795087144209,0.23397745247937107,0.30026175660018833,0.30811634828842294,0.30662507603150696,0.3438625519398479,0.996698962417457,0.31975203952376424,0.26282703864891316,0.2832056383803009,-0.4479176604860755,0.2617495332998041,0.01920628447196248,0.26031762891291194,0.3271957612351042,0.30476624363442156,0.28896297064448756,0.231530834164582,0.3223096333554699,0.28907036980684664,0.3225174417855995,0.335739334336778,0.26998798168858,0.260061549826588,0.32667827476996836,0.3129858212606222,0.32695760395326073,0.32624155653911524,0.23471368556702604,0.3174163308085129,0.2613794393939397,0.28327970779689665,0.325858695989889,0.26990032917288087,0.37039353010353904,0.28837146976800104,0.30749717446980895,-0.4640407522592093,0.3350739073984151,0.319380882858644,0.3042626111766933,0.3082926376485808,0.28796491319854234,0.30711586447007877,0.3047432827733885,0.253826838985306,0.32347920605451586,0.27424342437725463,0.2671665243107574,-0.11066426808372769,0.3175294886648432,0.26521002320712284,0.3268558752365857
845,1519073608,0.2882619900976211,0.30230058969912155,0.31827173337357895,0.3305262580873315,0.31405582186389014,0.3252275958736136,0.288668519232705,0.28719564592514346,0.31839163151382266,0.26916825778178294,0.26535107816855197,0.376621593919062,0.31509562822107295,0.2884536817455396,0.3177224106535808,0.3047138822149396,0.31938066241905877,0.3107932051271267,0.34149499963243457,0.3067638759976182,0.3762443463682731,0.31604505529863836,-0.08572961197044983,0.3031301243463133,0.31299483223348273,0.346589921705247,0.3128418787929177,0.3094389186681685,0.28668276798134945,0.14660943965816775,0.32060014392573927,0.26654579263047656,0.33728517233935784,0.7349869843138749,0.26522747846925215,0.3278479400178671,0.2685473568824594,0.27841373739213077,0.30059554053045817,0.2940558005566712,-0.5567771649665584,0.34752379552322216,0.26470416850428086,0.2930848312055159,-0.042223416015498456,0.29166859618692575,0.3098152621216141,0.3099459027036715,0.3128805711552717,0.4561939322078419,0.3100898075562601,0.3396028615512646,0.3117037379496824,0.2762653378392374,0.3114434255650558,0.33718666040795786,0.3050929453815138,0.3367882433475764,0.2952946256391018,0.3239904392839004,0.27363246926207313,0.2904191458708393,0.30431245333296864,0.6294127064658149,0.26374747444077035,0.33018731002770546,0.2646947342458423,0.3192766200381508,0.27980209466311623,0.2852503500043991,0.2947510748680728,0.29491731508235886,0.30604886580621504,0.3379286099090332,0.2694330560928608,0.32411772485331386,0.3337211270029753,0.2647695506634573,0.23755089405686725,0.3025797358928544,0.31229367188257146,0.31135579950814823,0.3474663457094242,0.9970872994634705,0.3239331777823015,0.26637013952765964,0.28665788174361745,-0.44790311406414707,0.2659965588954191,0.01920628447196248,0.2625657713982245,0.3294451098883126,0.3066682653764804,0.29195147187908244,0.23580924926558386,0.324486834360531,0.2937136642001334,0.3271029978299445,0.3390386305455803,0.2718590279612895,0.26485712455646915,0.3294880255652508,0.3169420167307665,0.3292046171189103,0.32906131341414546,0.23828538863142645,0.319287771834528,0.26513033553552695,0.28673220907418334,0.3281177416480264,0.2736320268276785,0.37563612253586043,0.29247359474780504,0.31145702296401245,-0.46340439543965684,0.3372803978229904,0.32356522003112054,0.3074327904418759,0.31183372016211974,0.291443712052148,0.31242577573283703,0.3072831367061041,0.2561392120063395,0.3275475752808472,0.2770202944127834,0.26903252927579946,-0.11066426808372769,0.3193995080633777,0.2694513954352049,0.32910555723426227
846,1519073614,0.28965677645368704,0.30462353724292845,0.3207469112926349,0.33277431329989626,0.3164189647048673,0.32737601143899236,0.2900642276951581,0.29007511690381454,0.32045747402270236,0.27098650791966733,0.2671204432227118,0.37871146344609385,0.3177963954805731,0.2898492265772886,0.31970180728786357,0.3072587928619573,0.32207545857394954,0.3125847791201417,0.3437127149389414,0.3080341352003516,0.37886643354303945,0.3185156740453405,-0.08572961197044983,0.30504697980384093,0.31497591245502254,0.34899372652416766,0.31482386216370295,0.3122199444638418,0.2880768508468011,0.1480971217161121,0.3212235285624991,0.26889912837270674,0.33894166498659234,0.8461004497725957,0.2673562204112685,0.32988253796834854,0.2721898416191174,0.2810904838123019,0.30255468526194257,0.2955496084932525,-0.5567771649665584,0.3493223542609441,0.26545543265874394,0.2953277924952384,-0.042223416015498456,0.2934069237582449,0.31160549221629674,0.3117346745575529,0.31477315881488266,0.45902265432843464,0.31188203212182497,0.34070255578204023,0.3130887668433827,0.27826854932038886,0.31353458032998605,0.33828976963270563,0.3076020453406904,0.3384445468715794,0.29786241741128333,0.3260852560715375,0.2748754445730763,0.2933144180815934,0.30558737565184096,0.6328401117275496,0.26550847799611293,0.33273440925460196,0.26619669314407235,0.32114927825878276,0.2818109421507108,0.28812351515332024,0.2973323434507617,0.29565975294240826,0.3085514945118448,0.3390323159260933,0.27124679160993853,0.3262103466739572,0.33537355311037104,0.2668984581963624,0.24040964731886416,0.3048977151855205,0.31368611308062094,0.3131298208118887,0.3498688748891417,0.9975727207709874,0.32602374691157016,0.26932272359328174,0.28838400342527576,-0.4478885676422186,0.26812007169322666,0.01920628447196248,0.2640645330550995,0.33056978421491684,0.3079362798711863,0.2941928478050286,0.23723538763258448,0.32593830169723836,0.29577735059714977,0.3291410227385423,0.3401383959485144,0.273730074233999,0.2680541743763899,0.3306119258833638,0.3189201144658387,0.3303281237017351,0.33018921616415753,0.2397140698571866,0.3205353991852048,0.2666306939921618,0.2884584597128267,0.3298120258916294,0.2748759260459444,0.3782574187520211,0.29452465723770704,0.3139319282728897,-0.46276803862010435,0.33838364303527807,0.32565738861735877,0.3080668262949124,0.31419444183781237,0.2931831114789508,0.31419574615375645,0.30791810018928295,0.26122643265261314,0.33059885220059576,0.2814632864696294,0.2715205358958555,-0.11066426808372769,0.32064618766240066,0.2712691263900972,0.3302303982331006
847,1519073620,0.2910515628097529,0.3086886954445905,0.3227270536278796,0.335022368512461,0.3181913218356001,0.3295244270043711,0.2914599361576112,0.29180279949101723,0.32252331653158206,0.2734108414368466,0.2688898082768716,0.3808013329731257,0.32050752042850855,0.29124477140903765,0.32168120392214633,0.30980370350897496,0.3247702547288403,0.31497354444416165,0.3448215725921948,0.3099395240044518,0.3814885207178058,0.32049216904270217,-0.08572961197044983,0.30632488344219266,0.3174522627319473,0.3507965801383582,0.3173013413771846,0.3136104573616785,0.2901679751449786,0.1495848037740565,0.32247029783601877,0.2706641301793794,0.34059815763382684,0.012749458832189704,0.27001714783878894,0.33242578540645035,0.2740110839874464,0.28309804362743024,0.30451382999342697,0.29704341642983384,-0.5567771649665584,0.351120912998666,0.26695796096767,0.29682310002171997,-0.042223416015498456,0.2957246938533371,0.3145892090407678,0.3135234464114343,0.31603488392129,0.461864365479173,0.3148690730644332,0.34235209712820375,0.31447379573708306,0.28160723512230806,0.31492868350660624,0.3393928788574534,0.31161660527537294,0.33954874922091466,0.2999166508290286,0.32870377705608383,0.27673990753958094,0.29620969029234756,0.30622483681127716,0.3826395276209195,0.268443483921684,0.3347720886361191,0.2676986520423025,0.32302193647941474,0.2838197896383054,0.28984741424267296,0.29939735831691283,0.2971446286625071,0.3115546489586006,0.3401360219431534,0.2742696841384014,0.3288261239497614,0.33647517051530157,0.26955959261249374,0.24183902394986262,0.3083746841245196,0.3157747748776952,0.3160865229847895,0.35167077177392986,0.9978154314247457,0.32811431604083885,0.271094274032655,0.29011012510693407,-0.44786820265151883,0.27077446269048605,0.01920628447196248,0.26631267554041205,0.3322567957048232,0.3092042943658922,0.29568709842232604,0.24151380273358633,0.3288412363706531,0.29784103699416614,0.3316885538742895,0.3412381613514485,0.27497743841580524,0.27018554092300373,0.3317358262014768,0.3208982122009108,0.3314516302845598,0.33131711891416965,0.24185709169582684,0.32178302653588153,0.26738087322047926,0.29018471035147003,0.3309415487206981,0.2761198252642103,0.38035445572494964,0.29708848535008453,0.3169018146435423,-0.46197259259566376,0.33948688824756573,0.32827259935015657,0.30933489800098546,0.3183257047702745,0.29608211052362227,0.3165557067149824,0.30982299063881963,0.2630763310694399,0.33365012912034436,0.2831294084909467,0.27214253755086953,-0.11066426808372769,0.32189286726142363,0.2742986779815844,0.33191765973135806
848,1519073625,0.2938411355218847,0.3127538536462525,0.3266873382983691,0.33727042372502575,0.3217360360970658,0.3323889810915428,0.2942513530825174,0.29525816466542254,0.32527777321008833,0.27704734171261536,0.2736081150879644,0.38550353940894727,0.32310988964787357,0.2947336334884103,0.32563999719071185,0.3117123864942382,0.32813874992245373,0.31855669243019163,0.34759371672532835,0.3118449128085519,0.38568386019743195,0.3244451590374255,-0.08572961197044983,0.3101585943572479,0.32240496328579693,0.3556041897761996,0.3217608039614514,0.3177819960551885,0.2936531823086078,0.15305606190926005,0.3243404517462983,0.2753708016638398,0.34280681449680617,-0.43170440300269347,0.27427463172282157,0.33649498130741323,0.2776535687241044,0.2877823498627297,0.3089219056392668,0.29928412833470586,-0.5567771649665584,0.3553175500533504,0.26996301758552216,0.2990660613114424,-0.042223416015498456,0.30036023404352147,0.3181696692301331,0.31829350468845136,0.3191891966873083,0.46468875792305053,0.318453522195563,0.344551485589755,0.3172438535244837,0.28561365808461103,0.3177168898598467,0.34215065191932287,0.31563116521005546,0.3417571539195853,0.30453867601895535,0.33289341063135797,0.2792258581615872,0.29968401694525254,0.30941214260845806,0.31066401712449165,0.2719654910323692,0.33884744739915346,0.26995159038964767,0.32489459470004667,0.28850710044269273,0.29329521242137835,0.30352738804921514,0.29937194224265534,0.31555885488760826,0.3423434339772737,0.27789715517255686,0.3330113675910481,0.33867840532516263,0.2738174076783039,0.24612715384285802,0.3118516530635188,0.31855965727379415,0.3196345655922705,0.35527456554350617,0.9982037684707592,0.3328180965816933,0.27463737491140155,0.2947131162580229,-0.4478449283764333,0.27502148828610107,0.01920628447196248,0.27005957968259964,0.3350684815213338,0.31237433060265696,0.3001698502742184,0.24436607946758757,0.3310184373757142,0.3024843313874529,0.3357646036914851,0.3439875748587838,0.2768484846885147,0.2744482740162314,0.3339836268377028,0.3258434565385912,0.3342603967416218,0.33413687578919987,0.24614313537310728,0.32490209491257344,0.2703815901337491,0.2936372116287567,0.3343301172079042,0.27860762370074205,0.3850727889140389,0.30119061032988853,0.3208616631377458,-0.46117714657122316,0.34224500127828494,0.3324569365226331,0.311237005560095,0.3218667872838134,0.3007205089950965,0.32009564755682124,0.31299780805471406,0.2658511786946801,0.3377184983466757,0.28590627852647543,0.2746305441709256,-0.11066426808372769,0.32500956625898114,0.277934139891369,0.3341673417290347
849,1519073631,0.2938411355218847,0.3127538536462525,0.3266873382983691,0.33727042372502575,0.32291760751755433,0.3338212581351287,0.2942513530825174,0.29525816466542254,0.32527777321008833,0.27704734171261536,0.2736081150879644,0.38550353940894727,0.32555171469649163,0.2954314059042848,0.3261348463492825,0.3117123864942382,0.3294861479998991,0.31855669243019163,0.34759371672532835,0.3118449128085519,0.38568386019743195,0.3249392827867659,-0.08572961197044983,0.3101585943572479,0.32240496328579693,0.3556041897761996,0.3217608039614514,0.3177819960551885,0.2936531823086078,0.15305606190926005,0.3249638363830581,0.2753708016638398,0.34280681449680617,0.901657182501956,0.27480681720832567,0.33649498130741323,0.2776535687241044,0.2877823498627297,0.3089219056392668,0.29928412833470586,-0.5567771649665584,0.3553175500533504,0.27146554589444827,0.2990660613114424,-0.042223416015498456,0.30036023404352147,0.3181696692301331,0.31829350468845136,0.3191891966873083,0.46747201843813374,0.318453522195563,0.344551485589755,0.318628882418184,0.2862813952449949,0.3177168898598467,0.34215065191932287,0.31613298520189076,0.3417571539195853,0.30453867601895535,0.33289341063135797,0.2792258581615872,0.29968401694525254,0.30941214260845806,0.6499771380362229,0.27313949340259763,0.33935686724453273,0.26995159038964767,0.32489459470004667,0.28850710044269273,0.29329521242137835,0.3040436417657529,0.3015992558228036,0.31605938062873423,0.34289528698580374,0.27789715517255686,0.3330113675910481,0.33867840532516263,0.2738174076783039,0.24612715384285802,0.3124311478866853,0.31855965727379415,0.3196345655922705,0.35527456554350617,0.9982037684707592,0.3328180965816933,0.27463737491140155,0.2947131162580229,-0.4478420190920476,0.27502148828610107,0.01920628447196248,0.27005957968259964,0.3350684815213338,0.31237433060265696,0.3001698502742184,0.24507914865108787,0.3310184373757142,0.3024843313874529,0.33627410991863455,0.34453745756025084,0.2768484846885147,0.2744482740162314,0.3339836268377028,0.3258434565385912,0.3342603967416218,0.33413687578919987,0.24614313537310728,0.32490209491257344,0.2703815901337491,0.2947880453878523,0.3343301172079042,0.279229573309875,0.3850727889140389,0.3017033759523641,0.3208616631377458,-0.46085896816144695,0.34224500127828494,0.3324569365226331,0.311237005560095,0.3218667872838134,0.3007205089950965,0.32009564755682124,0.31299780805471406,0.2663136532988868,0.3377184983466757,0.2864616525335812,0.2746305441709256,-0.11066426808372769,0.32500956625898114,0.27854005020966643,0.3341673417290347
850,1519073636,0.29523592187795056,0.31449606430410765,0.32866748063361384,0.33895646513444927,0.3252807503585315,0.33525353517871453,0.2956470615449705,0.29698584725262517,0.32665500154934146,0.2788655918504998,0.2765570568448974,0.3875934089359791,0.32815926276007423,0.29752472315190837,0.3281142429835653,0.31362106947950147,0.3315072451160672,0.32154264908521657,0.3498114320318351,0.31311517201128536,0.3888303648071516,0.3269157777841276,-0.08572961197044983,0.3107975461764238,0.32438604350733674,0.3580079945951203,0.3237427873322367,0.3191725089530251,0.2950472651740595,0.15553553200583403,0.3274573749300974,0.2771358034705124,0.34391114292829583,0.901657182501956,0.276935559150342,0.3385295792578947,0.27947481109243344,0.28978990967785806,0.3113708365536223,0.3022717442078685,-0.5567771649665584,0.35711610879107236,0.2737193383578374,0.300561368837924,-0.042223416015498456,0.3020985616148406,0.3199598993248158,0.3206785338269599,0.3217126469001229,0.4702949676564396,0.3202457467611279,0.3456511798205307,0.3200139113118843,0.28828460672614636,0.3191109930364669,0.34325376114407063,0.31814026516923205,0.34286135626892056,0.3065929094367006,0.33498822741899503,0.27984734581708876,0.301421180271705,0.3113245260867666,0.6499771380362229,0.2749004969579403,0.34190396647142923,0.2714535492878778,0.3261430335138013,0.2905159479302873,0.29501911151073107,0.3066249103484418,0.302341693682853,0.31806148359323805,0.3445508460113939,0.2797108906896346,0.3356271448668523,0.3403308314325584,0.275946315211209,0.24755653047385648,0.3141696323561849,0.32064831907086844,0.3225912677651713,0.35887835931308243,0.9983979369937659,0.33543130799327914,0.27758995897702365,0.29643923793968113,-0.4478274726701192,0.2771450010839086,0.01920628447196248,0.27080896051103714,0.336193155847938,0.3142763523447158,0.30091697558286706,0.2472183562015888,0.33246990471242155,0.30506393938372334,0.3388216410543818,0.34563722296318494,0.278095848870321,0.27657964056284523,0.3362314274739287,0.32782155427366333,0.33594565661585896,0.33582872991421797,0.24757181659886746,0.3255259085879118,0.2711317693620665,0.29651429602649565,0.3354596400369729,0.28047347252814087,0.38769408513019954,0.3037544384422661,0.32284158738484753,-0.46038170054678257,0.34389986909671644,0.3345491051088713,0.3144071848252776,0.3236373285405829,0.30245990842189935,0.32186561797774066,0.31363277153789293,0.26770107711150687,0.33975268295984146,0.2875724005477927,0.27649654913596766,-0.11066426808372769,0.3268795856575156,0.2803577811645588,0.335292182727873
851,1519073642,0.29732810141204935,0.31623827496196283,0.3311426585526697,0.34064250654387285,0.3282346789097529,0.3366858122223004,0.29774062423865016,0.299289424035562,0.32872084405822116,0.2806838419883842,0.2783264218990572,0.3896832784630109,0.33060108780869235,0.2989202679836574,0.3305884887764187,0.3155297524647647,0.33352834223223526,0.3233342230782315,0.35092028968508854,0.3143854312140188,0.3909280345469647,0.3298805202801701,-0.08572961197044983,0.31207544981477553,0.3263671237288766,0.3598108482093108,0.32572477070302197,0.32056302185086183,0.29644134803951117,0.1570232140637784,0.32932752884037686,0.28007747314830017,0.3450154713597855,0.7905437170432352,0.27906430109235836,0.3410728266959965,0.2819031342502054,0.2917974694929864,0.31332998128510664,0.30301864817615914,-0.5567771649665584,0.35891466752879425,0.27447060251230043,0.30429963765412804,-0.042223416015498456,0.30383688918615975,0.32234687278439267,0.32365982025009554,0.32297437200653023,0.47310492784459984,0.32323278770373604,0.34675087405130633,0.3213989402055846,0.2902878182072979,0.3225962509780174,0.3443568703688184,0.3201475451365733,0.34451765979292354,0.3091607012088821,0.3376067484035413,0.28109032112809185,0.3031583435981575,0.3125994484056389,0.6396949222510189,0.27666150051328287,0.34496048554370495,0.273706487635223,0.32739147232755594,0.29319441124708007,0.2990415427192207,0.3092061789311307,0.3038265694029519,0.3205641122988679,0.34620640503698413,0.28152462620671237,0.33771976668749565,0.3419832575399542,0.27807522274411406,0.24898590710485496,0.316487611648851,0.3220407602689179,0.32436528906891177,0.3606802561978706,0.9985921055167726,0.3380445194048649,0.28054254304264575,0.29816535962133944,-0.4478158355325764,0.27926851388171614,0.01920628447196248,0.27230772216791216,0.3378801673378443,0.31554436683942166,0.30241122620016453,0.24864449456858942,0.3339213720491289,0.3071276257807397,0.34085966596297956,0.3472868710675861,0.27996689514303047,0.2792438487461125,0.3373553277920417,0.3297996520087355,0.33706916319868374,0.3369566326642301,0.25042917905038775,0.3267735359385886,0.2741324862753363,0.2993913804242346,0.33658916286604157,0.28233932135553974,0.3897911221031281,0.3058055009321681,0.3248215116319493,-0.45990443293211825,0.3450031143090041,0.3371643158416691,0.3156752565313506,0.32540786979735237,0.3041993078487022,0.3248155686792731,0.3161726254706085,0.2695509755283337,0.34178686757300714,0.2897938965762157,0.2783625541010097,-0.11066426808372769,0.32750292545702714,0.2821755121194511,0.3364170237267113
852,1519073648,0.29872288776811523,0.31798048561981795,0.33312280088791446,0.34176653415015523,0.33059782175073,0.3381180892658862,0.29913633270110324,0.3010171066227647,0.3300980723974743,0.28432034226415304,0.280095786953217,0.3917731479900427,0.3332034570280573,0.3003158128154064,0.33306273456927216,0.31680220778827356,0.33554943934840337,0.3257229884022515,0.35202914733834195,0.316290820018119,0.3930257042867778,0.3318570152775318,-0.08572961197044983,0.31399230527230315,0.3283482039504164,0.36161370182350133,0.3277067540738072,0.3219535347486985,0.29783543090496284,0.15851089612172278,0.32995091347713673,0.28184247495497283,0.34667196400702,0.7905437170432352,0.2811930430343747,0.3431074246464779,0.28372437661853445,0.2944742159131575,0.31528912601659104,0.3060062640493218,-0.5567771649665584,0.36071322626651614,0.27597313082122654,0.3057949451806097,-0.042223416015498456,0.3055752167574789,0.3241371028790753,0.3254485921039769,0.3236052345597339,0.4759271554501198,0.3256224204578226,0.3484004153974698,0.3234764835461351,0.293626504009217,0.3246874057429477,0.34601153420594005,0.3221548251039145,0.3456218621422588,0.31121493462662736,0.34022526938808767,0.2829547840945965,0.30605361580891166,0.3138743707245113,0.6362675169892843,0.2784225040686255,0.3475075847706014,0.27520844653345305,0.32926413054818787,0.29587287456387285,0.3007654418085734,0.31127119379728185,0.30605388298310016,0.3225662152633717,0.34731011105404425,0.2833383617237901,0.34033554396329985,0.3430848749448847,0.2812685840434717,0.2518446603668519,0.31822609611835057,0.32412942206599216,0.3267306508072324,0.36248215308265874,0.998834816170531,0.3401350885341336,0.282314093482019,0.30104222909076994,-0.4478041983950337,0.2813920266795236,0.01920628447196248,0.2738064838247872,0.33900484166444855,0.3168123813341276,0.30390547681746194,0.25292290966959124,0.33537283938583634,0.30919131217775603,0.3434071970987268,0.3483866364705202,0.2812142593248368,0.28137521529272636,0.3384792281101547,0.3322722741775757,0.33875442307292086,0.33808453541424216,0.25328654150190805,0.3286449769646037,0.27488266550365376,0.3011176310628779,0.33828344710964464,0.28296127096467266,0.3918881590760566,0.3078565634220701,0.3272964169408265,-0.45942716531745387,0.34610635952129176,0.3392564844279074,0.3169433282374236,0.3271784110541219,0.30593870727550504,0.3265855391001925,0.3168075889537874,0.27093839934095376,0.34382105218617287,0.2909046445904272,0.2789845557560237,-0.11066426808372769,0.3287496050560501,0.28399324307434337,0.3381042852249687
853,1519073653,0.301512460480247,0.3208841700495766,0.3375781211422151,0.34401458936271995,0.3341425360121957,0.34026650483126497,0.30332345808846256,0.3056242601886384,0.33285252907598056,0.2879568425399218,0.28363451706153664,0.39595288704410636,0.33583689931272814,0.303804674894779,0.3370215278378377,0.3187108907735368,0.33824423550329413,0.32930613638828143,0.3542468626448488,0.3201015976263193,0.39774546120135723,0.3358100052722552,-0.08572961197044983,0.31654811254900667,0.333300904504266,0.3652194090518824,0.3326617125007704,0.32473456054437183,0.3027147209340437,0.16148626023761153,0.33244445202417605,0.2853724785683181,0.34943278508574416,0.8461004497725957,0.28598271240391143,0.3471766205474408,0.28736686135519246,0.29915852214845695,0.31920741547955983,0.3082469759541938,-0.5567771649665584,0.36431034374196,0.2789781874390787,0.30953321399681366,-0.042223416015498456,0.31021075694766326,0.33010453652801747,0.32902613581173973,0.3261286847725485,0.4787515478939974,0.3292068695889524,0.35059980385902106,0.32624654133353576,0.29763292697152005,0.3281726636844982,0.34876930726780947,0.32516574505492646,0.34783026684092944,0.3153234014621178,0.3444149029633618,0.2848192470611012,0.3101069969039674,0.3157867542028198,0.6328401117275496,0.28194451117931074,0.3515829435336358,0.27746138488079825,0.33238522758257444,0.299890569539062,0.3042132399872788,0.31540122352958416,0.3082811965632484,0.32556936971012745,0.3495175230881645,0.2887795682750233,0.3445207876045866,0.3452881097547457,0.28552639910928185,0.2568474785753465,0.32054407541101665,0.3269143044620912,0.3302786934147134,0.3672872114420938,0.9992716953472961,0.3443162267926709,0.28585719436076557,0.30449447245408656,-0.44778383340433386,0.28670080867404246,0.01920628447196248,0.2790521496238498,0.34181652748095914,0.3193484103235394,0.30614685274340814,0.2557751864035925,0.3382757740592511,0.3133186849717888,0.34748324691592236,0.3505861672763884,0.28308530559754624,0.285637948385954,0.34072702874638067,0.33622846964772,0.34100143623857043,0.34034034091426635,0.2561439039534284,0.33114023166595724,0.27938374087355844,0.3045701323401646,0.34054249276778203,0.28544906940120446,0.39608223302191375,0.3119586884018741,0.33175124649680543,-0.4587908084979014,0.3483128499458671,0.3450099480400626,0.3188454357965332,0.33130967398658395,0.3111569055559135,0.33012547994203134,0.31998240636968184,0.2727882977577805,0.34839796756579566,0.29257076661174447,0.28147256237607976,-0.11066426808372769,0.3306196244545846,0.28823461530242545,0.34147880822148363
854,1519073659,0.30360464001434584,0.32378785447933517,0.340053299061271,0.34513861696900233,0.3365056788531728,0.34384719744022957,0.30471916655091563,0.3079278369715753,0.33560698575448683,0.28977509267780627,0.28540388211569645,0.3990876913346541,0.3385506136827724,0.3058979921424026,0.3394957736306911,0.31998334609704565,0.3416127306969076,0.33109771038129643,0.3559101491247289,0.32073672722768604,0.3998431309411703,0.3377865002696169,-0.08572961197044983,0.3171870643681825,0.33528198472580584,0.3676232138708031,0.33464369587155574,0.32751558634004513,0.3041088037994954,0.16396573033418552,0.33306783666093587,0.28713748037499076,0.35108927773297866,0.7349869843138749,0.2886436398314319,0.3497198679855426,0.2910093460918505,0.3018352685686281,0.32214613257678637,0.30974078389077514,-0.5567771649665584,0.3685069807966444,0.28123197990246784,0.3110285215232953,-0.042223416015498456,0.3119490845189824,0.3318947666227001,0.33141116495024825,0.3280212724321595,0.4815853213040912,0.3309990941545173,0.3527991923205724,0.3283240846740862,0.29963613845267156,0.3295667668611184,0.3504239711049312,0.32817666500593834,0.3489344691902647,0.31737763487986304,0.34650971975099887,0.287926685338609,0.31184416023041994,0.31706167652169215,0.5917112485867336,0.28370551473465333,0.3541300427605322,0.27896334377902837,0.3336336663963291,0.30323864868505296,0.3059371390766315,0.3174662383957353,0.31050851014339664,0.3285725241568832,0.35062122910522464,0.2905933037921011,0.34661340942522995,0.3469405358621415,0.2876553066421869,0.2589915435218442,0.3234415495268492,0.3283067456601407,0.3320527147184539,0.36908910832688197,0.9995144060010546,0.3469294382042567,0.2876287448001388,0.30737134192351706,-0.44776637769801975,0.28882432147184994,0.01920628447196248,0.28055091128072485,0.3429412018075634,0.3212504320655982,0.30988247928665175,0.25791439395409343,0.3411787087326658,0.3153823713688051,0.34952127182452014,0.3516859326793225,0.28433266977935256,0.2888349982058747,0.3424128792235501,0.33919561625032824,0.3426866961128076,0.3414682436642784,0.25971560701782875,0.3330116726919724,0.2808840993301933,0.3068717998583557,0.34167201559685073,0.2860710190103374,0.3987035292380744,0.3140097508917761,0.3337311707439072,-0.4581544516783489,0.34996771776429864,0.3471021166263008,0.3207475433556427,0.33308021524335346,0.31289630498271637,0.3324854405032573,0.3212523333360396,0.27463819617460733,0.3504321521789614,0.29423688863306174,0.28333856734112184,-0.11066426808372769,0.3331129836526306,0.2912641668939126,0.34260364922032194
855,1519073665,0.3056968195484447,0.3255300651371903,0.34252847698032696,0.3462626445752847,0.3382780359839056,0.3481440285709871,0.30611487501336876,0.3102314137545122,0.33698421409374,0.29280550957428025,0.28717324716985626,0.40117756086168593,0.3411555723242462,0.30799130939002617,0.34197001942354455,0.32061957375880007,0.34565492492924377,0.33408366703632136,0.3570190067779823,0.3220069864304195,0.40246521811593666,0.3397629952669785,-0.08572961197044983,0.3184649680065343,0.3372630649473457,0.37062796989445396,0.336625679242341,0.32890609923788183,0.30550288666494707,0.16545341239212988,0.3355613752079752,0.2889024821816634,0.3521936061644683,0.901657182501956,0.2907723817734482,0.35175446593602405,0.29283058846017945,0.3038428283837564,0.32410527730827077,0.3104876878590658,-0.5567771649665584,0.37030553953436635,0.28423703652032,0.31252382904977694,-0.042223416015498456,0.31368741209030154,0.3336849967173828,0.33379619408875677,0.32865213498536316,0.4843844573004634,0.3327913187200822,0.35389888655134805,0.3304016280146367,0.301639349933823,0.3309608700377386,0.35152708032967894,0.3301839449732796,0.3505907727142677,0.3194318682976083,0.34860453653863593,0.28916966064961214,0.3135813235568724,0.3183365988405645,0.6328401117275496,0.28605351947511015,0.3561677221420494,0.2819672615754886,0.3348821052100837,0.30524749617264757,0.3076610381659842,0.3195312532618864,0.3127358237235449,0.331075152862513,0.3522767881308148,0.29240703930917883,0.34922918670103414,0.34804215326707205,0.2903164410583183,0.2604209201528427,0.32633902364268186,0.32969918685819016,0.3344180764567745,0.37149163750659947,0.9997571166548129,0.3495426496158425,0.28940029523951205,0.3090974636051753,-0.447754740560477,0.2909478342696575,0.01920628447196248,0.28130029210916235,0.3440658761341676,0.32315245380765706,0.31137672990394916,0.25934053232109405,0.34263017606937324,0.31744605776582147,0.3520688029602674,0.3527856980822566,0.286203716052062,0.29096636475248855,0.3440987297007196,0.3411737139854004,0.34437195598704473,0.34316009778929657,0.261858628856469,0.33425930004264914,0.28163427855851075,0.30974888425609465,0.3428015384259194,0.2873149182286033,0.4013248254542351,0.31657357900415356,0.33571109499100893,-0.45735900565390836,0.3510709629765863,0.34919428521253904,0.32264965091475223,0.3348507565001229,0.3146357044095192,0.3342554109241767,0.3225222603023974,0.2760256199872274,0.3524663367921271,0.2953476366472732,0.2845825706511499,-0.11066426808372769,0.33373632345214205,0.2930818978488049,0.34372849021916024
856,1519073670,0.3077889990825435,0.3278530126809972,0.34500365489938284,0.34794868598470824,0.34005039311463847,0.3495763056145729,0.3082084377070484,0.31253499053744904,0.33836144243299315,0.29462375971216465,0.29012218892678926,0.4032674303887177,0.34326854076504404,0.3093868542217752,0.3439494160578273,0.32316448440581774,0.3476760220454118,0.33587524102933636,0.35812786443123573,0.3232772456331529,0.40456288785574973,0.34223361401368063,-0.08572961197044983,0.319742871644886,0.3392441451688855,0.3730317747133746,0.3386076626131263,0.3309918685846368,0.30689696953039874,0.16694109445007427,0.336184759844735,0.2912558179238936,0.353297934595958,0.5683167861257937,0.29290112371546456,0.3553150123493666,0.2952589116179515,0.30585038819888477,0.32606442203975516,0.3134753037322284,-0.5567771649665584,0.37210409827208824,0.28498830067478303,0.3132714828130177,-0.042223416015498456,0.3154257396616207,0.33547522681206543,0.3355849659426382,0.3299138600917705,0.48716627458997497,0.3345835432856471,0.3555484278975115,0.33178665690833703,0.30364256141497453,0.3323549732143588,0.3526301895544267,0.33269304493245616,0.351694975063603,0.3219996600697898,0.350699353326273,0.29041263596061523,0.3153184868833249,0.32024898231887305,0.6225578959423456,0.2878145230304528,0.35820540152356656,0.28422019992283376,0.33613054402383835,0.3072563436602421,0.3099595702851211,0.32159626812803754,0.3142206994436438,0.33307725582701686,0.3533804941478749,0.29482535333194915,0.3513218085216775,0.3491437706720026,0.29244534859122334,0.26256498509934034,0.32807750811218145,0.33248406925428914,0.336192097760515,0.3732935343913876,0.9999512851778196,0.35163321874511116,0.2911718456788853,0.3108235852868336,-0.4477431034229343,0.29360222526691687,0.01920628447196248,0.28279905376603737,0.34519055046077185,0.32378646105500997,0.3128709805212466,0.26147973987159495,0.3433559097377269,0.32054158736134597,0.35410682786886516,0.35498522888812484,0.28745108023386834,0.29363057293575584,0.3452226300188326,0.34315181172047254,0.3454954625698695,0.34485195191431467,0.26328731008222916,0.33550692739332594,0.28463499547178056,0.311475134894738,0.3439310612549881,0.290424666274268,0.4039461216703958,0.31862464149405556,0.3376910192381107,-0.45672264883435587,0.3527258307950178,0.3512864537987773,0.3239177226208253,0.33721147817581554,0.31637510383632206,0.338385341906322,0.32315722378557626,0.27787551840405417,0.3550090675585842,0.29756913267569624,0.28520457230616386,-0.11066426808372769,0.33560634285067653,0.29489962880369724,0.34485333121799855
857,1519073676,0.30918378543860936,0.33017596022480405,0.3469837972346276,0.3490727135909906,0.34300432166585987,0.35244085970174466,0.3103020004007281,0.31426267312465167,0.3397386707722463,0.2970480932293439,0.29189155398094907,0.40535729991574954,0.3455342851102623,0.3107823990535243,0.34642366185068074,0.32380071206757216,0.3510445172390253,0.3376668150223513,0.35923672208448915,0.3239123752345196,0.40666055759556285,0.3442101090110423,-0.08572961197044983,0.32165972710241364,0.3412252253904254,0.37483462832756514,0.3410851418266079,0.33238238148247345,0.3082910523958504,0.16942056454664822,0.33743152911825464,0.29302081973056626,0.35440226302744765,0.3460898552083521,0.2950298656574809,0.357349610299848,0.29708015398628046,0.3085271346190559,0.32851335295411066,0.31496911166880975,-0.5567771649665584,0.3739026570098101,0.28649082898370914,0.31551444410274015,-0.042223416015498456,0.31832295228048596,0.3372654569067481,0.3373737377965196,0.3311755851981778,0.4899553080073451,0.3375705842282553,0.3566481221282871,0.33386420024888747,0.30631351005650986,0.33444612797928913,0.3537332987791745,0.33520214489163275,0.35335127858760595,0.32405389348753505,0.35331787431081935,0.2916556112716183,0.3176347046519282,0.3215239046377454,0.6157030854188763,0.28957552658579544,0.360752500750463,0.2857221588210639,0.3367547634307157,0.3099348069770349,0.31168346937447383,0.32469379042726426,0.316448013023792,0.33557988453264664,0.35448420016493504,0.29663908884902684,0.35341443034232084,0.35079619677939833,0.2951064830073547,0.2654237383613373,0.33039548740484753,0.3338765104523387,0.339740140367996,0.3750954312761758,1.0004367064853366,0.3537237878743798,0.2941244297445074,0.31254970696849194,-0.4477256477166201,0.2957257380647244,0.01920628447196248,0.2842978154229124,0.34631522478737603,0.3250544755497159,0.31436523113854403,0.2643320166055962,0.34480737707443426,0.32260527375836234,0.35716386523176186,0.35608499429105894,0.2893221265065778,0.2957619394823697,0.34634653033694557,0.3451299094555447,0.3466189691526943,0.3459798546643268,0.2654303319208694,0.3361307410686643,0.28613535392841544,0.3137768024129291,0.34562534549859114,0.2916685654925339,0.4060431586433243,0.32067570398395756,0.34016592454698785,-0.4560862920148034,0.35382907600730545,0.35337862238501555,0.3245517584738618,0.33957219985150816,0.3181145032631249,0.3401553123272415,0.32442715075193407,0.28342521365453455,0.35755179832504136,0.302567498739648,0.28769257892621997,-0.11066426808372769,0.33685302244969956,0.29671735975858954,0.34597817221683685
858,1519073681,0.31057857179467524,0.3324989077686109,0.3489639395698723,0.35075875500041415,0.3447766787965927,0.3538731367453305,0.31169770886318116,0.31599035571185435,0.341804513281126,0.2994724267465231,0.2936609190351089,0.40744716944278137,0.3482013898823478,0.3121779438852733,0.3484030584849635,0.32634562271458983,0.35306561435519335,0.3394583890153663,0.36034557973774256,0.3270880232413532,0.4087582273353759,0.346186604008404,-0.08572961197044983,0.32229867892158953,0.34370157566735016,0.37663748194175567,0.34306712519739313,0.33377289438031016,0.3103821766940279,0.1709082466045926,0.3386782983917743,0.2947858215372389,0.3555065914589373,0.5127600533964333,0.2971586075994972,0.35938420825032946,0.2995084771440525,0.31053469443418424,0.330472497685595,0.3164629196053911,-0.5567771649665584,0.37570121574753207,0.2879933572926352,0.31700975162922174,-0.042223416015498456,0.3200612798518051,0.3402491737312192,0.3397587669350281,0.33180644775138146,0.4927768140000792,0.3393628087938202,0.35829766347445063,0.3352492291425878,0.3083167215376614,0.33584023115590933,0.3553879626162961,0.33771124485080933,0.35445548093694124,0.3261081269052803,0.3554126910984564,0.29352007423812304,0.3193718679783807,0.3227988269566177,0.6157030854188763,0.29192353132625226,0.3627901801319802,0.28647313827017895,0.33800320224447034,0.31194365446462946,0.31340736846382655,0.3267588052934154,0.31719045088384146,0.33758198749715046,0.3555879061819952,0.2996619813774898,0.3555070521629642,0.3524486228867941,0.29776761742348606,0.26685311499233577,0.33213397187434707,0.33526895165038817,0.3415141616717365,0.37689732816096394,1.0006308750083432,0.3563369992859656,0.2958959801838807,0.31427582865015025,-0.4477111012946917,0.29891100726143566,0.01920628447196248,0.28654595790822496,0.34743989911398027,0.32632249004442176,0.31511235644719277,0.2657581549725968,0.34698457807949534,0.3246689601553787,0.35920189014035964,0.35718475969399305,0.29056949068838406,0.29842614766563696,0.34747043065505856,0.34710800719061685,0.3483042290269315,0.34710775741433886,0.26757335375950964,0.3380021820946794,0.2876357123850503,0.31550305305157245,0.34675486832765984,0.2922905151016668,0.40814019561625287,0.32323953209633505,0.3421458487940896,-0.455609024400139,0.35548394382573695,0.35599383311781335,0.3258198301799348,0.3431132823650471,0.32043370249886205,0.3419252827481609,0.3256970777182918,0.28481263746715463,0.3606030752447899,0.3036782467538595,0.28893658223624796,-0.11066426808372769,0.33809970204872253,0.29853509071348183,0.34822785421451347
859,1519073687,0.313368144506807,0.33714480285622467,0.3529242242403618,0.3530068102129789,0.34950296447854695,0.35888610639788093,0.31448912578808735,0.3194457208862596,0.34455896995963226,0.3031089270222919,0.2983792258462017,0.41267184326036094,0.3528260977687019,0.3156668059646459,0.3528567009120997,0.3282543056998531,0.3584552066649749,0.3442359196634062,0.3636721526975028,0.3296285416468201,0.41347798424995535,0.35013959400312733,-0.08572961197044983,0.3261323898366447,0.34865427622119977,0.38144509157959705,0.3480220836243563,0.33724917662490184,0.3138673838576571,0.17437950473979616,0.34117183693881364,0.30008082695725685,0.3588195767534063,-1.042828463025658,0.3024804624545381,0.3634534041512923,0.3031509618807105,0.31454981406444094,0.3348805733314349,0.31870363151026304,-0.5567771649665584,0.38049737238145714,0.29099841391048736,0.32000036668218496,-0.042223416015498456,0.32527626256576253,0.3438296339205845,0.3445288252120452,0.3362224856238071,0.49558460934988185,0.3435446661134716,0.3604970519360019,0.3387118013768386,0.31232314449996434,0.33932548909745985,0.3581457356781656,0.34222762477732716,0.3572159868102795,0.33124371044964335,0.3601260288706398,0.2953845372046277,0.32458335795773813,0.3266235939132348,0.29695439607755303,0.2972065419922801,0.3678843785857731,0.2894770560666392,0.3417485186857342,0.3166309652690168,0.31685516664253194,0.33088883502571764,0.32090264018408854,0.3425872449084101,0.3583471712246455,0.30328945241164523,0.3607386067145726,0.3546518576966552,0.30202543248929625,0.27042655656983194,0.3373494252828458,0.33805383404648714,0.3450622042792174,0.38170238652039895,1.00111629631586,0.3610407798268201,0.29943908106262723,0.3194541936951251,-0.4476878270196062,0.3031580328570507,0.01920628447196248,0.289543481221975,0.3513762592570951,0.3307605407758924,0.3188479829904364,0.2693235008900984,0.3491617790845564,0.3293122545486655,0.3632779399575552,0.35938429049986126,0.2930642190519967,0.30268888075886463,0.34971823129128454,0.35205325152829725,0.3516747487754058,0.3504914656643751,0.27185939743679005,0.3411212504713713,0.2898862500700027,0.31953097120840696,0.3501434368148659,0.29477831353819856,0.4128585288053421,0.3283671883210901,0.347095659411844,-0.4544953999659222,0.35824205685645616,0.36070121243684944,0.32772193773904434,0.3466543648785861,0.3256519007792706,0.34546522358999976,0.33014182210054405,0.2875874850923948,0.36467144447112126,0.3064551167893883,0.29080258720129004,-0.11066426808372769,0.34121640104628004,0.30338237325986134,0.35103995671160926
860,1519073693,0.313368144506807,0.33714480285622467,0.3529242242403618,0.3530068102129789,0.34950296447854695,0.35888610639788093,0.31448912578808735,0.3194457208862596,0.34455896995963226,0.3031089270222919,0.2983792258462017,0.41267184326036094,0.35284940256768127,0.3156668059646459,0.3528567009120997,0.3282543056998531,0.3584552066649749,0.3442359196634062,0.3636721526975028,0.3296285416468201,0.41347798424995535,0.35013959400312733,-0.08572961197044983,0.3261323898366447,0.34865427622119977,0.38144509157959705,0.3480220836243563,0.33724917662490184,0.3138673838576571,0.17437950473979616,0.34179522157557346,0.30008082695725685,0.3588195767534063,0.3460898552083521,0.3024804624545381,0.3634534041512923,0.3031509618807105,0.31454981406444094,0.3348805733314349,0.31870363151026304,-0.5567771649665584,0.38049737238145714,0.29099841391048736,0.32000036668218496,-0.042223416015498456,0.32527626256576253,0.3438296339205845,0.3445288252120452,0.3362224856238071,0.49837292115446613,0.3435446661134716,0.3604970519360019,0.3387118013768386,0.31232314449996434,0.33932548909745985,0.3581457356781656,0.34222762477732716,0.3572159868102795,0.33124371044964335,0.3601260288706398,0.2953845372046277,0.32458335795773813,0.3266235939132348,0.6328401117275496,0.2972065419922801,0.3678843785857731,0.2894770560666392,0.3417485186857342,0.3166309652690168,0.31685516664253194,0.33088883502571764,0.32090264018408854,0.3425872449084101,0.35889902423317555,0.30328945241164523,0.3607386067145726,0.3546518576966552,0.30202543248929625,0.27042655656983194,0.3373494252828458,0.33805383404648714,0.3450622042792174,0.38170238652039895,1.00111629631586,0.3610407798268201,0.29943908106262723,0.3194541936951251,-0.4476878270196062,0.3031580328570507,0.01920628447196248,0.289543481221975,0.3513762592570951,0.3307605407758924,0.3188479829904364,0.2693235008900984,0.3491617790845564,0.3293122545486655,0.3632779399575552,0.35938429049986126,0.2930642190519967,0.30268888075886463,0.34971823129128454,0.35205325152829725,0.3516747487754058,0.3504914656643751,0.27185939743679005,0.3411212504713713,0.2898862500700027,0.31953097120840696,0.3501434368148659,0.29477831353819856,0.4128585288053421,0.3283671883210901,0.347095659411844,-0.4544953999659222,0.35824205685645616,0.36070121243684944,0.32772193773904434,0.3466543648785861,0.3256519007792706,0.34546522358999976,0.33014182210054405,0.2875874850923948,0.36467144447112126,0.3064551167893883,0.29080258720129004,-0.11066426808372769,0.34121640104628004,0.30338237325986134,0.35103995671160926
861,1519073698,0.31685511039697173,0.3394677504000316,0.3568845089108513,0.3558168792286848,0.3530476787400126,0.3610345219632597,0.3193741054066732,0.3229010860606649,0.34662481246851196,0.3067454272980607,0.30250774430590793,0.41685158231442454,0.355498381385005,0.31845789562814397,0.3573103433392359,0.3314354440086252,0.3611500028198657,0.34781906764943615,0.36588986800400963,0.3315339304509203,0.41767332372958155,0.35458670774719114,-0.08572961197044983,0.32868819711334823,0.35261643666427944,0.3850507988079781,0.3529770420513195,0.34003020242057513,0.31665554958856046,0.1783466568943145,0.3449121447593726,0.3041991645061597,0.36102823361638564,0.45720332066707287,0.3072701318240748,0.36803124953987554,0.3067934466173685,0.31856493369469757,0.33928864897727473,0.3224381513517164,-0.5567771649665584,0.384094489856901,0.2940034705283396,0.32299098173514823,-0.042223416015498456,0.3299118027559469,0.34741009410994983,0.3487026262044351,0.3381150732834181,0.5011973135983437,0.3477265234331231,0.3626964403975532,0.34148185916423923,0.3169973046226512,0.34211369545070025,0.36035195412766113,0.34473672473650374,0.3594243915089501,0.3358657356395701,0.3648393666428232,0.29787048782663395,0.3280576846106431,0.32917343855097947,0.6259853012040802,0.3007285491029653,0.37195973734880744,0.29248097386309946,0.3436211769063662,0.32064866024420596,0.3208775978510216,0.33553511847455775,0.3231299537642368,0.34559039935516583,0.3616582892758259,0.3075215019514933,0.3649238503558593,0.3568550925065162,0.3062832475551064,0.27399999814732806,0.33966740457551187,0.3415349370416109,0.34979292775585874,0.38530618028997526,1.0015046333618733,0.36574456036767455,0.3041632155676226,0.32290643705844174,-0.44767037131329207,0.3079359366521176,0.01920628447196248,0.2917916237072875,0.35362560791030356,0.33266256251795123,0.32183648422503125,0.2728888468075999,0.3513389800896175,0.3339555489419523,0.3678634960019002,0.3621337040071965,0.29493526532470615,0.3069516138520923,0.35365188240468,0.35600944699844156,0.35392176194105535,0.35331122253940533,0.27543110050119046,0.3429926914973865,0.2951375046682248,0.3241343062447892,0.3524024824730033,0.29726611197473035,0.4170526027511992,0.3324693133008941,0.3510555079060475,-0.4538590431463697,0.36155179249331915,0.3648855496093259,0.33279422456333646,0.35019544739212505,0.3291306996328762,0.3501851447124516,0.33204671255008067,0.2894373835092216,0.3687398136974527,0.3081212388107055,0.2932905938213461,-0.11066426808372769,0.344956439843349,0.30762374548794336,0.35328963870928587
862,1519073704,0.3182498967530376,0.3412099610578867,0.35935968682990715,0.3569409068349672,0.35482003587074545,0.36318293752863845,0.32076981386912634,0.325780557039336,0.3493792691470182,0.30977584419453474,0.3048668977114543,0.41894145184145637,0.35796351123260245,0.319853440459893,0.35928973997351865,0.3320716716703796,0.36384479897475647,0.3496106416424511,0.36699872565726305,0.33407444885638715,0.4197709934693946,0.35755145024323365,-0.08572961197044983,0.33060505257087586,0.35459751688581925,0.3868536524221686,0.35495902542210483,0.34211597176733016,0.31804963245401213,0.1798343389522589,0.3474056833064119,0.30714083418394744,0.36268472626362014,0.45720332066707287,0.30939887376609115,0.370065847490357,0.30982885056458354,0.3212416801148687,0.34124779370875913,0.3239319592882977,-0.5567771649665584,0.38589304859462287,0.2947547346828026,0.32523394302487063,-0.042223416015498456,0.33165013032726604,0.3492003242046325,0.3510876553429436,0.33937679838982543,0.504012325076005,0.35071356437573126,0.3643459817437167,0.3428668880579396,0.3190005161038027,0.3442048502156306,0.3614550633524089,0.34724582469568027,0.3616327962076207,0.338947085766188,0.3679815918242788,0.29911346313763704,0.3303739023792464,0.33108582202928805,0.6294127064658149,0.30307655384342214,0.3739974167303246,0.29398293276132953,0.34611805453387545,0.32332712356099874,0.324325396029727,0.3381163870572466,0.3246148294843356,0.3485935538019216,0.3638657013099461,0.30933523746857106,0.36701647217650263,0.358507518613912,0.30894438197123775,0.27685875140932503,0.3425648786913445,0.3429273782396604,0.35156694905959923,0.3871080771747634,1.001747344015632,0.3683577717792604,0.3071157996332447,0.32463255874010005,-0.44765582489136363,0.31005944944992514,0.01920628447196248,0.2932903853641626,0.35531261940020986,0.3345645842600101,0.3233307348423287,0.27502805435810085,0.3535161810946785,0.3365351569382227,0.369901520910498,0.3632334694101306,0.29742999368831874,0.3096158220353596,0.35533773288184944,0.3579875447335137,0.3556070218152925,0.3550030766644235,0.27828846295271076,0.3442403188480632,0.2966378631248597,0.3258605568834326,0.3540967667166064,0.29851001119299625,0.4191496397241277,0.33503314141327156,0.35353041321492473,-0.4532226863268172,0.3626550377056068,0.3669777181955642,0.33406229626940953,0.35255616906781767,0.33087009905967907,0.351955115133371,0.33395160299961735,0.2917497565302551,0.37128254446390985,0.3108981088462343,0.29515659878638817,-0.11066426808372769,0.34557977964286046,0.3094414764428357,0.3549769002075433
863,1519073710,0.3196446831091035,0.34353290860169355,0.36232990033277424,0.3580649344412496,0.35659239300147827,0.3646152145722243,0.32216552233157947,0.3292359222137413,0.3521337258255245,0.31159409433241914,0.30722605111700074,0.4210313213684882,0.36070311982373493,0.3219467577075166,0.3612691366078014,0.33334412699388843,0.3658658960909245,0.3525965982974761,0.36810758331051646,0.3347095784577539,0.42186866320920774,0.35952794524059534,-0.08572961197044983,0.33124400439005175,0.357569137218129,0.38865650603635915,0.3569410087928901,0.3435064846651668,0.3208377981849155,0.18132202101020328,0.3486524525799316,0.30890583599062005,0.36434121891085464,0.6238735188551541,0.3115276157081075,0.3726090949284588,0.3122571737223555,0.3245876131400826,0.3432069384402435,0.32691957516146036,-0.5567771649665584,0.38769160733234476,0.29700852714619175,0.32598159678811145,-0.042223416015498456,0.3333884578985852,0.35218404102910356,0.35287642719682505,0.34063852349623275,0.5068417688093836,0.35370060531833947,0.36599552308988015,0.34494443139849,0.32233920190572185,0.3455989533922508,0.36310972718953055,0.34975492465485686,0.36328909973162365,0.34100131918393317,0.37060011280882516,0.3009779261041417,0.33211106570569887,0.3323607443481604,0.6259853012040802,0.305424558583879,0.37603509611184177,0.29548489165955966,0.34736649334763003,0.32533597104859335,0.3260492951190797,0.3401814019233978,0.3268421430644839,0.35109618250755137,0.3649694073270063,0.31235812999703394,0.3696322494523068,0.3601599447213078,0.3110732895041428,0.28043219298682115,0.3448828579840106,0.3457122606357594,0.35334097036333967,0.3889099740595516,1.0019900546693903,0.370448340908529,0.30888735007261797,0.32750942820953055,-0.4476412784694352,0.31271384044718453,0.01920628447196248,0.2970372895063501,0.3564372937268141,0.33519859150736303,0.3248249854596261,0.27859340027560237,0.3564191157680933,0.33911476493449316,0.3719395458190958,0.36433323481306473,0.29930103996102825,0.3122800302186269,0.35646163319996244,0.36095469133612196,0.35673052839811725,0.3566949307894416,0.27971714417847093,0.3461117598740784,0.2973880423531771,0.3275868075220759,0.3552262895456751,0.29975391041126215,0.4212466766970563,0.3375969695256491,0.3555103374620265,-0.4527454187121529,0.3643099055240383,0.369592928928362,0.33533036797548255,0.35550707116243346,0.33434889791328476,0.35372508555429044,0.33522152996597515,0.29313718034287517,0.37382527523036696,0.3120088568604458,0.2970226037514302,-0.11066426808372769,0.34744979904139495,0.311259207397728,0.3561017412063816
864,1519073715,0.3231316489992682,0.3481788036893073,0.3662901850032637,0.3603129896538143,0.36131867868343254,0.3696281842247748,0.32635264771893874,0.33269128738814663,0.3562654108432839,0.315230594608188,0.311354569576707,0.42625599518606777,0.3632070910029647,0.3254356197868892,0.3657227790349376,0.3352528099791517,0.3705817893619834,0.356179746283506,0.37087972744364994,0.33788522646458746,0.42658842012378717,0.3639750589846591,-0.08572961197044983,0.3337998116667552,0.3615312976612087,0.3928631644694704,0.3618959672198533,0.3476780233586768,0.3236259639158188,0.18528917316472163,0.35052260649021105,0.3130241735395229,0.3671020399895788,-0.7650447993788558,0.3168494705631483,0.37718694031704203,0.3171138200378995,0.3286027327703393,0.34810480026895446,0.329907191034623,-0.5567771649665584,0.3930872835455105,0.30076484791850694,0.3297198656043155,-0.042223416015498456,0.33802399808876954,0.3569579879482573,0.3576464854738421,0.3431619737090474,0.5096712125427623,0.35728505444946923,0.3692946057822071,0.349099518079591,0.3263456248680249,0.3490842113338013,0.3658675002514,0.35427130458137474,0.3660496056049619,0.34562334437385994,0.3747897463840993,0.3047068520371511,0.33558539235860385,0.3355480501453412,0.2832447750306144,0.3095335668796784,0.38061987472025544,0.2984888094560199,0.35048759038201666,0.3300232818529807,0.3300717263275693,0.34431143165570005,0.3312967702247804,0.35510038843655906,0.3671768193611265,0.3177993365482672,0.3738174930935935,0.36346479693609934,0.315331104569953,0.2832909462488181,0.34835982692300976,0.34919336363088316,0.35688901297082065,0.39311440012405724,1.002475475976907,0.37515212144938354,0.31243045095136446,0.3321124193606193,-0.4476121856255783,0.3180226224417033,0.01920628447196248,0.2992854319916627,0.3592489795433247,0.3383686277441278,0.32930773731151847,0.2821587461931039,0.3607735177782154,0.34375805932778,0.37601559563629133,0.36653276561893294,0.30179576832464083,0.317075604948508,0.3587094338361884,0.3654054112400343,0.3595392948551792,0.3595146876644718,0.28471752846863146,0.3492308282507703,0.3018891177230818,0.33219014255845813,0.3574853352038125,0.30161975923866097,0.4259650098861455,0.3422118601279286,0.35947018595623,-0.4516317942779361,0.3670680185547575,0.374300308247398,0.33723247553459207,0.3590481536759724,0.33782769676689045,0.3578550165364358,0.3383963473818696,0.296374502572322,0.3778936444566984,0.31478572689597456,0.30013261202650027,-0.11066426808372769,0.35056649803895246,0.31671240026240494,0.3589138437034774
865,1519073721,0.32382904217730113,0.34875954057525904,0.3662901850032637,0.3603129896538143,0.36131867868343254,0.3710604612683606,0.32635264771893874,0.33269128738814663,0.3562654108432839,0.315230594608188,0.311354569576707,0.42625599518606777,0.3657835660012415,0.3261333922027637,0.3657227790349376,0.3352528099791517,0.37192918743942877,0.356179746283506,0.37087972744364994,0.33788522646458746,0.4271128375587404,0.3639750589846591,-0.08572961197044983,0.3337998116667552,0.3615312976612087,0.3928631644694704,0.3618959672198533,0.3476780233586768,0.3236259639158188,0.18528917316472163,0.35052260649021105,0.3130241735395229,0.3671020399895788,0.6794302515845145,0.3168494705631483,0.37718694031704203,0.3171138200378995,0.3286027327703393,0.34810480026895446,0.329907191034623,-0.5567771649665584,0.3930872835455105,0.30151611207296997,0.3297198656043155,-0.042223416015498456,0.33802399808876954,0.3569579879482573,0.3576464854738421,0.3431619737090474,0.5124696269263487,0.35728505444946923,0.3692946057822071,0.34979203252644114,0.3263456248680249,0.3490842113338013,0.3658675002514,0.35477312457321003,0.3660496056049619,0.34562334437385994,0.3747897463840993,0.3047068520371511,0.33558539235860385,0.3355480501453412,0.6328401117275496,0.31070756924990683,0.38061987472025544,0.29999076835425004,0.35048759038201666,0.3300232818529807,0.3300717263275693,0.34431143165570005,0.33203920808482984,0.355600914177685,0.3671768193611265,0.3177993365482672,0.3738174930935935,0.36346479693609934,0.315331104569953,0.2832909462488181,0.3495188165693428,0.34919336363088316,0.35688901297082065,0.394315664713916,1.002475475976907,0.37515212144938354,0.31243045095136446,0.3321124193606193,-0.44760636705680695,0.3180226224417033,0.01920628447196248,0.2992854319916627,0.3592489795433247,0.3383686277441278,0.32930773731151847,0.2821587461931039,0.3607735177782154,0.34375805932778,0.3765251018634408,0.36653276561893294,0.30179576832464083,0.317075604948508,0.3587094338361884,0.3654054112400343,0.3595392948551792,0.3595146876644718,0.28471752846863146,0.3492308282507703,0.3018891177230818,0.33219014255845813,0.3574853352038125,0.30161975923866097,0.4259650098861455,0.3427246257504041,0.35947018595623,-0.4513136158681598,0.3670680185547575,0.374300308247398,0.33723247553459207,0.3590481536759724,0.33782769676689045,0.3578550165364358,0.3383963473818696,0.2972994517807354,0.3778936444566984,0.3158964749101861,0.30013261202650027,-0.11066426808372769,0.35056649803895246,0.31671240026240494,0.3589138437034774
866,1519073726,0.3259212217114,0.3516632250050176,0.36827032733850845,0.3614370172600967,0.36309103581416535,0.37249273831194646,0.3284462104126184,0.33441896997534926,0.357642639182537,0.31826101150466196,0.31430351133364,0.42886833209485753,0.3683885246427153,0.32752893703451275,0.36819702482779104,0.3365252653026605,0.3739502845555968,0.35856851160752595,0.37198858509690336,0.33915548566732096,0.4297349247335068,0.3659515539820208,-0.08572961197044983,0.335077715305107,0.36351237788274854,0.39586792049312125,0.36387795059063854,0.3490685362565135,0.32571708821399636,0.186776855222666,0.35239276040049056,0.31478917534619555,0.36820636842106846,0.5127600533964333,0.31897821250516467,0.3802388372427642,0.31893506240622854,0.33061029258546765,0.35006394500043886,0.332147902939495,-0.5567771649665584,0.395485361862473,0.3030186403818961,0.33121517313079707,-0.042223416015498456,0.3397623256600887,0.35874821804293994,0.35943525732772347,0.3444236988154547,0.5153070084003718,0.35907727901503417,0.37039430001298274,0.3511770614201415,0.3283488363491764,0.3504783145104215,0.3675221640885217,0.3577840445242219,0.3677059091289649,0.3476775777916052,0.37688456317173635,0.3059498273481542,0.33790161012720715,0.3374604336236498,0.5437275749224485,0.31305557399036366,0.3826575541017726,0.30224370670159517,0.3517360291957713,0.33270174516977347,0.33179562541692204,0.3463764465218512,0.33352408380492865,0.35760301714218884,0.36883237838671673,0.3196130720653449,0.3764332703693977,0.36511722304349514,0.3185244658693106,0.2854350111953158,0.35125730103884234,0.3512820254279574,0.3598457151437215,0.39671819389363355,1.0026696444999137,0.3772426905786522,0.31420200139073773,0.3338385410422776,-0.4475947299192642,0.32014613523951085,0.01920628447196248,0.3015335744769752,0.3603736538699289,0.33963664223883366,0.3308019879288159,0.28429795374360484,0.3622249851149228,0.3463376673240504,0.37907263299918803,0.3681824137233341,0.3042904966882535,0.31920697149512184,0.3603952843133579,0.36738350897510647,0.360662801438004,0.36120654178948997,0.2868605503072717,0.3504784556014471,0.3041396554080341,0.3344918100766493,0.35917961944741555,0.3034856080660598,0.4285863061023062,0.3452884538627816,0.36194509126510716,-0.45051816984371923,0.3681712637670452,0.3763924768336363,0.33913458309370165,0.3608186949327419,0.3395670961936933,0.36139495737827465,0.33903131086504845,0.2991493501975622,0.37992782906986405,0.31811797093860905,0.30199861699154235,-0.11066426808372769,0.3518131776379754,0.31853013121729723,0.3600386847023157
867,1519073732,0.32731600806746586,0.3534054356628728,0.3707455052575644,0.3631230586695202,0.36545417865514246,0.3739250153555323,0.3298419188750715,0.33672254675828617,0.3590198675217902,0.32007926164254635,0.3160728763877998,0.43095820162188936,0.3710685765253449,0.3289244818662618,0.3701764214620738,0.3384339482879238,0.3759713816717649,0.36036008560054095,0.3736518715767835,0.33979061526868765,0.4318325944733199,0.3684221727287229,-0.08572961197044983,0.3363556189434587,0.36549345810428835,0.39827172531204197,0.36585993396142386,0.35045904915435017,0.32711117107944804,0.18826453728061038,0.35363952967401024,0.3177308450239833,0.36931069685255813,0.8461004497725957,0.321106954447181,0.38227343519324564,0.32136338556400057,0.3332870390056388,0.35202308973192326,0.3336417108760763,-0.5567771649665584,0.39728392060019496,0.3045211686908222,0.3334581344205195,-0.042223416015498456,0.3415006532314078,0.3605384481376226,0.3612240291816049,0.3463162864750657,0.5181162469757462,0.36086950358059905,0.3714939942437584,0.3525620903138418,0.33035204783032784,0.3525694692753518,0.36862527331326944,0.3597913244915632,0.3693622126529678,0.3502453695637867,0.3789793799593734,0.30657131500365575,0.33963877345365967,0.33873535594252213,0.6431223275127536,0.3148165775457063,0.38520465332866904,0.30299468615071024,0.3523602486026486,0.334710592657368,0.3346687905658432,0.3489577151045401,0.3350089595250275,0.3596051201066927,0.36993608440377684,0.32142680758242265,0.3785258921900411,0.3667696491508909,0.32065337340221567,0.28829376445731275,0.35299578550834193,0.3526744666260069,0.3616197364474619,0.39852009077842165,1.0031550658074306,0.3793332597079208,0.31656406864323544,0.3355646627239359,-0.4475830927817214,0.32226964803731833,0.01920628447196248,0.3022829553054127,0.36149832819653316,0.3409046567335396,0.33229623854611334,0.28572409211060545,0.3636764524516302,0.34840135372106673,0.3811106579077858,0.36983206182773526,0.30616154296096293,0.32187117967838913,0.36151918463147087,0.3693616067101786,0.3617863080208288,0.36233444453950203,0.28900357214591194,0.3517260829521238,0.30564001386466905,0.33621806071529264,0.36030914227648425,0.3059734065025915,0.4312076023184669,0.3473395163526836,0.3639250155122089,-0.4500409022290549,0.36927450897933284,0.37848464541987453,0.34040265479977466,0.3625892361895114,0.34130649562049614,0.3631649277991941,0.3403012378314062,0.30377409623962914,0.38196201368302973,0.32200558898834936,0.30386462195658437,-0.11066426808372769,0.35305985723699845,0.3203478621721895,0.361163525701154
868,1519073738,0.32871079442353174,0.3551476463207279,0.37272564759280913,0.3642470862758026,0.36722653578587533,0.37607343092091106,0.3312376273375246,0.3384502293454888,0.36039709586104335,0.3231096785390204,0.3178422414419596,0.4340930059124371,0.37330583722736616,0.33032002669801086,0.37215581809635656,0.3397064036114326,0.37799247878793296,0.36215165959355594,0.3747607292300369,0.3410608744714211,0.43393026421313297,0.37039866772608454,-0.08572961197044983,0.33891142622016224,0.3674745383258282,0.4000745789262325,0.3678419173322091,0.3518495620521868,0.3285052539448997,0.18975221933855477,0.3548862989475299,0.31949584683065596,0.3704150252840478,0.5683167861257937,0.32323569638919736,0.3843080331437271,0.32318462793232955,0.3352945988207671,0.35398223446340765,0.334388614844367,-0.5567771649665584,0.40028151849639815,0.3052724328452852,0.3357010957102419,-0.042223416015498456,0.34323898080272697,0.36232867823230525,0.3630128010354863,0.34694714902826934,0.5209117749081891,0.36385654452320726,0.37314353558992186,0.3539471192075421,0.3330229964718632,0.3546606240402821,0.3697283825380172,0.36179860445890444,0.3704664150023031,0.35229960298153196,0.382121605140829,0.309057265625662,0.3425340456644138,0.34001027826139446,0.6328401117275496,0.3165775811010489,0.3872423327101862,0.30449664504894036,0.3536086874164032,0.33671944014496263,0.3363926896551959,0.351538983687229,0.3357513973850769,0.3616072230711965,0.37103979042083696,0.3232405430995004,0.38061851401068447,0.3678712665558214,0.32331450781834703,0.2897231410883112,0.3547342699778415,0.35406690782405636,0.36457643862036276,0.4003219876632098,1.0033492343304373,0.38142382883718945,0.3189261358957331,0.33729078440559424,-0.44757145564417866,0.32439316083512587,0.01920628447196248,0.30378171696228773,0.3626230025231374,0.3415386639808925,0.3330433638547621,0.2885763688446067,0.3644021861199839,0.3504650401180831,0.38365818904353305,0.3714817099321364,0.30678522505186606,0.32400254622500296,0.36320503510864033,0.3713397044452508,0.3629098146036535,0.36346234728951415,0.29043225337167206,0.35297371030280056,0.3071403723213039,0.337944311353936,0.36256818793462164,0.3072173057208574,0.4333046392913954,0.3493905788425856,0.3663999208210861,-0.44956363461439053,0.3703777541916205,0.38057681400611276,0.3423047623588842,0.36435977744628084,0.343045895047299,0.36493489822011355,0.341571164797764,0.3051615200522493,0.38399619829619547,0.32311633700256087,0.3051086252666124,-0.11066426808372769,0.3536831970365099,0.3221655931270819,0.3622883666999923
869,1519073743,0.3321977603136964,0.35805133075048656,0.37668593226329855,0.3670571552915085,0.370771250047341,0.3782218464862898,0.3340290442624308,0.3419055945198941,0.3631515525395496,0.32735226219408403,0.3213809715502792,0.4382727449665007,0.37581239782870474,0.3331111163615089,0.3761146113649221,0.3428875419202047,0.38068727494282373,0.3657348075795859,0.3769784445365437,0.3442365224782547,0.43812560369275916,0.3743516577208079,-0.08572961197044983,0.3408282816776898,0.3719319688242928,0.4036802861546135,0.372301379916476,0.35463058784786017,0.33268750254125473,0.19322347747375831,0.3567564528578094,0.32302585044400123,0.373175846362772,0.5127600533964333,0.3280253657587341,0.38837722904468996,0.32682711266898756,0.3393097184510238,0.3583903101092475,0.33737623071752965,-0.5567771649665584,0.4038786359718419,0.3082774894631374,0.3379440569999643,-0.042223416015498456,0.3478745209929114,0.3665058817865648,0.3665903447432491,0.349470599241084,0.5237224567091352,0.367440993654337,0.3753429240514731,0.35671717699494276,0.3370294194341662,0.35744883039352254,0.3724861555998867,0.3648095244099163,0.3726748197009737,0.35640806981702244,0.3863112387161031,0.31092172859216666,0.3471664812016204,0.341922661739703,0.6225578959423456,0.32068658939684835,0.3913176914732206,0.3075005628454006,0.3567297844507898,0.34073713512015175,0.3398404878339013,0.3561852671360691,0.3387211488252746,0.36511090325907825,0.37324720245495724,0.32747259263934847,0.38480375765197117,0.3700745013656825,0.32810454976738346,0.2932965826658074,0.3576317440936741,0.3568517902201554,0.36812448122784375,0.4039257814327861,1.0037861135072024,0.3856049670957268,0.3230597535876041,0.3407430277689108,-0.44755399993786454,0.3291710646301928,0.01920628447196248,0.3082780019329128,0.36543468833964793,0.3440746929703043,0.33603186508935695,0.2921417147621082,0.36730512079339867,0.3545924129121158,0.3877342388607286,0.3742311234394717,0.30927995341547865,0.32826527931823063,0.3654528357448663,0.3752958999153951,0.3651568277693031,0.3657181527895383,0.29400395643607247,0.3554689650041541,0.30939091000625624,0.3413968126312227,0.36482723359275904,0.3097051041573892,0.4374987132372525,0.3540054694448651,0.3713497314388405,-0.44892727779483804,0.3725842446161958,0.38528419332514885,0.34420686991799376,0.36967140121658926,0.3471044937098389,0.3684748390619524,0.34474598221365843,0.3074738930732827,0.3890816598291097,0.3258932070380896,0.3069746302316545,-0.11066426808372769,0.3555532164350444,0.3270128756734613,0.36510046919708805
870,1519073749,0.3335925466697623,0.3621164889521486,0.3786660745985433,0.3681811828977909,0.3737251785985624,0.38251867761704733,0.3354247527248839,0.34363327710709674,0.3652173950484293,0.3291705123319684,0.3237401249558256,0.44140754925704845,0.37854941699772837,0.3352044336091325,0.3785888571577755,0.34415999724371354,0.3854031682138826,0.3693179555656158,0.37919615984305055,0.34550678168098814,0.4407476908675255,0.3763281527181696,-0.08572961197044983,0.3440230407735692,0.37440831910121763,0.4060840909735342,0.37477885912995756,0.35671635719461514,0.3340815854067064,0.19570294757033227,0.358003222131329,0.3253791861862314,0.3742801747942617,-0.15392073935589148,0.33068629318625453,0.3904118269951714,0.32864835503731654,0.3413172782661521,0.360839241023603,0.3381231346858203,-0.5567771649665584,0.40747575344728576,0.3105312819265265,0.33943936452644596,-0.042223416015498456,0.35019229108800354,0.36829611188124745,0.3689753738817576,0.3519940494538986,0.526567054311017,0.36923321821990196,0.3764426182822488,0.3587947203354932,0.3390326309153177,0.35884293357014274,0.3746923740493822,0.36882408434459885,0.37377902205030905,0.35897586158920397,0.3884060555037402,0.3121647039031698,0.3489036445280729,0.34383504521801156,0.4511876328556127,0.3236215953224194,0.39386479070011704,0.30900252174363074,0.3579782232645444,0.3434155984369445,0.341564386923254,0.3582502820022202,0.34094846240542287,0.36861458344695996,0.3749027614805474,0.3292863281564262,0.3879426903829362,0.371176118770613,0.3302334573002886,0.29472595929680584,0.36168820785583977,0.3582442314182049,0.36989850253158424,0.40692894290743303,1.003980282030209,0.3882181785073126,0.3248313040269773,0.34304452334445523,-0.44753363494716475,0.33129457742800034,0.01920628447196248,0.30902738276135033,0.3671216998295543,0.34597671471236313,0.3382732410153031,0.2935678531291088,0.3694823217984597,0.35717202090838623,0.3897722637693264,0.3753308888424058,0.30990363550638184,0.33039664586484446,0.3665767360629793,0.3777685220842353,0.36684208764354026,0.36741000691455644,0.29686131888759276,0.3579642197055076,0.31089126846289117,0.3436984801494138,0.36708627925089643,0.3109490033756551,0.4401200094534132,0.3565692975572426,0.37332965568594223,-0.44797274256550934,0.3742391124346273,0.3873763619113871,0.3454749416240668,0.37144194247335877,0.35000349275451037,0.3702448094828718,0.34601590918001623,0.3097862660943162,0.39111584444227543,0.3275593290594069,0.3082186335416825,-0.11066426808372769,0.3580465756330904,0.3294365169466511,0.36622531019592636
871,1519073754,0.3349873330258282,0.363277962724052,0.38064621693378803,0.3693052105040733,0.37549753572929523,0.38395095466063317,0.336820461187337,0.3453609596942994,0.36659462338768245,0.3309887624698528,0.3255094900099854,0.4434974187840803,0.37858049006303424,0.3365999784408815,0.3805682537920583,0.34479622490546796,0.386750566291328,0.3711095295586308,0.38030501749630397,0.34614191128235483,0.4428453606073386,0.37879877146487173,-0.08572961197044983,0.34530094441192094,0.37638939932275745,0.40788694458772473,0.3767608425007429,0.35810687009245185,0.3354756682721581,0.19768652364759146,0.36049676067836833,0.32714418799290407,0.37538450322575134,-0.9872717302962974,0.3328150351282708,0.39244642494565285,0.3304695974056456,0.34332483808128045,0.3632881719379585,0.3396169426224016,-0.5567771649665584,0.40927431218500765,0.31203381023545257,0.34093467205292755,-0.042223416015498456,0.3519306186593227,0.3700863419759301,0.370764145735639,0.35325577456030594,0.526588702694593,0.3716228509739885,0.37754231251302445,0.36017974922919355,0.34170357955685304,0.36023703674676294,0.37634703788650387,0.3703295443201048,0.37488322439964433,0.3610300950069492,0.39102457648828653,0.3127861915586713,0.3506408078545254,0.3451099675368839,0.20784185927245188,0.325382598877762,0.3959024700816342,0.31050448064186087,0.3586024426714218,0.34542444592453914,0.34386291904239097,0.3608315505849091,0.3424333381255217,0.3706166864114638,0.3765583205061376,0.33170464217919654,0.39003531220357956,0.3722777361755435,0.3328945917164199,0.2968700242433035,0.36342669232533936,0.35963667261625437,0.3722638642699049,0.4087308397922212,1.004174450553216,0.39030874763658124,0.327193371279475,0.34477064502611354,-0.447521997809622,0.33394896842525973,0.01920628447196248,0.3105261444182254,0.3682463741561585,0.34787873645442197,0.3390203663239518,0.2957070606796098,0.3702080554668134,0.3592357073054026,0.3923197949050736,0.3764306542453399,0.31115099968818816,0.3325280124114583,0.3688245366992053,0.3797466198193074,0.3685273475177774,0.3685379096645685,0.29829000011335294,0.3598356607315228,0.3116414476912086,0.34542473078805713,0.36878056349449945,0.31219290259392096,0.44221704642634174,0.3586203600471446,0.375309579933044,-0.4476545641557331,0.37589398025305887,0.3894685304976253,0.34801108503621286,0.3732124837301282,0.3517428921813132,0.3720147799037913,0.347285836146374,0.3107112153027296,0.3931500290554411,0.3286700770736184,0.3088406351966965,-0.11066426808372769,0.3592932552321134,0.3312542479015434,0.36735015119476466
872,1519073760,0.337079512559927,0.3650201733819072,0.38312139485284397,0.371553265716638,0.37726989286002804,0.38538323170421906,0.33891402388101666,0.3482404306729705,0.36866046589656215,0.33280701260773726,0.3284584317669184,0.4455872883111121,0.3814651062922607,0.33799552327263055,0.3830424995849117,0.34797736321424005,0.3887716634074961,0.37409548621365574,0.3814138751495574,0.3474121704850883,0.44494303034715166,0.3812693902115738,-0.08572961197044983,0.34593989623109683,0.3783704795442973,0.40968979820191526,0.37874282587152813,0.3594973829902885,0.33686975113760975,0.19917420570553582,0.36236691458864784,0.3300858576706918,0.376488831657241,-0.43170440300269347,0.33494377707028716,0.39498967238375465,0.3335050013528606,0.3453323978964088,0.3652473166694428,0.3418576545272736,-0.5567771649665584,0.4110728709227296,0.31278507438991565,0.34168232581616836,-0.042223416015498456,0.3536689462306418,0.37187657207061275,0.37374543215877465,0.35451749966671325,0.531363614498665,0.3734150755395534,0.3786420067438001,0.36156477812289384,0.3437067910380045,0.36163113992338314,0.37745014711125163,0.3723368242874461,0.3759874267489796,0.36359788677913074,0.3931193932759236,0.31402916686967447,0.35237797118097786,0.3470223510151924,0.5917112485867336,0.32714360243310464,0.39794014946315137,0.312757418989206,0.3598508814851764,0.3474332934121337,0.34616145116152786,0.36289656545106025,0.3431757759855711,0.37261878937596765,0.3782138795317278,0.33351837769627424,0.3931742449345446,0.373379353580474,0.335023499249325,0.29829940087430196,0.3651651767948389,0.3617253344133286,0.3746292260082255,0.41053273667700935,1.0043686190762227,0.39292195904816707,0.3289649217188483,0.3464967667077718,-0.4475103606720792,0.3360724812230672,0.01920628447196248,0.3120249060751004,0.370495722809367,0.3491467509491279,0.34051461694124924,0.2978462682301107,0.3723852564718745,0.36181531530167305,0.39486732604082087,0.37808030234974105,0.3123983638699944,0.3351922205947256,0.37051038717637474,0.3817247175543796,0.36965085410060217,0.37022976378958666,0.3004330219519932,0.36045947440686116,0.31464216460447836,0.34830181518579606,0.36991008632356814,0.31405875142131984,0.44431408339927025,0.3606714225370466,0.37728950418014573,-0.44717729654106875,0.37754884807149036,0.3915606990838636,0.3499131925953224,0.3749830249868977,0.353482291608116,0.37496473060532365,0.34982569007908954,0.3125611137195564,0.39518421366860684,0.33089157310204137,0.3100846385067246,-0.11066426808372769,0.36178661443015936,0.3330719788564357,0.36847499219360297
873,1519073766,0.33917169209402587,0.36734312092571403,0.3851015371880887,0.3726772933229204,0.3790422499907609,0.3875316472695978,0.3403097323434698,0.34996811326017313,0.3714149225750684,0.33583742950421125,0.33081758517246485,0.44767715783814394,0.3837981756123083,0.33939106810437963,0.38502189621919447,0.3486135908759945,0.39146645956238685,0.37708144286868067,0.3825227328028108,0.34931755928918845,0.4470407000869648,0.3837400089582759,-0.08572961197044983,0.3484957035078003,0.3803515597658371,0.4114926518161058,0.3807248092423134,0.3608878958881252,0.3382638340030614,0.201157781782795,0.36361368386216747,0.3318508594773645,0.3781453243044755,-0.43170440300269347,0.3370725190123035,0.3970242703342361,0.3353262437211896,0.3480091443165799,0.3676962475837983,0.34335146246385495,-0.5567771649665584,0.4128714296604515,0.3142876026988417,0.3446729408691316,-0.042223416015498456,0.35540727380196097,0.3736668021652954,0.375534204012656,0.3551483622199169,0.5347977697465989,0.3769995246706832,0.38029154808996357,0.3629498070165942,0.3470454768399237,0.36372229468831346,0.3785532563359994,0.3748459242466226,0.3776437302729826,0.365652120196876,0.39626161845737917,0.31589362983617914,0.355273243391732,0.3482972733340648,0.6911060011770388,0.32890460598844723,0.39997782884466854,0.31425937788743613,0.36172353970580834,0.35011175672892647,0.3490346163104491,0.36547783403374917,0.34466065170566995,0.3756219438227234,0.3793175855487879,0.335332113213352,0.39579002221034876,0.3750317796878698,0.3376846336654563,0.30115815413629893,0.367483156087505,0.36311777561137815,0.376403247311966,0.41233463356179745,1.0045627875992293,0.3950125281774357,0.3319175057844704,0.3493736361772023,-0.4474958142501508,0.33819599402087475,0.01920628447196248,0.3127742869035379,0.3716203971359712,0.34978075819648086,0.3420088675585467,0.30141161414761225,0.3745624574769355,0.3643949232979435,0.39690535094941864,0.37918006775267515,0.3142694101427039,0.33732358714133936,0.37163428749448774,0.38419733972321973,0.37077436068342695,0.37135766653959873,0.30329038440351347,0.3617071017575379,0.3153923438327958,0.3500280658244394,0.3716043705671712,0.3153026506395857,0.4464111203721988,0.3627224850269486,0.3797644094890229,-0.44654093972151626,0.378652093283778,0.3936528676701018,0.3511812643013954,0.3767535662436672,0.35522169103491885,0.37673470102624307,0.3504606535622684,0.31441101213638317,0.3972183982817725,0.33255769512335864,0.3119506434717666,-0.11066426808372769,0.36240995422967087,0.334889709811328,0.37016225369186045
874,1519073771,0.34126387162812466,0.36966606846952094,0.3880717506909558,0.37380132092920276,0.38081460712149373,0.38896392431318366,0.34170544080592286,0.3528475842388442,0.3734807650839481,0.33765567964209564,0.33258695022662466,0.4497670273651757,0.3863927765653468,0.34078661293612866,0.38700129285347723,0.3498860461995033,0.3934875566785549,0.37887301686169567,0.3836315904560642,0.3518580776946553,0.44913836982677785,0.38571650395563756,-0.08572961197044983,0.3491346553269762,0.3828279100427619,0.4132955054302963,0.3827067926130987,0.36227840878596185,0.3410519997339648,0.20264546384073936,0.36423706849892734,0.3336158612840371,0.37924965273596517,-0.15392073935589148,0.34026563192532805,0.39905886828471754,0.3371474860895186,0.35068589073675105,0.3696553923152827,0.3455921743687269,-0.5567771649665584,0.4146699883981734,0.3157901310077678,0.34691590215885404,2.190997355757325,0.3571456013732801,0.37784400571955495,0.37732297586653746,0.35641008732632423,0.5376171109009754,0.37879174923624814,0.38194108943612703,0.3643348359102945,0.34904868832107516,0.36581344945324373,0.3802079201731211,0.3773550242057992,0.3787479326223179,0.3677063536146212,0.39835643524501624,0.3177580928026838,0.3570104067181845,0.34893473449350093,0.6808237853918349,0.3306656095437899,0.4020155082261857,0.3165123162347813,0.362971978519563,0.352120604216521,0.35075851539980174,0.3675428488999003,0.34540308956571936,0.3776240467872272,0.38042129156584803,0.33835500574181493,0.39788264403099216,0.37613339709280036,0.33981354119836144,0.30401690739829584,0.36922164055700457,0.3652064374084524,0.3781772686157065,0.4141365304465856,1.004756956122236,0.39710309730670434,0.33368905622384365,0.3510997578588606,-0.44748126782822234,0.34085038501813414,0.06801994477505713,0.3165211910457255,0.3727450714625754,0.35104877269118673,0.34275599286719544,0.30355082169811315,0.3767396584819966,0.36645860969495986,0.3989433758580164,0.38027983315560926,0.3155167743245102,0.3394549536879532,0.3727581878126007,0.3861754374582919,0.37189786726625174,0.37248556928961085,0.30471906562927364,0.36357854278355306,0.3168927022894307,0.35175431646308275,0.3727338933962399,0.31592460024871866,0.44850815734512733,0.3647735475168506,0.38174433373612465,-0.44606367210685194,0.3797553384960657,0.39731416269601877,0.3518153001544319,0.379704468338283,0.357540890270656,0.3785046714471625,0.3517305805286262,0.31579843594900325,0.39976112904822964,0.33366844313757016,0.31319464678179465,-0.11066426808372769,0.36365663382869384,0.3385251717211126,0.37241193568953707
875,1519073777,0.3440534443402564,0.3807000693026036,0.39203203536144526,0.37717340374804986,0.3926303213263793,0.39612530953111286,0.34519471196205564,0.36436546815352855,0.37692383593208095,0.3491712638486969,0.3378950453891041,0.45446923380099735,0.38891746312144715,0.34427547501550126,0.3919497844391841,0.35433963983178424,0.39752975091089104,0.38962246081978547,0.3875125922424511,0.3563039849042224,0.45333370930640404,0.38966949395036093,-0.08572961197044983,0.3536073180612073,0.3867900704858416,0.4253145295248998,0.3871662551973656,0.36644994747947185,0.3438401654648681,0.21305923824635004,0.3686007609562461,0.33891086670405507,0.383114802246179,-0.7650447993788558,0.3450553012948648,0.4031280641856804,0.34989618266782163,0.3553701969720505,0.37406346796112255,0.35306121405163354,-0.5567771649665584,0.42725989956222676,0.3240540367068613,0.35439243979126206,2.190997355757325,0.3693138943725141,0.38918212965254506,0.3898443788437072,0.3614569877519535,0.5405901555787412,0.3901425048181592,0.3901887961669444,0.36848992259139546,0.35238737412299437,0.3686016558064842,0.3840688024597383,0.3808677641486464,0.38702945024233265,0.3743826122222932,0.40202236462338115,0.3258374323242041,0.36801244111905024,0.35339696260955417,0.48888909073469394,0.33712262258004616,0.40660028683459937,0.3240221107259319,0.3679657337745815,0.3568079150209084,0.3616765429657022,0.37425414721489153,0.35579721960641125,0.3816282527162349,0.3837324096170284,0.3510511543613591,0.401544732217118,0.38439552762977924,0.34407135626417157,0.31330785549978585,0.38081153702033504,0.36799131980455135,0.38941273687272954,0.42614917634517324,1.0065044728292964,0.4018068778475588,0.3390037075419634,0.3637579835243548,-0.44746090283752255,0.34562828881320107,0.06801994477505713,0.32401499933010064,0.37668143160569023,0.35675483791736323,0.3532157471882775,0.31068151353311624,0.3832712614971798,0.373165590485263,0.403019425675212,0.38852807367761505,0.323000959415348,0.3442505284178343,0.37612988876693965,0.3911206817959723,0.3763918935975508,0.3758692775396471,0.31400549359671465,0.3691928658615985,0.3251446738009226,0.364413487813134,0.376122461883446,0.3240099451674469,0.45270223129098447,0.3719522662315076,0.3857041822303282,-0.44542731528729945,0.38361669673907256,0.4009754577219357,0.3562535511256875,0.3903277158788998,0.3691368864493416,0.3897144841129856,0.3568102883940573,0.3296726740752042,0.40382949827456105,0.34588667129389666,0.3212806682969769,-0.08689855459740743,0.36864335222478584,0.35064337808706136,0.375786458686052
876,1519073783,0.34614562387435527,0.3824422799604587,0.39450721328050115,0.3794214589606146,0.3944026784571122,0.3975575865746987,0.3465904204245087,0.36609315074073123,0.3783010642713341,0.35098951398658135,0.3378950453891041,0.4560366359462712,0.3912945526173447,0.34636879226312484,0.39392918107346686,0.3562483228170475,0.3988771489883364,0.39201122614380546,0.38973030754895793,0.35820937370832256,0.4554313790462171,0.3916459889477226,-0.08572961197044983,0.3555241735187349,0.38877115070738144,0.4271173831390903,0.38914823856815084,0.3678404603773085,0.3452342483303198,0.21454692030429443,0.37171768414004525,0.33891086670405507,0.38587562332490316,0.012749458832189704,0.3471840432368811,0.40516266213616187,0.3517174250361506,0.3567085701821361,0.37602261269260695,0.35455502198821487,-0.5567771649665584,0.42905845829994865,0.3263078291702504,0.3551400935545029,2.190997355757325,0.37105222194383325,0.39037561638233353,0.3910368934129615,0.3633495754115645,0.5435249547788562,0.3919347293837241,0.3901887961669444,0.36987495148509575,0.353722848443762,0.3699957589831044,0.3862750209092338,0.38287504411598766,0.3875815514170003,0.3743826122222932,0.40359347721410893,0.3258374323242041,0.37032865888765354,0.3553093460878627,0.7150978380091814,0.33712262258004616,0.40863796621611653,0.3262750490732771,0.3704626114020908,0.3581471466793048,0.3634004420550549,0.37425414721489153,0.35653965746646066,0.3841308814218647,0.3864916746596787,0.35286488987843684,0.40363735403776135,0.38439552762977924,0.34620026379707663,0.3147372321307843,0.38312951631300113,0.3693837610026009,0.39118675817647003,0.4285517055248908,1.0066500992215517,0.4033748046945103,0.3390037075419634,0.3654841052060131,-0.4474492656999798,0.34775180161100855,0.06801994477505713,0.32551376098697565,0.3789307802588987,0.3586568596594221,0.3539628724969262,0.31210765190011686,0.3839969951655335,0.373165590485263,0.4050574505838098,0.38852807367761505,0.32424832359715433,0.3469147366011016,0.37837768940316563,0.39309877953104444,0.3786389067632004,0.3781250830396713,0.31543417482247477,0.3710643068876136,0.32664503225755753,0.36613973845177733,0.3783815075415834,0.3240099451674469,0.45427500902068085,0.3719522662315076,0.3881790875392054,-0.4449500476726351,0.3858231871636479,0.40254458416161437,0.3581556586847971,0.39209825713566926,0.37029648606721016,0.391484454533905,0.35871517884359394,0.3305976232836175,0.40586368288772673,0.3469974193081082,0.3212806682969769,-0.08689855459740743,0.3705133716233203,0.35246110904195366,0.3780361406837286
877,1519073788,0.34823780340845406,0.3847652275042656,0.3964873556157459,0.38279354177946173,0.396175035587845,0.3982737250964916,0.3486839831181884,0.36782083332793386,0.3796782926105873,0.35401993088305533,0.3390746220918773,0.45760403809154504,0.3938917429924921,0.34846210951074835,0.3959085777077496,0.3594294611258196,0.4002245470657818,0.3938028001368204,0.39194802285546476,0.36074989211378944,0.4575290487860302,0.3936224839450843,-0.08572961197044983,0.3574410289762625,0.3912475009843062,0.429521187958011,0.3911302219389361,0.3692309732751452,0.34662833119577147,0.2160346023622388,0.37358783805032475,0.34008753457517016,0.3880842801878825,0.1794196570202709,0.34931278517889747,0.40821455906188403,0.35353866740447965,0.35804694339222165,0.37798175742409135,0.35679573389308683,-0.5567771649665584,0.4302574974584299,0.32856162163363956,0.3566354010809845,2.190997355757325,0.3727905495151524,0.39276258984191037,0.39282566526684287,0.36524216307117546,0.5464741862346886,0.39312954576076736,0.3901887961669444,0.3712599803787961,0.3550583227645297,0.3713898621597246,0.3884812393587294,0.38538414407516425,0.3875815514170003,0.3748961705767295,0.4051645898048367,0.3258374323242041,0.372065822214106,0.3584966518850436,0.7116704327474468,0.33712262258004616,0.4106756455976337,0.32927896686973734,0.37233526962272273,0.35948637833770114,0.3651243411444076,0.37425414721489153,0.35802453318655947,0.38613298438636856,0.388699086693799,0.3546786253955146,0.4052068204032439,0.38439552762977924,0.348861398213208,0.31545192044628356,0.3848680007825007,0.37147242279967513,0.39355211991479067,0.43035360240967896,1.0067957256138067,0.4049427315414618,0.3390037075419634,0.3672102268876714,-0.4474376285624371,0.3498753144088161,0.06801994477505713,0.32701252264385067,0.3811801289121071,0.36055888140148096,0.35545712311422367,0.3135337902671175,0.38544846250224085,0.37368151208451705,0.407604981719557,0.3901777217820162,0.32424832359715433,0.34904610314771545,0.3811874401984481,0.3950768772661166,0.3808859199288499,0.3809448399147015,0.31686285604823494,0.37293574791362877,0.32889556994250985,0.3678659890904207,0.3806405531997208,0.32649774360397865,0.4563720459936094,0.3719522662315076,0.39015901178630713,-0.44431369085308264,0.3880296775882232,0.4046367527478526,0.3606918020969431,0.39386879839243877,0.3726156853029473,0.39502439537574385,0.3606200692931306,0.3319850470962376,0.40789786750089246,0.34866354132942545,0.3212806682969769,-0.11066426808372769,0.3723833910218548,0.35427883999684595,0.38084824318082433
878,1519073794,0.34963258976452,0.38650743816212074,0.3989625335348018,0.38560361079516764,0.3991289641390664,0.39970600214007745,0.3500796915806415,0.37070030430660494,0.3810555209498404,0.3570503477795294,0.3390746220918773,0.45917144023681894,0.3967737697996097,0.34985765434249744,0.3978879743420324,0.36197437177283726,0.4015719451432272,0.3955943741298354,0.3947201669885983,0.3626552809178896,0.4596267185258433,0.3965872264411268,-0.08572961197044983,0.3606357880721419,0.3932285812058461,0.4313240415722015,0.3931122053097214,0.3713167426219002,0.34802241406122314,0.21752228442018318,0.37545799196060425,0.34008753457517016,0.39084510126660665,0.5127600533964333,0.3514415271209138,0.4102491570123654,0.35718115214113766,0.36005450320735,0.37994090215557574,0.35828954182966816,-0.5567771649665584,0.43205605619615184,0.3300641499425656,0.3588783623707069,2.190997355757325,0.37452887708647153,0.39395607657169884,0.39401817983609716,0.3677656132839901,0.5494530038147413,0.39432436213781064,0.3901887961669444,0.3726450092724964,0.35706153424568116,0.3734810169246549,0.39068745780822495,0.3873914240425055,0.38813365259166793,0.3748961705767295,0.4067357023955645,0.3258374323242041,0.37496109442486014,0.3604090353633521,0.718525243270916,0.33712262258004616,0.41322274482453014,0.33002994631885235,0.374832147250232,0.36082560999609753,0.368572139323113,0.37477040093142927,0.35950940890665833,0.3881350873508724,0.3909064987279192,0.3564923609125923,0.4078225976790481,0.3849463363322445,0.35152253262933936,0.3175959853927813,0.38660648525200025,0.3728648639977246,0.39532614121853116,0.4321554992944671,1.0072326047905718,0.40651065838841327,0.3401847411682123,0.3689363485693297,-0.4474259914248943,0.3519988272066236,0.06801994477505713,0.3277619034722882,0.3845541518919198,0.3624609031435398,0.3569513737315211,0.3149599286341181,0.3868999298389482,0.37368151208451705,0.40964300662815484,0.3901777217820162,0.3248720056880575,0.3522431529676362,0.38343524083467406,0.39705497500118875,0.3831329330944995,0.38320064541472565,0.317577196661115,0.3748071889396439,0.3303959283991447,0.369592239729064,0.3834643602723925,0.32649774360397865,0.45846908296653793,0.3719522662315076,0.3926339170951843,-0.4439955124433064,0.39023616801279853,0.4062058791875313,0.3632279455090892,0.3962295200681314,0.37435508472975015,0.39679436579666333,0.36379488670902504,0.3361473185340979,0.4104405982673496,0.3525511593791657,0.32252467160700493,-0.11066426808372769,0.3742534104203893,0.35609657095173824,0.38309792517850094
879,1519073799,0.3510273761205859,0.3894111225918793,0.40094267587004656,0.38785166600773235,0.40090132126979927,0.4011382791836633,0.3514754000430946,0.3724279868938076,0.38243274928909354,0.35886859791741377,0.3390746220918773,0.4607388423820928,0.39964284949618323,0.35125319917424647,0.39986737097631514,0.3638830547581005,0.4029193432206726,0.3973859481228504,0.39749231112173183,0.36456066972198975,0.4611999708307031,0.3985637214384885,-0.08572961197044983,0.3631915953488454,0.39570493148277086,0.433126895186392,0.39509418868050666,0.37409776841757353,0.3501135383594007,0.21900996647812757,0.3773281458708837,0.34008753457517016,0.393053758129586,0.7349869843138749,0.3535702690629301,0.4127924044504672,0.35900239450946664,0.36139287641743556,0.3819000468870601,0.3597833497662495,-0.5567771649665584,0.4332550953546331,0.3308154140970287,0.36037366989718855,2.190997355757325,0.3762672046577907,0.39514956330148726,0.39580695168997854,0.37028906349680474,0.5524303781692224,0.3967139948918972,0.3907386432823322,0.37403003816619673,0.35906474572683267,0.3748751201012751,0.3928936762577205,0.3904023439935174,0.38813365259166793,0.3748961705767295,0.40883051918320157,0.3264589199797056,0.37669825775131266,0.36232141884166064,0.7253800537943854,0.33712262258004616,0.4152604242060473,0.3315319052170825,0.37670480547086393,0.3621648416544939,0.3702960384124657,0.37477040093142927,0.36025184676670774,0.3901371903153762,0.3931139107620395,0.35830609642967004,0.4093920640445306,0.3849463363322445,0.3536514401622444,0.31902536202377973,0.38834496972149984,0.37495352579479885,0.39828284339143194,0.4339573961792552,1.0073782311828268,0.4080785852353648,0.3401847411682123,0.37066247025098803,-0.44741435428735155,0.3541223400044311,0.06801994477505713,0.33001004595760075,0.3868035005451283,0.3643629248855986,0.35993987496611596,0.3178122053681193,0.38762566350730193,0.37368151208451705,0.412190537763902,0.3901777217820162,0.3248720056880575,0.35437451951425003,0.38568304147090005,0.39903307273626093,0.38537994626014904,0.38545645091474984,0.3190058778868752,0.37667862996565904,0.33189628685577965,0.37131849036770737,0.38628816734506427,0.32649774360397865,0.4605661199394665,0.3719522662315076,0.39461384134228605,-0.44351824482864205,0.3924426584373739,0.40777500562721,0.3644960172151622,0.4003607830005935,0.37725408377442154,0.3991543263578892,0.3656997771585617,0.3370722677425113,0.41400042134038956,0.3536619073933772,0.32252467160700493,-0.11066426808372769,0.37612342981892377,0.3579143019066306,0.38534760717617755
880,1519073805,0.35451434201075055,0.3946377545654448,0.4053979961243472,0.3934718040391442,0.4062183926619978,0.40901580292338546,0.35496467119922737,0.37703514045968134,0.3858758201372264,0.3631111815724774,0.3437929289029701,0.46439611405439846,0.40254041283595376,0.3554398336694936,0.404815862562022,0.3708815590373991,0.40628783841428606,0.4009690961088803,0.4030365993879989,0.370911965735657,0.464870892875376,0.40301083518255226,-0.08572961197044983,0.36894216172142824,0.4011529020920054,0.4379345048242334,0.4005446429501662,0.37826930711108353,0.35359874552302983,0.22396890667127548,0.3816918383282025,0.3430292042529579,0.3980232360712895,-0.4872611357320539,0.3583599384324669,0.41737024983905047,0.36325196003556764,0.3647388094426494,0.3867979087157711,0.36501167754428415,-0.5567771649665584,0.4380512519885582,0.33607426317826994,0.36485959247663335,2.190997355757325,0.38264107241929424,0.399923510220641,0.4005770099669956,0.37722855158204505,0.5554301225200652,0.4008958522115486,0.394587573090047,0.37818512484729766,0.3630711686891357,0.37836037804282563,0.3978576677690855,0.39491872392003524,0.39144625963967383,0.37797752070334734,0.4119727443646572,0.33080933356821657,0.3824888021728209,0.3680585692765862,0.3723573118357155,0.3406446296907314,0.42035462265984025,0.33603778191177286,0.3823227801327598,0.3661825366296831,0.3748931026507396,0.3773516695141182,0.3654489117870537,0.39464192198550985,0.39752873483028,0.3637473029809033,0.41253099677549565,0.3893528059519666,0.3579092552280546,0.3233134919167751,0.39356042312999856,0.37913084938894737,0.40301356686807327,0.43816182224376093,1.0090772057591355,0.4117370812115849,0.3431373252338344,0.3758408352959629,-0.44738526144349466,0.35890024379949803,0.09704428333365393,0.33450633092822585,0.3918645350148473,0.3707029973591281,0.36516975212665703,0.3220906204691212,0.3963344675275462,0.3778088848785498,0.41677609380824704,0.39457678339375263,0.32799041614257324,0.3586372526074777,0.39017864274335196,0.40397831707394133,0.3904357258828605,0.39053201328980425,0.3240062621770357,0.3822929530437045,0.33564718299736684,0.3764972422836374,0.3913710200758734,0.33085139086790927,0.46423593464209145,0.37502885996636065,0.39956365196004046,-0.44288188800908956,0.3974072618926684,0.4114363006531269,0.37020233989249085,0.40508222635197877,0.3836318816726986,0.40387424748034106,0.3720494119903506,0.35233392968133226,0.4185773367200124,0.3686570055852325,0.32625668153708903,-0.08689855459740743,0.3817334880145272,0.3639734050896049,0.3904093916709499
881,1519073811,0.35590912836681643,0.39637996522329993,0.4073781384595919,0.39571985925170894,0.4085815355029749,0.4104480799669713,0.35636037966168044,0.37876282304688397,0.3872530484764795,0.364323348331067,0.34497250560574333,0.46596351619967236,0.4051634974321893,0.3575331509171171,0.40679525919630477,0.37279024202266237,0.40763523649173145,0.40335786143290026,0.40580874352113244,0.3728173545397571,0.4669685626151891,0.40498733017991395,-0.08572961197044983,0.37085901717895586,0.40313398231354525,0.43973735843842393,0.4025266263209515,0.3796598200089202,0.3549928283884815,0.22545658872921986,0.38356199223848203,0.34714754180186075,0.4002318929342688,0.7349869843138749,0.36048868037448323,0.4194048477895319,0.3644661216144537,0.36674636925777776,0.3887570534472555,0.3665054854808655,-0.5567771649665584,0.43925029114703945,0.3383280556416591,0.3656072462398742,2.190997355757325,0.3843793999906134,0.40171374031532364,0.40176952453624987,0.38038286434806334,0.5583952294571866,0.4020906685885919,0.39623711443621046,0.379570153740998,0.36440664300990333,0.3797544812194458,0.400063886218581,0.3969260038873765,0.39531096786234743,0.3820859875388378,0.413543856955385,0.33205230887921966,0.3842259654992734,0.3699709527548947,0.718525243270916,0.3406446296907314,0.4229017218867367,0.3367887613608879,0.38419543835339176,0.3675217682880795,0.37661700174009227,0.3789004306637316,0.3669337875071525,0.39714455069113963,0.39973614686440023,0.365561038497981,0.414623618596139,0.3893528059519666,0.35897370899450715,0.32474286854777357,0.39645789724583114,0.38052329058699685,0.40478758817181376,0.44056435142347844,1.009319916412894,0.4133050080585364,0.3443183588600832,0.3781423308715073,-0.4473736243059519,0.36102375659730557,0.09704428333365393,0.33600509258510086,0.3941138836680558,0.37260501910118693,0.36666400274395444,0.3235167588361218,0.39778593486425357,0.37935664967631205,0.4188141187168449,0.3962264314981538,0.3317325086879922,0.3597029358807846,0.39242644337957794,0.4064509392427815,0.3926827390485101,0.39278781878982844,0.3254349434027959,0.3841643940697196,0.3371475414540018,0.37822349292228075,0.39363006573401077,0.33209529008617517,0.46580871237178784,0.37502885996636065,0.4015435762071422,-0.4424046203944252,0.3996137523172438,0.41300542709280563,0.37210444745160043,0.4068527676087482,0.3853712810995015,0.4056442179012605,0.37395430243988725,0.35418382809815907,0.4206115213331781,0.3703231276065498,0.32625668153708903,-0.08689855459740743,0.3836035074130617,0.36579113604449726,0.3926590736686265
882,1519073816,0.3580013079009153,0.3981221758811551,0.40935828079483666,0.3985299282674149,0.4103538926337077,0.41188035701055714,0.3584539423553601,0.38049050563408665,0.38863027681573264,0.3667476818482462,0.3473316590112897,0.4675309183449462,0.4079341790886276,0.3589286957488662,0.40877465583058753,0.3746989250079256,0.40898263456917683,0.40514943542591525,0.4080264588276392,0.3747227433438573,0.46906623235500217,0.4074579489266161,-0.08572961197044983,0.3727758726364835,0.40511506253508506,0.4409392608478843,0.40450860969173674,0.38105033290675683,0.3563869112539332,0.22744016480647905,0.38667891542228117,0.34832420967297584,0.40244054979724814,1.179440846148758,0.3631496078020036,0.42143944574001335,0.36689444477222566,0.3680847424678633,0.3912059843616109,0.36874619738573744,-0.5567771649665584,0.44104884988476134,0.3398305839505852,0.3671025537663558,-0.05108540320507315,0.3861177275619325,0.4029072270451121,0.4029620391055041,0.3822754520076743,0.5613625012326655,0.40328548496563515,0.3978866557823739,0.38164769708154844,0.36640985449105484,0.381148584396066,0.40227010466807656,0.39893328385471777,0.397519372561018,0.38311310424771045,0.41511496954611277,0.3332952841902228,0.38596312882572587,0.37315825855207563,0.749371890626528,0.34534063917164504,0.42493940126825386,0.3397926791573481,0.3860680965740237,0.36886099994647586,0.3789155338592292,0.38303046039603383,0.36916110108730077,0.3991466536556435,0.4030472649155806,0.36737477401505875,0.4161930849616215,0.3926576581667582,0.36216707029386475,0.326172245178772,0.3981963817153307,0.3826119523840711,0.40774429034471454,0.4423662483082666,1.0095626270666525,0.4148729349054879,0.34845197655195415,0.3798684525531656,-0.44735907788402346,0.36314726939511305,0.19335231582354337,0.3375038542419759,0.39636323232126425,0.3757750553379517,0.3681582533612519,0.3256559663866227,0.3985116685326073,0.3814203360733284,0.4218711560797415,0.40062549310989026,0.33360355496070165,0.36289998570070536,0.3957981443339169,0.40842903697785365,0.395491505505572,0.39560757566485866,0.32614928401567594,0.38603583509573475,0.3393980791389541,0.3799497435609241,0.39588911139214816,0.3364489373501058,0.4673814901014843,0.37964375056864014,0.40352350045424396,-0.44208644198464897,0.40237186534796293,0.4145745535324843,0.3759086625698195,0.40862330886551773,0.3871106805263043,0.4074141883221799,0.37585919288942393,0.3560337265149858,0.4226457059463438,0.37198924962786706,0.3293666898121591,-0.08689855459740743,0.3867202064106192,0.36760886699938955,0.3949087556663031
883,1519073822,0.35939609425698116,0.39986438653901024,0.41183345871389254,0.4013399972831208,0.41212624976444057,0.41259649553235006,0.3598496508178132,0.38336997661275773,0.3900075051549858,0.3685659319861306,0.3945147271222179,0.4690983204902201,0.4107747751420041,0.36032424058061524,0.41124890162344097,0.3778800633166977,0.4103300326466222,0.4063438180879252,0.41079860296077275,0.3766281321479575,0.470639484659862,0.4104226914226586,-0.08572961197044983,0.3746927280940111,0.4070961427566249,0.44274211446207484,0.406490593062522,0.38244084580459353,0.35778099411938485,0.2289278468644234,0.3897958386060803,0.39597925845313725,0.40464920666022747,1.2349975788781185,0.36527834974401996,0.42398269317811516,0.3699298487194407,0.37009230228299167,0.3931651290930953,0.37024000532231877,-0.5567771649665584,0.44224788904324264,0.3405818481050482,0.3693455150560782,-0.042223416015498456,0.38785605513325166,0.40529420050468895,0.4065395828132669,0.3841680396672853,0.5643341026848596,0.4056751177197217,0.40118573847470085,0.3830327259752488,0.36774532881182254,0.3832397391609963,0.40447632311757215,0.400940563822059,0.40248828313302687,0.3877351294376372,0.41720978633374983,0.39109363615186776,0.3877002921521784,0.37507064203038415,0.7459444853647933,0.39406173753612417,0.426977080649771,0.3405436586064632,0.3879407547946556,0.3708698474340704,0.3823633320379346,0.3881929975614117,0.3699035389473502,0.4011487566201473,0.40580652995823097,0.3691885095321365,0.417762551327104,0.39981817129880654,0.36429597782676987,0.32831631012526974,0.3999348661848303,0.38400439358212063,0.40951831164845504,0.44416814519305475,1.0116984808197265,0.4174861463170737,0.39687435522815667,0.3815945742348239,-0.447344531462095,0.3652707821929206,0.19335231582354337,0.3382532350704134,0.3991749181377748,0.3776770770800105,0.36890537866990064,0.32636903557012303,0.39996313586931465,0.3860636304666152,0.4239091809883393,0.40447467202015963,0.39347703568740433,0.36556419388397265,0.3980459449701429,0.4104071347129258,0.39773851867122156,0.3978633811648828,0.32900664646719624,0.3879072761217499,0.34089843759558897,0.382826827958663,0.39814815705028556,0.3949122006086024,0.4694785270744128,0.38579693803834614,0.4055034247013457,-0.44176826357487275,0.40457835577253826,0.4166667221187226,0.37781077012892905,0.4103938501222872,0.38885007995310716,0.4097741488834058,0.3783990468221395,0.3712953884538068,0.4246798905595095,0.38365210377708786,0.39094485365854675,-0.06313284111108719,0.3885902258091537,0.36942659795428184,0.39715843766397974
884,1519073828,0.36079088061304704,0.4016065971968654,0.4138136010491373,0.4035880524956855,0.41508017831566196,0.4140287725759359,0.3619432135114929,0.38509765919996036,0.3920733476638655,0.3715963488826046,0.3962840921763777,0.47066572263549394,0.41242682644743184,0.3624175578282388,0.4137231474162944,0.37978874630196097,0.4116774307240676,0.4087325834119452,0.4130163182672796,0.37916865055342436,0.47221273696472177,0.41239918642002027,-0.17069114333744284,0.37788748718989046,0.40907722297816473,0.44454496807626537,0.4089680722760036,0.3838313587024302,0.3598721184175624,0.2304155289223678,0.3916659925163598,0.3977442602598099,0.40741002773895163,0.5127600533964333,0.3674070916860363,0.42652594061621696,0.37175109108776966,0.37143067549307723,0.3951242738245797,0.3724807172271908,-0.5567771649665584,0.44344692820172393,0.34283564056843735,0.37233613010904143,-0.042223416015498456,0.3901738252283438,0.4064876872344774,0.4077320973825212,0.3860606273268963,0.5670747880455768,0.40806475047380825,0.40448482116702783,0.3851102693157993,0.37041627745335787,0.38602794551423675,0.40723409617944156,0.4029478437894003,0.4046966878316975,0.3897893628553824,0.4193046031213869,0.3948225620848771,0.3900165099207817,0.37698302550869267,0.7082430274857121,0.39582274109146676,0.4300335997220468,0.3420456175046933,0.3904376324221649,0.37287869492166503,0.3840872311272873,0.3902580124275628,0.37213085252749845,0.4036513853257771,0.4080139419923512,0.37100224504921425,0.4198551731477474,0.40257221481113287,0.36695711224290123,0.3297456867562682,0.4022528454774964,0.38609305537919486,0.4118836733867757,0.4453694097829135,1.0118926493427332,0.4190540731640252,0.39864590566752994,0.3844714437042544,-0.4473328943245523,0.3673942949907281,0.19335231582354337,0.34050137755572596,0.40142426679098325,0.37957909882206936,0.37039962928719805,0.32993438148762455,0.401414603206022,0.38812731686363156,0.42645671212408653,0.40667420282602784,0.3953480819601138,0.3676955604305865,0.4002937456063688,0.412879756881766,0.3999855318368711,0.400119186664907,0.3304353276929564,0.39040253082310344,0.3423987960522239,0.3851284954768541,0.4009719641229573,0.3967780494360012,0.4710513048041092,0.38784800052824814,0.4079783300102229,-0.4414500851650965,0.4067848461971136,0.41823584855840124,0.3797128776880386,0.4121643913790567,0.39058947937991,0.41213410944463175,0.38030393727167616,0.3722203376622202,0.4267140751726752,0.3847628517912993,0.39343286027860286,-0.06313284111108719,0.3904602452076882,0.3712443289091742,0.3999705401610755
885,1519073833,0.3621856669691129,0.404510281626624,0.4162887789681932,0.4058361077082503,0.41744332115663907,0.41546104961952174,0.3640367762051725,0.3874012359828973,0.3941391901727452,0.3740206823997838,0.39805345723053753,0.4722331247807678,0.41511723601849676,0.36451087507586233,0.41570254405057716,0.3816974292872242,0.413024828801513,0.4099269660739552,0.4152340335737864,0.38297942816162467,0.4743104067045349,0.41437568141738196,-0.17069114333744284,0.3798043426474181,0.4120488433104745,0.4463478216904559,0.4114455514894852,0.3852218716002669,0.36335732558119155,0.2319032109803122,0.39353614642663926,0.3995092620664826,0.4107230130334206,0.6238735188551541,0.37006801911355675,0.4285605385666984,0.3741794142455417,0.3734382353082056,0.3970834185560641,0.3739745251637721,-0.5567771649665584,0.4452454869394458,0.3450894330318265,0.37532674516200465,-0.042223416015498456,0.3930710378472091,0.4106648907887369,0.40892461195177543,0.38795321498650726,0.5698962940383109,0.40985697503937313,0.4066842096285791,0.38649529820949957,0.3717517517741255,0.38881615186747714,0.4094403146289371,0.4054569437485768,0.4069050925303681,0.39184359627312765,0.4208757157121147,0.39668702505138176,0.392332727689385,0.3788954089870012,0.6876785959153041,0.3975837446468094,0.43258069894894324,0.34354757640292344,0.3941829488634288,0.3742179265800614,0.38581113021664004,0.39232302729371393,0.37287329038754785,0.40615401403140694,0.4102213540264715,0.3746297160833697,0.4214246395132299,0.4047754496209939,0.36961824665903253,0.3318897517027659,0.4045708247701625,0.38748549657724435,0.41365769469051616,0.447771938962631,1.0120868178657398,0.4206220000109767,0.4004174561069032,0.3861975653859127,-0.44731834790262387,0.37057956418743937,0.21446092568434105,0.344997662526351,0.40423595260749384,0.38211512781148116,0.3718938799044955,0.33136051985462517,0.4043175378794368,0.39019100326064793,0.4284947370326843,0.40887373363189605,0.39721912823282324,0.3703597686138538,0.4025415462425948,0.41485785461683816,0.40279429829393304,0.40237499216493117,0.3318640089187166,0.39227397184911855,0.34539951296549365,0.38685474611549747,0.4032310097810947,0.3986438982634001,0.47314834177703774,0.38989906301815014,0.4104532353191001,-0.44113190675532027,0.40899133662168896,0.4213741014377586,0.38161498524714815,0.4151152934736725,0.3934884784245814,0.41390407986555117,0.3834787546875706,0.3731452868706336,0.42925680593913235,0.38587359980551084,0.3952988652436449,-0.08689855459740743,0.39233026460622267,0.37427388050066135,0.40334506315759044
886,1519073839,0.36567263285927765,0.4103176504861412,0.4192589924710603,0.4086461767239562,0.42335117825908186,0.42190629631565807,0.36682819313007875,0.39316017794023944,0.397582261020878,0.37886934943414224,0.39982282228469734,0.47536792907131553,0.41766263795146763,0.367999737155235,0.419166488160572,0.3848785675959963,0.4170670230338491,0.4147044967219951,0.41856060653354665,0.38551994656709154,0.47640807644434796,0.416846300164084,-0.17069114333744284,0.3829991017432975,0.4150204636427843,0.4523573337377576,0.41441852654566314,0.3886981538448585,0.3661454913120949,0.2378539392120897,0.39540630033691876,0.4012742638731552,0.41293166989639996,0.45720332066707287,0.37272894654107713,0.43059513651717984,0.3802502221399717,0.3767841683334195,0.40100170801903284,0.3777090450052254,-0.5567771649665584,0.45243972189033344,0.3510995462675308,0.3790650139782087,-0.042223416015498456,0.39886546308493953,0.41484209434299646,0.4154834420826739,0.39236925285893287,0.5727242945461177,0.4146362405475462,0.4094334452055182,0.38995787044375035,0.37442270041566084,0.39090730663240747,0.41219808769080657,0.40846786369958876,0.40911349722903867,0.3938978296908729,0.4224468283028425,0.39979446332888957,0.39812327211089327,0.3820827147841821,0.6362675169892843,0.3999317493872662,0.43512779817583974,0.3488044325467288,0.39605560708406073,0.3782356215552506,0.39098282748469815,0.39438804215986506,0.37955523112799266,0.4096576942192886,0.4124287660605917,0.37946634412891034,0.4229941058787124,0.4075294931333202,0.37174715419193766,0.33689256991126054,0.41094526782499424,0.3895741583743186,0.41897975860173764,0.4531776296169955,1.0133003711345319,0.4232352114225625,0.40218900654627643,0.3931020521125459,-0.44730089219630975,0.3727030769852469,0.21446092568434105,0.3494939474969761,0.4064853012607023,0.38591917129559883,0.37787088237368527,0.335638934955627,0.4093976735579126,0.39225468965766425,0.4305327619412821,0.41107326443776426,0.3990901745055327,0.37302397679712107,0.40535129703787726,0.4183195256532144,0.40616481804240734,0.4051947490399614,0.3375787338217572,0.39539304022581045,0.34990058833539833,0.3931843317905231,0.4060548168537665,0.4005097470907989,0.47576963799319844,0.3924628911305276,0.4134231216897527,-0.4404955499357678,0.4117494496524081,0.4229432278774373,0.3847851645123307,0.41983673682505773,0.3992864765139242,0.4192139911283094,0.38601860862028614,0.3842446773715943,0.431290990552298,0.3958703319334144,0.397786871863701,-0.06313284111108719,0.39482362380426866,0.3803329836836357,0.40559474515526706
887,1519073844,0.36776481239337644,0.41205986114399634,0.42123913480630504,0.41089423193652097,0.42512353538981473,0.4240547118810368,0.3682239015925318,0.39488786052744207,0.39895948936013115,0.3818997663306163,0.40159218733885715,0.4769353312165894,0.42033233214566196,0.3700930544028585,0.4211458847948547,0.38678725058125957,0.41908812015001723,0.41709326204601505,0.4207783218400535,0.3874253353711917,0.47850574618416103,0.4188227951614457,-0.08572961197044983,0.38491595720082505,0.4170015438643241,0.4547611385566783,0.4168960057591447,0.3900886667426952,0.36753957417754657,0.23934162127003408,0.3985232235207179,0.40303926567982784,0.4151403267593793,0.7349869843138749,0.3748576884830935,0.43313838395528165,0.3820714645083007,0.37812254154350505,0.40296085275051724,0.38069666087838805,-0.5567771649665584,0.45363876104881473,0.35335333873091995,0.3805603215046903,-0.042223416015498456,0.40118323318003174,0.4166323244376791,0.4166759566519282,0.39426184051854385,0.5755306466703487,0.4158310569245895,0.41163283366706954,0.3913428993374507,0.37575817473642853,0.39230140980902767,0.4144043061403021,0.41047514366693,0.41187400310237693,0.39595206310861814,0.4240179408935703,0.40165892629539424,0.39986043543734573,0.3846325594219268,0.6705415696066308,0.40169275294260887,0.4371654775573569,0.351057370894074,0.3979282653046927,0.3795748532136469,0.3927067265740508,0.39645305702601624,0.38029766898804207,0.4116597971837925,0.41518803110324204,0.3812800796459881,0.42508672769935574,0.4097327279431812,0.37440828860806896,0.338321946542259,0.4126837522944938,0.3923590407704176,0.4213451203400583,0.455580158796713,1.0134459975267869,0.424803138269514,0.4039605569856497,0.3948281737942042,-0.447289255058767,0.37482658978305444,0.21446092568434105,0.3509927091538511,0.40873464991391073,0.38782119303765766,0.3793651329909827,0.33635200413912736,0.41084914089462,0.3943183760546806,0.43308029307702933,0.4132727952436325,0.4015849028691453,0.3751553433437349,0.4081610478331597,0.4202976233882866,0.4084118312080569,0.4080145059149916,0.33900741504751736,0.3972644812518256,0.3514009467920332,0.39491058242916643,0.4083138625119039,0.4023755959181977,0.477866674966127,0.3945139536204296,0.41540304593685445,-0.4398591931162153,0.41395594007698344,0.424512354317116,0.3879553437775133,0.4216072780818272,0.40102587594072703,0.4215739516895354,0.38792349906982276,0.3851696265800077,0.4333251751654637,0.3964257059405201,0.399652876828743,-0.08689855459740743,0.39669364320280315,0.382150714638528,0.40784442715294367
888,1519073850,0.37125177828354117,0.4149635455737549,0.4251994194767945,0.41426631475536807,0.42807746394103613,0.42548698892462267,0.3703174642862115,0.3989191198975816,0.40102533186901085,0.3843240998477955,0.40454112909579015,0.4795476681253792,0.4230175628725092,0.3728841440663566,0.42460982890484955,0.38996838889003166,0.4211092172661853,0.419482027370035,0.423550465973187,0.38933072417529185,0.4811278333589274,0.42228166140682866,-0.08572961197044983,0.3868328126583527,0.41997316419663383,0.457164943375599,0.41986898081532265,0.3921744360894502,0.36893365704299824,0.24182109136660804,0.4003933774309974,0.405392601422058,0.4173489836223586,0.8461004497725957,0.378050801396118,0.43720757985624453,0.3857139492449587,0.3794609147535906,0.40589956984774384,0.3821904688149694,-0.5567771649665584,0.45603683936577727,0.3556071311943091,0.38355093655765354,-0.042223416015498456,0.40350100327512395,0.419019297897256,0.4190609857904367,0.3961544281781548,0.5783550391142263,0.41822068967867604,0.4138322221286208,0.3934204426780012,0.37776138621758,0.39508961616226806,0.41661052458979764,0.41398788360977723,0.41408240780104755,0.39851985488079966,0.42663646187811666,0.4035233892618989,0.40275570764809987,0.38781986521910766,0.6636867590831615,0.40345375649795145,0.44022199662963263,0.35481226813964933,0.39980092352532465,0.3822533165304397,0.39615452475275625,0.39851807189216737,0.38252498256819034,0.4146629516305482,0.41739544313736227,0.3849075506801436,0.42770250497515994,0.41248677145550755,0.3776016499074266,0.3390366348577582,0.4155812264103264,0.39444770256749184,0.42430182251295906,0.45798268797643055,1.013737250311297,0.4274163496810998,0.40573210742502297,0.3971296693697486,-0.44727179935245287,0.3785427371792176,0.23029238307993932,0.3517420899822886,0.41210867289372344,0.39035722202706946,0.38085938360828014,0.33849121168962826,0.41302634189968107,0.39689798405095106,0.43613733043992603,0.4165720914524348,0.40345594914185473,0.3788852348003091,0.4109707986284422,0.4232647699908948,0.41122059766511887,0.41139821416502786,0.3411504368861576,0.3991359222778407,0.3536514844769856,0.3983630837064531,0.4111376695845756,0.40672924318212833,0.48048797118228764,0.3965650161103316,0.4183729323075071,-0.439381925501551,0.41671405310770265,0.4271275650499138,0.3898574513366228,0.424558180176443,0.4033450751764642,0.42629387281198716,0.39109831648571725,0.38701952499683445,0.43637645208521225,0.3992025759760489,0.4027628851038131,-0.08689855459740743,0.3991870024008491,0.3851802662300152,0.4106565296500394
889,1519073856,0.37264656463960705,0.41728649311756183,0.4281696329796616,0.41763839757421517,0.43162217820250176,0.4276354044900014,0.3731088812111177,0.4017985908762527,0.4030911743778906,0.38735451674426946,0.4116185893124294,0.48111507027065303,0.42547751387588906,0.37427968889810564,0.42757892385627366,0.39251329953704933,0.42380401342107604,0.42127360136305,0.4268770389329472,0.3925063721821255,0.4827010856637872,0.42524640390287116,-0.08572961197044983,0.3906665235734079,0.42344005458432854,0.4589677969897895,0.42284195587150053,0.39495546188512354,0.37172182277390164,0.24380466744386722,0.4028869159780367,0.4124526086487486,0.4206619689168276,0.6794302515845145,0.3801795433381343,0.4402594767819667,0.3875351916132877,0.3828068477788045,0.4088382869449704,0.3844311807198414,-0.5567771649665584,0.4572358785242585,0.35710965950323514,0.3850462440841352,-0.042223416015498456,0.40639821589398917,0.4202127846270444,0.4208497576443181,0.3993087409441731,0.5811556183361702,0.4206103224327626,0.4182309990517234,0.39619050046540183,0.3804323348591153,0.3971807709271984,0.419919852264041,0.4169988035607891,0.41849921719838873,0.4021147633618538,0.4287312786657537,0.41346719174992386,0.405650979858854,0.3903697098568524,0.6362675169892843,0.41108477190443615,0.4437879355472877,0.3555632475887644,0.4022978011528339,0.3842621640180343,0.3990276899016774,0.4026481016244696,0.38475229614833856,0.417666106077304,0.42070656118854266,0.3867212861972213,0.4292719713406425,0.4168932410752296,0.380262784323558,0.3426100764352544,0.4178992057029925,0.3965363643645661,0.4284412055550202,0.4591839525662893,1.0144653822725722,0.4289842765280513,0.41340882599564044,0.4000065388391791,-0.447251434361753,0.3806662499770251,0.23029238307993932,0.3547396132960387,0.4154826958735361,0.39289325101648126,0.3831007595342263,0.3413434884236295,0.41447780923638844,0.40102535684498375,0.4402133802571216,0.42042127036270416,0.4146822267781115,0.38101660134692295,0.41434249958278113,0.426231916593503,0.41459111741359317,0.4147819224150641,0.3432934587247978,0.40163117697919426,0.3559020221619379,0.40066475122464423,0.41509099948631606,0.4160584873191224,0.4820607489119841,0.4006671410901356,0.4218377997399352,-0.4387455686819985,0.42002378874456564,0.4286966914895925,0.3930276306018054,0.42750908227105877,0.40682387403006987,0.4286538333732131,0.3936381704184328,0.3948815932683483,0.43993627515825223,0.40586706406131795,0.41333691323905136,-0.08689855459740743,0.4023037013984066,0.3869979971849075,0.4140310526465543
890,1519073861,0.3740413509956729,0.4201901775473204,0.43014977531490634,0.42101048039306227,0.43339453533323463,0.4297838200553802,0.3745045896735708,0.4035262734634553,0.4051570168867703,0.3903849336407435,0.4145675310693624,0.48320493979768486,0.42729010935206363,0.3756752337298547,0.4295583204905564,0.39633066550757584,0.42582511053724414,0.42306517535606497,0.42964918306608074,0.3963171497903258,0.4847987554036003,0.42722289890023285,-0.08572961197044983,0.39322233085011143,0.4259164048612534,0.46077065060398004,0.42531943508498216,0.3963459747829602,0.374509988504805,0.24628413754044118,0.40662722379859567,0.41480594439097884,0.42452711842704144,-0.2094774720852519,0.384437027222167,0.44229407473244814,0.3911776763499457,0.3841452209888901,0.41128721785932587,0.385178084688132,-0.5567771649665584,0.45963395684122105,0.3578609236576982,0.38654155161061676,-0.042223416015498456,0.4087159859890814,0.4231965014515155,0.4232347867828266,0.40183219115698776,0.5839266114338938,0.42240254699832747,0.4220799288594382,0.3975755293591021,0.381767809179883,0.3985748741038186,0.4237807345506582,0.4195079035199657,0.42181182424639463,0.4051961134884717,0.4308260954533908,0.41781760533843476,0.409125306511759,0.3929195544945971,0.49574390125816326,0.4146067790151214,0.44582561492880485,0.3570652064869945,0.40604311759409784,0.3856013956764307,0.4007515889910301,0.40574562392369634,0.3862371718684374,0.42016873478293376,0.4245695322482531,0.39095333573706936,0.43136459316128584,0.4201980932900212,0.3839883725061419,0.34403945306625283,0.4207966798188251,0.3979288055626156,0.4302152268587607,0.46098584945107746,1.0147080929263306,0.43159748793963715,0.41577089324813815,0.4017326605208374,-0.4472368879398246,0.38491327557264016,0.23293095931253902,0.35773713660978873,0.4188567188533488,0.39606328725324597,0.38459501015152375,0.3427696267906301,0.4166550102414495,0.4041208864405083,0.44225140516571937,0.4237205665715065,0.41717695514172415,0.38474649280349715,0.4171522503780636,0.4282100143285752,0.4179616371620675,0.41760167929009434,0.34472213995055795,0.40537405903122453,0.35740238061857277,0.4023910018632876,0.4179148065589878,0.41916823536478715,0.4841577858849126,0.40425650044746414,0.4248076861105878,-0.4384273902722223,0.42388514698757246,0.4313119022223903,0.39556377401395143,0.4316403452035209,0.40914307326580696,0.43042380379413253,0.3974479513175061,0.39580654247676167,0.4434960982312922,0.4064224380684237,0.41582491985910747,-0.08689855459740743,0.40542040039596405,0.3906334590946921,0.4179679961424884
891,1519073867,0.3754361373517388,0.423093861977079,0.4321299176501511,0.423258535605627,0.43634846388445603,0.43264837414255186,0.3765981523672504,0.405253956050658,0.40722285939565,0.3922031837786279,0.4169266844749088,0.4852948093247167,0.4293694153054468,0.3770707785616037,0.43203256628340986,0.3982393484928391,0.4285199066921349,0.4242595580180749,0.4324213271992143,0.39822253859442597,0.4863720077084601,0.42919939389759454,-0.17069114333744284,0.3964170899459908,0.42839275513817815,0.46317445542290075,0.4277969142984637,0.39912700057863354,0.37590407137025666,0.24826771361770036,0.4084973777088752,0.4189242819398817,0.4267357752900208,-0.7650447993788558,0.38656576916418334,0.44483732217054994,0.39299891871827475,0.38548359419897565,0.41373614877368137,0.3881657005612947,-0.5567771649665584,0.46203203515818364,0.3593634519666243,0.38953216666358,-0.042223416015498456,0.4116131986079466,0.42438998818130397,0.42561981592133513,0.4043556413698024,0.5867069854978335,0.4241947715638924,0.42427931732098945,0.40034558714650276,0.38310328350065065,0.40066602886874886,0.42653850761252765,0.4220170034791422,0.4245723301197329,0.4087910219695258,0.4323972080441186,0.4196820683049394,0.41086246983821145,0.39610686029177794,0.447760227593878,0.4169547837555782,0.4488821340010806,0.3585671653852246,0.40791577581472976,0.38761024316402526,0.4024754880803828,0.40832689250638526,0.3899493611686845,0.42267136348856355,0.42677694428237334,0.3927670712541471,0.43293405952676833,0.42240132809988223,0.38611728003904694,0.3454688296972513,0.42369415393465776,0.40001746735968985,0.4325805885970813,0.4627877463358656,1.0149993457108406,0.4336880570689058,0.4181329605006358,0.40403415609638177,-0.44722525080228187,0.38703678837044764,0.23293095931253902,0.3584865174382263,0.42110606750655727,0.3992333234900107,0.38833063669476736,0.3434826959741304,0.41883221124651054,0.40670049443677875,0.4447989363014666,0.4259200973773747,0.41967168350533673,0.38687785935011093,0.41940005101428957,0.4306826364974154,0.42077040361912943,0.4209853875401306,0.3468651617891982,0.40786931373257806,0.35965291830352514,0.4052680862610265,0.42073861363165954,0.421034084192186,0.48625482285784116,0.4068203285598417,0.42678761035768953,-0.4379501226575579,0.42664326001829167,0.43288102866206896,0.397465881573061,0.4340010668792135,0.4120420723104784,0.4327837643553584,0.3993528417670428,0.3976564408935885,0.4460388289977494,0.4080885600897409,0.4176909248241495,-0.08689855459740743,0.40853709939352156,0.39245119004958445,0.42021767814016503
892,1519073873,0.3768309237078047,0.42483607263493417,0.4341100599853958,0.42550659081819175,0.43812082101518884,0.4340806511861377,0.3786917150609301,0.40698163863786063,0.40860008773490314,0.39402143391651234,0.41869604952906864,0.4873846788517485,0.43175945191188847,0.3791640958092273,0.4340119629176926,0.40014803147810235,0.4298673047695803,0.4266483233420949,0.4351934713323478,0.40076305699989284,0.48846967744827324,0.4311758888949562,-0.08572961197044983,0.3989728972226943,0.43037383535971796,0.4643763578323611,0.43027439351194535,0.4005175134764702,0.37729815423570834,0.24975539567564473,0.4109909162559145,0.4206892837465543,0.42894443215300015,0.0683061915615501,0.3886945111061997,0.4468719201210314,0.3948201610866037,0.3868219674090612,0.4156952935051657,0.389659508497876,-0.5567771649665584,0.46383059389590553,0.3616172444300134,0.3902798204268208,-0.042223416015498456,0.4139309687030388,0.4267769616408808,0.4268123304905894,0.40750995413582075,0.5894895244001309,0.4253895879409357,0.42647870578254077,0.4017306160402031,0.38443875782141834,0.4020601320453691,0.4287447260620232,0.4240242834464835,0.4267807348184035,0.41084525538727107,0.43396832063484636,0.4215465312714441,0.41259963316466397,0.39801924377008646,0.6568319485596922,0.41871578731092085,0.4509198133825978,0.35931814483433966,0.40978843403536175,0.38894947482242165,0.4041993871697355,0.4103919073725364,0.39143423688878337,0.4246734664530674,0.4295362093250237,0.39458080677122487,0.4350266813474117,0.4246045629097433,0.388246187571952,0.34618351801275055,0.4254326384041573,0.40140990855773934,0.4343546099008218,0.4651902755155831,1.0151449721030956,0.43525598391585724,0.4199045109400091,0.4057602777780401,-0.4472136136647391,0.3891603011682552,0.23293095931253902,0.3599852790951013,0.42335541615976574,0.4017693524794225,0.38982488731206477,0.344908834341131,0.42028367858321797,0.40876418083379507,0.4468369612100644,0.4281196281832429,0.4215427297780462,0.38900922589672476,0.422209801809572,0.4326607342324875,0.4235791700761914,0.4232411930401548,0.34757950240207824,0.40974075475859323,0.36115327676016,0.40699433689966985,0.42356242070433126,0.42289993301958484,0.48782760058753755,0.4088713910497437,0.4287675346047913,-0.4374728550428935,0.4294013730490108,0.43497319724830724,0.40000202498520704,0.43577160813598304,0.4137814717372812,0.43455373477627784,0.4012577322165794,0.3985813901020019,0.44807301361091506,0.40919930810395244,0.41955692978919157,-0.08689855459740743,0.4110304585915675,0.39426892100447675,0.42302978063726077
893,1519073878,0.3789231032419035,0.4265782832927893,0.4365852379044517,0.42831665983389766,0.44048396385616595,0.4347967897079306,0.3814831319858363,0.4092852154207975,0.4099773160741563,0.39583968405439673,0.42164499128600164,0.48895208099702236,0.43433074806594757,0.38055964064097636,0.4364862087105461,0.40269294212512,0.4312147028470257,0.42843989733510984,0.43741118663885464,0.402668445803993,0.490042929753133,0.4336465076416583,-0.08572961197044983,0.4008897526802219,0.4323549155812578,0.4661792114465516,0.4327518727254269,0.4019080263743069,0.37869223710116,0.2522348657722187,0.41410783943971363,0.4230426194887845,0.4317052532317243,0.2349763897496313,0.39135543853372007,0.4494151675591332,0.39664140345493276,0.3881603406191467,0.4181442244195212,0.39190022040274797,-0.5567771649665584,0.46502963305438677,0.36311977273893953,0.3925227817165432,-0.042223416015498456,0.41624873879813096,0.4279704483706693,0.42919735962909794,0.40940254179543173,0.5923131952312226,0.42718181250650056,0.42867809424409203,0.4031156449339034,0.38644196930256985,0.4041512868102994,0.4309509445115187,0.42603156341382475,0.42954124069174177,0.4134130471594526,0.4360631374224834,0.4234109942379488,0.41433679649111643,0.40120654956726737,0.6534045432979575,0.42047679086626344,0.45346691260949423,0.3623220626307999,0.4129095310697483,0.39028870648081804,0.40649791928887247,0.4129731759552253,0.3929191126088822,0.42667556941757123,0.432847327376204,0.3963945422883026,0.43711930316805503,0.4268077977196043,0.3903750951048571,0.347612894643749,0.4271711228736569,0.40349857035481357,0.43671997163914245,0.46639154010544187,1.0152905984953506,0.43734655304512593,0.4228570950056312,0.4080617733535845,-0.44719906724281067,0.39128381396606265,0.23293095931253902,0.3614840407519763,0.4261671019762763,0.40367137422148136,0.39131913792936224,0.34704804189163196,0.42173514591992534,0.4113437888300655,0.4493844923458116,0.43086904169057816,0.42403745814165883,0.3911405924433386,0.425581502763911,0.4351333564013277,0.4258261832418409,0.426060949915185,0.3490081836278384,0.41161219578460834,0.3641539936734298,0.4098714212974088,0.42582146636246865,0.4253877314561166,0.489400378317234,0.4109224535396457,0.43074745885189303,-0.4371546766331173,0.43215948607973,0.4365423236879859,0.40380624010342614,0.4375421493927525,0.41552087116408404,0.4369136953375038,0.4031626226661161,0.39950633931041524,0.45010719822408074,0.41031005611816396,0.4214229347542336,-0.11066426808372769,0.4135238177896135,0.39669256227766647,0.4252794626349374
894,1519073884,0.3803178895979694,0.4283204939506445,0.43856538023969643,0.43056471504646243,0.4422563209868988,0.43622906675151646,0.3828788404482894,0.41101289800800017,0.4113545444134094,0.3988701009508707,0.42400414469154807,0.4905194831422962,0.4368890971094626,0.3819551854727254,0.4384656053448288,0.4046016251103833,0.43256210092447106,0.43023147132812484,0.43962890194536147,0.40584409381082664,0.49161618205799285,0.43661125013770086,-0.17069114333744284,0.4034455599569254,0.43433599580279764,0.46738111385601194,0.43473385609621223,0.40399379572106187,0.3800863199666117,0.25372254783016307,0.41722476262351277,0.4248076212954571,0.4344660743104485,0.2905331224789917,0.3934841804757364,0.45144976550961463,0.39906972661270473,0.39083708703931785,0.4201033691510056,0.3933940283393293,-0.5567771649665584,0.4668281917921087,0.3646223010478656,0.39476574300626566,-0.042223416015498456,0.4179870663694501,0.4291639351004577,0.4309861314829793,0.4112951294550427,0.5951289283216697,0.4307662616376304,0.43087748270564336,0.40450067382760374,0.3877774436233375,0.4062424415752297,0.43315716296101425,0.42803884338116605,0.43230174656508,0.41546728057719784,0.4386816584070298,0.4252754572044535,0.4172320687018706,0.4031189330455759,0.6396949222510189,0.4222377944216061,0.4555045919910114,0.363073042079915,0.4154064086972576,0.3922975539684126,0.40994571746757785,0.41555444453791424,0.39366155046893164,0.4286776723820751,0.43560659241885435,0.39881285631107294,0.4386887695335376,0.42956184123193064,0.39303622952098843,0.3504716479057459,0.4289096073431565,0.4048910115528631,0.43849399294288294,0.4675928046953006,1.0154362248876059,0.43943712217439457,0.4252191622581289,0.4103632689291289,-0.4471874301052679,0.3939382049633221,0.23293095931253902,0.36223342158041383,0.42897878779278686,0.40620740321089316,0.39281338854665965,0.34776111107513225,0.422460879588279,0.41392339682633594,0.4514225172544094,0.43306857249644637,0.42715586859617455,0.3938048006266059,0.427829303400137,0.4376059785701679,0.42863494969890287,0.4283167554152092,0.35115120546647866,0.4134836368106235,0.3656543521300647,0.4115976719360521,0.4286452734351404,0.42725358028351546,0.49097315604693037,0.4129735160295477,0.43322236416077026,-0.4368364982233411,0.4349175991104492,0.4381114501276646,0.4057083476625357,0.4399028710684451,0.4172602705908869,0.4386836657584232,0.4063374400820105,0.4008937631230354,0.4526499289905379,0.41197617813948123,0.42453294302930367,-0.11066426808372769,0.4160171769876595,0.39851029323255877,0.42809156513203317
895,1519073889,0.3817126759540353,0.43064344149445133,0.44104055815875237,0.43281277025902715,0.44402867811763164,0.43766134379510235,0.38497240314196907,0.41389236898667126,0.4134203869222891,0.40068835108875517,0.42636329809709445,0.4920868852875701,0.43953548650467755,0.38404850272034896,0.4409398511376823,0.40651030809564653,0.43390949900191644,0.4326202366521448,0.4418466172518683,0.4083846122162935,0.4931894343628527,0.4385877451350625,-0.17069114333744284,0.405362415414453,0.43730761613510744,0.46918396747020247,0.4372113353096938,0.40538430861889857,0.38287448569751503,0.2552102298881075,0.41909491653379227,0.42716095703768736,0.43722689538917264,0.45720332066707287,0.39561292241775275,0.45399301294771643,0.40149804977047676,0.3921754602494034,0.42206251388249,0.39638164421249195,-0.5567771649665584,0.46802723095058996,0.3661248293567917,0.39626105053274724,-0.042223416015498456,0.4203048364645423,0.4315509085600346,0.43277490333686075,0.4131877171146537,0.5979511559271897,0.4331558943917169,0.4341765653979703,0.40588570272130403,0.3904483922648728,0.4076365447518499,0.4359149360228837,0.4305479433403426,0.4350622524384183,0.41803507234937937,0.4413001793915761,0.42838289548196123,0.41896923202832304,0.4056687776833206,0.6431223275127536,0.4245857991620629,0.45754227137252856,0.3645750009781451,0.4179032863247668,0.393636785626809,0.4116696165569306,0.41761945940406536,0.39514642618903045,0.4311803010877049,0.43781400445297464,0.40062659182815064,0.44078139135418093,0.4323158847442569,0.3951651370538935,0.3519010245367444,0.430648091812656,0.4076758939489621,0.44026801424662343,0.4693947015800888,1.0156303934106126,0.4410050490213461,0.4269907126975021,0.4132401383985594,-0.44717579296772514,0.3960617177611296,0.23293095931253902,0.3659803257226014,0.43122813644599534,0.408109424952952,0.3943076391639571,0.3513264569926338,0.4246380805933401,0.4165030048226064,0.4534605421630072,0.4352681033023146,0.4296505969597872,0.3964690088098732,0.4306390541954194,0.4400786007390081,0.4308819628645524,0.4311365122902394,0.35257988669223883,0.4166027051873154,0.367904889815017,0.41389933945424323,0.4309043190932778,0.4291194291109143,0.4925459337766268,0.41553734414192517,0.435202288407872,-0.4365183198135648,0.4371240895350245,0.44020361871390284,0.40824449107468175,0.44226359274413773,0.42015926963555833,0.4410436263196491,0.4082423305315472,0.4018187123314487,0.455192659756995,0.412531552146587,0.42702094964935977,-0.11066426808372769,0.417887196386194,0.4003280241874511,0.4309036676291289
896,1519073895,0.38519964184419997,0.43412786281016164,0.445495878413053,0.43730888068415663,0.4481641780893416,0.44195817492585987,0.3884616742981018,0.41792362835681074,0.4175520719400485,0.40432485136452395,0.4304918165568007,0.49626662434163377,0.4419332913774457,0.38823513721559605,0.4453934935648185,0.41032767406617304,0.4379516932342526,0.43560619330716976,0.4468364766915086,0.41219538982449383,0.4973847738424788,0.44254073512978587,-0.17069114333744284,0.40919612632950825,0.4412697765781871,0.4727896746985835,0.4416707978939607,0.40955584731240857,0.3856626514284184,0.2591773820426258,0.4228352243543512,0.4312792945865902,0.44219637333087614,-1.042828463025658,0.4009347772727936,0.4585708583362996,0.40635469608602076,0.39552139327461733,0.42696037571120093,0.3993692600856546,-0.5567771649665584,0.4728233875845151,0.371383678438033,0.3999993193489513,-0.042223416015498456,0.42436093413095366,0.4357281121142941,0.4363524470446235,0.4176037549870793,0.6007704970815663,0.4361429353343251,0.43967503655184853,0.41073330384925516,0.39311934090640815,0.41112180269340043,0.4408789275342487,0.4345625032750251,0.44003116301042716,0.42265709753930614,0.4444424045730317,0.4339762843814753,0.422443558681228,0.41013100579937384,0.2798173697688797,0.43045581101320496,0.46212704998094223,0.3675789187746053,0.42289704157978536,0.3969848647728,0.41511741473563596,0.4217494891363676,0.4003434912093764,0.43568503275783854,0.44222882852121514,0.4060677983793839,0.443920324085146,0.4378239717689095,0.3994229521197037,0.35547446611424055,0.4352840503979882,0.4111569969440858,0.44440739728868456,0.4735991276445945,1.0160672725873776,0.4446635449975662,0.43053381357624865,0.4172677556557621,-0.447149609408254,0.40137049975564837,0.23293095931253902,0.36897784903635145,0.43628917091571434,0.4131814829317756,0.39879039101584945,0.3534656645431347,0.42899248260346223,0.4211462992158932,0.4580460982073522,0.439667164914051,0.43401637159610923,0.4012645835397543,0.43513465546787133,0.44452932064292044,0.4359377424872639,0.43621207466529377,0.3561515897566392,0.42096940091468404,0.3709056067282868,0.4179272576110777,0.4354224104095526,0.4328511267657119,0.49621574847925176,0.4211777659891557,0.4391621369020755,-0.4357228737891242,0.44208869299031905,0.4438649137398198,0.41204870619290085,0.4458046752576767,0.42363806848916397,0.4451735573017945,0.4133220383969783,0.40366861074827554,0.45926102898332644,0.41475304817500996,0.43199696288947187,-0.11066426808372769,0.4228739147822859,0.4063871273704255,0.43540303162448213
897,1519073901,0.3872918213782988,0.4358700734680168,0.44747602074829773,0.4389949220935802,0.44993653522007443,0.4433904519694457,0.3898573827605549,0.4196513109440134,0.41892930027930164,0.40493093474381875,0.43108160490818725,0.4973115591051496,0.44395821946654357,0.3896306820473451,0.44737289019910126,0.4122363570514363,0.439299091311698,0.4373977673001847,0.44849976317138873,0.414100778628594,0.49895802614733864,0.44451723012714756,-0.08572961197044983,0.41047402996786003,0.4432508567997269,0.47399157710804385,0.44365278126474594,0.4109463602102452,0.38705673429387005,0.26066506410057017,0.4234586089911111,0.4324559624577053,0.4433007017623658,0.1238629242909105,0.4019991482438018,0.46060545628678107,0.40696177687546375,0.3968597664847029,0.42891952044268533,0.4008630680222359,-0.5567771649665584,0.47402242674299633,0.372134942592496,0.4007469731121921,-0.042223416015498456,0.4260992617022728,0.4363248554791883,0.4375449616138778,0.4188654800934866,0.6030847092858369,0.43733775171136835,0.4407747307826242,0.41211833274295545,0.39445481522717585,0.4125159058700206,0.4419820367589965,0.4365697832423664,0.44113536535976244,0.42368421424817876,0.44548981296685025,0.43459777203697686,0.42418072200768053,0.41140592811824617,0.5677194117545911,0.43104281219831914,0.4641647293624594,0.3698318571219505,0.4235212609866627,0.3983240964311964,0.4168413138249887,0.4227819965694432,0.4018283669294752,0.43768713572234236,0.44333253453827526,0.40667237688507646,0.4454897904506285,0.43892558917384006,0.4004874058861562,0.3561891544297398,0.43702253486748777,0.41254943814213535,0.44618141859242505,0.476001656824312,1.016164356848881,0.44570882956220054,0.4317148472024975,0.4189938773374204,-0.4471321537019398,0.40243225615455214,0.23293095931253902,0.36972722986478895,0.4379761824056207,0.41444949742648146,0.40028464163314686,0.35489180291013533,0.4304439499401696,0.4221781424144014,0.46008412311595,0.4407669303169851,0.4346400536870124,0.4023302668130612,0.43682050594504085,0.4465074183779926,0.43762300236150103,0.4379039287903119,0.35758027098239936,0.42221702826536084,0.3724059651849217,0.4196535082497211,0.4371166946531556,0.4340950259839778,0.497264266965716,0.42220329723410666,0.44114206114917726,-0.435404695379348,0.4431919382026067,0.4449109980329389,0.41331677789897386,0.4475752165144462,0.4253774679159668,0.4469435277227139,0.41459196536333603,0.4055185091651023,0.4612952135964921,0.41641917019632724,0.4326189645444859,-0.11066426808372769,0.42349725458179743,0.4069930376887229,0.43709029312273956
898,1519073906,0.3893840009123976,0.43819302101182367,0.44945616308354247,0.4418049911092861,0.4517088923508073,0.44410659049123863,0.3919509454542346,0.42137899353121605,0.4203065286185548,0.4079613516402928,0.4340305466651203,0.49940142863218145,0.446511389665841,0.39102622687909416,0.44935228683338396,0.41414504003669955,0.44064648938914336,0.4385921499621947,0.45127190730452227,0.41600616743269414,0.5005312784521985,0.44649372512450924,-0.08572961197044983,0.4136687890637394,0.44523193702126673,0.47639538192696457,0.44563476463553126,0.41233687310808187,0.38914785859204754,0.2621527461585146,0.42719891681167005,0.4342209642643779,0.4466136870568348,0.1794196570202709,0.40412789018581813,0.4626400542372625,0.4087830192437928,0.39819813969478846,0.43087866517416973,0.40310377992710794,-0.5567771649665584,0.4758209854807182,0.37363747090142213,0.40224228063867373,-0.042223416015498456,0.42783758927359195,0.43811508557387097,0.4387374761831321,0.42138893030630126,0.6063449558523772,0.4385325680884116,0.44297411924417546,0.41419587608350594,0.3957902895479435,0.4139100090466408,0.4452913644332398,0.439078883201543,0.4438958712331007,0.42573844766592395,0.44706092555757804,0.4364622350034815,0.425917885334133,0.4145932339154271,0.6431223275127536,0.4328038157536618,0.46620240874397656,0.37283577491841075,0.4266423580210493,0.39966332808959276,0.41856521291434134,0.42484701143559434,0.4040556805096235,0.4396892386868462,0.4471955055979857,0.40969526941353934,0.447059256816111,0.4411288239837011,0.4031485403022876,0.35761853106073827,0.43876101933698736,0.4146380999392096,0.44913812076532583,0.47720292141417076,1.016309983241136,0.447276756409152,0.43348639764187075,0.4207199990190787,-0.4471205165643971,0.40508664715181153,0.23293095931253902,0.37197537235010153,0.4407878682221313,0.41698552641589326,0.40177889225044433,0.35631794127713595,0.43189541727687697,0.4247577504106718,0.4626316542516972,0.44351634382432037,0.4377584641415282,0.40446163335967505,0.44019220689937977,0.44848551611306475,0.440431768818563,0.4412876370403482,0.3582946115952794,0.42471228296671437,0.37465650286987406,0.42137975888836443,0.4405052631403617,0.43658282442050955,0.4993613039386446,0.42425435972400866,0.44361696645805443,-0.4347683385597955,0.4465016738394697,0.4464801244726176,0.41648695716415646,0.44934575777121566,0.42711686734276966,0.4487134981436333,0.4171318192960516,0.4069059329777224,0.46332939820965785,0.4180852922176445,0.434484969509528,-0.11066426808372769,0.4266139535793549,0.4088107686436152,0.43990239561983535
899,1519073912,0.3907787872684635,0.43993523166967885,0.4519313410025984,0.444615060124992,0.4546628209020287,0.44553886753482447,0.39334665391668766,0.42425846450988713,0.4216837569578079,0.4109917685367668,0.4363897000706667,0.5020137655409712,0.44907491755357365,0.3924217717108432,0.4513316834676667,0.41732617834547164,0.44199388746658874,0.4403837239552097,0.4540440514376558,0.4179115562367943,0.5026289481920115,0.44945846762055175,-0.08572961197044983,0.415585644521267,0.4472130172428066,0.4787991867458853,0.4476167480063165,0.4137273860059186,0.3905419414574992,0.26364042821645894,0.42906907072194955,0.4377509678777232,0.4488223439198141,0.2905331224789917,0.4073210030988426,0.4656919511629847,0.4124255039804508,0.4002056995099168,0.43283780990565407,0.40459758786368927,-0.5567771649665584,0.4782190637976808,0.3751399992103482,0.40448524192839613,-0.042223416015498456,0.4295759168449111,0.4399053156685536,0.44052624803701346,0.4239123805191159,0.6091642970067537,0.44032479265397656,0.44627320193650244,0.4155809049772063,0.3971257638687112,0.41600116381157115,0.4486006921074831,0.4410861631688842,0.44776057945577424,0.42933335614697815,0.4491557423452151,0.43956967328098934,0.42765504866058546,0.4177805397126079,0.6396949222510189,0.43573882167923284,0.468749507970873,0.3735867543675258,0.4285150162416812,0.4016721755771873,0.4220130110930468,0.42846078745135885,0.4047981183696729,0.44169134165135004,0.44940291763210594,0.41211358343630966,0.4491518786367543,0.4455352936034232,0.4068741284848715,0.359762596007236,0.4404995038064869,0.41603054113725907,0.4509121420690663,0.4790048182989589,1.016795404548653,0.4493673255384207,0.4370294985206173,0.422446120700737,-0.44710887942685434,0.40827191634852283,0.23293095931253902,0.37272475317853904,0.4430372168753397,0.4188875481579521,0.402526017559093,0.3570310104606363,0.4326211509452307,0.4278532800061963,0.464669679160295,0.44736552273458974,0.4415005566869471,0.40819152481624926,0.44244000753560575,0.45046361384813693,0.44267878198421257,0.4441073939153784,0.36043763343391966,0.4278313513434063,0.37615686132650894,0.4231060095270078,0.4427643087984991,0.44093647168444017,0.5019826001548052,0.42784371908133717,0.4455968907051562,-0.4344501601500193,0.44870816426404503,0.4485722930588558,0.418389064723266,0.4511162990279851,0.4288562667695725,0.4522534389854722,0.41903670974558827,0.41153067901978935,0.46536358282282353,0.4225282842744905,0.43946098274964007,-0.11066426808372769,0.42848397297788937,0.41184032023510236,0.44215207761751196
900,1519073917,0.39287096680256234,0.4422581792134857,0.45391148333784315,0.4468631153375568,0.4564351780327615,0.4469711445784103,0.3947423623791408,0.4259861470970898,0.42306098529706104,0.4140221854332408,0.4381590651248265,0.504103635068003,0.45068812752736903,0.3938173165425922,0.4533110801019495,0.4192348613307349,0.4433412855440341,0.44217529794822463,0.45626176674416263,0.41981694504089445,0.5042022004968714,0.45143496261791344,-0.17069114333744284,0.41941935543632225,0.4491940974643464,0.4800010891553456,0.44959873137710177,0.4151178989037552,0.39263306575567675,0.26562400429371813,0.430939224632229,0.4395159696843959,0.45103100078279346,-0.32059093754397266,0.40944974504085896,0.4677265491134661,0.4142467463487798,0.40154407272000237,0.43528674082000957,0.4053444918319799,-0.5567771649665584,0.48061714211464335,0.37589126336481127,0.4059805494548777,-0.042223416015498456,0.43131424441623023,0.44109880239834204,0.44231501989089483,0.4258049681787269,0.6118963230140405,0.4433118335965847,0.44902243751344156,0.4169659338709066,0.3991289753498627,0.41739526698819135,0.4508069105569787,0.4435952631280608,0.44996898415444486,0.43138758956472334,0.45177426332976145,0.4420556239029956,0.4305503208713396,0.41969292319091644,0.6259853012040802,0.4374998252345754,0.47078718735239017,0.375839692714871,0.4303876744623132,0.4030114072355837,0.42373691018239945,0.4310420560340477,0.40628299408977175,0.44369344461585386,0.4516103296662262,0.4139273189533874,0.4507213450022369,0.4477385284132842,0.40953526290100284,0.36119197263823444,0.4422379882759865,0.41742298233530856,0.45327750380738696,0.48080671518374707,1.016941030940908,0.45093525238537213,0.43939156577311494,0.42417224238239526,-0.4470972422893116,0.4103954291463303,0.23293095931253902,0.37572227649228906,0.4452865655285482,0.42078956990001093,0.4040202681763905,0.3598832871946375,0.43407261828193805,0.4299169664032127,0.46721721029604224,0.450114936241925,0.44337160295965655,0.4103228913628631,0.4452497583308882,0.45244171158320906,0.4449257951498621,0.4463631994154026,0.36186631465967983,0.4297027923694214,0.3776572197831438,0.4248322601656511,0.4461528772857052,0.44342427012097196,0.5035553778845017,0.42989478157123917,0.4480717960140334,-0.43413198174024303,0.4509146546886204,0.45014141949853453,0.42092520813541207,0.4528868402847546,0.43059566619637535,0.45402340940639163,0.42094160019512494,0.41245562822820275,0.4673977674359892,0.42363903228870203,0.44132698771468215,-0.11066426808372769,0.4303539923764239,0.4136580511899947,0.4444017596151886
901,1519073923,0.3942657531586282,0.4451618636432443,0.45589162567308783,0.4496731843532627,0.4582075351634944,0.4476872831002032,0.39613807084159386,0.42771382968429245,0.4251268278059408,0.4158404355711252,0.4399284301789863,0.5056710372132769,0.45337335825421626,0.39521286137434125,0.45529047673623224,0.422415999639507,0.4446886836214795,0.44336968061023463,0.45847948205066946,0.42299259304772807,0.5057754528017312,0.4534114576152751,-0.17069114333744284,0.42133621089384987,0.45167044774127124,0.48120299156480595,0.4520762105905834,0.41650841180159187,0.39472419005385423,0.2671116863516625,0.4328093785425085,0.4412809714910685,0.4537918218615176,-0.04280727389717069,0.41211067246837935,0.46976114706394756,0.4160679887171088,0.40288244593008793,0.43724588555149396,0.40683829976856123,-0.5567771649665584,0.4818161812731246,0.3773937916737373,0.40672820321811853,-0.042223416015498456,0.43421145703509545,0.44348577585791893,0.4435075344601491,0.42769755583833785,0.6147192722323463,0.4451040581621496,0.45122182597499283,0.4183509627646069,0.40046444967063033,0.41878937016481155,0.4530131290064742,0.4461043630872374,0.4521773888531155,0.4334418229824686,0.45334537592048924,0.44392008686950024,0.43344559308209374,0.42160530666922497,0.619130490680611,0.4404348311601465,0.47282486673390733,0.376590672163986,0.43288455208982246,0.4043506388939801,0.42546080927175217,0.4331070709001989,0.40776786980987056,0.44619607332148364,0.45381774170034644,0.41695021148185035,0.45229081136771937,0.4499417632231453,0.4116641704339079,0.36190666095373364,0.4451354623918191,0.41881542353335804,0.45505152511112745,0.4820079797736058,1.0171351994639146,0.45250317923232364,0.4411631162124882,0.42589836406405357,-0.44708269586738314,0.41304982014358976,0.23293095931253902,0.37722103814916413,0.44809825134505876,0.42269159164206976,0.40551451879368794,0.3605963563781378,0.43624981928699913,0.43198065280022907,0.46925523520464,0.4523144670477932,0.445242649232366,0.41245425790947693,0.4474975589671142,0.45441980931828124,0.44717280831551165,0.4486190049154268,0.3625806552725599,0.43157423339543655,0.37840739901146125,0.42655851080429447,0.44841192294384263,0.4452901189483708,0.5051281556141981,0.43245860968361666,0.451041682384686,-0.4338138033304668,0.45312114511319573,0.45223358808477276,0.4228273156945216,0.4570181032172167,0.43349466524104674,0.45579337982731105,0.4234814541278405,0.41338057743661616,0.47044904435573776,0.4247497803029135,0.4431929926797242,-0.11066426808372769,0.4322240117749584,0.41608169246318444,0.4472138621122843
902,1519073929,0.39775271904879295,0.4492270218449063,0.4598519103435773,0.4547313085815334,0.4629338208454486,0.4512679757091678,0.39892948776650006,0.43116919485869776,0.42788128448444707,0.41887085246759925,0.4446467369900791,0.5098507762673405,0.4560326947599753,0.39870172345371385,0.45974411916336844,0.4268695932717879,0.448057178815093,0.44755001992726956,0.4640237703169365,0.4268033706559284,0.5094463748464041,0.45736444760999845,-0.08572961197044983,0.42644782544725685,0.45612787823973583,0.4854096499979172,0.4565356731748503,0.41998469404618355,0.3975123557847576,0.27107883850618086,0.43841984027334696,0.4453993090399713,0.4582091355874763,-0.7650447993788558,0.41743252732342023,0.47383034296491044,0.41910339266432384,0.40555919235025906,0.4416539611973338,0.40907901167343325,-0.5567771649665584,0.48601281832780907,0.38115011244605257,0.41046647203432257,-0.042223416015498456,0.4382675547015068,0.44646949268239,0.44708507816791193,0.4333753188171708,0.617558818544727,0.44749369091623614,0.4556206028980954,0.4218135349988577,0.40313539831216566,0.42227462810636207,0.4585286751302131,0.4506207430137552,0.45659419825045666,0.43806384817239535,0.4564876011019448,0.44764901280250957,0.4369199197349987,0.4260675347852782,0.4306232012852047,0.4451308406410601,0.477409645342321,0.3803455694095613,0.4366298685310863,0.40769871803997104,0.42890860745045756,0.43775335434903895,0.4114800591101177,0.4507008049916173,0.45933627178564707,0.4205776825160058,0.45647605500900607,0.45434823284286735,0.4153897586164918,0.3647654142157306,0.44919192615398473,0.4216003059294571,0.4591909081531886,0.48561177354318213,1.0174264522484247,0.4561616752085438,0.4452967339043592,0.4305013552151424,-0.44705942159229767,0.4172968457392048,0.23293095931253902,0.37946918063447665,0.45315928581477777,0.4283976568682463,0.4092501453369315,0.36344863311213904,0.43842702029206015,0.4366239471935158,0.47384079124898504,0.4572634113609967,0.4489847417777849,0.4156513077293977,0.45199316023956615,0.45887052922219357,0.4527903412296355,0.45369456729048113,0.36615235833696025,0.437188556473482,0.38140811592473106,0.4311618458406767,0.4540595370891861,0.4490218166031684,0.5087979703168231,0.4370735002858962,0.4550015308788895,-0.4330183573060262,0.45808574856849027,0.45537184096413014,0.4266315308127407,0.46055918573075566,0.43813306371252103,0.4593333206691499,0.42792619851009267,0.4152304758534429,0.47451741358206917,0.42641590232423077,0.4469250026098083,-0.11066426808372769,0.4365873903715388,0.42092897500956394,0.45171322610763753
903,1519073934,0.39775271904879295,0.4492270218449063,0.4598519103435773,0.4547313085815334,0.4629338208454486,0.4512679757091678,0.39892948776650006,0.43116919485869776,0.42788128448444707,0.42008301922618885,0.4446467369900791,0.5098507762673405,0.4582026304871672,0.39870172345371385,0.45974411916336844,0.4268695932717879,0.448057178815093,0.44755001992726956,0.4640237703169365,0.4268033706559284,0.5094463748464041,0.45736444760999845,-0.17069114333744284,0.42644782544725685,0.45612787823973583,0.4854096499979172,0.4565356731748503,0.41998469404618355,0.3975123557847576,0.27157473252549563,0.43841984027334696,0.4453993090399713,0.4582091355874763,0.0683061915615501,0.41743252732342023,0.47383034296491044,0.41971047345376683,0.40555919235025906,0.4421437473802049,0.41057281961001457,-0.5567771649665584,0.48601281832780907,0.38115011244605257,0.41046647203432257,-0.042223416015498456,0.4382675547015068,0.44646949268239,0.44708507816791193,0.4333753188171708,0.6203225955145919,0.4480910991047578,0.4556206028980954,0.4218135349988577,0.40313539831216566,0.42227462810636207,0.4585286751302131,0.4506207430137552,0.45659419825045666,0.43806384817239535,0.4570113052988541,0.44764901280250957,0.4369199197349987,0.4273424571041506,0.6328401117275496,0.4451308406410601,0.477409645342321,0.3803455694095613,0.4366298685310863,0.40769871803997104,0.42890860745045756,0.43826960806557674,0.4114800591101177,0.4507008049916173,0.45933627178564707,0.4205776825160058,0.45647605500900607,0.45434823284286735,0.41645421238294433,0.3647654142157306,0.44919192615398473,0.4222965265284818,0.46037358902234893,0.48561177354318213,1.0174264522484247,0.4561616752085438,0.4458872507174836,0.4305013552151424,-0.44705651230791194,0.41782772393865664,0.23293095931253902,0.37946918063447665,0.45315928581477777,0.4283976568682463,0.4092501453369315,0.36344863311213904,0.43842702029206015,0.4366239471935158,0.4743502974761345,0.4572634113609967,0.4489847417777849,0.4167169910027046,0.45311706055767914,0.45887052922219357,0.4527903412296355,0.4542585186654872,0.36615235833696025,0.437188556473482,0.38140811592473106,0.4311618458406767,0.4540595370891861,0.4490218166031684,0.5087979703168231,0.4370735002858962,0.4550015308788895,-0.4330183573060262,0.4586373711746341,0.45537184096413014,0.4278996025188137,0.46055918573075566,0.43813306371252103,0.4593333206691499,0.42792619851009267,0.4152304758534429,0.47451741358206917,0.42641590232423077,0.4469250026098083,-0.11066426808372769,0.43721073017105033,0.42092897500956394,0.45171322610763753
904,1519073940,0.39984489858289174,0.4515499693887132,0.46232708826263325,0.4575413775972393,0.4647061779761814,0.4534163912745466,0.4010230504601797,0.4334727716416346,0.4292585128237002,0.42250735274336804,0.44700589039562555,0.5114181784126144,0.46019130666674163,0.40009726828546294,0.46221836495622187,0.4294145039188056,0.45007827593126104,0.44993878525128955,0.4662414856234433,0.42870875946002857,0.5110196271512639,0.460329190106041,-0.17069114333744284,0.42836468090478447,0.4581089584612757,0.4866115524073775,0.45851765654563553,0.4213752069440202,0.3989064386502093,0.27306241458344,0.4409133788203863,0.4483409787177591,0.4604177924504556,-0.2094774720852519,0.4195612692654366,0.47637359040301225,0.42274587740098185,0.4075667521653874,0.4441028921116893,0.4113197235783052,-0.5567771649665584,0.48781137706553096,0.3819013766005156,0.412709433324045,-0.042223416015498456,0.44000588227282594,0.44825972277707266,0.44947010730642045,0.43526790647678176,0.6230856508716709,0.4498833236703227,0.45781999135964674,0.423198563892558,0.4051386097933172,0.4243657828712924,0.46128644819208253,0.45262802298109645,0.4593547041237949,0.4406316399445769,0.4585824178895819,0.44951347576901424,0.4386570830614512,0.4292548405824591,0.619130490680611,0.4468918441964027,0.47944732472383816,0.3825985077569065,0.4385025267517183,0.40903794969836743,0.4317817725993787,0.44033462293172787,0.4122224969701671,0.4527029079561211,0.4620955368282974,0.42239141803308355,0.45856867682964947,0.4571022763551937,0.4191153467990757,0.36690947916222827,0.4509304106234843,0.4236889677265313,0.4621476103260894,0.4874136704279703,1.0175720786406797,0.4582522443378124,0.44765880115685686,0.4322274768968007,-0.4470448751703692,0.4199512367364642,0.23293095931253902,0.38096794229135167,0.4565333087945905,0.43029967861030516,0.4099972706455802,0.36487477147913966,0.4398784876287675,0.43920355518978627,0.4763883223847323,0.46001282486833195,0.45147947014139755,0.4193811991859719,0.4559268113529616,0.46084862695726575,0.4550373543952851,0.45651432416551135,0.3675810395627204,0.4396838111748355,0.3836586536096834,0.43346351335886785,0.4563185827473235,0.45213156464883314,0.5103707480465194,0.4391245627757982,0.45698145512599125,-0.43270017889625,0.46139548420535326,0.4569409674038088,0.4310697817839963,0.46232972698752517,0.4398724631393239,0.4622832713706823,0.43110101592598715,0.416617899666063,0.4765515981952349,0.42808202434554804,0.4494130092298644,-0.11066426808372769,0.4403274291686078,0.42274670596445624,0.45396290810531414
905,1519073946,0.40333186447305647,0.45503439070442353,0.4662873729331227,0.4614754742192276,0.4682508922376471,0.4562809453617183,0.4038144673850859,0.4369281368160399,0.43270158367183303,0.4261438530191369,0.45054462050394517,0.5140305153214042,0.4628066229966507,0.402888357948961,0.4661771582247874,0.4325956422275777,0.45277307208615186,0.4541191245683245,0.47012248740983026,0.4331546666695956,0.5136417143260302,0.46477630385010477,-0.17069114333744284,0.43283734363901555,0.46207111890435537,0.48901535722629824,0.4624816232872061,0.42415623273969355,0.40169460438111265,0.2765336727186436,0.4440303020041854,0.4506943144599893,0.46428294196066944,0.012749458832189704,0.42275438217846106,0.48044278630397513,0.4251742005587538,0.4109126851906013,0.4485109677575292,0.41430733945146786,-0.5567771649665584,0.4902094553824935,0.38490643321836776,0.41495239461376743,-0.042223416015498456,0.44348253741546423,0.45064669623664955,0.451855136444929,0.4390530817960037,0.6259100433155484,0.4540651809899741,0.46166892116736147,0.42596862167995864,0.4084772955952363,0.4271539892245328,0.4645957758663259,0.45664258291577897,0.4626673111718008,0.44371299007119475,0.4622483472679468,0.45262091404652205,0.44328951859865784,0.43244214637963996,0.619130490680611,0.4492398489368596,0.4835226834868725,0.3856024255533667,0.44224784319298216,0.4123860288443584,0.4363788368376526,0.44394839894749233,0.4151922484103648,0.45720763962625477,0.4654066548794778,0.42541431056154644,0.4622307650157753,0.4604071285699852,0.4228409349816596,0.3697682324242252,0.45498687438565,0.42647385012263034,0.46569565293357035,0.4898161996076878,1.017814789294438,0.46086545574939825,0.4517924188487278,0.43683046804788944,-0.4470216008952837,0.4231365059331754,0.23293095931253902,0.38321608477666425,0.46046966893770525,0.43346971484706986,0.4129857718801751,0.36844011739664123,0.4427814223021823,0.4428150063845649,0.48046437220192784,0.46331212107713426,0.4545978805959133,0.42257824900589264,0.45986046246635703,0.4652993468611781,0.4589696274351718,0.4604619837905537,0.37115274262712084,0.442179065876189,0.38590919129463574,0.43691601463615454,0.4608366740635983,0.45461936308536494,0.5129920442626801,0.44220115651065117,0.46143628468197023,-0.4320638220766975,0.46470521984221624,0.45955617813660665,0.4342399610491789,0.4658708095010641,0.4433512619929295,0.46582321221252115,0.43491079682506045,0.4184677980828898,0.4806199674215663,0.430303520373971,0.45190101584992043,-0.11066426808372769,0.4428207883666538,0.4257762575559434,0.45846227210066737
906,1519073951,0.40472665082912235,0.4573573382482304,0.4687625508521786,0.4642855432349335,0.47002324936837997,0.45699708388351123,0.40521017584753904,0.439807607794711,0.4354560403503393,0.42796210315702127,0.452313985558105,0.515597917466678,0.4654348864371039,0.40428390278071,0.46815655485907015,0.43514055287459535,0.45412047016359725,0.4553135072303344,0.4728946315429638,0.43696544427779593,0.5152149666308901,0.46675279884746645,-0.17069114333744284,0.43539315091571906,0.46454746918128015,0.49081821084048877,0.46446360665799136,0.4255467456375302,0.404482770112016,0.27802135477658796,0.44652384055122474,0.4524593162666619,0.46814809147088327,0.1794196570202709,0.42541530960598145,0.4824773842544566,0.42699544292708286,0.4129202450057296,0.45047011248901353,0.4165480513563399,-0.5567771649665584,0.4914084945409748,0.3856576973728308,0.41794300966673065,-0.042223416015498456,0.44522086498678337,0.45422715642601486,0.4542401655834375,0.44094566945561475,0.6287315493082826,0.4552599973670174,0.4644181567443006,0.427353650573659,0.41048050707638783,0.4292451439894631,0.4684566581529431,0.45915168287495556,0.46487571587047144,0.44576722348894,0.46381945985867457,0.45572835232402986,0.4450266819251103,0.43499199101738467,0.6157030854188763,0.4510008524922022,0.48556036286838966,0.38710438445159684,0.4459931596342461,0.41372526050275477,0.4381027359270053,0.44601341381364346,0.4159346862704142,0.45971026833188455,0.46871777293065814,0.4284372030900094,0.4638002313812578,0.4626103633798463,0.42496984251456466,0.37262698568622216,0.4573048536783161,0.42856251191970457,0.46746967423731084,0.49101746419754655,1.018008957817445,0.4629560248786669,0.45356396928810105,0.43855658972954775,-0.44700705447335526,0.42579089693043487,0.23293095931253902,0.3869629889188518,0.46384369191751795,0.4366397510838346,0.41373289718882383,0.37057932494714213,0.44568435697559705,0.44487869278158126,0.4825023971105256,0.4655116518830025,0.4564689268686227,0.42470961555250647,0.4626702132616395,0.46727744459625026,0.4623401471836461,0.4632817406655839,0.37258142385288096,0.4459219479282193,0.3874095497512706,0.4386422652747979,0.46366048113627,0.45648521191276376,0.5145648219923765,0.4442522190005532,0.463416208929072,-0.43174564366692125,0.4680149554790793,0.462694431015964,0.4367761044613249,0.46823153117675675,0.44567046122866666,0.4675931826334406,0.4380856142409549,0.4193927472913032,0.48316269818802343,0.4308588943810768,0.4543890224699765,-0.11066426808372769,0.4459374873642113,0.4281998988291332,0.46239921559660146
907,1519073957,0.4061214371851882,0.45909954890608556,0.47123772877123454,0.46653359844749825,0.4723863922093571,0.46057777649247583,0.4073037385412187,0.44211118457764786,0.437521882859219,0.43038643667420046,0.45467313896365136,0.5187327217572258,0.46819262098299813,0.40707499244420814,0.47112564981049426,0.4370492358598586,0.456815266318488,0.4571050812233494,0.47566677567609733,0.4388708330818961,0.5178370538056565,0.46872929384482814,-0.17069114333744284,0.4373100063732467,0.46652854940282,0.49322201565940943,0.466941085871473,0.42832777143320355,0.4058768529774677,0.2805008248731619,0.44839399446150424,0.45598931988000724,0.4703567483338626,-0.43170440300269347,0.42914060800451004,0.484511982204938,0.43063792766374087,0.41492780482085795,0.452919043403369,0.4180418592929212,-0.5567771649665584,0.4950056120164186,0.38941401814514603,0.41869066342997147,-0.042223416015498456,0.4481180776056486,0.4560173865206975,0.456625194721946,0.44409998222163305,0.6315747036845926,0.4570522219325823,0.4682670865520154,0.4301237083610596,0.4118159813971555,0.4306392471660833,0.4712144312148125,0.4611589628422968,0.468740424093145,0.44936213196999414,0.46591427664631163,0.4594572782570392,0.4473428996937136,0.4369043744956932,0.4134861749765314,0.4545228596028874,0.4881074620952861,0.38860634334982697,0.44786581785487806,0.41640372381954754,0.43982663501635805,0.4491109361128702,0.41964687557066127,0.46221289703751434,0.4709251849647784,0.4320646741241648,0.4658928532019012,0.4664660242971031,0.42816320381392226,0.3740563623172206,0.4602023277941487,0.42995495311775406,0.46924369554105133,0.49402062567219346,1.0182516684712033,0.4655692362902527,0.45592603654059877,0.44143345919897825,-0.4469954173358125,0.429507044326598,0.23293095931253902,0.38846175057572685,0.4660930405707264,0.4391757800732464,0.41746852373206744,0.37200546331414275,0.44858729164901184,0.44797422237710577,0.4845404220191234,0.46881094809180485,0.4595873373231385,0.4284395070090807,0.46491801389786547,0.4702445911988585,0.46514891364070804,0.46553754616560805,0.37543878630440125,0.4490410163049112,0.389660087436223,0.4420947665520846,0.4659195267944074,0.4595949599584285,0.5171861182085372,0.4478415783578817,0.46589111423794916,-0.43126837605225693,0.47077306850979844,0.46478659960220225,0.43867821202043444,0.4700020724335262,0.4474098606554695,0.46936315305436005,0.43999050469049156,0.42031769649971656,0.4851968828011891,0.4319696423952883,0.4581210324000606,-0.11066426808372769,0.44905418636176875,0.43183536073891776,0.4646488975942781
908,1519073962,0.408213616719287,0.4608417595639407,0.4732178711064793,0.46878165366006297,0.4741587493400899,0.46201005353606167,0.4086994470036718,0.44383886716485055,0.43889911119847214,0.4322046868120849,0.45644250401781117,0.5203001239024997,0.4707121286948808,0.40916830969183166,0.473105046444777,0.43895791884512186,0.4581626643959334,0.45949384654736936,0.47788449098260416,0.44077622188599624,0.5199347235454695,0.47070578884218983,-0.17069114333744284,0.4392268618307743,0.4690048996797448,0.49502486927359995,0.46892306924225824,0.42971828433104026,0.40727093584291935,0.2819885069311063,0.4515109176453034,0.45775432168667984,0.47311756941258676,0.5127600533964333,0.4312693499465264,0.48654658015541946,0.43306625082151284,0.4162661780309435,0.4548781881348534,0.41878876326121184,-0.5567771649665584,0.4968041707541405,0.39166781060853517,0.42018597095645305,-0.042223416015498456,0.44985640517696773,0.45780761661538016,0.4584139665758274,0.445992569881244,0.6343803341960377,0.4588444464981472,0.47046647501356664,0.4315087372547599,0.41315145571792317,0.4320333503427035,0.4734206496643081,0.4631662428096381,0.47150092996648324,0.4514163653877394,0.4674853892370394,0.46132174122354386,0.4490800630201661,0.4388167579740017,0.6396949222510189,0.45628386315823005,0.49014514147680327,0.39085928169717216,0.4503626954823873,0.41774295547794393,0.4415505341057107,0.4516922046955591,0.42113175129076014,0.4642150000020182,0.4736844500074287,0.4338784096412426,0.46798547502254456,0.4686692591069641,0.4302921113468274,0.37548573894821907,0.46194081226364825,0.43134739431580355,0.47160905727937197,0.496423154851911,1.0183972948634583,0.4671371631372042,0.4582881037930964,0.44315958088063656,-0.4469837801982698,0.4316305571244055,0.23293095931253902,0.38996051223260186,0.46834238922393484,0.44107780181530526,0.41896277434936485,0.37343160168114337,0.4493130253173655,0.45003790877412214,0.48708795315487063,0.4715603615991401,0.4627057477776543,0.43110371519234797,0.4677277646931479,0.47222268893393066,0.4673959268063576,0.46779335166563224,0.37615312691728137,0.45091245733092633,0.39116044589285787,0.4438210171907279,0.4681785724525448,0.4620827583949602,0.5187588959382337,0.4498926408477837,0.4678710384850509,-0.43095019764248066,0.47297955893437377,0.4663557260418809,0.44184839128561704,0.47177261369029566,0.4497290598912066,0.47113312347527947,0.44189539514002824,0.42124264570812997,0.48723106741435485,0.4330803904094998,0.45998703736510266,-0.11066426808372769,0.45092420576030323,0.43365309169381006,0.4668985795919547
909,1519073968,0.41030579625338587,0.4631647071077476,0.47618808460934636,0.47215373647891007,0.47593110647082276,0.4627261920578546,0.41079300969735144,0.44671833814352163,0.44027633953772527,0.4352351037085589,0.4593914457747442,0.5218675260477735,0.47339476999961927,0.41056385452358074,0.4750844430790598,0.4427752848156484,0.4595100624733788,0.46068822920937935,0.4806566351157377,0.4433167402914632,0.5220323932852826,0.4731764075888919,-0.08572961197044983,0.44114371728830193,0.4709859799012846,0.4974286740925207,0.4709050526130435,0.4311087972288769,0.408665018708371,0.2834761889890507,0.4533810715555829,0.4601076574289101,0.4753262262755661,0.6238735188551541,0.4333980918885427,0.4895984770811416,0.4348874931898419,0.4176045512410291,0.4568373328663378,0.4217763791343745,-0.5567771649665584,0.49800320991262176,0.3924190747629982,0.4216812784829347,-0.042223416015498456,0.4515947327482869,0.4595978467100628,0.4596064811450817,0.44851602009405867,0.637195345673699,0.4600392628751905,0.47266586347511796,0.43289376614846026,0.4144869300386908,0.4334274535193237,0.4756268681138036,0.46567534276881467,0.47370933466515386,0.4539841571599209,0.4690565018277672,0.4631862041900485,0.4508172263466186,0.44136660261174643,0.6362675169892843,0.45804486671357264,0.49218282085832044,0.39311222004451735,0.45223535370301926,0.4190821871363403,0.44384906622484765,0.4537572195617102,0.42187418915080954,0.466217102966522,0.475891862041549,0.43569214515832033,0.46955494138802706,0.4708724939168252,0.43295324576295874,0.37691511557921753,0.46367929673314784,0.43343605611287783,0.47338307858311246,0.4982250517366991,1.018591463386465,0.4687050899841557,0.4600596542324697,0.44488570256229487,-0.446972143060727,0.43375406992221305,0.23293095931253902,0.39070989306103937,0.4705917378771433,0.4429798235573641,0.4197098996580136,0.3741446708646437,0.45076449265407287,0.4526175167703926,0.4891259780634684,0.4754095405094095,0.46457679405036373,0.4332350817389618,0.4699755653293739,0.4742007866690028,0.4696429399720071,0.47061310854066246,0.3775818081430415,0.4527838983569415,0.3934109835778102,0.44554726782937126,0.4704376181106822,0.46643640565889083,0.5213801921543942,0.4519437033376857,0.46985096273215265,-0.43031384082292823,0.47518604935894915,0.4684478946281192,0.4437504988447266,0.47354315494706517,0.45146845931800944,0.4746730643171183,0.44380028558956486,0.42263006952075005,0.4892652520275205,0.4347465124308171,0.4618530423301447,-0.11066426808372769,0.4527942251588377,0.4354708226487024,0.4697106820890504
910,1519073974,0.41170058260945175,0.46548765465155445,0.4781682269445911,0.47496380549461603,0.47888503502204416,0.46415846910144043,0.41218871815980457,0.44844602073072426,0.4416535678769784,0.43765943722573813,0.461160810828904,0.5234349281930474,0.47612661032442527,0.41195939935532977,0.47706383971334254,0.44532019546266605,0.46085746055082416,0.46307699453339934,0.4834287792488712,0.4452221290955633,0.5241300630250957,0.475647026335594,-0.08572961197044983,0.4443384763841813,0.47296706012282447,0.49983247891144134,0.4728870359838288,0.43249931012671355,0.4100591015738227,0.28496387104699505,0.4552512254658624,0.4618726592355827,0.47808704735429025,0.7905437170432352,0.43552683383055907,0.49214172451924343,0.4385299779264999,0.4196121110561574,0.45879647759782216,0.4232701870709558,-0.5567771649665584,0.4998017686503437,0.39392160307192425,0.4239242397726571,-0.042223416015498456,0.453333060319606,0.46079133343985124,0.46139525299896306,0.4510394703068733,0.6400161300536472,0.462428895629277,0.47486525193666923,0.43427879504216055,0.41715787868022614,0.43551860828425404,0.47783308656329915,0.46818444272799126,0.4764698405384921,0.45603839057766615,0.47115131861540427,0.46505066715655324,0.4537124985573727,0.44327898609005495,0.6328401117275496,0.4598058702689153,0.49472992008521693,0.3946141789427474,0.45473223133052854,0.4204214187947367,0.4461475983439846,0.45633848814439915,0.4233590648709084,0.4682192059310259,0.4780992740756692,0.43750588067539803,0.4716475632086704,0.4736265374291515,0.43561438017909004,0.37905918052571524,0.46541778120264743,0.43552471790995206,0.47515709988685295,0.5006275809164167,1.01902834256323,0.47027301683110717,0.46242172148496735,0.4466118242439532,-0.44696050592318426,0.43587758272002053,0.23293095931253902,0.3922086547179144,0.4734034236936539,0.44488184529942293,0.42120415027531105,0.3769969475986449,0.45221595999078024,0.45468120316740895,0.4911640029720662,0.4776090713152777,0.46707152241397637,0.4364321315588825,0.47222336596559983,0.47617888440407496,0.4718899531376567,0.47286891404068665,0.37901048936880166,0.4546553393829566,0.3949113420344451,0.4472735184680146,0.4738261865978883,0.46830225448628965,0.5234772291273229,0.4539947658275877,0.47232586804102983,-0.42983657320826385,0.47739253978352447,0.47001702106779786,0.44565260640383614,0.4753136962038346,0.4532078587448123,0.47703302487834426,0.4463401395222804,0.42679234095861035,0.4912994366406862,0.4386341304805573,0.4643410489502008,-0.11066426808372769,0.4546642445573722,0.4372885536035947,0.47196036408672704
911,1519073979,0.4144901553215835,0.4695528128532165,0.4821285116150806,0.48058394352602785,0.4830205349937541,0.4663068846668192,0.41498013508471077,0.45190138590512957,0.44509663872511124,0.4412959375015069,0.4646995409372236,0.527092199865353,0.4788351458502519,0.41475048901882783,0.48102263298190806,0.4504100167567014,0.4635522567057149,0.4660629511884243,0.48841863868851154,0.4503031659064971,0.5283254025047218,0.47960001633031735,-0.08572961197044983,0.4481721872992365,0.4774244906212891,0.5028372349350922,0.4773464985680957,0.4373661052691419,0.41354430873745185,0.28793923516288383,0.45899153328642134,0.465402662848928,0.4830565252959938,-0.0983640066265311,0.44031650320009585,0.4962109204202063,0.4421724626631579,0.42228885747632855,0.46271476706079095,0.4270047069124091,-0.5567771649665584,0.5027993665465469,0.3961753955353134,0.42616720106237954,-0.042223416015498456,0.4579686005097904,0.4649685369941108,0.46378028213747163,0.4554555081792989,0.6428513466893128,0.4654159365718852,0.4798138759751597,0.4370488528295612,0.41982882732176147,0.43830681463749444,0.48224552346229027,0.4727008226545091,0.4808866499358333,0.4601468574131566,0.4742935437968599,0.47002256840056567,0.4577658796524285,0.447103753046672,0.36892990657398084,0.4645018797498289,0.49931469869363054,0.3968671172900926,0.45972598658554703,0.4230998821115295,0.44959539652269,0.4604685178767014,0.4255863784510566,0.4727239376011595,0.4825140981439097,0.4417379302152461,0.47478649593963546,0.4780330070488736,0.43987219524490023,0.3812032454722129,0.46947424496481305,0.4390058209050758,0.4798878233634942,0.504231374685993,1.019368137478492,0.4734088705250102,0.4659648223637139,0.45006406760726975,-0.4469314130793274,0.44065548651508746,0.23293095931253902,0.395955558860102,0.4784644581633729,0.4486858887835406,0.42568690212720334,0.3798492243326461,0.4558446283325487,0.45880857596144164,0.4957495590164112,0.4820081329270141,0.4708136149593953,0.44069486465211016,0.4767189672380518,0.4801350798742193,0.4763839794689558,0.47738052504073497,0.3811535112074419,0.45839822143498693,0.3971618797193974,0.4507260197453013,0.47834427791416306,0.47203395214108734,0.5271470438299478,0.45860965642986723,0.4767806975970088,-0.42904112718382326,0.4818055206326751,0.4736783160937148,0.44945682152205524,0.4818056808119894,0.4578462572162865,0.4805729657201831,0.45078488390453264,0.4291047139796438,0.49740199048018335,0.4408556265089803,0.4680730588802849,-0.11066426808372769,0.45840428335444117,0.4421358361499742,0.47702214858149944
912,1519073985,0.4158849416776494,0.47245649728297506,0.48410865395032526,0.4828319987385926,0.48538367783473124,0.46917143875399087,0.41637584354716384,0.4536290684923322,0.447162481233991,0.44311418763939137,0.46764848269415665,0.5291820693923849,0.4803396000954768,0.41754157868232594,0.4834968787747615,0.45231869974196465,0.4662470528606057,0.4672573338504343,0.4911907828216451,0.45220855471059723,0.5298986548095816,0.48157651132767904,-0.08572961197044983,0.4513669463951159,0.48039611095359885,0.5052410397540129,0.47982397778157726,0.4394518746158969,0.4149383916029035,0.28992281124014296,0.46086168719670084,0.46834433252671576,0.48526518215897313,-1.2650553939430995,0.44244524514211214,0.49824551837068776,0.4439937050314869,0.4236272306864141,0.46516369797514645,0.4277516108806998,-0.5567771649665584,0.5051974448635094,0.39993171630762864,0.4276625085888611,-0.042223416015498456,0.4602863706048826,0.4661620237238992,0.46616531127598015,0.4586098209453172,0.6455840943093855,0.46661075294892845,0.48201326443671094,0.4391263961701117,0.42116430164252916,0.43970091781411463,0.4850032965241597,0.47520992261368566,0.4830950546345039,0.4627146491853381,0.4758646563875877,0.4718870313670704,0.459503042978881,0.4502910588438529,0.2695351539836758,0.46684988449028575,0.501861797920527,0.39836907618832273,0.461598644806179,0.42510872959912405,0.4513192956120427,0.4625335327428526,0.4285561298912543,0.4752265663067893,0.48472151017803,0.44355166573232385,0.47635596230511795,0.4802362418587346,0.4420011027778053,0.38263262210321136,0.4723717190806457,0.44039826210312527,0.4816618446672347,0.5054326392758517,1.019513763870747,0.4754994396542788,0.46773637280308716,0.45294093707670025,-0.4469197759417846,0.442778999312895,0.23293095931253902,0.397454320516977,0.4807138068165814,0.45185592502030536,0.42792827805314954,0.38056229351614645,0.4572960956692561,0.4613881839577121,0.49778758392500905,0.4842076637328823,0.47268466123210473,0.442826231198724,0.4789667678742778,0.4826077020430594,0.47919274592601774,0.4802002819157652,0.38329653304608213,0.46151728981167883,0.3986622381760323,0.4530276872634924,0.48116808498683483,0.47389980096848616,0.5292440808028763,0.4611734845422447,0.47876062184411056,-0.42856385956915893,0.48456363366339433,0.4752474425333935,0.45135892908116476,0.48357622206875883,0.46074525626095797,0.4823429361411025,0.4526897743540693,0.4300296631880572,0.49943617509334903,0.4419663745231918,0.4699390638453269,-0.11066426808372769,0.46089764255248716,0.4439535671048665,0.47927183057917605
913,1519073991,0.41727972803371527,0.47419870794083024,0.48608879628557,0.48451804014801614,0.48715603496546406,0.4706037157975767,0.41777155200961696,0.4553567510795349,0.4485397095732441,0.44432635439798096,0.4682382710455432,0.5302270041559008,0.4824292637372953,0.41893712351407497,0.48547627540904426,0.4535911550654735,0.4675944509380511,0.4690489078434492,0.4928540693015252,0.45347881391333067,0.5314719071144415,0.4835530063250407,-0.08572961197044983,0.45264485003346766,0.48237719117513866,0.5064429421634733,0.48180596115236257,0.44084238751373356,0.4163324744683552,0.2914104932980874,0.4627318411069803,0.46952100039783085,0.4863695105904628,-0.04280727389717069,0.44350961611312034,0.5002801163211692,0.4446007858209299,0.4249656038964997,0.4671228427066308,0.4292454188172811,-0.5567771649665584,0.5063964840219907,0.40068298046209166,0.42915781611534276,-0.042223416015498456,0.46202469817620173,0.4673555104536876,0.4673578258452344,0.45987154605172453,0.6483428199897492,0.4678055693259717,0.48201326443671094,0.44051142506381197,0.4224997759632968,0.44109502099073483,0.48610640574890746,0.4772172025810269,0.4830950546345039,0.46374176589421073,0.47691206478140624,0.4718870313670704,0.46124020630533347,0.4515659811627252,0.6328401117275496,0.46802388686051416,0.5038994773020442,0.3991200556374378,0.4622228642130563,0.42644796125752044,0.4530431947013954,0.4635660401759281,0.42929856775130376,0.47722866927129315,0.48637706920362017,0.44476082274370904,0.4779254286706005,0.4802362418587346,0.44306555654425783,0.3833473104187106,0.47411020355014527,0.4417907033011748,0.4834358659709752,0.5072345361606398,1.019659390263002,0.47654472421891314,0.468917406429336,0.45466705875835856,-0.4469081388042419,0.44384075571179876,0.23293095931253902,0.3982037013454145,0.48240081830648773,0.45312393951501123,0.42942252867044695,0.3819884318831471,0.4587475630059635,0.46242002715622027,0.4998256088336068,0.4842076637328823,0.47268466123210473,0.4438919144720309,0.48065261835144724,0.4845857997781316,0.48087800580025486,0.48189213604078335,0.3847252142718423,0.4621411034870172,0.39941241740434974,0.45475393790213575,0.48286236923043785,0.47389980096848616,0.5302925992893406,0.4621990157871957,0.4807405460912123,-0.42824568115938266,0.485666878875682,0.4762935268265126,0.4526270007872378,0.48534676332552834,0.4624846556877608,0.484112906562022,0.45459466480360594,0.4309546123964706,0.5014703597065148,0.4425217485302976,0.4699390638453269,-0.11066426808372769,0.4615209823519987,0.44516538774146136,0.4809590920774335
914,1519073996,0.4193719075678141,0.47594091859868537,0.48806893862081474,0.48845213677000443,0.4889283920961969,0.4720359928411626,0.4198651147032966,0.4570844336667375,0.44991693791249726,0.44675068791516015,0.4711872128024763,0.5323168736829327,0.4847856378563223,0.420332668345824,0.487455672043327,0.4580447486977544,0.46894184901549646,0.4708404818364642,0.49673507108791215,0.45601933231879754,0.5340939942892079,0.4855295013224024,-0.08572961197044983,0.4552006573101711,0.48435827139667853,0.5094476981871241,0.48378794452314783,0.44223290041157026,0.41772655733380687,0.29388996339466134,0.4658487642907795,0.4712860022045035,0.4896824958849318,-0.15392073935589148,0.44723491451164893,0.502823363759271,0.4476361897681449,0.426973163711628,0.4695717736209863,0.4314861307221531,-0.5567771649665584,0.5081950427597126,0.4021855087710178,0.4299054698785836,-0.042223416015498456,0.4637630257475209,0.46914574054837027,0.4691465976991158,0.4636567213709465,0.6511426775989073,0.46959779389153666,0.4853123471290379,0.44258896840436246,0.4238352502840645,0.44248912416735503,0.4894157334231508,0.47922448254836814,0.4864076616825098,0.465795999311956,0.4790068815690433,0.4743729819890766,0.462977369631786,0.4553907481193423,0.6019934643719377,0.4697848904158568,0.5059371566835613,0.40212397343389805,0.46534396124744287,0.4277871929159168,0.4547670937907481,0.46666356247515484,0.431525881331452,0.47923077223579696,0.4902400402633306,0.44717913676647936,0.48001805049124385,0.4835410940735262,0.4462589178436155,0.38549137536520833,0.4758486880196448,0.44387936509824905,0.48639256814387605,0.5096370653403575,1.0198535587860087,0.4786352933481818,0.4718699904949581,0.45639318044001687,-0.44689359238231346,0.44702602490851,0.23293095931253902,0.3997024630022895,0.48521250412299827,0.4569279829991289,0.4309167792877444,0.3834145702501477,0.45947329667431713,0.4649996351524907,0.5028826461965035,0.4880568426431517,0.4758030716866205,0.44708896429195166,0.4845862694648427,0.4870584219469718,0.4842485255487292,0.4852758442908196,0.38615389549760243,0.4652601718637091,0.40241313431761955,0.4564801885407791,0.4856861763031096,0.4770095490141509,0.5334381547487335,0.46425007827709774,0.48272047033831406,-0.42792750274960645,0.4895282371186888,0.4783856954127509,0.4570652517584934,0.4871173045822978,0.46422405511456366,0.4864728671232479,0.4564995552531426,0.4323420362090907,0.5035045443196804,0.44418787055161485,0.47304907212039704,-0.11066426808372769,0.46588436094857916,0.4481949393329485,0.4837711945745292
915,1519074002,0.42076669392388,0.47768312925654055,0.4905441165398707,0.4907001919825692,0.49129153493717403,0.4727521313629555,0.4212608231657497,0.4599639046454086,0.45198278042137696,0.44856893805304454,0.47354636620802265,0.5338842758282065,0.4864532256944029,0.42172821317757303,0.48992991783618045,0.45995343168301767,0.47028924709294184,0.47263205582947915,0.498952786394419,0.4579247211228977,0.5356672465940676,0.48898836756778535,-0.17069114333744284,0.45839541640605047,0.48633935161821834,0.5112505518013146,0.4857699278939331,0.4436234133094069,0.41912064019925854,0.2953776454526057,0.4689656874745786,0.4742276718822912,0.4918911527479111,-0.5428178684614143,0.44936365645366527,0.5053666111973728,0.4500645129259169,0.42898072352675637,0.4715309183524707,0.4329799386587344,-0.5567771649665584,0.5093940819181938,0.40368803707994383,0.4328960849315468,-0.042223416015498456,0.46550135331884,0.47033922727815874,0.47153162683762434,0.46554930903055747,0.65389635198977,0.4719874266456232,0.48916127693675265,0.4439739972980628,0.4265061989255998,0.4452773305205954,0.49162195187264635,0.4812317625157094,0.49027236990518336,0.4693909077930101,0.4811016983566803,0.47810190792208596,0.46471453295823845,0.45730313159765085,0.6157030854188763,0.4721328951563136,0.5084842559104579,0.4028749528830131,0.46721661946807486,0.4291264245743132,0.45878952499923775,0.4702773384909193,0.43226831919150144,0.48173340094142675,0.49299930530598096,0.44899287228355705,0.48158751685672635,0.48794756369324827,0.44838782537652055,0.387635440311706,0.4781666673123109,0.44527180629629853,0.4881665894476165,0.5114389622251455,1.0199991851782637,0.48072586247745047,0.47541309137370463,0.4581193021216752,-0.4468819552447707,0.44914953770631755,0.23293095931253902,0.40045184383072707,0.48802418993950886,0.4588300047411878,0.43166390459639314,0.3855537778006486,0.4616504976793782,0.4680951647480152,0.5049206711051013,0.49190602155342106,0.4795451642320394,0.44975317247521895,0.48739602026012513,0.4890365196820439,0.48649553871437873,0.4875316497908438,0.3868682361104825,0.4671316128897242,0.403163313545937,0.459357272938518,0.48850998337578133,0.48136319627808144,0.5350109324784298,0.4673266720119507,0.4847003945854158,-0.4276093243398302,0.4917347275432642,0.47995482185242955,0.45960139517063947,0.4888878458390673,0.4659634545413665,0.48942281782478025,0.45967437266903705,0.43372946002171076,0.5055387289328461,0.4458539925729321,0.4774030837054951,-0.11066426808372769,0.46775438034711364,0.45001267028784087,0.48602087657220583
916,1519074007,0.4221614802799459,0.4794253399143957,0.4925242588751154,0.4929482471951339,0.49365467777815114,0.47418440840654136,0.42335438585942936,0.4616915872326113,0.4533600087606301,0.4515993549495186,0.47531573126218246,0.5354516779734804,0.489097025667509,0.4231237580093221,0.4924041636290339,0.4618621146682809,0.4716366451703872,0.47502082115349914,0.5011705017009258,0.4604652395283646,0.5372404988989274,0.49096486256514704,-0.17069114333744284,0.4603122718635781,0.4888157018951432,0.512452454210775,0.4882474071074147,0.44501392620724356,0.4212117644974361,0.2968653275105501,0.47083584138485807,0.47599267368896386,0.4946519738266353,-0.26503420481461226,0.4514923983956816,0.5074012091478542,0.4518857552942459,0.43031909673684193,0.4734900630839551,0.4352206505636064,-0.5567771649665584,0.5111926406559157,0.40443930123440686,0.4351390462212692,-0.042223416015498456,0.4678191234139322,0.4727262007377356,0.4733203986915057,0.46744189669016845,0.6567200228208617,0.47437705939970976,0.4919105125136918,0.44605154063861324,0.42917714756713515,0.44736848528552575,0.4943797249345158,0.48323904248305066,0.492480774603854,0.47144514121075537,0.4831965151443174,0.48120934619959377,0.4676098051689926,0.45921551507595937,0.619130490680611,0.4738938987116562,0.5110313551373543,0.4043769117812432,0.46971349709558413,0.431804887891106,0.4605134240885905,0.4723423533570705,0.43449563277164965,0.4837355039059306,0.4952067173401012,0.4508066078006348,0.4836801386773697,0.4901507985031093,0.4510489597926519,0.3890648169427045,0.4799051517818105,0.44736046809337277,0.4905319511859372,0.5126402268150043,1.0201448115705187,0.4822937893244019,0.4771846418130779,0.4609961715911057,-0.44687031810722794,0.45127305050412503,0.23293095931253902,0.4034493671444771,0.49027353859271733,0.4607320264832466,0.43315815521369055,0.38911912371815016,0.4623762313477319,0.4701588511450316,0.5074682022408485,0.49410555235928927,0.48141621050474886,0.4518845390218328,0.4896438208963511,0.4915091418508841,0.4887425518800283,0.489787455290868,0.38972559856200284,0.46962686759107775,0.40541385123088935,0.4616589404567092,0.4907690290339187,0.4832290451054803,0.5365837102081262,0.4693777345018527,0.487175299894293,-0.42729114593005396,0.4939412179678395,0.4820469904386678,0.461503502729749,0.4918387479336831,0.4688624535860379,0.4911927882456997,0.4615792631185737,0.43465440923012416,0.5080814596993033,0.4464093665800378,0.4792690886705372,-0.11066426808372769,0.4696243997456481,0.45183040124273316,0.4888329790693016
917,1519074013,0.42355626663601176,0.4823290243441543,0.4949994367941713,0.4951963024076987,0.49601782061912825,0.4756166854501272,0.425447948553109,0.46399516401554813,0.4554258512695098,0.453417605087403,0.47708509631634227,0.5375415475005122,0.4918262765702062,0.4252170752569457,0.49438356026331665,0.4637707976535442,0.4729840432478326,0.47621520381550914,0.5033882170074326,0.4642760171365649,0.5393381686387405,0.4929413575625087,-0.17069114333744284,0.4622291273211057,0.49129205217206795,0.5136543566202354,0.4912203821635926,0.44640443910508026,0.42399993022833943,0.29884890358780924,0.47270599529513757,0.4777576754956365,0.4979649591211043,0.012749458832189704,0.454153325823202,0.5094358070983357,0.45431407845201793,0.4323266565519703,0.4759389939983105,0.43671445850018775,-0.5567771649665584,0.5135907189728783,0.406693093697796,0.4381296612742324,-0.042223416015498456,0.4712957785565705,0.4763066609271009,0.4751091705453871,0.4693344843497794,0.6595473017158828,0.47616928396527464,0.4941099009752431,0.4474365695323136,0.4305126218879028,0.45015669163876615,0.49658594338401135,0.48574814244222725,0.4946891793025246,0.4734993746285006,0.4847676277350452,0.48307380916609843,0.4699260229375959,0.4611278985542679,0.6054208696336724,0.47565490226699886,0.5135784543642508,0.4058788706794733,0.473458813536848,0.43381373537870055,0.46223732317794314,0.4744073682232216,0.4359805084917485,0.4862381326115604,0.4974141293742214,0.4544340788347903,0.48524960504285225,0.49235403331297034,0.453177867325557,0.39120888188920216,0.48222313107447656,0.4487529092914223,0.4923059724896776,0.5150427559947218,1.0203389800935254,0.4843843584536706,0.4789561922524512,0.46272229327276393,-0.4468528624009138,0.45445831970083633,0.23293095931253902,0.4064468904582272,0.4930852244092279,0.46263404822530546,0.434652405830988,0.3905452620851508,0.46527916602114666,0.4722225375420479,0.5095062271494463,0.4963050831651575,0.4832872567774583,0.4545487472051001,0.4918916215325771,0.4934872395859563,0.49098956504567787,0.4920432607908921,0.39258296101352314,0.4714983086170929,0.40766438891584167,0.46338519109535253,0.4930280746920561,0.48509489393287913,0.5381564879378227,0.4714287969917547,0.4896502052031702,-0.42697296752027775,0.49614770839241484,0.48518524331802515,0.46340561028885857,0.49360928919045255,0.471181652821775,0.49296275866661915,0.46475408053446815,0.43557935843853757,0.5101156443124689,0.44752011459424934,0.4811350936355792,-0.11066426808372769,0.4714944191441826,0.4542540425159229,0.49220750206581654
918,1519074019,0.4270432325261765,0.4858134456598646,0.4989597214646608,0.49969241283282817,0.5007441063010825,0.4799135165808847,0.4282393654780152,0.46745052918995345,0.45886892211764263,0.4576601887424666,0.4806238264246619,0.5411988191728179,0.49455552747290343,0.4301014821680673,0.4993320518490235,0.4675881636240707,0.47702623748016876,0.47979835180153907,0.508378076447073,0.46872192434613197,0.5430090906834135,0.49689434755723205,-0.17069114333744284,0.46606283823616096,0.4952542126151476,0.5178610150533466,0.49518434890516316,0.45057597779859027,0.42748513739196864,0.301824267703698,0.4776930723892162,0.4812876791089818,0.5023822728470629,-0.7094880666494955,0.4589429951927388,0.5135050029992986,0.45917072476756193,0.43567258957718413,0.4798572834612793,0.4389551704050597,-0.5567771649665584,0.5171878364483221,0.4119519427790373,0.4403726225639548,-0.042223416015498456,0.4747724336992088,0.479290377751572,0.47928297153777705,0.4743813847754087,0.6623875696410494,0.4785589167193612,0.4990585250137335,0.4515916562134145,0.4331835705294381,0.4529448979920066,0.5015499348953764,0.4897627023769098,0.4996580898745334,0.47760784146399105,0.4879098529165008,0.48742422275460934,0.47340034959050087,0.46495266551088493,0.3620750960505115,0.4803509117479125,0.5181632329726644,0.40963376792504863,0.4772041299781119,0.43716181452469155,0.4656851213566486,0.47853739795552386,0.440435135652045,0.49074286428169406,0.502380806450992,0.45806154986894576,0.4889116932289781,0.4973113116351577,0.4579679092745934,0.3940676351511991,0.48627959483664224,0.4515377916875213,0.49703669596631894,0.5192471820592275,1.0206787750087873,0.4885654967122079,0.4824992931311977,0.46732528442385274,-0.4468295881258283,0.45870534529645135,0.23293095931253902,0.4094444137719772,0.4975839217156448,0.46834011345148197,0.4391351576828803,0.3926844696356517,0.4689078343629151,0.47634991033608065,0.5140917831937913,0.500704144776894,0.48827671350468355,0.4593443219349812,0.49694917296408553,0.4984324839236367,0.49716885125121413,0.4965548717909405,0.39544032346504343,0.4764888180198,0.409914926600794,0.46798852613173475,0.49754616600833096,0.4888265915876768,0.5418263026404476,0.4760436875940342,0.4936100536973737,-0.42617752149583715,0.5011123118477093,0.4883234961973825,0.4684778971131507,0.4971503717039915,0.4746604516753807,0.496502699508458,0.4685638614335415,0.4374292568553643,0.5141840135388004,0.4491862366155666,0.48611110687569137,-0.11066426808372769,0.47585779774076303,0.4591013250623024,0.4972692865605889
919,1519074024,0.42843801888224237,0.4858134456598646,0.499454757048472,0.49969241283282817,0.5007441063010825,0.48062965510267763,0.4282393654780152,0.4680264233856876,0.45886892211764263,0.4588723555010562,0.4806238264246619,0.5411988191728179,0.4970698563405685,0.4301014821680673,0.4993320518490235,0.4675881636240707,0.4776999365188915,0.47979835180153907,0.508378076447073,0.46872192434613197,0.5430090906834135,0.49689434755723205,-0.17069114333744284,0.46606283823616096,0.4952542126151476,0.5184619662580767,0.49518434890516316,0.45057597779859027,0.42748513739196864,0.3023201617230128,0.4776930723892162,0.4812876791089818,0.5023822728470629,0.4016465879377125,0.4589429951927388,0.5135050029992986,0.45917072476756193,0.43567258957718413,0.4803470696441504,0.44044897834164104,-0.5567771649665584,0.5171878364483221,0.4119519427790373,0.4403726225639548,-0.042223416015498456,0.4747724336992088,0.479290377751572,0.47928297153777705,0.4743813847754087,0.6651888704757792,0.4785589167193612,0.4990585250137335,0.4515916562134145,0.4331835705294381,0.4529448979920066,0.5015499348953764,0.4897627023769098,0.4996580898745334,0.47760784146399105,0.4879098529165008,0.48742422275460934,0.47340034959050087,0.4655901266703211,0.6294127064658149,0.4803509117479125,0.5181632329726644,0.41113572682327876,0.4772041299781119,0.43716181452469155,0.4656851213566486,0.47853739795552386,0.440435135652045,0.49074286428169406,0.502380806450992,0.45806154986894576,0.4889116932289781,0.4973113116351577,0.4585001361578197,0.3940676351511991,0.48627959483664224,0.452234012286546,0.49703669596631894,0.5192471820592275,1.0206787750087873,0.4885654967122079,0.4824992931311977,0.46732528442385274,-0.4468295881258283,0.45870534529645135,0.23293095931253902,0.4094444137719772,0.4975839217156448,0.46834011345148197,0.4391351576828803,0.3926844696356517,0.4689078343629151,0.47634991033608065,0.5140917831937913,0.500704144776894,0.48827671350468355,0.4593443219349812,0.49694917296408553,0.4984324839236367,0.49716885125121413,0.4971188231659465,0.39544032346504343,0.4764888180198,0.409914926600794,0.46798852613173475,0.49754616600833096,0.4888265915876768,0.5423505618836797,0.4760436875940342,0.4936100536973737,-0.426018432290949,0.5011123118477093,0.4883234961973825,0.4684778971131507,0.4971503717039915,0.4746604516753807,0.496502699508458,0.4685638614335415,0.4374292568553643,0.5141840135388004,0.4491862366155666,0.48611110687569137,-0.11066426808372769,0.47585779774076303,0.4591013250623024,0.4972692865605889
920,1519074030,0.42983280523830825,0.48755565631771974,0.5024249705513391,0.5025024818485341,0.5025164634318153,0.48206193214626347,0.4303329281716949,0.47148178856009293,0.46024615045689576,0.4606906056389406,0.4835727681815949,0.5427662213180917,0.49975767648952457,0.43149702699981635,0.5013114484833063,0.47013307427108836,0.47904733459633686,0.481589925794554,0.5105957917535798,0.47062731315023215,0.5445823429882732,0.4993649663039342,-0.17069114333744284,0.4679796936936886,0.4977305628920724,0.5202648198722672,0.4971663322759484,0.4519664906964269,0.4288792202574203,0.3038078437809572,0.4795632262994957,0.48422934878676954,0.5045909297100423,0.5683167861257937,0.46107173713475513,0.517065549412641,0.4615990479253339,0.4370109627872697,0.4823062143756348,0.44194278627822237,-0.5567771649665584,0.5183868756068034,0.4134544710879634,0.4433632376169181,-0.042223416015498456,0.47651076127052794,0.48108060784625467,0.4810717433916584,0.47627397243501973,0.6680103764685134,0.48035114128492606,0.5012579134752848,0.45297668510711486,0.4345190448502058,0.45503605275693687,0.5037561533448719,0.49227180233608636,0.5024185957478717,0.48017563323617257,0.4894809655072286,0.489288685721114,0.47513751291695333,0.46813997130806584,0.6362675169892843,0.48211191530325515,0.5202009123541815,0.4126376857215089,0.4790767881987439,0.43850104618308794,0.46855828650556974,0.480602412821675,0.4419200113721439,0.4927449672461979,0.5045882184851123,0.4604798638917161,0.4904811595944606,0.500065355147484,0.46062904369072477,0.3954970117821976,0.4880180793061418,0.45432267408362026,0.49881071727005943,0.5204484466490863,1.020872943531794,0.4901334235591594,0.48427084357057093,0.46905140610551105,-0.4468179509882856,0.46135973629371074,0.23293095931253902,0.4109431754288522,0.5003956075321554,0.4702421351935408,0.44062940830017777,0.3941106080026523,0.4696335680312688,0.4789295183323511,0.5161298081023891,0.5040034409856963,0.4907714418682962,0.4620085301182485,0.49919697360031146,0.5004105816587089,0.49941586441686364,0.49993858004097674,0.39615466407792355,0.4783602590458151,0.4129156435140638,0.4697147767703781,0.49980521166646835,0.4925582892424744,0.5439233396133761,0.4780947500839362,0.49558997794447546,-0.42554116467628467,0.5038704248784286,0.48989262263706124,0.4703800046722602,0.49892091296076096,0.4769796509111178,0.5006326304906034,0.47110371536625706,0.43927915527219114,0.5162181981519661,0.45196310665109535,0.4885991134957474,-0.11066426808372769,0.47835115693880903,0.4609190560171947,0.4995189685582655
921,1519074036,0.43262237795044,0.49104007763343005,0.5063852552218285,0.5064365784705224,0.5066519634035253,0.48492648623343515,0.4331243450966011,0.47493715373449824,0.46300060713540203,0.46432710591470944,0.4865217099385279,0.5453785582268815,0.5018732343524311,0.4342881166633144,0.5057650909104425,0.47331421257986045,0.4824158297899503,0.483978691118574,0.5144767935399667,0.47380296115706577,0.5472044301630397,0.5033179562986575,-0.08572961197044983,0.4718134046087438,0.5016927233351521,0.5226686246911879,0.501130299017519,0.4554427729410186,0.43166738598832366,0.30678320789684593,0.48205676484653504,0.4871710184645573,0.5079039150045113,0.2349763897496313,0.4642648500477796,0.5211347453136039,0.4646344518725489,0.4403568958124836,0.48622450383860355,0.444930402151385,-0.5567771649665584,0.5207849539237659,0.41570826355135254,0.4456061989066405,-0.042223416015498456,0.4799874164131662,0.4834675813058315,0.48345677253016694,0.47942828520103803,0.6707972450475259,0.4833381822275343,0.5056566903983873,0.4557467428945155,0.43785773065212497,0.4578242591101773,0.5070654810191152,0.4962863622707689,0.5057312027958776,0.48325698336279044,0.4926231906886842,0.4936390993096249,0.47976994845416,0.4713272771052467,0.6259853012040802,0.48504692122882614,0.5247856909625952,0.414890624068854,0.4815736658262531,0.4418491253290789,0.47200608468427513,0.4842161888374395,0.44414732495229214,0.49674917317520556,0.5078993365362926,0.463502756420179,0.4930969368702648,0.5033702073622756,0.46435463187330867,0.3990704533596937,0.49149504824514095,0.4571075564797193,0.5035414407467007,0.5228509758288038,1.0214069069700624,0.4927466349707452,0.4884044612624419,0.47250364946882767,-0.4467917674288144,0.46454500549042205,0.23293095931253902,0.4131913179141648,0.5043319676752702,0.47341217143030556,0.44361790953477265,0.39767595392015387,0.47253650270468356,0.4825409695271297,0.5207153641467341,0.5073027371944986,0.4938898523228119,0.46520557993816924,0.503130624713707,0.5043667771288531,0.5033481374567503,0.5038862396660191,0.3997263671423239,0.4808555137471686,0.4151661811990161,0.4737426949272126,0.5043233029827431,0.4950460876790062,0.5465446358295368,0.48117134381878923,0.5000448075004544,-0.4249048078567322,0.5071801605152916,0.49250783336985904,0.4735501839374428,0.503052175893223,0.4804584497647235,0.5041725713324422,0.4742785327821515,0.4443663759184648,0.5207951135315889,0.4564060987079414,0.49170912177081755,-0.11066426808372769,0.48146785593636654,0.4639486076086819,0.5034559120541996
922,1519074041,0.4340171643065059,0.49394376206318863,0.5083653975570732,0.5098086612893695,0.5084243205342581,0.486358763277021,0.4345200535590542,0.4766648363217009,0.4657550638139083,0.4667514394318886,0.4882910749926877,0.5469459603721554,0.5046102535214548,0.4356836614950635,0.5077444875447252,0.47713157855038696,0.4844369269061184,0.48517307378058394,0.5172489376731002,0.47697860916389934,0.5487776824678995,0.5052944512960192,-0.17069114333744284,0.47436921188544734,0.5041690736120769,0.5238705271006483,0.5031122823883043,0.45683328583885524,0.434455551719227,0.3087667839741051,0.48517368803033417,0.48893602027122995,0.5117690645147251,0.45720332066707287,0.4674579629608041,0.5231693432640854,0.46706277503032095,0.44169526902256917,0.48867343475295905,0.4456773061196757,-0.5567771649665584,0.5225835126614878,0.4172107918602786,0.44710150643312213,-0.042223416015498456,0.48172574398448537,0.4858545547654084,0.4852455443840484,0.48195173541385267,0.6736223591041893,0.48513040679309916,0.5078560788599387,0.457824286235066,0.43919320497289266,0.4592183622867975,0.5109263633057324,0.4987954622299455,0.5079396074945483,0.4853112167805357,0.494194303279412,0.49550356227612957,0.48150711178061245,0.4738771217429914,0.6225578959423456,0.48739492596928297,0.5268233703441123,0.41639258296708415,0.485318982267517,0.4431883569874753,0.47372998377362785,0.4862812037035906,0.44637463853244036,0.4987512761397094,0.511762307596003,0.4665256489486419,0.49466640323574734,0.5061242508746019,0.46701576628944,0.39978514167519297,0.4932335327146405,0.4584999976777688,0.5053154620504412,0.5240522404186626,1.0216010754930693,0.49483720410001386,0.4901760117018152,0.47538051893825817,-0.44677722100688594,0.4677302746871333,0.23293095931253902,0.41618884122791483,0.5077059906550828,0.47658220766707027,0.44511216015207006,0.39838902310365415,0.4754394373780983,0.48460465592414603,0.5232628952824814,0.5095022680003668,0.49576089859552136,0.46786978812143654,0.5059403755089894,0.5068393992976933,0.5067186572052247,0.5067059965410493,0.40044070775520396,0.4845983957991989,0.41666653965565104,0.47546894556585595,0.5071471100554149,0.496911936506405,0.5481174135592333,0.4837351719311667,0.5025197128093316,-0.42458662944695597,0.5110415187582984,0.49460000195609727,0.47608632734958883,0.5065932584067621,0.4827776490004606,0.5059425417533616,0.4774533501980459,0.4452913251268782,0.5238463904513374,0.45751684672215287,0.4941971283908736,-0.11066426808372769,0.484584554933924,0.46697815920016905,0.5068304350507145
923,1519074047,0.43680673701863765,0.4985896571508024,0.5123256822275627,0.514304771714499,0.5131506062162123,0.49065559440777856,0.4373114704839604,0.4801202014961062,0.4685095204924146,0.47038793970765747,0.49300938180378057,0.551648166807977,0.5070650256806171,0.4391725235744361,0.5121981299718614,0.48094894452091347,0.48847912113845454,0.48935341309761893,0.5227932259393673,0.4807893867720997,0.5529730219475256,0.5092474412907425,-0.08572961197044983,0.4801197782580302,0.5086265041105416,0.5280771855337595,0.5080672408152674,0.4603095680834469,0.43724371745013035,0.3127339361286235,0.4901607651244128,0.4936426917556903,0.5161863782406838,-0.9872717302962974,0.47277981781584494,0.5272385391650483,0.47070525976697897,0.4450412020477831,0.4930815103987989,0.44866492199283836,-0.5567771649665584,0.5273796692954129,0.42096711263259384,0.44934446772284453,-0.042223416015498456,0.4869407266984428,0.48883827158987947,0.4894193453764383,0.4876294983926856,0.6764395354202083,0.48811744773570737,0.5133545500138169,0.4612868584693168,0.4425318907748118,0.4620065686400379,0.5158903548170974,0.5033118421564633,0.5140127204158924,0.49044680032489874,0.49786023265777685,0.500475463520142,0.48613954731781905,0.47897681101848083,0.2900995855540837,0.49267793663531084,0.531408148952526,0.41864552131442934,0.48906429870878093,0.44720605196266444,0.47717778195233324,0.4904112334358929,0.44934438997263804,0.5037565335509689,0.5167289846727736,0.47136227699418254,0.49885164687703404,0.5116323378992544,0.47127358135525016,0.40335858325268914,0.49902848094630575,0.46128488007386775,0.5088635046579222,0.5288572987780976,1.0219894125390827,0.49901834235855114,0.49371911258056167,0.47940813619546085,-0.4467539467318004,0.47303905668165214,0.23293095931253902,0.4191863645416649,0.5122046879614998,0.48165426564589386,0.44884778669531367,0.4012412998376554,0.4776166383831594,0.48924795031743284,0.5273389450996769,0.5150010950150373,0.5007503553227466,0.4721325212146642,0.5109979269404978,0.5112901192016057,0.5117744368279362,0.5123455102911098,0.40472675143248443,0.4889650915265676,0.41891707734060335,0.4800722806022382,0.5127947242007583,0.5018875333794686,0.5523114875050903,0.48886282815592175,0.5069745423653105,-0.42379118342251537,0.5165577448197367,0.4982612969820142,0.48052457832084444,0.510134340920301,0.48741604747193484,0.5094824825952005,0.48126313109711927,0.44714122354370495,0.5279147596776689,0.45918296874347014,0.4985511399759717,-0.11066426808372769,0.49019461312952745,0.4712195314282511,0.5113297990460677
924,1519074052,0.43680673701863765,0.4985896571508024,0.5123256822275627,0.514304771714499,0.5131506062162123,0.49065559440777856,0.43800932471518694,0.4801202014961062,0.4685095204924146,0.47099402308695226,0.49359917015516713,0.551648166807977,0.5094369363322969,0.4391725235744361,0.5121981299718614,0.48094894452091347,0.48847912113845454,0.48935341309761893,0.5227932259393673,0.4814245163734664,0.5529730219475256,0.5092474412907425,-0.17069114333744284,0.4801197782580302,0.5086265041105416,0.5280771855337595,0.5080672408152674,0.4603095680834469,0.43724371745013035,0.3127339361286235,0.4901607651244128,0.49481935962680546,0.5161863782406838,0.45720332066707287,0.47277981781584494,0.5272385391650483,0.47191942134586495,0.4450412020477831,0.4930815103987989,0.44866492199283836,-0.5567771649665584,0.5273796692954129,0.42096711263259384,0.44934446772284453,-0.042223416015498456,0.4869407266984428,0.4894350149547737,0.4894193453764383,0.4876294983926856,0.679219909484148,0.48811744773570737,0.5133545500138169,0.4612868584693168,0.4425318907748118,0.4620065686400379,0.5158903548170974,0.5033118421564633,0.5140127204158924,0.49147391703377136,0.49786023265777685,0.500475463520142,0.48613954731781905,0.47897681101848083,0.6431223275127536,0.493264937820425,0.531408148952526,0.41864552131442934,0.48906429870878093,0.44720605196266444,0.47717778195233324,0.49144374086896847,0.44934438997263804,0.5037565335509689,0.5167289846727736,0.47136227699418254,0.49885164687703404,0.5116323378992544,0.4723380351217027,0.40335858325268914,0.49902848094630575,0.46128488007386775,0.5100461855270825,0.5288572987780976,1.0219894125390827,0.49901834235855114,0.4943096293936861,0.47940813619546085,-0.4467539467318004,0.47303905668165214,0.23293095931253902,0.4191863645416649,0.5122046879614998,0.4822882728932468,0.44884778669531367,0.4012412998376554,0.4776166383831594,0.49027979351594103,0.5278484513268263,0.5150010950150373,0.5007503553227466,0.4731982044879711,0.5109979269404978,0.5112901192016057,0.5123361901193486,0.5123455102911098,0.40472675143248443,0.4889650915265676,0.4196672565689208,0.4800722806022382,0.5127947242007583,0.5018875333794686,0.5523114875050903,0.4898883594008727,0.5069745423653105,-0.42379118342251537,0.5165577448197367,0.4987843391285738,0.48052457832084444,0.5107245213392242,0.48741604747193484,0.5094824825952005,0.48126313109711927,0.44714122354370495,0.5284233058309603,0.45918296874347014,0.4985511399759717,-0.11066426808372769,0.49019461312952745,0.4712195314282511,0.5118922195454869
925,1519074058,0.4395963097307694,0.5003318678086576,0.5148008601466186,0.5171148407302049,0.5155137490571895,0.4920878714513644,0.44219645010254627,0.4824237782790431,0.46988674883166776,0.47281227322483665,0.49654811191210013,0.5532155689532509,0.5116664287679917,0.44126584082205966,0.5146723757647149,0.48349385516793114,0.4898265192158999,0.49174217842163886,0.5250109412458741,0.4833299051775666,0.5545462742523855,0.5122121837867851,-0.17069114333744284,0.4820366337155578,0.5106075843320813,0.52988003914795,0.5110402158714454,0.46170008098128357,0.43933484174830784,0.31521340622519745,0.49327768830821195,0.49717269536903563,0.5189471993194079,0.2349763897496313,0.4754407452433654,0.52978178660315,0.473740663714194,0.44637957525786864,0.4955304413131544,0.4509056338977103,-0.5567771649665584,0.5285787084538942,0.4224696409415199,0.4508397752493261,-0.042223416015498456,0.489837939317308,0.4906285016845621,0.4918043745149468,0.4895220860522966,0.6820147158038051,0.49050708048979386,0.5155539384753682,0.46267188736301706,0.4445351022559633,0.46409772340496824,0.518096573266593,0.5053191221238046,0.516221125114563,0.4940417088059529,0.4999550494454139,0.5023399264866467,0.48787671064427157,0.4821641168156617,0.6328401117275496,0.49502594137576766,0.5339552481794224,0.4216494391108896,0.4915611763362902,0.44854528362106083,0.4800509471012544,0.4940250094516574,0.4508292656927369,0.5057586365154728,0.5200401027239541,0.4731760125112603,0.5009442686976774,0.5138355727091155,0.4744669426546078,0.40407327156818834,0.5007669654158053,0.46337354187094204,0.511820206830823,0.5300585633679564,1.0221350389313377,0.5011089114878198,0.4972622134593082,0.48113425787711916,-0.446739400309872,0.4751625694794596,0.23293095931253902,0.4206851261985399,0.5150163737780104,0.48419029463530566,0.4495949120039624,0.40338050738815634,0.47906810571986674,0.49285940151221147,0.5298864762354242,0.5177505085223726,0.5026214015954561,0.47532957103458495,0.5143696278948368,0.5132682169366778,0.5145832032849981,0.51516526716614,0.4061554326582446,0.4908365325525827,0.42416833193882547,0.48237394812042933,0.5150537698588957,0.5043753318160004,0.5538842652347867,0.4919394218907747,0.5089544666124123,-0.4234730050127391,0.5193158578504559,0.5003534655682524,0.48432879343906354,0.5124950625959936,0.4891554468987377,0.5118424431564264,0.48380298502983476,0.44806617275211835,0.5304574904441259,0.46029371675768166,0.5004171449410137,-0.11066426808372769,0.49268797232757344,0.47364317270144085,0.5141419015431635
926,1519074064,0.4409910960868353,0.5020740784665128,0.5172760380656746,0.5193628959427696,0.5172861061879223,0.4928040099731573,0.44359215856499934,0.48472735506197995,0.47195259134054746,0.4758426901213107,0.49890726531764656,0.5547829710985247,0.514017624042801,0.4433591580696832,0.5166517723989976,0.4854025381531944,0.4911739172933453,0.49293656108364886,0.5272286565523809,0.48650555318440014,0.5566439439921985,0.5146828025334872,-0.17069114333744284,0.4845924409922613,0.5130839346090061,0.5310819415574104,0.5130221992422307,0.46309059387912027,0.4407289246137595,0.3167010882831418,0.4963946114920111,0.4989376971757083,0.5217080203981321,0.1794196570202709,0.4775694871853817,0.5318163845536314,0.47616898687196596,0.448387135072997,0.4974895860446388,0.451652537866001,-0.5567771649665584,0.5303772671916162,0.42472343340490903,0.4538303903022894,-0.042223416015498456,0.49157626688862716,0.4924187317792448,0.4941894036534554,0.49141467371190756,0.684816016638535,0.4940915296209237,0.5183031740523073,0.4640569162567174,0.44653831373711483,0.4661888781698985,0.5203027917160885,0.5073264020911458,0.5189816309879012,0.4960959422236981,0.5030972746268695,0.5042043894531514,0.4907719828550257,0.4847139614534064,0.6294127064658149,0.4967869449311103,0.5359929275609396,0.42315139800911966,0.4946822733706768,0.4505541311086554,0.48292411225017556,0.49712253175088406,0.4523141414128357,0.5082612652211026,0.5227993677666044,0.4755943265340306,0.5025137350631599,0.5165896162214418,0.4771280770707391,0.40621733651468606,0.5025054498853049,0.46476598306899153,0.5135942281345635,0.5324610925476739,1.0223292074543444,0.5031994806170884,0.5002147975249304,0.4828603795587774,-0.44672776317232926,0.477816960476719,0.23293095931253902,0.42218388785541494,0.5178280595945209,0.48672632362471746,0.45108916262125986,0.40551971493865724,0.4805195730565741,0.4954390095084819,0.5319245011440219,0.5199500393282408,0.5057398120499719,0.47799377921785224,0.5171793786901192,0.51524631467175,0.51739196974206,0.5179850240411702,0.40829845449688484,0.49270797357859786,0.4249185111671429,0.4841001987590727,0.5178775769315674,0.5062411806433992,0.5554570429644832,0.4939904843806768,0.5114293719212895,-0.4229957373980748,0.5220739708811751,0.5019225920079311,0.48623090099817307,0.5142656038527631,0.49147464613447484,0.5136124135773459,0.48697780244572925,0.44945359656473843,0.5324916750572917,0.46195983877899893,0.5035271532160839,-0.11066426808372769,0.49518133152561944,0.47546090365633314,0.5169540040402593
927,1519074069,0.44238588244290117,0.5043970260103195,0.5197512159847305,0.5216109511553344,0.5190584633186551,0.49423628701674316,0.445685721258679,0.48760682604065103,0.4733298196798006,0.4776609402591951,0.501266418723193,0.5563503732437985,0.51676500090026,0.44475470290143226,0.5186311690332804,0.48731122113845765,0.4925213153707907,0.4953253264076688,0.5294463718588878,0.48904607158986707,0.5582171962970583,0.5166592975308488,-0.17069114333744284,0.4865092964497889,0.515560284885931,0.5328847951716009,0.5154996784557122,0.46517636322587524,0.44351709034466286,0.3181887703410862,0.4982647654022906,0.501879366853496,0.5239166772611115,0.4016465879377125,0.47969822912739807,0.5343596319917333,0.477990229240295,0.45039469488812534,0.4994487307761232,0.4553870577074543,-0.5567771649665584,0.5315763063500973,0.42547469755937206,0.45457804406553015,-0.042223416015498456,0.49389403698371936,0.4954024486037159,0.4953819182227096,0.49330726137151854,0.687643295533556,0.4958837541864886,0.5210524096292465,0.4654419451504177,0.4485415252182663,0.4675829813465187,0.5230605647779579,0.5098355020503224,0.5217421368612395,0.499177292350316,0.5046683872175973,0.5073118277306592,0.4925091461814782,0.4872638060911511,0.6225578959423456,0.4997219508566813,0.5380306069424567,0.4239023774582347,0.4965549315913087,0.4518933627670518,0.4846480113395283,0.49918754661703524,0.4530565792728852,0.5102633681856065,0.5250067798007246,0.47740806205110836,0.5046063568838033,0.5193436597337682,0.47925698460364424,0.40836140146118377,0.5042439343548044,0.4675508654650905,0.515368249438304,0.5336623571375327,1.022523375977351,0.5047674074640399,0.5019863479643035,0.48631262292209404,-0.4467132167504008,0.47994047327452655,0.23293095931253902,0.42593079199760253,0.5200774082477294,0.4886283453667763,0.4525834132385573,0.4076589224891582,0.48197104039328154,0.49801861750475235,0.5339625260526197,0.522149570134109,0.5082345404135844,0.4801251457644661,0.5194271793263452,0.5182134612743582,0.5196389829077096,0.5208047809162004,0.4090127951097649,0.49582704195528976,0.4271690488520953,0.485826449397716,0.5201366225897048,0.508107029470798,0.5570298206941795,0.49706707811552975,0.5134092961683913,-0.4226775589882985,0.5242804613057505,0.504537802740729,0.48813300855728264,0.5172165059473789,0.4937938453702119,0.5159723741385718,0.48888269289526587,0.45037854577315184,0.5355429519770403,0.4630705867932104,0.5060151598361399,-0.11066426808372769,0.4970513509241539,0.4772786346112255,0.519766106537355
928,1519074075,0.4458728483330659,0.5078814473260299,0.52371150065522,0.5261070615804638,0.5231939632903652,0.4992492566692936,0.4491749924148118,0.49106219121505634,0.47746150469756,0.4812974405349639,0.5053949371828992,0.5605301122978622,0.5192404884362928,0.44894133739667935,0.5230848114604166,0.49112858710898416,0.49656350960312684,0.49831128306269373,0.5344362312985281,0.4928568491980674,0.5624125357766845,0.5211064112749126,-0.17069114333744284,0.49034300736484415,0.5195224453290106,0.536490502399982,0.5199591410399791,0.46934790191938525,0.4463052560755662,0.32215592249560454,0.5020050732228496,0.5059977044023989,0.5294383194185598,-1.042828463025658,0.4850200839824389,0.5389374773803165,0.483453956345282,0.45374062791333925,0.5043465926048342,0.45837467358061695,-0.5567771649665584,0.5363724629840224,0.43073354664061336,0.4583163128817342,-0.042223416015498456,0.4979501346501307,0.498386165428187,0.4989594619304724,0.49772329924394415,0.6904633583007184,0.49946820331761843,0.5265508807831247,0.4695970318315187,0.4512124738598016,0.47106823928806923,0.5280245562893229,0.5138500619850049,0.527263148607916,0.5037993175402428,0.5083343165959622,0.5129052166301732,0.49598347283438315,0.49108857304776815,0.2592529381984718,0.504417960337595,0.5426153855508704,0.426906295254695,0.5015486868463273,0.4552414419130427,0.4886704425480179,0.5033175763493375,0.45825364429323107,0.5147680998557401,0.5294216038689651,0.48284926860234156,0.5077452896147683,0.5243009380559555,0.4835147996694544,0.4119348430386799,0.5088798929401366,0.4710319684602143,0.5189162920457849,0.5384674154969677,1.0229117130233647,0.5084259034402601,0.5055294488430501,0.4903402401792967,-0.4466870331909296,0.48524925526904533,0.23293095931253902,0.42817893448291505,0.5251384427174484,0.4937004033455999,0.45781329039909835,0.4105111992231594,0.48705117607175735,0.5026619118980391,0.5380385758698153,0.5265486317458454,0.5132239971408097,0.4854535621310006,0.5239227805987972,0.5226641811782705,0.5246947625304211,0.5253163919162487,0.4125844981741653,0.5001937376826584,0.43091994499368247,0.4904297844340983,0.5246547139059796,0.5118387271255956,0.5606996353968045,0.5016819687178092,0.5173691446625948,-0.4218821129638579,0.5292450647610449,0.5076760556200863,0.49193722367550174,0.5207575884609178,0.4972726442238176,0.5201023051207171,0.4933274372775181,0.4526909187941853,0.5396113212033716,0.4652920828216334,0.510369171421238,-0.11066426808372769,0.5020380693202459,0.4833377377941998,0.5242654705327082
929,1519074080,0.4479650278671647,0.5096236579838851,0.5256916429904647,0.5277931029898874,0.5249663204210979,0.4999653951910865,0.45057070087726486,0.49278987380225897,0.4788387330368131,0.4819035239142587,0.5059847255342858,0.5615750470613782,0.5219593816505547,0.4503368822284284,0.5250642080946993,0.492401042432493,0.4979109076805722,0.5001028570557088,0.5360995177784083,0.4941271084008008,0.5634613706465911,0.5230829062722743,-0.08572961197044983,0.4916209110031959,0.5215035255505505,0.5376924048094424,0.5219411244107645,0.47073841481722195,0.4476993389410179,0.3236436045535489,0.503875227133129,0.5071743722735139,0.5305426478500495,0.6238735188551541,0.48608445495344704,0.5409720753307979,0.484061037134725,0.4550790011234248,0.5063057373363185,0.4591215775489076,-0.5567771649665584,0.5375715021425037,0.4322360749495395,0.4598116204082158,-0.042223416015498456,0.49968846222144986,0.4995796521579754,0.5001519764997266,0.49898502435035147,0.6932754833272362,0.50006561150614,0.5265508807831247,0.4716745751720692,0.4525479481805693,0.47246234246468943,0.5291276655140708,0.5158573419523461,0.527263148607916,0.5048264342491153,0.5093817249897807,0.5129052166301732,0.4977206361608356,0.4923634953666405,0.6328401117275496,0.5050049615227091,0.5446530649323876,0.42991021305115523,0.502797125660082,0.4565806735714391,0.4903943416373706,0.5043500837824131,0.45973852001332993,0.5167702028202439,0.5310771628945553,0.48345384710803413,0.5093147559802508,0.5243009380559555,0.4845792534359069,0.4133642196696784,0.5106183774096362,0.47242440965826377,0.5212816537841055,0.5396686800868266,1.023008797284868,0.5094711880048944,0.506710482469299,0.49206636186095504,-0.4466724867690012,0.4863110116679491,0.23293095931253902,0.42967769613979007,0.5268254542073547,0.49496841784030576,0.45930754101639576,0.4112242684066597,0.487776909740111,0.5036937550965473,0.5405861070055625,0.5265486317458454,0.5132239971408097,0.4865192454043075,0.5256086310759667,0.5246422789133427,0.5263800224046583,0.5270082460412668,0.41401317939992544,0.5014413650333351,0.4324203034503174,0.49215603507274164,0.5263489981495827,0.5118387271255956,0.5617481538832688,0.5027074999627602,0.5193490689096965,-0.4215639345540817,0.5303483099733326,0.5087221399132055,0.49383933123461127,0.5225281297176874,0.49901204365062046,0.5218722755416365,0.4952323277270548,0.4540783426068054,0.5416455058165374,0.46640283083584494,0.510369171421238,-0.11066426808372769,0.5026614091197573,0.4839436481124973,0.5259527320309657
930,1519074086,0.45005720740126354,0.5113658686417402,0.5276717853257094,0.5311651858087345,0.5267386775518308,0.5013976722346724,0.4526642635709445,0.49451755638946165,0.48021596137606626,0.4849339408107327,0.5089336672912188,0.56366491658841,0.5246238970005314,0.45173242706017747,0.5275384538875528,0.4962184084030195,0.4992583057580176,0.5018944310487237,0.5388716619115418,0.4966676268062677,0.5650346229514509,0.525059401269636,-0.08572961197044983,0.4948156700990753,0.5234846057720903,0.540096209628363,0.5239231077815497,0.4721289277150586,0.4497904632391954,0.3251312866114933,0.5063687656801683,0.5089393740801866,0.5338556331445184,0.7349869843138749,0.4882131968954634,0.5435153227688998,0.485882279503054,0.4564173743335104,0.5082648820678028,0.46210919342207024,-0.5567771649665584,0.5393700608802257,0.4329873391040025,0.4613069279346974,-0.042223416015498456,0.501426789792769,0.5007731388877639,0.5013444910689809,0.5015084745631662,0.6960977109327562,0.501857836071705,0.5298499634754517,0.4737521185126196,0.45388342250133695,0.47385644564130963,0.5324369931883141,0.5178646219196874,0.5311278568305895,0.5068806676668606,0.5109528375805086,0.5153911672521795,0.49945779948728813,0.4955508011638214,0.6294127064658149,0.507352966263166,0.5466907443139047,0.43216315139850037,0.5052940032875911,0.4579199052298355,0.49211824072672333,0.5064150986485642,0.4619658335934782,0.5187723057847478,0.5343882809457356,0.48647673963649707,0.5108842223457334,0.5281565989732123,0.48724038785203827,0.4140789079851776,0.5123568618791358,0.474513071455338,0.5236470155224262,0.5408699446766853,1.023154423677123,0.5110391148518459,0.5084820329086722,0.49379248354261335,-0.4466608496314584,0.4889654026652085,0.23293095931253902,0.43117645779666514,0.5296371400238653,0.49750444682971756,0.4600546663250445,0.4126504067736603,0.4892283770768184,0.5062733630928178,0.5431336381413098,0.5309476933575819,0.5163424075953255,0.48865061195092135,0.5289803320303056,0.5266203766484149,0.5291887888617202,0.5303919542913031,0.4154418606256856,0.5039366197346887,0.4346708411352697,0.49445770259093275,0.5297375666367888,0.5168143239986592,0.5638451908561973,0.5052713280751377,0.5218239742185736,-0.4210866669394173,0.5336580456101956,0.5102912663528841,0.49700951049979386,0.5242986709744568,0.5007514430774234,0.5242322361028624,0.4971372181765914,0.4550032918152188,0.5436796904297031,0.46751357885005645,0.5134791796963081,-0.11066426808372769,0.5057781081173148,0.4857613790673896,0.5287648345280614
931,1519074092,0.4514519937573294,0.5136888161855471,0.5301469632447653,0.5334132410212993,0.5296926061030521,0.5028299492782582,0.45405997203339765,0.49739702736813274,0.4815931897153194,0.48917652446579635,0.5112928206967652,0.5657547861154417,0.5268559788583349,0.4531279718919265,0.5295178505218355,0.49812709138828276,0.500605703835463,0.5036860050417387,0.5416438060446753,0.4985730156103679,0.567132292691264,0.5275300200163381,-0.17069114333744284,0.49801042919495464,0.5254656859936301,0.5425000144472837,0.525905091152335,0.47351944061289525,0.4511845461046471,0.3266189686694377,0.5082389195904479,0.5124693776935318,0.5360642900074978,-0.2094774720852519,0.4914063098084879,0.5460585702070015,0.48952476423971203,0.4584249341486387,0.5102240267992872,0.46285609739036093,-0.5567771649665584,0.5411686196179476,0.4344898674129286,0.4642975429876607,-0.042223416015498456,0.5031651173640881,0.5025633689824465,0.5037295202074895,0.5040319247759808,0.6988946820907709,0.5048448770143131,0.5331490461677786,0.47513714740631996,0.45588663398248847,0.4766446519945501,0.5351947662501835,0.520373721878864,0.5349925650532631,0.5104755761479147,0.5140950627619641,0.5184986055296873,0.5023530716980422,0.49873810696100224,0.458042443379082,0.510287972188737,0.5492378435408012,0.4336651102967305,0.5071666615082231,0.4599287527174301,0.4949914058756445,0.5100288746643287,0.463450709313577,0.5207744087492516,0.536595692979856,0.4888950536592674,0.5129768441663767,0.5325630685929343,0.49149820291784846,0.4162229729316753,0.5140953463486353,0.4759055126533875,0.5254210368261667,0.5426718415614734,1.0236398449846398,0.5131296839811146,0.5120251337874188,0.49551860522427166,-0.4466492124939157,0.49215067186191974,0.23293095931253902,0.43267521945354015,0.5318864886770738,0.4994064685717764,0.4615489169423419,0.4147896143241612,0.4906798444135258,0.5093688926883423,0.5451716630499075,0.5342469895663842,0.5207081822316475,0.49238050340749556,0.531790082825588,0.5285984743834871,0.5314358020273697,0.5332117111663334,0.4168705418514458,0.5064318744360422,0.43542102036358715,0.4961839532295761,0.5325613737094606,0.5199240720443239,0.566466487072358,0.5088606874324663,0.5242988795274509,-0.420609399324753,0.5358645360347709,0.5123834349391224,0.4995456539119399,0.5260692122312263,0.5024908425042262,0.5271821868043948,0.4990421086261281,0.45962803785728573,0.5457138750428687,0.47195657090690246,0.5184551929364203,-0.11066426808372769,0.5076481275158493,0.48879093065887674,0.5310145165257381
932,1519074097,0.4549389596474941,0.5189154481591125,0.5341072479152548,0.5390333790527111,0.5332373203645179,0.504978364843637,0.45685138895830385,0.500852392542538,0.4850362605634522,0.4928130247415652,0.5148315508050848,0.5704569925512634,0.5322264403120295,0.45591906155542455,0.533476643790401,0.5038531403440725,0.5033004999903538,0.5066719616967637,0.546079236657689,0.5036540524213017,0.5702787973009836,0.5314830100110615,-0.17069114333744284,0.5024830919291857,0.5299231164920948,0.5449038192662043,0.5303645537366019,0.4763004664085686,0.4553667947010021,0.3310820148432708,0.5119792274110068,0.5159993813068772,0.5410337679492012,0.8461004497725957,0.49619597917802466,0.5501277661079644,0.49316724897637004,0.4611016805688098,0.5151218886279982,0.4658437132635236,-0.5567771649665584,0.5459647762518727,0.43674365987631775,0.4665405042773831,-0.042223416015498456,0.5078006575542725,0.506740572536706,0.506114549345998,0.5078171000952028,0.7045030566625174,0.5078319179569213,0.538097670206269,0.4779072051937206,0.4585575826240238,0.4794328583477905,0.5401587577615484,0.5253919217972172,0.5394093744506043,0.5145840429834052,0.5172372879434197,0.5228490191181981,0.5075645616773997,0.5025628739176193,0.6499771380362229,0.5149839816696506,0.5533132023038355,0.43666902809319075,0.5121604167632416,0.46327683186342106,0.4984392040543499,0.5151914118297065,0.4656780228937253,0.5252791404193853,0.5410105170480964,0.493731681704808,0.5161157768973417,0.5369695382126565,0.4957560179836586,0.41908172619367223,0.5187313049339676,0.4786903950494865,0.5307431007373882,0.5456750030361204,1.0239796398999015,0.5162655376750176,0.5167492682924141,0.4989708485875882,-0.4466230289344445,0.49692857565698667,0.23293095931253902,0.43717150442416525,0.5369475231467928,0.5032105120558941,0.4637902928682881,0.41764189105816246,0.49430851275529425,0.513496265482375,0.550266725321402,0.5397458165810547,0.5244502747770664,0.49664323650072323,0.53628568409804,0.5325546698536313,0.5359298283586689,0.5377233221663817,0.42044224491584614,0.5107985701634109,0.43842173727685696,0.4996364545068628,0.5376442264402697,0.5242777193082545,0.5696120425317508,0.5134755780347457,0.5292486901452053,-0.4199730425052005,0.5402775168839217,0.5160447299650394,0.503349869030159,0.5313808360015347,0.5071292409757004,0.5307221276462337,0.5041218164915592,0.4619404108783192,0.550799336575783,0.4747334409424312,0.5221872028665043,-0.11066426808372769,0.5113881663129183,0.4930323028869588,0.5360763010205104
933,1519074103,0.4549389596474941,0.5189154481591125,0.5341072479152548,0.5390333790527111,0.5332373203645179,0.504978364843637,0.45685138895830385,0.500852392542538,0.4850362605634522,0.4928130247415652,0.5148315508050848,0.5704569925512634,0.5322652816436617,0.45591906155542455,0.533476643790401,0.5038531403440725,0.5033004999903538,0.5066719616967637,0.546079236657689,0.5036540524213017,0.5702787973009836,0.5314830100110615,-0.17069114333744284,0.5024830919291857,0.5299231164920948,0.5449038192662043,0.5303645537366019,0.4769957228574869,0.4553667947010021,0.3310820148432708,0.5119792274110068,0.5159993813068772,0.5410337679492012,0.5683167861257937,0.49619597917802466,0.5501277661079644,0.49316724897637004,0.4611016805688098,0.5151218886279982,0.4658437132635236,-0.5567771649665584,0.5459647762518727,0.43674365987631775,0.4665405042773831,-0.042223416015498456,0.5078006575542725,0.506740572536706,0.506114549345998,0.5078171000952028,0.704526869884451,0.5078319179569213,0.538097670206269,0.4779072051937206,0.4585575826240238,0.4794328583477905,0.5401587577615484,0.5253919217972172,0.5394093744506043,0.5145840429834052,0.5172372879434197,0.5228490191181981,0.5075645616773997,0.5025628739176193,0.5848564380632644,0.5149839816696506,0.5533132023038355,0.43666902809319075,0.5121604167632416,0.46327683186342106,0.4984392040543499,0.5151914118297065,0.4656780228937253,0.5252791404193853,0.5410105170480964,0.493731681704808,0.5161157768973417,0.5369695382126565,0.4957560179836586,0.41908172619367223,0.5187313049339676,0.4786903950494865,0.5307431007373882,0.5456750030361204,1.0239796398999015,0.5162655376750176,0.5167492682924141,0.4989708485875882,-0.4466230289344445,0.49692857565698667,0.23293095931253902,0.43717150442416525,0.5369475231467928,0.503844519303247,0.4652845434855855,0.41764189105816246,0.49430851275529425,0.513496265482375,0.550266725321402,0.5397458165810547,0.5244502747770664,0.49664323650072323,0.53628568409804,0.5325546698536313,0.5364915816500813,0.5377233221663817,0.42044224491584614,0.5107985701634109,0.43842173727685696,0.4996364545068628,0.5376442264402697,0.5242777193082545,0.5696120425317508,0.5134755780347457,0.5292486901452053,-0.4199730425052005,0.5402775168839217,0.5160447299650394,0.503349869030159,0.5313808360015347,0.5071292409757004,0.5307221276462337,0.5041218164915592,0.4619404108783192,0.550799336575783,0.4747334409424312,0.5221872028665043,-0.11066426808372769,0.5113881663129183,0.4930323028869588,0.5360763010205104
934,1519074109,0.45703113918159294,0.5212383957029194,0.5360873902504996,0.5412814342652759,0.5356004632054949,0.5078429189308087,0.4582470974207569,0.5025800751297407,0.48641348890270536,0.4952373582587444,0.5177804925620179,0.5725468620782952,0.5348961345062238,0.4580123788030481,0.5359508895832545,0.5057618233293357,0.5059952961452445,0.5084635356897786,0.5488513807908225,0.5055594412254018,0.5723764670407967,0.5334595050084231,-0.17069114333744284,0.5056778510250651,0.5323994667690195,0.5473076240851251,0.5328420329500835,0.47838623575532363,0.4567608775664538,0.3325696969012152,0.5144727659580461,0.5183527170491073,0.5432424248121805,0.5683167861257937,0.4988569066055451,0.5521623640584459,0.494988491344699,0.46310924038393814,0.5170810333594826,0.4665906172318142,-0.5567771649665584,0.5483628545688352,0.43899745233970683,0.46803581180386467,-0.042223416015498456,0.5101184276493647,0.5079340592664945,0.5084995784845066,0.510971412861221,0.7073628081329024,0.5090267343339646,0.5402970586678203,0.47998474853427103,0.4598930569447915,0.4808269615244107,0.5434680854357917,0.5279010217563938,0.5416177791492749,0.5171518347555868,0.5188084005341476,0.5247134820847028,0.5087226705617014,0.505112718555364,0.578001627539795,0.5179189875952217,0.555860301530732,0.43892196644053594,0.5140330749838736,0.46461606352181745,0.5001631031437026,0.5172564266958577,0.46790533647387356,0.5277817691250151,0.5437697820907468,0.4955454172218858,0.5182083987179851,0.5391727730225175,0.49841715239978995,0.42122579114016995,0.5210492842266337,0.480082836247536,0.5325171220411287,0.5480775322158379,1.0241252662921567,0.5183561068042862,0.5185208187317873,0.5018477180570188,-0.44661139179690174,0.4990520884547942,0.23293095931253902,0.43792088525260275,0.5397592089633034,0.5057465410453059,0.46603166879423424,0.4183549602416628,0.4950342464236479,0.5160758734786455,0.5523047502299998,0.5419453473869229,0.5263213210497759,0.49877460304733706,0.538533484734266,0.5350272920224716,0.5387385948157308,0.540543079041412,0.4218709261416063,0.5145414522154411,0.4391719165051744,0.5025135389046017,0.5410327949274758,0.5261435681356533,0.5717090795046794,0.5160394061471233,0.531228614392307,-0.41949577489053613,0.5430356299146408,0.517613856404718,0.5052519765892686,0.5331513772583042,0.5100282400203718,0.5324920980671531,0.5066616704242748,0.4628653600867326,0.5528335211889487,0.4758441889566427,0.5240532078315464,-0.11066426808372769,0.5138815255109643,0.49545594416014854,0.538325983018187
935,1519074114,0.4591233187156918,0.5229806063607746,0.5380675325857442,0.5435294894778405,0.5373728203362278,0.5092751959743945,0.45964280588321005,0.5043077577169434,0.4877907172419585,0.49705560839662877,0.5195498576161777,0.574114264223569,0.537436357594977,0.45940792363479716,0.5379302862175372,0.507670506314599,0.50734269422269,0.5108523010137985,0.5516235249239559,0.5074648300295019,0.5739497193456565,0.5354360000057848,-0.17069114333744284,0.5075947064825928,0.5343805469905594,0.5491104776993156,0.5348240163208687,0.4797767486531603,0.45815496043190546,0.33455327297847437,0.5175896891418452,0.5201177188557801,0.5454510816751599,0.8461004497725957,0.5009856485475614,0.5541969620089273,0.49680973371302806,0.4644476135940237,0.5195299642738381,0.46883132913668624,-0.5567771649665584,0.5495618937273165,0.44049998064863294,0.4695311193303463,-0.042223416015498456,0.5118567552206839,0.5097242893611771,0.5102883503383879,0.5134948630740357,0.7101698818699193,0.5108189588995294,0.5424964471293716,0.4813697774279714,0.4612285312655591,0.4822210647010309,0.5456743038852874,0.5299083017237349,0.5438261838479455,0.5192060681733319,0.5203795131248753,0.5265779450512076,0.5110388883303046,0.5083000243525448,0.6465497327744882,0.5196799911505643,0.5578979809122492,0.4411749047878811,0.5159057332045055,0.46595529518021384,0.5018870022330553,0.5198376952785466,0.46939021219397237,0.5297838720895188,0.5465290471333971,0.4973591527389635,0.5203010205386285,0.5413760078323785,0.5005460599326951,0.42194047945566915,0.5227877686961332,0.48217149804461024,0.5354738242140294,0.5492787968056967,1.0242708926844117,0.5199240336512377,0.520882885984285,0.503573839738677,-0.4465968453749733,0.5017064794520536,0.23293095931253902,0.43941964690947777,0.5420085576165118,0.5089165772820706,0.4675259194115317,0.4197810986086634,0.4964857137603553,0.5181395598756617,0.554852281365747,0.5441448781927911,0.5281923673224853,0.500905969593951,0.5413432355295484,0.5370053897575436,0.5415473612727927,0.5433628359164421,0.42329960736736644,0.5164128932414563,0.4406722749618093,0.504239789543245,0.5432918405856132,0.5280094169630521,0.5732818572343757,0.5180904686370252,0.5332085386394088,-0.4191775964807599,0.54579374294536,0.5191829828443967,0.508422155854451,0.5349219185150736,0.5117676394471746,0.5342620684880726,0.5085665608738114,0.46379030929514603,0.5548677058021144,0.47639956296374847,0.5259192127965885,-0.11066426808372769,0.5163748847090103,0.49727367511504084,0.5405756650158636
936,1519074120,0.46051810507175767,0.5247228170186298,0.5405427105048002,0.5463395584935464,0.5391451774669607,0.5107074730179804,0.4617363685768897,0.5066113344998802,0.4891679455812117,0.499479941913808,0.5224987993731107,0.5756816663688429,0.5400439056585596,0.46080346846654624,0.5404045320103907,0.5102154169616167,0.5086900923001353,0.5126438750068135,0.5538412402304628,0.5093702188336021,0.5755229716505164,0.5384007425018273,-0.17069114333744284,0.5095115619401204,0.5363616272120992,0.5503123801087759,0.536805999691654,0.4811672615509969,0.45954904329735713,0.33604095503641873,0.5200832276888846,0.5230593885335678,0.5476597385381392,0.8461004497725957,0.5031143904895777,0.5567402094470292,0.499845137660243,0.46578598680410926,0.5214891090053225,0.47032513707326756,-0.5567771649665584,0.5513604524650384,0.44200250895755905,0.4717740806200687,-0.042223416015498456,0.5135950827920029,0.5109177760909656,0.5126733794768964,0.5153874507336467,0.7129841717347947,0.5126111834650944,0.5452456827063107,0.48275480632167167,0.46323174274671064,0.4843122194659612,0.5484320769471568,0.5319155816910762,0.5465866897212838,0.5217738599455135,0.5224743299125124,0.5290638956732138,0.5121969972146063,0.5102124078308534,0.6431223275127536,0.521440994705907,0.5599356602937664,0.4426768636861112,0.5177783914251375,0.4672945268386102,0.5047601673819765,0.5224189638612355,0.47087508791407123,0.5317859750540227,0.5492883121760473,0.4991728882560412,0.5223936423592718,0.5441300513447048,0.5032071943488264,0.4233698560866676,0.5245262531656327,0.4835639392426598,0.5372478455177699,0.5510806936904848,1.0244165190766668,0.5220146027805064,0.5238354700499072,0.5052999614203353,-0.44658520823743053,0.5038299922498611,0.23293095931253902,0.4409184085663528,0.5453825805963245,0.5108185990241294,0.4690201700288291,0.42120723697566403,0.4979371810970627,0.5212350894711864,0.5568903062743448,0.5468942917001264,0.530687095686098,0.5035701777772182,0.5447149364838874,0.5389834874926158,0.5437943744384423,0.5456186414164663,0.42401394798024655,0.5189081479428098,0.44292281264676164,0.5065414570614362,0.5455508862437506,0.5311191650087169,0.5748546349640722,0.5201415311269273,0.5351884628865105,-0.4188594180709837,0.5485518559760791,0.5207521092840753,0.5115923351196336,0.5366924597718431,0.5135070388739775,0.5372120191896049,0.5117413782897058,0.4651777331077661,0.5569018904152802,0.47806568498506574,0.5284072194166445,-0.11066426808372769,0.5194915837065678,0.4990914060699332,0.5428253470135402
937,1519074125,0.46400507096192234,0.52820723833434,0.5445029951752897,0.5502736551155347,0.5426898917284263,0.5128558885833591,0.4645277855017959,0.5100666996742855,0.4926110164293445,0.5031164421895769,0.5254477411300437,0.5782940032776327,0.5422837557826897,0.4635945581300443,0.5443633252789563,0.5133965552703887,0.511384888455026,0.5162270229928435,0.5577222420168497,0.5138161260431692,0.5781450588252827,0.5428478562458912,-0.17069114333744284,0.5139842246743515,0.5403237876551789,0.5527161849276967,0.5407699664332245,0.4839482873466703,0.4623372090282605,0.33951221317162233,0.5232001508726837,0.525412724275798,0.5515248880483531,0.5683167861257937,0.5068396888881064,0.5608094053479921,0.502273460818015,0.4691319198293232,0.5258971846511623,0.4725658489781395,-0.5567771649665584,0.5537585307820009,0.44425630142094813,0.47401704190979116,-0.042223416015498456,0.5170717379346412,0.5133047495505424,0.515058408615405,0.518541763499665,0.7156245529182765,0.5167930407847459,0.5479949182832499,0.4855248641090723,0.4665704285486298,0.4871004258192016,0.5517414046214001,0.5359301416257588,0.5487950944199543,0.5248552100721313,0.5261402592908773,0.5321713339507216,0.5168294327518129,0.5133997136280343,0.6054208696336724,0.5237889994463638,0.5640110190568007,0.44568078148257145,0.5215237078664013,0.47064260598460117,0.5093572316202504,0.5255164861604622,0.4731024014942195,0.5362907067241564,0.5525994302272278,0.5021957807845041,0.5255325750902369,0.5463332861545659,0.5069327825314103,0.4269432976641638,0.5285827169277985,0.48634882163875875,0.5407958881252509,0.5534832228702024,1.0246592297304251,0.5246278141920921,0.5267880541155292,0.509327578677538,-0.44656193396234506,0.5070152614465724,0.23293095931253902,0.44316655105166536,0.5493189407394393,0.5139886352608942,0.4712615459547753,0.42477258289316555,0.5008401157704774,0.5243306190667109,0.5609663560915403,0.5490938225059946,0.5325581419588074,0.506767227597139,0.5486485875972829,0.5434342073965281,0.547726647478329,0.5495663010415086,0.4275856510446469,0.5214034026441634,0.4459235295600314,0.5099939583387229,0.5500689775600254,0.5329850138361157,0.5774759311802329,0.5232181248617803,0.5396432924424894,-0.4182230612514312,0.5518615916129421,0.5233673200168731,0.5147625143848162,0.5402335422853821,0.5169858377275832,0.5407519600314438,0.5149161957056003,0.46702763152459287,0.5609702596416115,0.4802871810134887,0.5302732243816866,-0.11066426808372769,0.5219849429046137,0.5027268679797178,0.5473247110088935
938,1519074131,0.4653998573179882,0.5311109227640987,0.5474732086781567,0.5530837241312407,0.5444622488591592,0.5142881656269449,0.465923493964249,0.5135220648486908,0.4953654731078508,0.5049346923274612,0.5272171061842035,0.5798614054229065,0.5446712029670225,0.46499010296179333,0.546342721913239,0.5159414659174064,0.5127322865324715,0.5174214056548535,0.5604943861499833,0.5169917740500027,0.5797183111301425,0.5448243512432528,-0.17069114333744284,0.5165400319510549,0.5428001379321037,0.5545190385418872,0.5432474456467061,0.48533880024450693,0.4651253747591638,0.3409998952295667,0.5250703047829632,0.5271777260824706,0.5542857091270772,0.45720332066707287,0.5095006163156267,0.5628440032984735,0.5040947031863441,0.4711394796444515,0.5278563293826467,0.4755534648513022,-0.5567771649665584,0.5549575699404822,0.44575882972987424,0.47626000319951356,-0.042223416015498456,0.5199689505535064,0.5168852097399077,0.5162509231846593,0.5210652137124796,0.7185896598553979,0.5185852653503107,0.5512940009755768,0.48690989300277265,0.4685736400297813,0.4891915805841319,0.5544991776832695,0.5384392415849354,0.5521077014679603,0.5269094434898766,0.5277113718816051,0.5346572845727278,0.5185665960782654,0.515949558265779,0.6294127064658149,0.5255500030017064,0.5660486984383178,0.4464317609316865,0.524644804900788,0.47198183764299756,0.511081130709603,0.5275815010266133,0.4745872772143183,0.5387933354297861,0.554806842261348,0.505218673312967,0.5271020414557194,0.5496381383693575,0.5090616900643153,0.4290873626106615,0.5309006962204645,0.488437483435833,0.5425699094289914,0.554684487460061,1.0248533982534318,0.5261957410390437,0.5285596045549025,0.5110537003591963,-0.4465473875404166,0.5096696524438318,0.23293095931253902,0.4469134551938529,0.5521306265559499,0.515890657002953,0.47275579657207273,0.4276248596271668,0.5037430504438922,0.5263943054637272,0.5630043810001382,0.5523931187147969,0.5356765524133231,0.5088985941437527,0.5508963882335087,0.5454123051316003,0.5499736606439786,0.5523860579165388,0.4290143322704071,0.5245224710208553,0.44667370878834883,0.5117202089773663,0.5528927846326971,0.5354728122726475,0.5790487089099293,0.5252691873516823,0.5416232166895912,-0.417904882841655,0.5540680820375176,0.5265055728962306,0.5166646219439258,0.5431844443799979,0.5193050369633203,0.5425219304523632,0.5180910131214947,0.4679525807330063,0.5635129904080687,0.4808425550205945,0.5327612310017427,-0.11066426808372769,0.5238549623031482,0.5051505092529075,0.5506992340054084
939,1519074137,0.4667946436740541,0.5328531334219538,0.5494533510134014,0.5558937931469466,0.5474161774103805,0.5171527197141167,0.46801705665792864,0.5152497474358935,0.4974313156167305,0.5073590258446404,0.5295762595897499,0.5829962097134543,0.54713633281462,0.46778119262529144,0.5493118168646631,0.5184863765644241,0.5154270826873623,0.5210045536408834,0.5638209591097435,0.5195322924554696,0.5833892331748154,0.5468008462406144,-0.17069114333744284,0.5184568874085825,0.5447812181536436,0.5569228433608079,0.5452294290174914,0.4881198260401803,0.4665194576246155,0.34347936532614065,0.5275638433300025,0.5307077296958159,0.5581508586372911,-0.43170440300269347,0.5132259147141554,0.564878601248955,0.5083442687124451,0.47314703945957987,0.5303052602970022,0.47630036881959287,-0.5567771649665584,0.558554687415926,0.44951515050218943,0.4777553107259952,-0.042223416015498456,0.5217072781248256,0.5192721831994846,0.519828466892422,0.5248503890317016,0.721411165848132,0.5203774899158756,0.5551429307832916,0.4896799507901733,0.46990911435054894,0.4905856837607521,0.5583600599698867,0.5404465215522766,0.5559724096906338,0.5305043519709307,0.5298061886692421,0.5383862105057371,0.520303759404718,0.5178619417440875,0.41005876971479677,0.5290720101123917,0.5685957976652143,0.44793371982991664,0.5277659019351746,0.47466030095979034,0.5128050297989557,0.53067902332584,0.4782994665145654,0.5412959641354159,0.5581179603125284,0.5088461443471225,0.5302409741866844,0.5534937992866142,0.512255051363673,0.4312314275571592,0.5337981703362972,0.4898299246338825,0.5443439307327318,0.5588889135245667,1.0250961089071902,0.5293315947329467,0.5309216718074002,0.5145059437225129,-0.44653575040287385,0.513385799839995,0.23293095931253902,0.4476628360222904,0.5549423123724605,0.5196947004870707,0.47649142311531634,0.4283379288106671,0.5059202514489533,0.5294898350592517,0.5650424059087359,0.5556924149235992,0.5387949628678389,0.5131613272369804,0.5537061390287913,0.5483794517342085,0.5539059336838652,0.554641863416563,0.4318716947219274,0.5282653530728856,0.44967442570161864,0.5151727102546529,0.5551518302908345,0.5385825603183122,0.5816700051260899,0.5288585467090108,0.5436031409366929,-0.4174276152269906,0.5579294402805244,0.5285977414824689,0.5192007653560718,0.5449549856367674,0.5210444363901231,0.5442919008732826,0.5206308670542102,0.4688775299414197,0.5655471750212343,0.481953303034806,0.5371152425868407,-0.11066426808372769,0.5275950011002172,0.5087859711626922,0.5535113365025042
940,1519074142,0.46888682320815295,0.5345953440798089,0.5514334933486462,0.5581418483595114,0.5491885345411134,0.5185849967577025,0.46941276512038177,0.516977430023096,0.4988085439559836,0.5091772759825248,0.5313456246439097,0.5845636118587282,0.549811205853032,0.469874509872915,0.5512912134989458,0.5203950595496873,0.5167744807648076,0.5221989363028934,0.5660386744162503,0.5214376812595698,0.5849624854796752,0.5487773412379762,-0.17069114333744284,0.5203737428661102,0.5472575684305683,0.5587256969749984,0.5472114123882766,0.48951033893801693,0.46791354049006717,0.344967047384085,0.5306807665138017,0.5324727315024885,0.5603595155002704,0.6794302515845145,0.5153546566561716,0.5669131991994364,0.510165511080774,0.47448541266966543,0.5322644050284866,0.4777941767561742,-0.5567771649665584,0.5603532461536479,0.45101767881111554,0.4792506182524768,-0.042223416015498456,0.5234456056961447,0.520465669929273,0.5210209814616763,0.5267429766913125,0.7242196828107205,0.521572306292919,0.5573423192448428,0.4910649796838736,0.47124458867131663,0.4919797869373723,0.5605662784193823,0.5424538015196179,0.5587329155639721,0.532558585388676,0.53137730125997,0.5402506734722419,0.5220409227311704,0.5197743252223961,0.6465497327744882,0.5308330136677343,0.5706334770467315,0.4501866581772618,0.5296385601558065,0.4759995326181867,0.5145289288883085,0.533260291908529,0.47904190437461486,0.5432980670999198,0.5608772253551787,0.5106598798642003,0.5318104405521669,0.5556970340964753,0.5143839588965781,0.4319461158726584,0.5355366548057967,0.491222365831932,0.5467092924710525,0.5606908104093549,1.0252417352994452,0.5308995215798981,0.5332837390598979,0.5162320654041712,-0.4465241132653311,0.5155093126378024,0.23293095931253902,0.44916159767916547,0.557191661025669,0.5215967222291296,0.47723854842396507,0.42976406717766774,0.5073717187856607,0.5315535214562681,0.5675899370444831,0.5584418284309345,0.5419133733223547,0.5152926937835942,0.5565158898240737,0.5503575494692807,0.5561529468495148,0.5568976689165872,0.43330037594768755,0.5301367940989007,0.4504246049299361,0.5168989608932962,0.5574108759489719,0.541070358754844,0.5832427828557863,0.5309096091989128,0.5455830651837947,-0.4171094368172144,0.5601359307050997,0.5301668679221475,0.5223709446212544,0.5467255268935368,0.5233636356258603,0.5460618712942021,0.5225357575037469,0.4698024791498331,0.5675813596344,0.4830640510490175,0.5389812475518828,-0.11066426808372769,0.5294650204987517,0.5106037021175844,0.5557610185001808
941,1519074148,0.4723737890983177,0.5392412391674227,0.556383849186758,0.563199972587782,0.5545056059333119,0.5207334123230812,0.4729020362765145,0.5215845835889699,0.5015630006344899,0.5146320263961781,0.5360639314550025,0.5876984161492759,0.5521805270826031,0.4726655995364131,0.5552500067675114,0.5254848808437227,0.5194692769196984,0.5257820842889234,0.570474105029264,0.5258835884691369,0.5881089900893949,0.5537185787313803,-0.08572961197044983,0.5254853574195172,0.551219728873648,0.5623314042033795,0.5511753791298473,0.4922913647336903,0.4707017062209705,0.3479424114999738,0.5344210743343607,0.5365910690513914,0.565328993441974,-0.8206015321082163,0.5196121405402043,0.5725083435632603,0.5156292381857611,0.47783134569487934,0.5361826944914554,0.4830225045342088,-0.5567771649665584,0.563350844049851,0.4532714712745047,0.4829888870686808,-0.042223416015498456,0.526922260838783,0.5240461301186383,0.524002267884812,0.5305281520105345,0.7270361375139536,0.5245593472355271,0.5617410961679454,0.4938350374712742,0.4745832744732358,0.49546504487892284,0.5649787153183734,0.547472001437971,0.563701826135981,0.5371806105786028,0.5345195264414255,0.5439795994052512,0.526673358268377,0.5242365533384493,0.30380920660102234,0.5343550207784195,0.5757276755005244,0.4539415554228371,0.5340080960039477,0.4786779959349795,0.5191259931265824,0.537906575357369,0.48201165581481253,0.5473022730289274,0.5652920494234193,0.5142873508983558,0.5354725287382928,0.5606543124186627,0.5197062277288408,0.4355195574501546,0.5390136237447959,0.4960959100251052,0.5502573350785335,0.5636939718840018,1.0258242408684655,0.5340353752738011,0.5374173567517688,0.5196843087674878,-0.4465008389902456,0.5197563382334175,0.23293095931253902,0.451409740164478,0.5622526954953879,0.5254007657132472,0.48022704965855995,0.432616343911669,0.5095489197907217,0.5361968158495548,0.5716659868616787,0.5644905381470721,0.5462791479586768,0.5206211101501288,0.5610114910965256,0.5543137449394251,0.5606469731808139,0.5619732312916416,0.4354433977863278,0.533879676150931,0.4541755010715233,0.5203514621705829,0.5630584900943154,0.5472898548461734,0.5869125975584113,0.5350117341787168,0.5500378947397736,-0.41599581238299754,0.5645489115542504,0.5338281629480645,0.5261751597394735,0.5502666094070757,0.526842434479466,0.5519617726972669,0.5269805018859991,0.4753521744003134,0.5716497288607314,0.48861779112007503,0.5433352591369809,-0.11066426808372769,0.5332050592958206,0.514239164027369,0.5608228029949531
942,1519074153,0.4723737890983177,0.5392412391674227,0.556383849186758,0.5637619863909232,0.5545056059333119,0.5207334123230812,0.4729020362765145,0.5215845835889699,0.5015630006344899,0.5146320263961781,0.5360639314550025,0.5876984161492759,0.5548631683873415,0.4726655995364131,0.5552500067675114,0.5261211085054771,0.5194692769196984,0.5257820842889234,0.570474105029264,0.5258835884691369,0.5886334075243481,0.5537185787313803,-0.08572961197044983,0.5254853574195172,0.551219728873648,0.5623314042033795,0.5511753791298473,0.4922913647336903,0.4707017062209705,0.3479424114999738,0.5344210743343607,0.5365910690513914,0.565328993441974,0.7349869843138749,0.5196121405402043,0.5725083435632603,0.5156292381857611,0.47783134569487934,0.5361826944914554,0.4830225045342088,-0.5567771649665584,0.563350844049851,0.4532714712745047,0.4829888870686808,-0.042223416015498456,0.526922260838783,0.5240461301186383,0.524002267884812,0.5305281520105345,0.729844654476542,0.5257541636125703,0.5617410961679454,0.4938350374712742,0.47525101163361966,0.49546504487892284,0.5649787153183734,0.547472001437971,0.563701826135981,0.5371806105786028,0.5350432306383348,0.5439795994052512,0.5272524127105278,0.5242365533384493,0.6499771380362229,0.5343550207784195,0.5757276755005244,0.4539415554228371,0.5340080960039477,0.4786779959349795,0.5191259931265824,0.537906575357369,0.48201165581481253,0.5473022730289274,0.5652920494234193,0.5142873508983558,0.5354725287382928,0.5606543124186627,0.5197062277288408,0.4355195574501546,0.5390136237447959,0.4960959100251052,0.5502573350785335,0.5642946041789312,1.0258242408684655,0.5340353752738011,0.5374173567517688,0.5196843087674878,-0.4465008389902456,0.5197563382334175,0.23293095931253902,0.451409740164478,0.5622526954953879,0.5254007657132472,0.48022704965855995,0.4340424822786696,0.5095489197907217,0.5361968158495548,0.5716659868616787,0.5644905381470721,0.5462791479586768,0.5206211101501288,0.5610114910965256,0.5543137449394251,0.5606469731808139,0.5619732312916416,0.4354433977863278,0.533879676150931,0.4541755010715233,0.5203514621705829,0.5630584900943154,0.5472898548461734,0.5869125975584113,0.5350117341787168,0.5505328758015491,-0.41599581238299754,0.5645489115542504,0.5338281629480645,0.5261751597394735,0.5502666094070757,0.526842434479466,0.5519617726972669,0.5269805018859991,0.4753521744003134,0.5716497288607314,0.48861779112007503,0.5433352591369809,-0.11066426808372769,0.5332050592958206,0.514239164027369,0.5608228029949531
943,1519074159,0.47376857545438356,0.5415641867112295,0.5583639915220028,0.566010041603488,0.5562779630640448,0.5221656893666671,0.47429774473896763,0.5233122661761724,0.5036288431433696,0.5164502765340625,0.5378332965091623,0.5892658182945497,0.5575043789383388,0.4740611443681621,0.557229403401794,0.5280297914907404,0.5208166749971438,0.5269764669509333,0.5738006779890242,0.5284241068746037,0.590206659829208,0.555695073728742,-0.17069114333744284,0.5274022128770448,0.5536960791505727,0.5647352090223001,0.5531573625006325,0.49507239052936364,0.47279283051914806,0.34943009355791815,0.5362912282446402,0.538356070858064,0.5680898145206981,0.7349869843138749,0.5222730679677248,0.5745429415137417,0.51745048055409,0.4791697189049649,0.5381418392229398,0.48451631247079013,-0.5567771649665584,0.5645498832083323,0.45477399958343073,0.48373654083192164,-0.042223416015498456,0.5286605884101022,0.5264331035782153,0.5251947824540663,0.5336824647765528,0.7326654388564903,0.5269489799896137,0.5644903317448845,0.49522006636497456,0.4765864859543873,0.49685914805554304,0.5671849337678689,0.5499811013971476,0.5659102308346515,0.539234843996348,0.5366143432290625,0.547087037682759,0.5289895760369803,0.5261489368167578,0.6431223275127536,0.5361160243337622,0.5777653548820416,0.4554435143210672,0.5371291930383343,0.4800172275933759,0.520849892215935,0.5399715902235201,0.48275409367486194,0.5493043759934313,0.5674994614575395,0.516705664921126,0.5370419951037753,0.5628575472285237,0.5218351352617459,0.43694893408115304,0.5407521082142954,0.4974883512231547,0.5532140372514343,0.56549586876879,1.0259698672607205,0.5356033021207526,0.5391889071911421,0.5214104304491461,-0.4464862925683172,0.5224107292306769,0.23293095931253902,0.4544072634782281,0.5645020441485964,0.5273027874553061,0.4824684255845061,0.4347555514621699,0.5117261207957827,0.5382605022465712,0.5742135179974259,0.5666900689529403,0.5481501942313862,0.5227524766967426,0.5632592917327516,0.5562918426744972,0.5628939863464635,0.5642290367916658,0.4368720790120879,0.5357511171769461,0.4556758595281582,0.5220777128092263,0.5653175357524528,0.5491557036735722,0.589533893774572,0.5370627966686188,0.5525128000486508,-0.4156776339732213,0.5667554019788257,0.5359203315343026,0.5280772672985831,0.5543978723395379,0.5297414335241374,0.5537317431181863,0.5288853923355358,0.4762771236087268,0.5752095519337714,0.48972853913428654,0.545201264102023,-0.11066426808372769,0.5350750786943551,0.5172687156188562,0.5636349054920489
944,1519074165,0.4765581481665153,0.5462100817988433,0.5623242761924923,0.5716301796348998,0.5604134630357547,0.5257463819756317,0.47708916166387383,0.5267676313505778,0.5063832998218759,0.5200867768098313,0.5425516033202552,0.5929230899668554,0.5595992214243749,0.47824777886340925,0.5616830458289304,0.5331196127847757,0.5241851701907573,0.5311568062679682,0.5787905374286646,0.5322348844828041,0.5944019993088341,0.5596480637234654,-0.17069114333744284,0.5325138274304518,0.5586487797044224,0.5695428186601416,0.5581123209275957,0.49924392922287364,0.4755809962500514,0.3529013516931217,0.5400315360651992,0.5430627423425244,0.5725071282466567,-1.042828463025658,0.5265305518517575,0.5791207869023249,0.5210929652907481,0.48184646532513603,0.5425499148687796,0.48675702437566215,-0.5567771649665584,0.5681470006837762,0.459281584510209,0.48672715588488485,-0.042223416015498456,0.5338755711240596,0.5288200770377921,0.5293685834464561,0.5380985026489784,0.7354638532400767,0.5299360209322218,0.5688891086679871,0.49868263859922535,0.4792574345959226,0.49964735440878344,0.5721489252792339,0.5544974813236654,0.5703270402319928,0.5438568691862747,0.5397565684105182,0.5508159636157683,0.5330429571320361,0.5312486260922472,0.2626803434602064,0.5413990349997899,0.5823501334904552,0.4576964526684124,0.5408745094795983,0.48336530673936684,0.5242976903946405,0.5441016199558224,0.486466282975109,0.5543096334046909,0.5719142855257799,0.5203331359552815,0.5407040832899012,0.5672640168482458,0.526092950327556,0.43909299902765075,0.5459675616227941,0.5002732336192537,0.5567620798589152,0.5697002948332957,1.0263096621759822,0.5392617980969727,0.5427320080698886,0.5254380477063488,-0.446460109008846,0.526657754826292,0.23293095931253902,0.4566554059635406,0.5695630786183155,0.5323748454341296,0.48695117743639843,0.4376078281961711,0.5146290554691976,0.542903796639858,0.5782895678146215,0.5710891305646767,0.5518922867768051,0.5270152097899703,0.5677548930052035,0.5607425625784096,0.5679497659691749,0.5693045991667202,0.4404437820764883,0.5401178129043148,0.45792639721311057,0.5261056309660608,0.5704003884832619,0.5528874013283699,0.5937279677204291,0.5421904528933738,0.5569676296046298,-0.41488218794878073,0.5717200054341203,0.5390585844136601,0.5318814824168021,0.558529135272,0.5343798319956116,0.5578616741003316,0.5333301367177881,0.4785894966297603,0.5797864673133942,0.4919500351627095,0.5489332740321071,-0.11066426808372769,0.5400617970904471,0.5209041775286408,0.5681342694874021
945,1519074170,0.4779529345225812,0.5479522924566985,0.5643044185277369,0.5733162210443233,0.5621858201664875,0.5271786590192176,0.4784848701263269,0.5284953139377805,0.507760528161129,0.5212989435684209,0.5431413916716418,0.5939680247303714,0.5621653387342164,0.4796433236951583,0.5636624424632131,0.5343920681082845,0.5255325682682026,0.5323511889299782,0.5804538239085447,0.5335051436855375,0.5954508341787407,0.5616245587208271,-0.08572961197044983,0.5337917310688035,0.5606298599259621,0.5707447210696018,0.560094304298381,0.5006344421207103,0.4769750791155031,0.3543890337510661,0.5419016899754786,0.543651076278082,0.5736114566781464,0.5127600533964333,0.5275949228227657,0.5811553848528064,0.521700046080191,0.48318483853522154,0.544509059600264,0.4882508323122435,-0.5567771649665584,0.5693460398422574,0.4607841128191351,0.4874748096481257,-0.042223416015498456,0.5356138986953788,0.5300135637675806,0.5305610980157104,0.5393602277553857,0.7382622676236631,0.531130837309265,0.5688891086679871,0.5000676674929256,0.48126064607707414,0.5010414575854036,0.5732520345039817,0.5565047612910067,0.5703270402319928,0.5448839858951474,0.5408039768043367,0.5508159636157683,0.5347801204584886,0.5325235484111196,0.6396949222510189,0.5425730373700184,0.5843878128719724,0.45919841156664254,0.5414987288864755,0.48470453839776323,0.5260215894839931,0.545134127388898,0.4879511586952079,0.5563117363691947,0.5735698445513702,0.5215422929666667,0.5417503942002229,0.5672640168482458,0.5271574040940086,0.4405223756586492,0.5477060460922937,0.5016656748173033,0.5585361011626557,0.5709015594231545,1.0264067464374855,0.5403070826616071,0.5439130416961374,0.5271641693880071,-0.4464484718713032,0.5277195112251957,0.23293095931253902,0.4581541676204156,0.5712500901082218,0.5336428599288355,0.48844542805369584,0.43974703574667207,0.5153547891375512,0.5439356398383662,0.5803275927232193,0.5710891305646767,0.5518922867768051,0.5280808930632772,0.5694407434823731,0.5627206603134817,0.5696350258434121,0.5709964532917383,0.4411581226893684,0.5413654402549916,0.45942675566974545,0.5278318816047042,0.572094672726865,0.5528874013283699,0.5947764862068934,0.5432159841383248,0.5589475538517316,-0.4145640095390045,0.5728232506464079,0.5401046687067792,0.5331495541228752,0.5602996765287694,0.5361192314224145,0.559631644521251,0.5346000636841458,0.4795144458381737,0.58182065192656,0.4925054091698153,0.5489332740321071,-0.11066426808372769,0.5406851368899586,0.5221159981652358,0.5698215309856596
946,1519074176,0.48004511405668,0.5496945031145536,0.5662845608629816,0.5761262900600292,0.5639581772972204,0.5278947975410104,0.48057843282000656,0.5302229965249831,0.5091377565003822,0.5231171937063053,0.5460903334285747,0.5955354268756452,0.5645968060943991,0.4810388685269073,0.5656418390974958,0.5375732064170566,0.526879966345648,0.5335455715919882,0.5832259680416783,0.5354105324896377,0.5970240864836004,0.5640951774675291,-0.08572961197044983,0.5357085865263311,0.562610940147502,0.5719466234790622,0.5620762876691663,0.5020249550185469,0.47836916198095475,0.3568685038476401,0.5443952285225179,0.5465927459558697,0.5758201135411257,0.45720332066707287,0.530255850250286,0.5836986322909082,0.5235212884485201,0.4851923983503499,0.5469579905146195,0.49049154421711544,-0.5567771649665584,0.5705450790007387,0.46153537697359814,0.48897011717460725,-0.042223416015498456,0.5373522262666979,0.5318037938622632,0.5317536125849647,0.542514540521404,0.7410837736163972,0.5323256536863084,0.5721881913603141,0.5021452108334762,0.48326385755822565,0.5024355607620239,0.5754582529534773,0.558512041258348,0.5736396472799986,0.5474517776673289,0.5423750893950645,0.5533019142377745,0.5365172837849411,0.5357108542083004,0.6328401117275496,0.544334040925361,0.5864254922534895,0.4614513499139877,0.5433713871071074,0.4860437700561596,0.52832012160313,0.5477153959715869,0.4894360344153067,0.5583138393336986,0.5763291095940205,0.5233560284837444,0.5433198605657054,0.5711196777655027,0.5292863116269136,0.44195175228964767,0.5494445305617932,0.5037543366143775,0.5614928033355565,0.5721028240130132,1.0265523728297405,0.5418750095085585,0.5468656257617596,0.5294656649635515,-0.44643392544937477,0.5298430240230032,0.23293095931253902,0.4589035484488531,0.5734994387614303,0.5368128961656002,0.4891925533623446,0.44117317411367263,0.5168062564742586,0.5465152478346367,0.583384630086116,0.5749383094749461,0.5550106972313209,0.530212259609891,0.5733743945957684,0.5651932824823219,0.572443792300474,0.5738162101667685,0.44258680391512856,0.5432368812810067,0.46167729335469776,0.5295581322433475,0.5743537183850024,0.5566190989831675,0.5963492639365897,0.5452670466282268,0.5609274780988333,-0.41424583112922825,0.5755813636771271,0.5416737951464579,0.5375878050941308,0.5620702177855389,0.5378586308492173,0.561991605082477,0.5365049541336825,0.48043939504658706,0.5838548365397257,0.4936161571840268,0.5526652839621912,-0.11066426808372769,0.5438018358875161,0.523933729120128,0.5720712129833362
947,1519074182,0.48143990041274587,0.5514367137724088,0.5687597387820376,0.5794983728788764,0.5663213201381975,0.5293270745845963,0.4819741412824597,0.5331024675036542,0.5112035990092618,0.5267536939820742,0.5484494868341212,0.597625296402677,0.5666838803141088,0.4831321857745309,0.5681160848903493,0.5407543447258287,0.5282273644230934,0.5353371455850032,0.5865525410014385,0.5379510508951045,0.5996461736583668,0.5670599199635716,-0.17069114333744284,0.5389033456222105,0.5645920203690419,0.5743504282979829,0.5640582710399515,0.5034154679163836,0.4797632448464064,0.35835618590558443,0.5481355363430769,0.5489460816980999,0.5791330988355947,0.1238629242909105,0.5334489631633106,0.5857332302413897,0.5271637731851782,0.48719995816547823,0.5489171352461039,0.49198535215369676,-0.5567771649665584,0.5729431573177013,0.4637891694369873,0.4919607322275705,-0.042223416015498456,0.5390905538380171,0.5335940239569459,0.5347348990081003,0.5456688532874223,0.7438590963908359,0.5353126946289165,0.575487274052641,0.5035302397271765,0.4845993318789933,0.5052237671152643,0.5787675806277206,0.5605193212256893,0.5775043555026722,0.5505331277939467,0.5449936103796108,0.5564093525152823,0.5394125559956953,0.537623237686609,0.619130490680611,0.5466820456658178,0.588972591480386,0.4629533088122178,0.5464924841414941,0.487383001714556,0.5317679197818355,0.5518454257038892,0.49092091013540556,0.5608164680393284,0.580192080653731,0.5257743425065148,0.5454124823863487,0.5749753386827594,0.5330118998094975,0.4440958172361454,0.5517625098544593,0.505146777812427,0.563266824639297,0.5745053531927307,1.0267465413527475,0.5444882209201444,0.5504087266405061,0.5311917866452098,-0.44642228831183206,0.5330282932197145,0.23293095931253902,0.4604023101057282,0.5768734617412429,0.5393489251550121,0.49068680397964204,0.44259931248067325,0.518257723810966,0.5496107774301612,0.5854226549947138,0.5787874883852154,0.5587527897767398,0.5339421510664653,0.5761841453910509,0.567171380217394,0.575252558757536,0.5766359670417988,0.4440154851408887,0.5457321359823603,0.4631776518113327,0.5324352166410864,0.5777422868722084,0.5597288470288323,0.5989705601527504,0.5483436403630798,0.5634023834077104,-0.41392765271945203,0.5788910993139901,0.5437659637326961,0.5401239485062769,0.5638407590423085,0.5395980302760202,0.5637615755033965,0.5403147350327557,0.48182681885920714,0.5858890211528913,0.49528227920534407,0.5563972938922753,-0.11066426808372769,0.5469185348850736,0.5269632807116152,0.5748833154804319
948,1519074187,0.48283468676881175,0.5543403982021674,0.5707398811172824,0.5817464280914412,0.5686844629791746,0.5307593516281821,0.48336984974491276,0.5348301500908568,0.512580827348515,0.5285719441199586,0.550218851888281,0.5991926985479509,0.5683747729511688,0.4845277306062799,0.5705903306832028,0.542663027711092,0.5295747625005388,0.5377259109090231,0.5887702563079452,0.5411266989019382,0.6012194259632266,0.5690364149609334,-0.17069114333744284,0.5408202010797382,0.5670683706459667,0.5755523307074433,0.5660402544107368,0.5048059808142203,0.48255141057730977,0.35984386796352885,0.5500056902533564,0.5507110835047726,0.5824460841300637,-0.37614767027333307,0.5355777051053269,0.5877678281918711,0.5295920963429501,0.4885383313755638,0.5508762799775883,0.4942260640585687,-0.5567771649665584,0.5741421964761825,0.46529169774591334,0.49420369351729293,-0.042223416015498456,0.5408288814093362,0.5347875106867342,0.5365236708619817,0.5475614409470333,0.7466026682026965,0.537702327383003,0.5782365096295802,0.5049152686208768,0.4872702805205286,0.5073149218801946,0.58152535368959,0.5630284211848657,0.5797127602013428,0.5525873612116919,0.5470884271672479,0.5588953031372886,0.5411497193221477,0.5401730823243537,0.6088482748954069,0.5484430492211605,0.5915196907072825,0.46370428826133286,0.5496135811758807,0.4900614650313488,0.5334918188711881,0.5539104405700404,0.4924057858555044,0.5633190967449582,0.5823994926878512,0.5275880780235925,0.547505104206992,0.5771785734926205,0.5351408073424025,0.44552519386714384,0.5540804891471255,0.5072354396095012,0.5650408459430375,0.5763072500775188,1.0269407098757541,0.546578790049413,0.5521802770798794,0.5340686561146403,-0.4464106511742893,0.535151806017522,0.23293095931253902,0.4633998334194782,0.5791228103944513,0.5412509468970709,0.49218105459693945,0.4461646583981748,0.5197091911476733,0.5516744638271776,0.5874606799033115,0.5809870191910836,0.5606238360494493,0.5366063592497325,0.5784319460272769,0.5696440023862342,0.5774995719231855,0.5788917725418229,0.44687284759240903,0.5488512043590521,0.46392783103965013,0.5347368841592776,0.5800013325303458,0.5615946958562311,0.6005433378824468,0.5503947028529818,0.5653823076548122,-0.41360947430967576,0.5810975897385654,0.5453350901723748,0.5420260560653863,0.5667916611369243,0.5424970293206915,0.5655315459243159,0.5422196254822924,0.48275176806762055,0.5884317519193485,0.4963930272195556,0.5582632988573173,-0.11066426808372769,0.5487885542836081,0.5287810116665075,0.5776954179775278
949,1519074193,0.48422947312487763,0.5560826088600225,0.5732150590363382,0.5839944833040058,0.5704568201099075,0.5314754901499751,0.486161266669819,0.5371337268737937,0.5146466698573947,0.5309962776371377,0.5519882169424408,0.6012825680749827,0.5710237517684925,0.485923275438029,0.5725697273174855,0.5445717106963552,0.5309221605779841,0.5389202935710331,0.590987971614452,0.5443023469087718,0.6033170957030397,0.571012909958295,-0.17069114333744284,0.5427370565372658,0.5690494508675065,0.5773551843216338,0.5690132294669147,0.5068917501609753,0.4846425348754873,0.361827444040788,0.5518758441636359,0.5524760853114452,0.5852069052087879,-0.0983640066265311,0.5382386325328473,0.5898024261423526,0.5314133387112792,0.49054589119069214,0.5533252108919438,0.4949729680268594,-0.5567771649665584,0.5765402747931451,0.4660429619003764,0.49644665480701533,-0.042223416015498456,0.5443055365519744,0.5389647142409938,0.5383124427158631,0.5494540286066443,0.7494205661315013,0.5388971437600463,0.5804358980911314,0.5069928119614273,0.4886057548412963,0.5094060766451249,0.5837315721390856,0.565035701152207,0.5819211649000134,0.5546415946294372,0.5486595397579758,0.5607597661037933,0.5428868826486002,0.5414480046432261,0.6122756801571416,0.5502040527765031,0.5935573700887996,0.465206247159563,0.5527346782102672,0.49207031251894334,0.5352157179605409,0.5559754554361914,0.49389066157560324,0.5653211997094619,0.5846069047219714,0.5312155490577479,0.5490745705724746,0.5793818083024815,0.5378019417585339,0.4476692588136415,0.555818973616625,0.5086278808075507,0.5674062076813582,0.5787097792572364,1.0271348783987608,0.5481467168963645,0.5539518275192526,0.5357947777962986,-0.44639610475236086,0.5383370752142332,0.23293095931253902,0.4663973567332283,0.5819344962109619,0.5437869758864827,0.4944224305228856,0.4468777275816751,0.5218863921527344,0.5537381502241938,0.5900082110390588,0.5831865499969519,0.5624948823221587,0.5387377257963464,0.5806797466635029,0.5716221001213064,0.5803083383802474,0.581147578041847,0.44901586943104926,0.5507226453850672,0.4669285479529199,0.5364631347979208,0.5822603781884832,0.5634605446836299,0.6021161156121433,0.5524457653428838,0.5673622319019139,-0.41329129589989955,0.5833040801631407,0.5484733430517321,0.5439281636244959,0.5685622023936937,0.5442364287474943,0.5673015163452353,0.5453944428981868,0.48367671727603395,0.5904659365325142,0.49750377523376704,0.5601293038223594,-0.11066426808372769,0.5506585736821425,0.5312046529396973,0.5810699409740426
950,1519074198,0.48562425948094357,0.5578248195178777,0.575195201371583,0.5862425385165706,0.5740015343713731,0.5350561827589397,0.4875569751322721,0.5388614094609964,0.5167125123662744,0.5328145277750221,0.5537575819966006,0.6033724376020145,0.5736597834752722,0.4894121375174016,0.575043973110339,0.5464803936816185,0.5336169567328749,0.5413090588950531,0.5937601157475856,0.546207735712872,0.6054147654428528,0.5729894049556568,-0.17069114333744284,0.5446539119947934,0.5715258011444313,0.5797589891405545,0.5709952128377,0.5089775195077303,0.4867336591736648,0.3633151260987324,0.5537459980739153,0.5542410871181178,0.5874155620717673,-0.2094774720852519,0.5408995599603678,0.591837024092834,0.5344487426584942,0.4918842644007777,0.5552843556234281,0.49646677596344074,-0.5567771649665584,0.5789383531101077,0.47055054682715464,0.49794196233349697,-0.042223416015498456,0.5460438641232936,0.5407549443356765,0.5406974718543717,0.5519774788194589,0.7522507314776657,0.5400919601370896,0.5837349807834583,0.5097628697488279,0.48994122916206395,0.5114972314100552,0.586489345200955,0.5670429811195483,0.584129569598684,0.5566958280471824,0.5502306523487035,0.5644886920368026,0.5452031004172035,0.5439978492809707,0.5403001696607138,0.5531390587020741,0.5966138891610754,0.4667082060577931,0.5546073364308992,0.49340954417733973,0.5369396170498936,0.5580404703023426,0.4976028508758503,0.5678238284150918,0.5868143167560916,0.5330292845748257,0.551167192393118,0.5821358518148079,0.5399308492914391,0.44909863544464,0.5581369529092911,0.5100203220056002,0.5691802289850987,0.5811123084369539,1.0273290469217675,0.5507599283079503,0.5557233779586259,0.538096273371843,-0.4463844676148181,0.5404605880120408,0.23293095931253902,0.4678961183901033,0.5847461820274725,0.5469570121232474,0.4966638064488318,0.4483038659486757,0.5247893268261492,0.5558018366212102,0.5920462359476566,0.5853860808028201,0.5643659285948682,0.5414019339796137,0.5829275472997288,0.5740947222901466,0.5836788581287218,0.5834033835418713,0.4504445506568094,0.5538417137617592,0.4684289064095548,0.538764802316112,0.5845194238466206,0.5653263935110288,0.6042131525850718,0.5550095934552614,0.5698371372107912,-0.41281402828523517,0.5860621931938599,0.5505655116379704,0.5458302711836055,0.5703327436504632,0.5459758281742972,0.5690714867661547,0.5479342968309024,0.48460166648444736,0.5925001211456798,0.4980591492408728,0.5632393120974295,-0.11066426808372769,0.5531519328801885,0.5342342045311844,0.5833196229717192
951,1519074204,0.48911122537110824,0.5595670301757328,0.5776703792906389,0.5884905937291354,0.575773891502106,0.5372045983243184,0.4889526835947252,0.5411649862439332,0.5180897407055275,0.5358449446714961,0.5567065237535336,0.6049398397472884,0.5763294776694665,0.4908076823491506,0.5775182189031923,0.5483890766668817,0.535638053849043,0.5431006328880681,0.5959778310540924,0.5481131245169721,0.6069880177477126,0.5749658999530184,-0.17069114333744284,0.546570767452321,0.5735068813659712,0.5821627939594752,0.5729771962084853,0.5103680324055669,0.48812774203911646,0.3652987021759916,0.5568629212577145,0.5560060889247905,0.5896242189347466,0.2905331224789917,0.543028301902384,0.5938716220433155,0.5362699850268231,0.49389182421590605,0.5577332865377835,0.4987074878683127,-0.5567771649665584,0.5801373922685888,0.47205307513608075,0.49943726985997855,-0.042223416015498456,0.5477821916946127,0.5419484310654649,0.542486243708253,0.5538700664790699,0.7550599700530402,0.5418841847026545,0.5859343692450096,0.5111478986425282,0.49127670348283164,0.5128913345866754,0.5886955636504505,0.5690502610868896,0.5868900754720223,0.5587500614649277,0.5518017649394313,0.5663531550033073,0.546940263743656,0.5465476939187155,0.619130490680611,0.5549000622574167,0.5986515685425926,0.4704631033033684,0.5564799946515311,0.49541839166493434,0.5386635161392462,0.5601054851684937,0.49908772659594913,0.5698259313795956,0.589573581798742,0.5348430200919034,0.5527366587586005,0.5843390866246688,0.5425919837075703,0.4512427003911377,0.5598754373787906,0.5121089838026744,0.5721369311579995,0.5823135730268126,1.0274746733140225,0.5523278551549018,0.5574949283979992,0.5403977689473874,-0.44637283047727533,0.5425841008098483,0.23293095931253902,0.4693948800469783,0.586995530680681,0.5488590338653063,0.4981580570661292,0.44973000431567633,0.5255150604945028,0.5583814446174806,0.5945937670834038,0.5875856116086883,0.5668606569584809,0.5435333005262275,0.5857372980950113,0.5765673444589868,0.5859258712943713,0.5862231404169015,0.45187323188256956,0.5557131547877743,0.4699292648661897,0.5410664698343031,0.586778469504758,0.5671922423384276,0.6063101895580003,0.5570606559451633,0.5718170614578929,-0.41233676067057085,0.5882686836184353,0.5521346380776491,0.5490004504487881,0.5721032849072326,0.5477152276011,0.5708414571870741,0.5498391872804391,0.4855266156928607,0.5945343057588456,0.4991698972550843,0.5651053170624716,-0.11066426808372769,0.555021952278723,0.5360519354860768,0.5855693049693959
952,1519074210,0.49190079808324,0.5630514514914432,0.5821256995449395,0.593548717957406,0.5799093914738159,0.5400691524114901,0.49244195475085795,0.545772139809807,0.5208441973840338,0.5400875283265598,0.5608350422132399,0.6080746440378362,0.5790587285721637,0.4935987720126487,0.5814770121717578,0.5528426702991627,0.5390065490426564,0.546086589543093,0.6004132616671061,0.5519239021251724,0.6101345223574323,0.5794130136970822,-0.08572961197044983,0.551682382005728,0.5774690418090508,0.585167549983126,0.5774366587927522,0.5131490582012403,0.4909159077700198,0.3682740662918803,0.5606032290782734,0.5613010943448085,0.5940415326607053,-0.26503420481461226,0.5472857857864167,0.5994667664071394,0.5417337121318102,0.49723775724111996,0.5616515760007523,0.502442007709766,-0.5567771649665584,0.5831349901647921,0.4743068675994699,0.5031755386761826,-0.042223416015498456,0.5518382893610241,0.5449321478899359,0.5454675301313887,0.5576552417982918,0.7579038460421361,0.5454686338337843,0.5908829932835,0.5139179564299289,0.493947652124367,0.5163765925282259,0.5931080005494417,0.5735666410134074,0.5924110872186988,0.5638856450092907,0.5554676943177962,0.5707035685918183,0.5515726992808626,0.5503724608753325,0.437478011808674,0.5584220693681019,0.6032363471510062,0.47346702109982863,0.560225311092795,0.49809685498172707,0.5432605803775201,0.5647517686173338,0.5013150401760974,0.5738301373086033,0.5939884058669825,0.5384704911260589,0.5558755914895654,0.5892963649468562,0.5473820256566068,0.4541014536531346,0.5633524063177898,0.5155900867977983,0.5756849737654804,0.5853167345014596,1.0280571788830428,0.5554637088488048,0.5622190629029945,0.543850012310704,-0.44634373763341845,0.5468311264054634,0.23293095931253902,0.4716430225322909,0.5914942279870979,0.552663077349424,0.5003994329920753,0.4518692118661773,0.5284179951679177,0.5630247390107674,0.5986698169005994,0.5930844386233588,0.5724737957766092,0.5488617168927621,0.5902328993674633,0.5805235399291311,0.5904198976256704,0.5907347514169499,0.4540162537212098,0.5594560368398046,0.47368016100777693,0.5445189711115899,0.5918613222355672,0.573411738429757,0.6094557450173932,0.5611627809249673,0.5762718910138719,-0.41154131464613025,0.592681664467586,0.5552728909570065,0.5528046655670071,0.5756443674207716,0.5511940264547057,0.576741358590139,0.5536489681795124,0.49153878554754776,0.5986026749851769,0.5052790113332476,0.5694593286475697,-0.11066426808372769,0.5587619910757919,0.5396873973958614,0.5900686689647491
953,1519074215,0.4932955844393059,0.5647936621492983,0.5846008774639955,0.5952347593668296,0.5816817486045488,0.541501429455076,0.4938376632133111,0.5480757165927438,0.522221425723287,0.5412996950851494,0.5614248305646264,0.609119578801352,0.5815238584197612,0.4949943168443977,0.5839512579646113,0.5541151256226715,0.5403539471201019,0.546683780874098,0.6020765481469862,0.5544644205306393,0.6111833572273387,0.5813895086944438,-0.08572961197044983,0.5529602856440797,0.5794501220305907,0.5857685011878563,0.5794186421635374,0.5152348275479953,0.4923099906354715,0.36976174834982467,0.5612266137150334,0.5618894282803659,0.5951458610921949,0.5127600533964333,0.5483501567574249,0.6015013643576208,0.5423407929212531,0.4985761304512055,0.5636107207322367,0.5031889116780567,-0.5567771649665584,0.5843340293232734,0.47580939590839594,0.5046708462026642,-0.042223416015498456,0.5535766169323433,0.5461256346197244,0.5460637874160158,0.5589169669046992,0.7606878281700051,0.5466634502108276,0.5925325346296636,0.5153029853236292,0.49595086360551843,0.5177706957048461,0.5942111097741894,0.5755739209807487,0.5935152895680341,0.5649127617181634,0.5565151027116148,0.5725680315583229,0.5533098626073151,0.552284844353641,0.6225578959423456,0.5595960717383304,0.6052740265325234,0.4742180005489437,0.5608495304996723,0.5001057024693216,0.5449844794668729,0.5657842760504094,0.5027999158961962,0.5758322402731071,0.5950921118840427,0.5402842266431367,0.5569219023998871,0.5903979823517868,0.5484464794230594,0.4555308302841331,0.5650908907872894,0.5169825279958478,0.578050335503801,0.5865179990913183,1.0282028052752978,0.5565089934134391,0.5634000965292434,0.5461515078862484,-0.44633210049587574,0.548423761003819,0.23293095931253902,0.4731417841891659,0.5931812394770042,0.5539310918441298,0.5026408089180215,0.4540084194166782,0.5291437288362713,0.5640565822092756,0.6012173480363466,0.5941842040262929,0.5730974778675123,0.549927400166069,0.5919187498446327,0.5829961620979712,0.5921051574999076,0.592990556916974,0.45615927555985003,0.560079850515143,0.47443034023609437,0.5468206386297809,0.5935556064791702,0.57403368803889,0.6105042635038574,0.5621883121699183,0.5782518152609736,-0.411223136236354,0.5943365322860175,0.5563189752501256,0.5540727372730802,0.5774149086775411,0.5529334258815086,0.5785113290110584,0.5549188951458702,0.49246373475596117,0.6011454057516341,0.5058343853403533,0.5707033319575977,-0.11066426808372769,0.560008670674815,0.5408992180324562,0.5923183509624257
954,1519074221,0.49469037079537176,0.5676973465790569,0.5865810197992402,0.5986068421856767,0.5834541057352817,0.5429337064986618,0.49523337167576414,0.5498033991799465,0.5249758824017933,0.5443301119816234,0.5643737723215595,0.6117319157101418,0.5838543383177,0.4963898616761468,0.585930654598894,0.557932491593198,0.5423750442362699,0.548475354867113,0.6048486922801197,0.5576400685374729,0.6132810269671518,0.5833660036918056,-0.17069114333744284,0.5555160929207832,0.5824217423629003,0.5875713548020468,0.5818961213770191,0.5173205968947503,0.49509815636637483,0.37273711246571345,0.5655903061723521,0.5648310979581537,0.5990110106024087,-0.37614767027333307,0.5526076406414576,0.6035359623081022,0.5453761968684682,0.4999145036612911,0.5665494378294633,0.5046827196146381,-0.5567771649665584,0.5867321076402359,0.476560660062859,0.505418499965905,-0.042223416015498456,0.5558943870274354,0.5491093514441955,0.5484488165545244,0.5614404171175139,0.7634934586814502,0.5484556747763925,0.5958316173219905,0.5173805286641796,0.4972863379262861,0.5191647988814663,0.5980719920608066,0.5780830209399253,0.5973799977907076,0.5685076701992176,0.5586099194992518,0.5756754698358306,0.5562051348180692,0.5548346889913858,0.4820342802112246,0.5637050800341298,0.6073117059140405,0.4757199594471738,0.5645948469409362,0.5021145499569163,0.5467083785562256,0.568881798349636,0.5042847916162951,0.5783348689787369,0.5995069359522831,0.5445162761829847,0.5590145242205306,0.5942536432690436,0.5521720676056433,0.45696020691513156,0.567988364903122,0.5183749691938973,0.5804156972421217,0.5883198959761065,1.0284455159290562,0.559122204825025,0.565762163781741,0.5478776295679068,-0.4463175540739473,0.552670786599434,0.23293095931253902,0.47613930750291594,0.5965552624568169,0.5583691425756004,0.5048821848439677,0.4554345577836788,0.5327723971780397,0.5671521118048002,0.6037648791720939,0.5974835002350952,0.5768395704129312,0.5531244499859898,0.5947285006399152,0.5849742598330434,0.5960374305397943,0.5958103137920042,0.45830229739849027,0.5631989188918348,0.47593069869272925,0.5485468892684243,0.596379413551842,0.5771434360845547,0.612601300476786,0.5662904371497223,0.5812217016316262,-0.41090495782657777,0.5981978905290243,0.5589341859829234,0.5566088806852262,0.5821363520289263,0.5564122247351143,0.5802812994319778,0.5580937125617647,0.4933886839643746,0.6047052288246741,0.5069451333545648,0.5738133402326677,-0.11066426808372769,0.5637487094718839,0.5445346799422409,0.5956928739589405
955,1519074227,0.49608515715143764,0.5706010310088155,0.588561162134485,0.6008548973982414,0.586408034286503,0.5457982605858335,0.4973269343694438,0.5515310817671492,0.5263531107410464,0.5461483621195078,0.5667329257271059,0.6138217852371737,0.5865188536676766,0.49848317892377036,0.5884049003917475,0.5598411745784613,0.5450698403911607,0.550864120191133,0.6076208364132533,0.559545457341573,0.615378696706965,0.5853424986891672,-0.17069114333744284,0.5587108520166626,0.5848980926398252,0.5899751596209675,0.5843736005905006,0.5187111097925869,0.4964922392318265,0.3742247945236578,0.5674604600826316,0.5677727676359414,0.6017718316811329,-0.26503420481461226,0.5547363825834739,0.6055705602585837,0.5471974392367972,0.5012528768713767,0.5685085825609477,0.5061765275512193,-0.5567771649665584,0.5891301859571985,0.4795657166807112,0.5069138074923867,-0.042223416015498456,0.5587915996463007,0.550302838173984,0.550833845693033,0.5645947298835322,0.7663127998358268,0.5496504911534358,0.5980310057835417,0.5194580720047302,0.49862181224705376,0.5205589020580865,0.600829765122676,0.5805921208991018,0.5995884024893783,0.571075461971399,0.5601810320899796,0.5775399328023354,0.5579422981445217,0.5580219947885666,0.4237683907617354,0.5666400859597008,0.609858805140937,0.47722191834540395,0.5670917245684455,0.5034537816153126,0.5484322776455782,0.5709468132157872,0.5065121051964433,0.5808374976843668,0.6017143479864034,0.5463300117000625,0.5611071460411738,0.5964568780789046,0.5543009751385484,0.45767489523063076,0.5708858390189546,0.5197674103919467,0.5821897185458622,0.5907224251558241,1.0285911423213112,0.5612127739542936,0.5675337142211143,0.5507544990373372,-0.44630591693640453,0.5547942993972416,0.23293095931253902,0.477638069159791,0.5988046111100254,0.5602711643176593,0.5063764354612651,0.45614762696717914,0.5334981308463934,0.5697317198010706,0.6058029040806916,0.5996830310409634,0.5787106166856407,0.5552558165326036,0.5969763012761411,0.5874468820018837,0.5982844437054439,0.5986300706670344,0.4597309786242504,0.5663179872685268,0.47818123637768156,0.5514239736661632,0.599767982039048,0.5790092849119535,0.6146983374497146,0.5693670308845753,0.583201625878728,-0.4104276902119134,0.6015076261658873,0.5605033124226021,0.5585109882443358,0.5839068932856958,0.5593112237797857,0.5820512698528972,0.5599986030113013,0.494313633172788,0.6067394134378398,0.5080558813687763,0.5756793451977098,-0.11066426808372769,0.5674887482689529,0.5463524108971332,0.5979425559566172
956,1519074232,0.4974799435075035,0.5723432416666706,0.5905413044697296,0.6031029526108062,0.5887711771274802,0.5472305376294193,0.50011835129435,0.5532587643543517,0.5277303390802995,0.5479666122573922,0.5685022907812657,0.6153891873824475,0.588986572937383,0.4998787237555194,0.5903842970260302,0.5617498575637245,0.5464172384686061,0.552655694184148,0.6103929805463868,0.5614508461456732,0.6169519490118248,0.587318993686529,-0.17069114333744284,0.561266659293366,0.586879172861365,0.591778013235158,0.5873465756466786,0.520796879139342,0.4978863220972782,0.37571247658160223,0.5699539986296709,0.5695377694426141,0.6039804885441122,0.6238735188551541,0.5568651245254902,0.6076051582090651,0.5490186816051261,0.5025912500814622,0.5704677272924321,0.5076703354878007,-0.5567771649665584,0.5903292251156796,0.4803169808351742,0.509156768782109,-0.042223416015498456,0.5616888122651659,0.5514963249037724,0.5526226175469143,0.5677490426495505,0.7691104926066273,0.5514427157190006,0.6002303942450931,0.5215356153452806,0.49995728656782146,0.5233471084113269,0.6030359835721716,0.582599400866443,0.6017968071880488,0.5731296953891443,0.5617521446807073,0.5794043957688401,0.5596794614709741,0.5612093005857475,0.6534045432979575,0.5684010895150434,0.6124059043678335,0.477972897794519,0.5689643827890775,0.5047930132737091,0.550156176734931,0.5730118280819383,0.5087394187765916,0.5828396006488705,0.6044736130290537,0.5481437472171402,0.5626766124066563,0.5986601128887656,0.5564298826714534,0.4591042718616292,0.5726243234884542,0.521856072189021,0.585146420718763,0.5919236897456828,1.028785310844318,0.5627807008012451,0.5693052646604876,0.5524806207189955,-0.44629427979886177,0.5569178121950491,0.23293095931253902,0.4783874499882285,0.6010539597632338,0.5628071933070711,0.5078706860785626,0.45757376533417976,0.5349495981831008,0.571795406198087,0.6083504352164388,0.6018825618468316,0.5805816629583502,0.5573871830792174,0.5997860520714235,0.5894249797369557,0.6010932101625058,0.6020137789170706,0.4604453192371305,0.5681894282945419,0.48043177406263393,0.5531502243048065,0.6020270276971854,0.5808751337393523,0.6162711151794109,0.5714180933744774,0.5851815501258297,-0.41010951180213717,0.6037141165904627,0.5620724388622808,0.5610471316564818,0.5856774345424652,0.5610506232065885,0.5838212402738167,0.5619034934608379,0.49523858238120133,0.6087735980510055,0.5086112553758821,0.5775453501627519,-0.11066426808372769,0.5693587676674874,0.5481701418520255,0.6001922379542938
957,1519074238,0.49957212304160237,0.5740854523245258,0.5930164823887856,0.6059130216265121,0.5905435342582129,0.5486628146730052,0.5022119139880297,0.5555623411372886,0.5291075674195527,0.5497848623952766,0.5714512325381986,0.6169565895277214,0.5916899296189919,0.5012742685872684,0.5928585428188837,0.5642947682107422,0.5477646365460515,0.5544472681771628,0.6126106958528936,0.5639913645511401,0.6185252013166845,0.5902837361825715,-0.17069114333744284,0.5625445629317178,0.5888602530829049,0.5929799156446183,0.5893285590174638,0.5221873920371787,0.49928040496272985,0.3781919466781762,0.5724475371767103,0.5730677730559594,0.6061891454070916,0.7349869843138749,0.5595260519530106,0.610148405647167,0.5514470047628982,0.5039296232915478,0.5729166582067875,0.5099110473926727,-0.5567771649665584,0.5921277838534016,0.4818195091441003,0.5113997300718315,-0.042223416015498456,0.5634271398364851,0.5538832983633493,0.5550076466854228,0.5696416303091615,0.7719370498888625,0.5532349402845655,0.6024297827066444,0.5229206442389809,0.5019604980489729,0.5254382631762573,0.6052422020216672,0.5846066808337843,0.6040052118867194,0.5762110455157622,0.5638469614683445,0.5812688587353447,0.5614166247974267,0.563121684064056,0.6431223275127536,0.5701620930703861,0.6144435837493506,0.4809768155909792,0.5708370410097094,0.5061322449321054,0.5530293418838521,0.5755930966646272,0.509481856636641,0.5848417036133744,0.607232878071704,0.549957482734218,0.5647692342272997,0.601414156401092,0.5585587902043585,0.46053364849262773,0.5743628079579537,0.5239447339860952,0.5869204420225035,0.5931249543355416,1.028930937236573,0.5648712699305137,0.5722578487261096,0.5542067424006538,-0.44627973337693333,0.5590413249928565,0.23293095931253902,0.47988621164510353,0.6038656455797444,0.56470921504913,0.50936493669586,0.45971297288468066,0.5364010655198082,0.5743750141943574,0.6103884601250367,0.6046319753541669,0.5824527092310596,0.5600513912624847,0.6031577530257626,0.5914030774720279,0.6033402233281553,0.6042695844170949,0.4618740004628906,0.570060869320557,0.4834324909759037,0.5554518918229977,0.6042860733553228,0.5833629321758841,0.6178438929091074,0.5734691558643793,0.5871614743729315,-0.40979133339236096,0.6064722296211819,0.564164607448519,0.564851346774701,0.5874479757992348,0.5627900226333914,0.586771190975349,0.5644433473935535,0.4966260061938214,0.6108077826641712,0.5108327514043051,0.5806553584378219,-0.11066426808372769,0.5718521268655333,0.5505937831252152,0.6030043404513896
958,1519074244,0.5009669093976683,0.575827662982381,0.5949966247240303,0.6081610768390768,0.5923158913889458,0.5493789531947981,0.5036076224504827,0.5572900237244913,0.5311734099284323,0.5528152792917507,0.5732205975923584,0.6185239916729952,0.5942871199941393,0.5033675858348919,0.5948379394531664,0.5662034511960055,0.5491120346234969,0.5556416508391728,0.6148284111594005,0.5671670125579737,0.6200984536215444,0.5927543549292735,-0.17069114333744284,0.5657393220275972,0.5913366033598296,0.5947827692588088,0.5913105423882491,0.5242731613839337,0.5006744878281816,0.37967962873612054,0.5755644603605093,0.5754211087981896,0.6089499664858157,0.7905437170432352,0.561654793895027,0.6126916530852687,0.5532682471312272,0.5059371831066761,0.5748758029382719,0.5121517592975446,-0.5567771649665584,0.5933268230118829,0.4833220374530264,0.5128950375983131,-0.042223416015498456,0.5651654674078042,0.5550767850931377,0.5562001612546771,0.5715342179687725,0.7747599991071683,0.5568193894156954,0.6046291711681957,0.5243056731326813,0.5039637095301245,0.5268323663528774,0.6074484204711628,0.5866139608011256,0.6073178189347254,0.5787788372879437,0.5664654824528907,0.5831333217018494,0.5643118970081809,0.5650340675423645,0.6465497327744882,0.5719230966257287,0.6164812631308678,0.4817277950400943,0.573958138044096,0.5081410924197,0.5559025070327733,0.578690618963854,0.5109667323567398,0.5873443323190042,0.6099921431143543,0.5517712182512957,0.5663387005927822,0.603617391210953,0.5612199246204899,0.4626777134391254,0.5766807872506199,0.5260333957831694,0.588694463326244,0.5949268512203297,1.029076563628828,0.5664391967774652,0.5752104327917318,0.5559328640823121,-0.4462680962393906,0.5611648377906641,0.23293095931253902,0.48138497330197855,0.606677331396255,0.5666112367911889,0.5108591873131575,0.4618521804351816,0.5378525328565156,0.5764387005913737,0.6124264850336344,0.6068315061600351,0.5855711196855754,0.5621827578090985,0.6054055536619886,0.5933811752071001,0.6055872364938049,0.606525389917119,0.46401702230153086,0.5719323103465722,0.4841826702042211,0.557178142461641,0.6071098804279945,0.5852287810032829,0.6194166706388038,0.5755202183542814,0.5896363796818087,-0.4094731549825847,0.6086787200457572,0.5657337338881977,0.5667534543338105,0.5898086974749274,0.5651092218691285,0.5891311515365749,0.5676181648094479,0.4975509554022348,0.6133505134306283,0.5113881254114109,0.582521363402864,-0.11066426808372769,0.5737221462640678,0.5524115140801076,0.6058164429484854
959,1519074249,0.5023616957537341,0.5781506105261879,0.5974718026430862,0.6104091320516416,0.5940882485196787,0.550811230238384,0.5057011851441624,0.5601694947031624,0.5332392524373121,0.5546335294296351,0.5755797509979049,0.620091393818269,0.5967781440628249,0.504763130666641,0.5968173360874492,0.5681121341812687,0.5504594327009422,0.5586276074941978,0.6170461264659073,0.5697075309634406,0.6216717059264042,0.5947308499266352,-0.17069114333744284,0.5676561774851248,0.5938129536367545,0.5959846716682692,0.5937880216017307,0.5256636742817703,0.5034626535590849,0.38116731079406496,0.5774346142707889,0.5771861106048622,0.6117107875645399,0.6794302515845145,0.5643157213225474,0.6152349005233706,0.5550894894995562,0.5072755563167617,0.5768349476697563,0.5151393751707073,-0.5567771649665584,0.5945258621703642,0.4848245657619525,0.5143903451247946,-0.042223416015498456,0.5674832375028964,0.558657245282503,0.5579889331085585,0.5734268056283834,0.7775685160697567,0.5586116139812602,0.6079282538605226,0.5256907020263816,0.5059669210112759,0.5282264695294977,0.6102061935330322,0.5891230607603022,0.6095262236333959,0.5808330707056889,0.5685602992405279,0.5862407599793572,0.5660490603346333,0.5675839121801093,0.6362675169892843,0.5736841001810713,0.6185189425123849,0.4832297539383244,0.5764550156716053,0.5094803240780964,0.557626406122126,0.5807556338300051,0.5124516080768386,0.589346435283508,0.6121995551484746,0.5547941107797586,0.5684313224134256,0.605820626020814,0.5633488321533949,0.46410709007012385,0.5784192717201194,0.5288182781792684,0.5904684846299845,0.5961281158101884,1.0293192742825865,0.5685297659067339,0.5769819832311051,0.5588097335517426,-0.4462535498174622,0.5643501069873754,0.23293095931253902,0.48438249661572863,0.6094890172127656,0.5691472657806006,0.512353437930455,0.4639913879856825,0.5400297338615766,0.5790183085876441,0.6144645099422322,0.6090310369659033,0.5874421659582849,0.5643141243557124,0.608215304457271,0.5958537973759402,0.6083960029508668,0.6093451467921492,0.46544570352729103,0.5750513787232641,0.4864332078891735,0.5589043931002844,0.6093689260861319,0.5870946298306817,0.6209894483685001,0.5775712808441833,0.5916163039289104,-0.40915497657280847,0.6114368330764763,0.5683489446209955,0.56865556189292,0.59216941915062,0.5674284211048656,0.5914911120978008,0.5701580187421634,0.4984759046106482,0.6158932441970855,0.5124988734256224,0.5843873683679061,-0.11066426808372769,0.5762155054621139,0.5554410656715947,0.6086285454455811
960,1519074255,0.5058486616438989,0.5822157687278499,0.6019271228973868,0.614905242476771,0.5982237484913886,0.5551080613691415,0.5091904563002951,0.564200754073302,0.5366823232854449,0.5582700297054038,0.5802980578089977,0.6242711328723327,0.5994193546138222,0.5089497651618882,0.6017658276731561,0.5719295001517952,0.5545016269332784,0.5622107554802277,0.6220359859055477,0.5735183085716409,0.6263914628409837,0.599177963670699,-0.08572961197044983,0.57148988840018,0.5977751140798341,0.5995903788966502,0.5982474841859976,0.5298352129752804,0.5062508192899883,0.3851344629485833,0.5811749220913478,0.5807161142182076,0.6166802655062433,-0.7650447993788558,0.5691053906920842,0.6193040964243335,0.5605532166045432,0.5112906759470184,0.5817328094984673,0.5173800870755793,-0.5567771649665584,0.5993220188042893,0.4900834148431938,0.5181286139409987,-0.042223416015498456,0.5715393351693078,0.5616409621069741,0.5621627341009484,0.5778428435008091,0.78040589754378,0.5615986549238685,0.6134267250144009,0.5305383031543327,0.5086378696528113,0.5317117274710482,0.6151701850443971,0.59363944068682,0.6139430330307372,0.5849415375411794,0.5717025244219834,0.5918341488788712,0.5695233869875382,0.5720461402961625,0.2661077487219411,0.5789671108470992,0.6231037211207986,0.48623367173478466,0.5808245515197464,0.5128284032240873,0.5616488373306157,0.5848856635623073,0.5176486730971847,0.5938511669536417,0.6166143792167151,0.5596307388252992,0.5720934105995514,0.6113287130454667,0.5676066472192051,0.46768053164762,0.582475735482285,0.5316031605753675,0.5946078676720455,0.6015338064645529,1.0297076113286,0.572188261882954,0.5805250841098516,0.5634127247028314,-0.44623027554237665,0.5691280107824422,0.23293095931253902,0.48738001992947866,0.6139877145191824,0.5742193237594242,0.5168361897823472,0.46613059553618347,0.543658402203345,0.584177524580185,0.6190500659865772,0.6134300985776397,0.5911842585037038,0.569642540722247,0.612710905729723,0.6007990417136206,0.6134517825735784,0.6144207091672037,0.4690174065916914,0.5794180744506328,0.49018410403076074,0.5640831450162144,0.6138870174024067,0.5908263274854795,0.6246592630711251,0.5826989370689384,0.5955761524231139,-0.40804135213859166,0.6164014365317708,0.5714871975003529,0.5724597770111391,0.595710501664159,0.5709072199584713,0.5950310529396398,0.5739677996412368,0.500325803027475,0.6199616134234168,0.5141649954469396,0.5893633816080182,-0.11066426808372769,0.5812022238582059,0.5602883482179742,0.6131279094409343
961,1519074260,0.5079408411779976,0.583957979385705,0.6039072652326316,0.6165912838861946,0.5999961056221215,0.5565403384127273,0.5105861647627483,0.5659284366605045,0.538059551624698,0.5588761130846986,0.5808878461603844,0.6253160676358487,0.6018560008182227,0.5103453099936371,0.6037452243074388,0.5732019554753041,0.5558490250107238,0.5634051381422377,0.6236992723854278,0.5747885677743744,0.6274402977108902,0.6011544586680606,-0.08572961197044983,0.5727677920385318,0.599756194301374,0.6007922813061106,0.6002294675567829,0.531225725873117,0.5076449021554399,0.3866221450065277,0.5830450760016274,0.5818927820893226,0.617784593937733,0.7349869843138749,0.5701697616630923,0.6213386943748149,0.5611602973939862,0.5126290491571039,0.5836919542299517,0.5188738950121606,-0.5567771649665584,0.6005210579627706,0.4908346789976568,0.5188762677042396,-0.042223416015498456,0.5732776627406269,0.5622377054718684,0.5627589913855755,0.5791045686072164,0.7831992606378653,0.5621960631123901,0.6134267250144009,0.531923332048033,0.509973343973579,0.5331058306476684,0.6162732942691449,0.5956467206541612,0.6144951342054048,0.5864822126044883,0.572749932815802,0.5918341488788712,0.5712605503139907,0.5733210626150348,0.6396949222510189,0.5795541120322134,0.6251414005023158,0.4884866100821298,0.5820729903335011,0.5141676348824837,0.5633727364199683,0.5859181709953829,0.5191335488172835,0.5958532699181455,0.6182699382423053,0.5602353173309919,0.5731397215098731,0.6113287130454667,0.5686711009856577,0.4691099082786185,0.5842142199517847,0.532995601773417,0.5969732294103662,0.6027350710544117,1.0298046955901032,0.5732335464475883,0.5817061177361004,0.5651388463844897,-0.4462186384048339,0.5701897671813461,0.23293095931253902,0.48812940075791617,0.6156747260090888,0.5754873382541301,0.5183304403996447,0.4675567339031841,0.5451098695400525,0.5852093677786933,0.6215975971223244,0.6134300985776397,0.591807940594607,0.5707082239955539,0.6149587063659488,0.6027771394486928,0.6151370424478154,0.6161125632922217,0.47044608781745156,0.5806657018013095,0.4909342832590782,0.5658093956548578,0.6155813016460098,0.5908263274854795,0.6257077815575894,0.5837244683138894,0.5975560766702157,-0.4077231737288154,0.6175046817440585,0.572533281793472,0.5749959204232852,0.5974810429209284,0.5726466193852742,0.5968010233605592,0.5752377266075945,0.5012507522358884,0.6219957980365826,0.5152757434611511,0.5893633816080182,-0.11066426808372769,0.5818255636577173,0.5608942585362716,0.6148151709391918
962,1519074266,0.5100330207120964,0.5857001900435602,0.6058874075678763,0.6194013529019005,0.6017684627528542,0.5579726154563132,0.512679727456428,0.5676561192477072,0.5394367799639511,0.5619065299811726,0.5838367879173173,0.6274059371628805,0.6032750041338565,0.5117408548253862,0.6057246209417216,0.5763830937840762,0.5571964230881692,0.5645995208042477,0.6259169876919345,0.5766939565784746,0.62901355001575,0.6031309536654224,-0.08572961197044983,0.5753235993152352,0.6017372745229138,0.6031960861250313,0.6022114509275681,0.5326162387709537,0.5090389850208916,0.38810982706447206,0.5849152299119068,0.5848344517671104,0.6199932508007123,-0.0983640066265311,0.5722985036051087,0.6238819418129167,0.5629815397623152,0.5139674223671895,0.5856510989614361,0.5211146069170326,-0.5567771649665584,0.6023196167004924,0.4923372073065829,0.5203715752307212,-0.042223416015498456,0.5750159903119461,0.564027935566551,0.564547763239457,0.5809971562668274,0.7859197408405783,0.563988287677955,0.6167258077067278,0.5333083609417333,0.5113088182943466,0.5344999338242886,0.6184795127186404,0.5976540006215025,0.6183598424280784,0.5890500043766699,0.5743210454065297,0.5943200995008774,0.5729977136404433,0.5758709072527796,0.619130490680611,0.5819021167726702,0.6271790798838329,0.49149052787859004,0.583945648554133,0.5155068665408801,0.565096635509321,0.5879831858615341,0.5198759866773329,0.5978553728826493,0.6204773502764256,0.5620490528480696,0.5747091878753556,0.6151843739627235,0.571332235401789,0.47053928490961694,0.5859527044212842,0.5350842635704912,0.5987472507141067,0.6045369679391999,1.0299503219823583,0.5748014732945398,0.5834776681754736,0.566864968066148,-0.44620118269851977,0.5723132799791536,0.23293095931253902,0.48962816241479123,0.6179240746622973,0.5773893599961889,0.5198246910169421,0.4689828722701847,0.5465613368767598,0.5877889757749637,0.6236356220309223,0.6178291601893762,0.5955500331400259,0.5728395905421677,0.6172065070021748,0.604755237183765,0.617384055613465,0.618932320167252,0.4711604284303316,0.5825371428273247,0.4939350001723479,0.5675356462935011,0.6184051087186815,0.595801924358543,0.627804818530518,0.5862882964262669,0.5995360009173174,-0.40724590611415107,0.6197111721686339,0.5741024082331507,0.5768980279823948,0.599251584177698,0.574386018812077,0.5991609839217851,0.5771426170571312,0.5031006506527151,0.6240299826497483,0.5169418654824683,0.5924733898830883,-0.11066426808372769,0.5836955830562518,0.562711989491164,0.6170648529368684
963,1519074272,0.5114278070681624,0.588023137587367,0.6083625854869322,0.6222114219176065,0.6047223913040757,0.5586887539781061,0.514075435918881,0.5699596960306441,0.5408140083032043,0.5661491136362363,0.5861959413228638,0.6294958066899123,0.6059395194838332,0.5131363996571353,0.6077040175760043,0.5789280044310938,0.5585438211656145,0.5663910947972627,0.628689131825068,0.5792344749839414,0.6311112197555631,0.6056015724121244,-0.08572961197044983,0.5791573102302905,0.6037183547444537,0.6049989397392218,0.6041934342983534,0.5340067516687903,0.5111301093190691,0.3895975091224164,0.5874087684589462,0.5871877875093405,0.6233062360951814,-0.04280727389717069,0.5754916165181332,0.6264251892510184,0.5666240244989732,0.5159749821823179,0.5876102436929205,0.522608414853614,-0.5567771649665584,0.6041181754382143,0.49308847146104595,0.5226145365204435,-0.042223416015498456,0.5767543178832651,0.5658181656612337,0.5663365350933384,0.583520606479642,0.7887571223146014,0.5675727368090848,0.6200248903990547,0.5353859042822838,0.5133120297754981,0.5365910885892189,0.6223403950052577,0.6001631005806791,0.6227766518254196,0.5921313545032877,0.5774632705879854,0.5974275377783852,0.5758929858511974,0.5784207518905242,0.5848564380632644,0.5848371226982413,0.6297261791107294,0.4922415073277051,0.5864425261816423,0.5168460981992765,0.567395167628458,0.5921132155938363,0.5221033002574812,0.5998574758471532,0.6237884683276059,0.5650719453765325,0.576801809695999,0.6190400348799803,0.5755900504675991,0.47268334985611465,0.5876911888907838,0.5364767047685407,0.6011126124524273,0.606338864823988,1.0304357432898752,0.5768920424238084,0.5876112858673446,0.5685910897478063,-0.446189545560977,0.5754985491758648,0.23293095931253902,0.49187630490010376,0.6207357604788079,0.5799253889856008,0.5205718163255908,0.4711220798206856,0.5472870705451135,0.5908845053704882,0.6261831531666695,0.6216783390996455,0.5999158077763479,0.5765694819987419,0.6200162577974573,0.6067333349188372,0.620192822070527,0.6217520770422822,0.4725891096560918,0.5856562112040166,0.49468517940066536,0.5692618969321445,0.6217936772058876,0.5989116724042077,0.6299018555034465,0.5893648901611198,0.60250588728797,-0.4067686384994867,0.6230209078054969,0.5761945768193889,0.5794341713945408,0.6010221254344674,0.5761254182388799,0.6021109346233174,0.5796824709898468,0.5077253966947821,0.6260641672629139,0.5219402315464201,0.5968274014681864,-0.11066426808372769,0.5868122820538093,0.5657415410826512,0.6198769554339641
964,1519074277,0.5128225934242282,0.5909268220171257,0.6103427278221769,0.6244594771301711,0.6064947484348086,0.560121031021692,0.5154711443813341,0.5716873786178467,0.5421912366424574,0.5679673637741207,0.5879653063770236,0.6310632088351862,0.6085082262157835,0.5145319444888843,0.6096834142102872,0.5808366874163571,0.55989121924306,0.5675854774592727,0.6314612759582016,0.582410122990775,0.6326844720604229,0.6075780674094862,-0.08572961197044983,0.5810741656878181,0.6061947050213784,0.6068017933534123,0.6061754176691386,0.535397264566627,0.5132212336172466,0.3910851911803608,0.5892789223692256,0.5889527893160132,0.6255148929581608,0.2349763897496313,0.5776203584601495,0.6284597872014999,0.5684452668673022,0.5173133553924034,0.5895693884244049,0.5233553188219046,-0.5567771649665584,0.6059167341759363,0.49459099976997206,0.524857497810166,-0.042223416015498456,0.5784926454545843,0.567011652391022,0.5675290496625927,0.5860440566924566,0.7915598663749029,0.5693649613746498,0.6227741259759939,0.5367709331759841,0.5146475040962658,0.5386822433541492,0.6245466134547533,0.603174020531691,0.6249850565240902,0.5941855879210329,0.5795580873756224,0.5999134884003915,0.5776301491776499,0.5803331353688328,0.6259853012040802,0.5871851274386981,0.6317638584922466,0.49374346622593523,0.5883151844022743,0.5181853298576728,0.5691190667178107,0.5941782304599874,0.52358817597758,0.601859578811657,0.6259958803617262,0.5668856808936102,0.5783712760614815,0.6217940783923066,0.5777189580005042,0.4741127264871131,0.5894296733602833,0.5378691459665902,0.6040693146253282,0.6075401294138467,1.0305813696821302,0.5784599692707599,0.5893828363067178,0.5703172114294646,-0.4461779084234343,0.5776220619736724,0.23293095931253902,0.4941244473854163,0.6229851091320163,0.5818274107276595,0.5220660669428883,0.4725482181876862,0.5487385378818209,0.5929481917675046,0.6287306843024167,0.6238778699055137,0.6017868540490574,0.5787008485453558,0.6228260085927397,0.6087114326539093,0.6224398352361765,0.6240078825423064,0.4740177908818519,0.5875276522300317,0.4961855378573003,0.5709881475707878,0.624052722864025,0.6007775212316065,0.631998892476375,0.5919287182734974,0.6044858115350719,-0.4064504600897105,0.6252273982300722,0.5777637032590677,0.5819703148066868,0.6039730275290832,0.5790244172835513,0.6038809050442369,0.5815873614393835,0.5086503459031956,0.6286068980293711,0.5224956055535259,0.5986934064332284,-0.11066426808372769,0.5886823014523438,0.5675592720375434,0.6226890579310599
965,1519074283,0.5149147729583271,0.5926690326749808,0.6123228701574217,0.627269546145877,0.6082671055655413,0.5615533080652778,0.5168668528437872,0.5734150612050494,0.5442570791513371,0.5697856139120051,0.5897346714311834,0.6341980131257339,0.6112219405858278,0.5159274893206334,0.6116628108445699,0.5840178257251292,0.5612386173205053,0.5693770514522877,0.6336789912647084,0.5843155117948752,0.6342577243652827,0.6095545624068478,-0.17069114333744284,0.5829910211453457,0.6081757852429183,0.6086046469676029,0.6086528968826203,0.537483033913382,0.5146153164826983,0.3935646612769348,0.5911490762795051,0.5907177911226859,0.6282757140368849,0.45720332066707287,0.5802812858876699,0.6304943851519813,0.5702665092356313,0.5186517286024889,0.5925081055216314,0.5248491267584859,-0.5567771649665584,0.6095138516513801,0.4960935280788981,0.5263528053366476,-0.042223416015498456,0.5813898580734496,0.569398625850599,0.569317821516474,0.5879366443520676,0.7943914749466392,0.570559777751693,0.6249735144375451,0.5381559620696844,0.5159829784170334,0.5400763465307694,0.6267528319042488,0.6051813004990323,0.6271934612227608,0.5962398213387782,0.5811291999663503,0.6017779513668962,0.580525421388404,0.5822455188471413,0.6225578959423456,0.5895331321791549,0.6338015378737637,0.49524542512416536,0.5914362814366608,0.5201941773452674,0.5708429658071634,0.5962432453261386,0.5250730516976788,0.6043622075172868,0.6282032923958464,0.5705131519277656,0.579940742426964,0.6239973132021677,0.5798478655334093,0.47482741480261237,0.5923271474761159,0.5392615871646397,0.6058433359290687,0.6087413940037055,1.030775538205137,0.5800278961177114,0.5911543867460911,0.5720433331111229,-0.44616336200150586,0.5808073311703836,0.23293095931253902,0.4948738282138538,0.6257967949485269,0.5843634397170714,0.5243074428688345,0.4732612873711865,0.550915738886882,0.595011878164521,0.6307687092110145,0.626077400711382,0.6036579003217668,0.5808322150919696,0.6250738092289657,0.6106895303889814,0.6252486016932385,0.6262636880423306,0.47616081272049215,0.5893990932560469,0.49693571708561773,0.5727143982094312,0.6268765299366967,0.6026433700590054,0.6335716702060714,0.5944925463858749,0.606960716843949,-0.4061322816799342,0.6274338886546476,0.5798558718453058,0.5838724223657964,0.6063337492047758,0.580763816710354,0.6056508754651563,0.5847621788552779,0.5095752951116089,0.6311496287958283,0.5236063535677374,0.6005594113982705,-0.11066426808372769,0.5905523208508783,0.5699829133107331,0.6249387399287365
966,1519074289,0.5163095593143929,0.5955727171047394,0.6143030124926664,0.6300796151615831,0.6106302484065185,0.5644178621524495,0.5182625613062404,0.575142743792252,0.5456343074905903,0.5722099474291843,0.5926836131881164,0.6357654152710077,0.6138165415388662,0.5180208065682569,0.6141370566374234,0.5865627363721468,0.563933413475396,0.5723630081073126,0.6364511353978419,0.5862209005989754,0.6363553941050958,0.6115310574042094,-0.17069114333744284,0.5861857802412251,0.6106521355198431,0.6110084517865235,0.6111303760961019,0.5388735468112187,0.5167064407808758,0.39505234333487915,0.5936426148265445,0.5936594608004736,0.6304843708998642,0.2349763897496313,0.5829422133151904,0.6325289831024627,0.5720877516039602,0.5199901018125744,0.5944672502531158,0.5263429346950672,-0.5567771649665584,0.6107128908098614,0.49834732054228725,0.5271004590998885,-0.042223416015498456,0.5837076281685417,0.5711888559452816,0.5717028506549825,0.5910909571180859,0.7972201970672319,0.5723520023172579,0.6271729028990964,0.5402335054102348,0.5173184527378011,0.5414704497073896,0.630613714190866,0.6076904004582088,0.6294018659214314,0.5988076131109596,0.582700312557078,0.6036424143334008,0.5828416391570073,0.5860702858037583,0.5505823854459178,0.592468138104726,0.6363486371006603,0.49674738402239543,0.5933089396572928,0.5222030248328621,0.5725668648965161,0.5988245139088275,0.5273003652778271,0.6068648362229166,0.6309625574384967,0.5723268874448434,0.5825565197027682,0.6262005480120287,0.5825089999495406,0.4762567914336108,0.594645126768782,0.5406540283626892,0.6076173572328091,0.611143923183423,1.030921164597392,0.5821184652469801,0.5935164539985888,0.5749202025805534,-0.4461517248639631,0.5829308439681912,0.23293095931253902,0.49712197069916636,0.6286084807650374,0.5862654614591302,0.5258016934861318,0.4746874257381871,0.5523672062235894,0.5975914861607914,0.6328067341196123,0.6288268142187172,0.6055289465944763,0.5829635816385834,0.6273216098651917,0.6131621525578216,0.6274956148588879,0.6296473962923669,0.4783038345591324,0.5937657889834155,0.4984360755422526,0.5755914826071701,0.6297003370093684,0.6051311684955372,0.635668707179,0.5970563744982523,0.6094356221528262,-0.4056550140652699,0.6301920016853667,0.5814249982849846,0.585774529924906,0.6081042904615453,0.5830830159460911,0.6074208458860757,0.5873020327879934,0.5105002443200223,0.6331838134089939,0.524717101581949,0.6024254163633126,-0.11066426808372769,0.5930456800489242,0.572406554583923,0.6271884219264131
967,1519074294,0.5184017388484918,0.5973149277625945,0.6162831548279112,0.6323276703741477,0.6124026055372513,0.5658501391960353,0.5196582697686934,0.5768704263794546,0.5470115358298434,0.5740281975670687,0.5956325549450494,0.6378552847980395,0.6164344472908841,0.519416351400006,0.616116453271706,0.5884714193574101,0.5652808115528415,0.5735573907693226,0.6392232795309755,0.5881262894030755,0.6379286464099556,0.6135075524015712,-0.17069114333744284,0.5887415875179286,0.6126332157413829,0.6122103541959839,0.6131123594668871,0.5402640597090553,0.5181005236463275,0.3975318134314531,0.5967595380103435,0.5954244626071462,0.6326930277628435,0.6238735188551541,0.5850709552572066,0.6345635810529442,0.5739089939722892,0.5219976616277028,0.5969161811674712,0.5285836465999392,-0.5567771649665584,0.6131109691268238,0.49984984885121336,0.52859576662637,-0.042223416015498456,0.5854459557398609,0.57238234267507,0.5728953652242368,0.5936144073309005,0.8000316004809639,0.5735468186943011,0.6293722913606478,0.5416185343039353,0.5186539270585688,0.5428645528840098,0.6328199326403615,0.6096976804255501,0.631610270620102,0.6008618465287049,0.5842714251478058,0.6055068772999055,0.5845788024834598,0.5892575916009393,0.6259853012040802,0.5942291416600686,0.6383863164821774,0.4990003223697406,0.5951815978779248,0.5235422564912584,0.5742907639858688,0.6014057824915164,0.5280428031378765,0.6088669391874204,0.6337218224811471,0.5741406229619211,0.5841259860682507,0.6284037828218897,0.5846379074824457,0.4784008563801085,0.5963836112382817,0.5427426901597634,0.61057405940571,0.6129458200682112,1.031066790989647,0.5836863920939316,0.5958785212510865,0.5766463242622117,-0.44613717844203465,0.5850543567659987,0.23293095931253902,0.4986207323560414,0.6308578294182459,0.5894354976958949,0.5265488187947805,0.47611356410518774,0.5538186735602967,0.6001710941570618,0.6353542652553595,0.6310263450245855,0.6073999928671857,0.5850949481851973,0.6301313606604741,0.6151402502928938,0.6303043813159499,0.6324671531673971,0.4790181751720125,0.5956372300094307,0.4999364339988875,0.5773177332458134,0.6325241440820403,0.606997017322936,0.6372414849086964,0.5991074369881544,0.611415546399928,-0.4053368356554936,0.632398492109942,0.5829941247246633,0.588310673337052,0.6098748317183148,0.584822415372894,0.6091908163069952,0.5892069232375301,0.5118876681326424,0.6352179980221596,0.5263832236032662,0.6042914213283546,-0.11066426808372769,0.5949156994474587,0.5742242855388152,0.6294381039240897
968,1519074300,0.5204939183825906,0.5990571384204497,0.6187583327469671,0.6351377393898536,0.6141749626679841,0.5665662777178282,0.5217518324623731,0.5797498973581258,0.5483887641690965,0.576452531084248,0.5974019199992092,0.6394226869433134,0.6188426098520876,0.5208118962317551,0.6185906990645595,0.5910163300044278,0.5666282096302868,0.5753489647623375,0.6414409948374823,0.5900316782071756,0.6395018987148154,0.6159781711482732,-0.17069114333744284,0.5906584429754562,0.6146142959629227,0.6140132078101744,0.6150943428376724,0.541654572606892,0.5194946065117791,0.3990194954893975,0.5992530765573829,0.5977777983493764,0.6349016846258229,0.5127600533964333,0.587199697199223,0.637106828491046,0.5769443979195042,0.5240052214428311,0.5988753258989556,0.5300774545365206,-0.5567771649665584,0.6143100082853051,0.5006011130056763,0.5308387279160924,-0.042223416015498456,0.58718428331118,0.5735758294048584,0.5752803943627454,0.5955069949905115,0.8028256851878351,0.5753390432598661,0.6321215269375868,0.5430035631976355,0.5199894013793365,0.5449557076489401,0.635577705702231,0.6117049603928914,0.6343707764934402,0.6034296383008865,0.5863662419354428,0.6079928279219117,0.5863159658099123,0.5911699750792477,0.619130490680611,0.5959901452154112,0.6404239958636946,0.5012532607170858,0.5970542560985567,0.5248814881496549,0.57716392913479,0.6039870510742054,0.5295276788579754,0.6108690421519243,0.6364810875237974,0.5759543584789989,0.5856954524337333,0.631157826334216,0.5872990418985771,0.4805449213266062,0.5981220957077812,0.544135131357813,0.6123480807094505,0.6141470846580699,1.031212417381902,0.5857769612232002,0.5988311053167086,0.5783724459438699,-0.4461255413044919,0.5877087477632581,0.23293095931253902,0.4993701131844789,0.6336695152347565,0.5913375194379538,0.528043069412078,0.4768266332886881,0.5545444072286504,0.6027507021533323,0.6373922901639573,0.6337757585319208,0.6105184033217015,0.5877591563684645,0.6335030616148132,0.617118348027966,0.6325513944815995,0.6347229586674212,0.4804468563977726,0.5981324847107842,0.5021869716838399,0.5796194007640045,0.6347831897401777,0.6101067653686006,0.6388142626383928,0.6011584994780563,0.6133954706470297,-0.4050186572457174,0.635708227746805,0.5845632511643419,0.592114888455271,0.6116453729750843,0.5865618147996968,0.6121407670085276,0.5917467771702457,0.5132750919452626,0.6372521826353253,0.5280493456245834,0.6074014296034247,-0.11066426808372769,0.5986557382445277,0.5760420164937076,0.6316877859217663
969,1519074305,0.5239808842727554,0.60254155973616,0.6227186174174565,0.6390718360118419,0.6177196769294498,0.569430831805,0.5245432493872794,0.583205262532531,0.5518318350172294,0.5800890313600168,0.6003508617561422,0.6420350238521032,0.6213906012071673,0.5236029858952531,0.6225494923331251,0.5941974683131999,0.5693230057851776,0.5789321127483675,0.6453219966238692,0.593842455815376,0.6421239858895817,0.6209194086416775,-0.17069114333744284,0.5944921538905115,0.6185764564060025,0.6164170126290951,0.619058309579243,0.5444355984025653,0.5229798136754084,0.40249075362460107,0.602369999741182,0.6007194680271641,0.6387668341360367,0.5127600533964333,0.5909249955977516,0.6411760243920089,0.5793727210772762,0.5266819678630023,0.6032834015447955,0.5323181664413925,-0.5567771649665584,0.6167080866022677,0.5036061696235286,0.5338293429690557,-0.042223416015498456,0.5906609384538183,0.5759628028644354,0.5776654235012538,0.5986613077565298,0.805637810214353,0.5801183087680392,0.634870762514526,0.5457736209850361,0.5239958243416395,0.5477439140021805,0.6388870333764743,0.6157195203275738,0.6365791811921109,0.6065109884275043,0.5900321713138078,0.6111002661994195,0.590369346904968,0.5943572808764286,0.6157030854188763,0.598338149955868,0.6444993546267289,0.504257178513546,0.6007995725398206,0.5282295672956457,0.5817609933730639,0.607084573373432,0.5317549924381236,0.6153737738220579,0.6397922055749777,0.5789772510074618,0.5893575406198591,0.6333610611440771,0.591024630081161,0.4826889862731039,0.6021785594699468,0.546920013753912,0.6158961233169313,0.6165496138377875,1.0314551280356603,0.5883901726347861,0.6017836893823307,0.5824000632010727,-0.4461022670294064,0.5908940169599693,0.23293095931253902,0.5031170173266665,0.6381682125411734,0.5945075556747185,0.5302844453380242,0.4811050483896899,0.5574473419020651,0.6058462317488568,0.6414683399811528,0.635975289337789,0.612389449594411,0.5909562061883853,0.6374367127282086,0.6215690679318783,0.6364836675214862,0.6386706182924635,0.48401855946217304,0.6006277394121377,0.5044375093687922,0.5830719020412912,0.6393012810564525,0.6119726141959995,0.6414355588545535,0.6042350932129094,0.6178503002030087,-0.4043823004261649,0.6390179633836681,0.5871784618971397,0.5952850677204536,0.6163668163264695,0.5900406136533025,0.6156807078503664,0.595556558069319,0.5151249903620893,0.6418290980149481,0.5297154676459007,0.6092674345684668,-0.11066426808372769,0.6011490974425737,0.5796774784034922,0.6361871499171196
970,1519074311,0.5253756706288212,0.6054452441659186,0.6251937953365124,0.6418819050275479,0.6194920340601827,0.5701469703267928,0.5259389578497324,0.5860847335112022,0.5545862916957357,0.5819072814979012,0.602120226810302,0.644124893379135,0.6224419065833486,0.5249985307270021,0.6245288889674078,0.5967423789602175,0.570670403862623,0.5801264954103774,0.6486485695836295,0.598288363024943,0.6436972381944416,0.6228959036390391,-0.17069114333744284,0.5970479611672149,0.6210528066829272,0.6176189150385555,0.6215357887927245,0.545826111300402,0.5250709379735858,0.40397843568254543,0.6048635382882214,0.6024844698338369,0.6426319836462505,-0.5983746011907747,0.593585923025272,0.6432106223424904,0.5811939634456053,0.5286895276781306,0.6052425462762799,0.5345588783462645,-0.5567771649665584,0.6191061649192302,0.5043574337779916,0.536072304258778,-0.042223416015498456,0.5935581510726835,0.5801400064186949,0.5794541953551352,0.6018156205225481,0.8083395284846334,0.5813131251450824,0.6381698452068529,0.5471586498787365,0.525999035822791,0.5498350687671109,0.6427479156630915,0.6182286202867504,0.6398917882401167,0.6085652218452495,0.5916032839045355,0.6135862168214258,0.5921065102314206,0.5969071255141734,0.5814290328015297,0.6000991535112106,0.646537034008246,0.5057591374117761,0.6045448889810845,0.5295687989540422,0.5834848924624165,0.6091495882395832,0.5332398681582224,0.6178764025276877,0.6431033236261582,0.5820001435359247,0.5909270069853417,0.6366659133588687,0.5931535376140661,0.48554773953510083,0.6044965387626129,0.5490086755509862,0.6176701446206718,0.6183515107225757,1.0316492965586672,0.5899580994817375,0.6029647230085795,0.5841261848827309,-0.446087720607478,0.5935484079572287,0.23293095931253902,0.505365159811979,0.6415422355209861,0.5970435846641303,0.5317786959553217,0.4832442559401908,0.5610760102438336,0.6079099181458731,0.6435063648897507,0.6398244682480584,0.6148841779580236,0.5930875727349991,0.640246463523491,0.6235471656669505,0.6392924339785481,0.6414903751674937,0.48544724068793316,0.604370621464168,0.505937867825427,0.5847981526799346,0.6421250881291242,0.6150823622416642,0.6430083365842499,0.6062861557028114,0.6198302244501104,-0.4040641220163887,0.6423276990205311,0.5903167147764972,0.5978212111325997,0.618137357583239,0.5929396126979739,0.6174506782712859,0.5993663389683923,0.5160499395705027,0.6438632826281139,0.5308262156601122,0.6117554411885228,-0.11066426808372769,0.6042657964401311,0.5821011196766819,0.6401240934130537
971,1519074317,0.5267704569848871,0.6071874548237738,0.6276689732555684,0.6441299602401126,0.6224459626114041,0.5737276629357575,0.5280325205434121,0.5878124160984048,0.5566521342046153,0.5843316150150804,0.6044793802158485,0.6467372302879248,0.6245004971598612,0.5284873928063747,0.6274979839188319,0.5986510619454808,0.5733652000175138,0.5831124520654024,0.651420713716763,0.6001937518290432,0.6468437428041612,0.6248723986364009,-0.17069114333744284,0.6002427202630943,0.623529156959852,0.6206236710622063,0.6235177721635099,0.5486071370960753,0.5264650208390376,0.4059620117598046,0.6067336921985008,0.6054261395116246,0.6448406405092298,-1.4317255921311807,0.5973112214238007,0.6452452202929718,0.5848364481822633,0.530697087493259,0.6076914771906353,0.5360526862828459,-0.5567771649665584,0.6221037628154334,0.5088650187047699,0.5368199580220189,-0.042223416015498456,0.5952964786440027,0.5819302365133775,0.5824354817782709,0.6049699332885664,0.8111271186764318,0.5831053497106473,0.6420187750145677,0.5499287076661371,0.5273345101435586,0.551229171943731,0.645505688724961,0.6202359002540917,0.6437564964627903,0.6121601303263037,0.5936981006921727,0.6173151427544351,0.5944227280000238,0.5988195089924818,0.38606693288265415,0.6036211606218959,0.6490841332351425,0.5072610963100063,0.6064175472017165,0.532247262270835,0.5852087915517692,0.6122471105388099,0.5369520574584695,0.6203790312333175,0.6453107356602784,0.5856276145700802,0.5935427842611459,0.6405215742761254,0.5963468989134236,0.4869771161660993,0.6073940128784455,0.5504011167490357,0.6194441659244123,0.6219553044921519,1.0318920072124256,0.5930939531756405,0.6059173070742017,0.5875784282460476,-0.4460760834699352,0.5972645553533918,0.23293095931253902,0.5068639214688541,0.6437915841741946,0.600213620900895,0.5355143224985652,0.48467039430719144,0.5632532112488947,0.6110054477413976,0.6455443897983485,0.6431237644568607,0.6186262705034425,0.5968174641915733,0.642494264159717,0.6265143122695587,0.6426629537270224,0.643746180667518,0.4883046031394535,0.6074896898408599,0.5081884055103795,0.5882506539572213,0.6449488952017959,0.6181921102873289,0.6456296328004105,0.6098755150601398,0.6223051297589876,-0.4035868544017243,0.6450858120512503,0.5924088833627353,0.5997233186917093,0.6199078988400085,0.5952588119337111,0.6192206486922053,0.601271229417929,0.5169748887789161,0.6458974672412796,0.5319369636743237,0.616109452773621,-0.11066426808372769,0.6067591556381772,0.5857365815864666,0.6423737754107303
972,1519074322,0.5288626365189859,0.6089296654816289,0.629649115590813,0.6463780154526774,0.6242183197421369,0.5751599399793433,0.5294282290058652,0.5901159928813416,0.5580293625438685,0.5861498651529647,0.6062487452700083,0.6483046324331987,0.6269578587411322,0.5298829376381238,0.6294773805531146,0.600559744930744,0.5747125980949591,0.5849040260584174,0.6536384290232699,0.6020991406331434,0.6484169951090211,0.6268488936337625,-0.17069114333744284,0.602159575720622,0.6255102371813919,0.6218255734716667,0.6254997555342952,0.549997649993912,0.5278591037044892,0.407449693817749,0.6098506153823,0.6071911413182972,0.6476014615879541,-0.43170440300269347,0.599439963365817,0.6472798182434533,0.5872647713400353,0.5320354607033445,0.6096506219221197,0.5382933981877178,-0.5567771649665584,0.6233028019739146,0.5103675470136959,0.5383152655485005,-0.042223416015498456,0.5970348062153218,0.583123723243166,0.5842242536321524,0.6068625209481774,0.8139204817705171,0.5848975742762123,0.6442181634761189,0.5513137365598374,0.5286699844643262,0.5526232751203513,0.6477119071744565,0.622243180221433,0.6465170023361286,0.6142143637440489,0.5952692132829004,0.6191796057209398,0.5961598913264763,0.6013693536302266,0.6157030854188763,0.6053821641772384,0.6511218126166597,0.5095140346573515,0.6089144248292258,0.5335864939292313,0.586932690641122,0.6148283791214988,0.5384369331785683,0.6223811341978214,0.6480700007029288,0.5874413500871579,0.5951122506266284,0.6427248090859865,0.5984758064463288,0.48840649279709775,0.6091324973479452,0.5524897785461099,0.621809527662733,0.6231565690820107,1.0320376336046806,0.594661880022592,0.6082793743266993,0.5893045499277059,-0.44606444633239245,0.5993880681511994,0.23293095931253902,0.5083626831257291,0.6460409328274029,0.6021156426429538,0.5370085731158627,0.48609653267419206,0.5639789449172484,0.613069134138414,0.6480919209340956,0.645873177964196,0.6211209988670551,0.5994816723748406,0.6453040149549994,0.6284924100046309,0.644909966892672,0.6465659375425482,0.48901894375233357,0.609361130866875,0.5096887639670143,0.5899769045958646,0.6472079408599333,0.6206799087238607,0.647202410530107,0.6119265775500419,0.6242850540060894,-0.4032686759919481,0.6472923024758256,0.593978009802414,0.6028934979568918,0.621678440096778,0.5969982113605139,0.6209906191131247,0.6031761198674657,0.5178998379873294,0.6479316518544452,0.5324923376814295,0.617975457738663,-0.11066426808372769,0.6086291750367117,0.5875543125413588,0.6446234574084069
973,1519074328,0.5309548160530847,0.610671876139484,0.6326193290936802,0.6497500982715245,0.626581462583114,0.5765922170229292,0.5315217916995448,0.5929954638600128,0.5594065908831216,0.5891802820494388,0.6091976870269412,0.6498720345784725,0.6296042481363471,0.5312784824698729,0.6314567771873975,0.6043771109012706,0.5760599961724046,0.5866956000514324,0.6558561443297767,0.6046396590386103,0.6505146648488341,0.629813636129805,-0.08572961197044983,0.6040764311781496,0.6274913174029316,0.6242293782905873,0.6274817389050804,0.552083419340667,0.5292531865699409,0.40893737587569334,0.6117207692925795,0.610132810996085,0.6498101184509334,-0.15392073935589148,0.6015687053078334,0.6508403646567957,0.5903001752872503,0.5333738339134301,0.6116097666536041,0.5405341100925898,-0.5567771649665584,0.6251013607116366,0.5111188111681589,0.540558226838223,-0.042223416015498456,0.598773133786641,0.5855106967027428,0.5854167682014065,0.6087551086077884,0.8167419877632512,0.5860923906532555,0.6464175519376703,0.5526987654535378,0.5306731959454778,0.5547144298852815,0.649918125623952,0.6247522801806096,0.6492775082094668,0.6167821555162305,0.5968403258736282,0.6210440686874444,0.5978970546529289,0.603281737108535,0.619130490680611,0.6071431677325811,0.6536689118435561,0.5117669730046966,0.6107870830498576,0.5349257255876277,0.5903804888198273,0.61689339398765,0.5391793710386178,0.6243832371623251,0.650277412737049,0.5892550856042357,0.5972048724472717,0.6454788525983128,0.6011369408624602,0.489121181112597,0.6108709818174447,0.5545784403431842,0.6235835489664735,0.6255590982617282,1.0321832599969356,0.5962298068695435,0.6100509247660726,0.5910306716093642,-0.4460528091948497,0.6015115809490069,0.23293095931253902,0.5091120639541665,0.6482902814806114,0.6040176643850127,0.5385028237331602,0.4875226710411927,0.5654304122539557,0.6156487421346845,0.6501299458426935,0.6491724741729983,0.6242394093215708,0.6021458805581079,0.6475518155912254,0.630470507739703,0.6471569800583216,0.6488217430425723,0.49044762497809374,0.6112325718928902,0.5119393016519667,0.591703155234508,0.6494669865180707,0.6244116063786583,0.6492994475030355,0.6139776400399438,0.6262649782531912,-0.4026323191723956,0.6494987929004009,0.5960701783886523,0.6047956055160014,0.6234489813535474,0.5987376107873168,0.6251205500952701,0.6050810103170023,0.5197497364041562,0.649965836467611,0.5352692077169582,0.620463464358719,-0.11066426808372769,0.6104991944352461,0.5893720434962512,0.6474355599055026
974,1519074334,0.5323496024091506,0.612994823683291,0.6345994714289249,0.6519981534840892,0.6295353911343354,0.577308355544722,0.5329175001619979,0.5947231464472154,0.5607838192223747,0.591604615566618,0.610967052081101,0.6514394367237464,0.6322868894410856,0.5326740273016218,0.6334361738216802,0.6062857938865338,0.5774073942498499,0.5884871740444473,0.6580738596362835,0.6065450478427105,0.652087917153694,0.6317901311271666,-0.08572961197044983,0.606632238454853,0.6294723976244715,0.6260322319047779,0.6294637222758657,0.554169188687422,0.5306472694353925,0.41042505793363776,0.6135909232028589,0.6118978128027576,0.6525709395296575,0.1238629242909105,0.6036974472498496,0.6528749626072772,0.5927284984450223,0.5353813937285584,0.6135689113850885,0.5420279180291712,-0.5567771649665584,0.6263003998701179,0.5126213394770851,0.5428011881279453,-0.042223416015498456,0.6005114613579601,0.5867041834325313,0.5866092827706608,0.6106476962673993,0.8195656585943429,0.588482023407342,0.6486169403992216,0.5540837943472381,0.5326764074266293,0.5568055846502119,0.6521243440734477,0.6272613801397862,0.6514859129081374,0.6188363889339756,0.5989351426612652,0.6229085316539491,0.600792326863683,0.6051941205868436,0.6157030854188763,0.6089041712879237,0.6562160110704526,0.5132689319029268,0.6132839606773669,0.5362649572460241,0.5921043879091801,0.6194746625703389,0.5406642467587166,0.626385340126829,0.6524848247711692,0.5910688211213134,0.5992974942679151,0.6476820874081739,0.6037980752785914,0.4919799343745939,0.6126094662869442,0.5566671021402584,0.625357570270214,0.626760362851587,1.0326201391737007,0.597797733716495,0.6124129920185702,0.5927567932910225,-0.446041172057307,0.6036350937468145,0.23293095931253902,0.5106108256110417,0.651101967297122,0.6059196861270716,0.5407441996591063,0.48966187859169363,0.5668818795906632,0.6177124285317008,0.6521679707512913,0.6513720049788665,0.6261104555942804,0.6048100887413751,0.6497996162274514,0.6324486054747751,0.6494039932239711,0.6510775485425965,0.49187630620385386,0.6131040129189053,0.5134396601086015,0.5934294058731513,0.6522907935907425,0.6262774552060572,0.6508722252327319,0.6160287025298459,0.6287398835620683,-0.40215505155773124,0.6517052833249762,0.5976393048283309,0.6066977130751109,0.6252195226103169,0.6004770102141196,0.6268905205161895,0.6076208642497178,0.5234495332378098,0.6520000210807767,0.538046077752487,0.6223294693237611,-0.11066426808372769,0.6123692138337806,0.5911897744511434,0.6496852419031792
975,1519074339,0.5351391751212824,0.6176407187709047,0.6385597560994144,0.6581803053186422,0.6330801053958011,0.5801729096318937,0.5357089170869042,0.5981785116216207,0.5642268900705076,0.5952411158423868,0.6139159938380341,0.6545742410142942,0.6346044222284802,0.5354651169651199,0.6373949670902457,0.6120118428423236,0.5801021904047406,0.5908759393684673,0.6636181479025505,0.6109909550522774,0.6557588391983669,0.63574312112189,-0.08572961197044983,0.6104659493699083,0.6339298281229361,0.6290369879284288,0.6339231848601325,0.558340727380932,0.5341324765990217,0.4143922100881561,0.6173312310234179,0.6142511485449877,0.657540417471361,-0.5983746011907747,0.6084871166193864,0.6569441585082401,0.5963709831816804,0.5380581401487295,0.6179769870309284,0.5442686299340431,-0.5567771649665584,0.6298975173455617,0.5148751319404742,0.5450441494176678,-0.042223416015498456,0.6051470015481445,0.5902846436218966,0.5895905691937965,0.6156945966930286,0.8223720107185739,0.5908716561614286,0.6524658702069364,0.5568538521346387,0.5353473560681646,0.5595937910034523,0.6565367809724387,0.6317777600663039,0.6547985199561434,0.6219177390605936,0.6015536636458116,0.6266374575869584,0.6048457079587387,0.6090188875434607,0.4169135802382661,0.6118391772134948,0.6602913698334869,0.515521870250272,0.6176534965255082,0.5396130363920151,0.5955521860878854,0.6225721848695656,0.5428915603388649,0.6308900717969627,0.6568996488394098,0.5946962921554689,0.6019132715437193,0.6509869396229654,0.6080558903444017,0.49412399932109163,0.61666593004911,0.5594519845363575,0.6300882937468553,0.6303641566211633,1.032911391958211,0.6004109451280808,0.6153655760841924,0.5962090366543391,-0.4460149884978358,0.6073512411429776,0.23293095931253902,0.5143577297532291,0.6561630017668411,0.6097237296111893,0.5452269515109986,0.49251415532569487,0.5705105479324316,0.6208079581272253,0.6567535267956363,0.6546713011876688,0.628605183957893,0.6090728218346028,0.6542952174999034,0.6364048009449195,0.6538980195552702,0.6555891595426449,0.4954480092682543,0.6168468949709356,0.5156901977935539,0.596881907150438,0.6568088849070173,0.628765253642589,0.6545420399353569,0.6191052962646989,0.6331947131180472,-0.4015186947381788,0.656118264174127,0.6007775577076884,0.61050192819333,0.6311213267995485,0.6045356088766596,0.6304304613580284,0.61206560863197,0.5252994316546366,0.6575940287669824,0.54026757378091,0.6254394775988312,-0.11066426808372769,0.6161092526308496,0.596037056997523,0.6547470263979516
976,1519074345,0.5365339614773482,0.6205444032006633,0.6405398984346591,0.660428360531207,0.6354432482367782,0.5823213251972725,0.5371046255493572,0.5999061942088234,0.5656041184097608,0.5970593659802712,0.6174547239463537,0.656664110541326,0.6372870635332186,0.5382562066286181,0.6398692128830991,0.6139205258275868,0.5821232875209088,0.5938618960234923,0.666390292035684,0.6128963438563776,0.6583809263731333,0.6377196161192518,-0.17069114333744284,0.6136607084657877,0.6369014484552459,0.6326426951568098,0.6364006640736142,0.560426496727687,0.5355265594644735,0.4158798921461005,0.6204481542072171,0.6177811521583331,0.6597490743343404,-1.0983851957550184,0.6106158585614028,0.6589787564587215,0.5981922255500093,0.5393965133588151,0.6199361317624128,0.5465093418389151,-0.5567771649665584,0.6316960760832836,0.5178801885583264,0.5465394569441494,-0.042223416015498456,0.6074647716432366,0.5920748737165792,0.5919755983323051,0.6182180469058433,0.8251942383240938,0.5926638807269935,0.6557649528992633,0.5596239099220394,0.5373505675493161,0.5609878941800724,0.6592945540343081,0.6342868600254805,0.6581111270041492,0.6255126475416477,0.6036484804334487,0.6297448958644662,0.6071619257273421,0.6122061933406415,0.2695351539836758,0.6165351866944084,0.6628384690603835,0.5170238291485021,0.6195261547461401,0.5409522680504114,0.5972760851772382,0.6256697071687922,0.5458613117790626,0.6333927005025924,0.65965891388206,0.5971146061782392,0.6045290488195235,0.654291791837757,0.6101847978773067,0.4955533759520901,0.6195634041649425,0.5615406463334317,0.632453655485176,0.6333673180958102,1.0331541026119693,0.6030241565396666,0.6177276433366901,0.5985105322298835,-0.44600044207590733,0.6105365103396889,0.23293095931253902,0.5158564914101041,0.6584123504200495,0.612893765847954,0.546721202128296,0.49465336287619577,0.5712362816007853,0.6244194093220039,0.6593010579313835,0.6579705973964711,0.6317235944124087,0.6112041883812166,0.6565430181361294,0.6388774231137596,0.6567067860123321,0.6584089164176751,0.49616234988113433,0.6193421496722891,0.5171905562501887,0.5991835746686291,0.659632691979689,0.6318750016882536,0.6576875953947497,0.6232074212445029,0.635174637365149,-0.4010414271235144,0.6588763772048462,0.6028697262939267,0.6124040357524395,0.6334820484752411,0.6080144077302653,0.6322004317789478,0.6139704990815067,0.5266868554672567,0.6601367595334394,0.5413783217951215,0.6279274842188872,-0.11066426808372769,0.619225951628407,0.5978547879524152,0.6569967083956282
977,1519074350,0.5379287478334142,0.6222866138585185,0.6425200407699039,0.6621144019406305,0.6372156053675111,0.5830374637190654,0.5385003340118103,0.601633876796026,0.5669813467490139,0.5982715327388608,0.6180445122977403,0.6577090453048419,0.6399101481294542,0.5403495238762416,0.6418486095173819,0.6151929811510957,0.5834706855983541,0.5950562786855023,0.6680535785155641,0.6141666030591111,0.6594297612430398,0.6396961111166134,-0.08572961197044983,0.6149386121041395,0.6388825286767857,0.6338445975662702,0.6383826474443994,0.5618170096255237,0.5369206423299251,0.41736757420404486,0.6210715388439769,0.6189578200294482,0.66085340276583,0.45720332066707287,0.6116802295324109,0.661013354409203,0.5987993063394523,0.5407348865689007,0.6218952764938972,0.5480031497754965,-0.5567771649665584,0.6322955956625242,0.5201339810217155,0.5472871107073902,-0.042223416015498456,0.6092030992145558,0.5926716170814734,0.5931681129015592,0.6194797720122506,0.8279948175460378,0.5938586971040367,0.6557649528992633,0.5610089388157397,0.5386860418700837,0.5623819973566927,0.6603976632590559,0.6362941399928218,0.6581111270041492,0.6265397642505203,0.6046958888272672,0.6297448958644662,0.6083200346116437,0.6134811156595139,0.6362675169892843,0.6171221878795226,0.6648761484419006,0.5177748085976172,0.6207745935598947,0.5422914997088079,0.5989999842665908,0.6267022146018678,0.5473461874991614,0.6353948034670963,0.6607626198991202,0.5983237631896244,0.6055753597298452,0.654291791837757,0.6112492516437592,0.4962680642675893,0.6213018886344421,0.5629330875314812,0.6348190172234965,0.6339679503907396,1.0332511868734726,0.6040694411043009,0.6189086769629389,0.6002366539115418,-0.44598880493836457,0.6115982667385926,0.23293095931253902,0.5166058722385417,0.6600993619099559,0.6141617803426599,0.5482154527455935,0.4953664320596961,0.5726877489374926,0.6254512525205121,0.6618485890671307,0.6579705973964711,0.6317235944124087,0.6122698716545235,0.6587908187723552,0.6408555208488318,0.6583920458865693,0.6601007705426932,0.4975910311068945,0.6205897770229659,0.5186909147068237,0.6009098253072724,0.6613269762232921,0.6318750016882536,0.658736113881214,0.6242329524894539,0.6371545616122507,-0.4007232487137382,0.6599796224171338,0.6039158105870457,0.6143061433115491,0.6352525897320106,0.6097538071570681,0.6339704021998672,0.6152404260478644,0.52761180467567,0.6621709441466052,0.542489069809333,0.6279274842188872,-0.11066426808372769,0.6198492914279186,0.5990666085890101,0.6586839698938857
978,1519074356,0.540020927367513,0.6240288245163735,0.6449952186889598,0.6654864847594777,0.6395787482084881,0.5844697407626512,0.54059389670549,0.6039374535789629,0.568358575088267,0.6000897828767453,0.6209934540546733,0.6592764474501157,0.6425254644593633,0.5417450687079907,0.6438280061516646,0.6190103471216222,0.5848180836757996,0.5962506613475123,0.6713801514753244,0.616707121464578,0.6610030135478996,0.6421667298633155,-0.08572961197044983,0.6174944193808429,0.6408636088983255,0.6350464999757305,0.6403646308151847,0.5632075225233604,0.5383147251953768,0.4198470443006188,0.624188462027776,0.621899489707236,0.664166388060299,0.5683167861257937,0.6143411569599313,0.6635566018473048,0.6006205487077814,0.542742446384029,0.6243442074082526,0.5502438616803684,-0.5567771649665584,0.6340941544002461,0.5216365093306415,0.5495300719971126,-0.042223416015498456,0.6109414267858749,0.5944618471761561,0.5943606274708135,0.6232649473314725,0.8308220964410589,0.59505351348108,0.6590640355915902,0.56239396770944,0.5400215161908515,0.564473152121623,0.6637069909332992,0.6383014199601631,0.6614237340521552,0.6291075560227019,0.606267001417995,0.6322308464864725,0.610636252380247,0.6166684214566948,0.6362675169892843,0.6188831914348653,0.667423247668797,0.5207787263940773,0.623271471187404,0.5436307313672042,0.6018731494155121,0.6297997369010946,0.5488310632192602,0.6373969064316001,0.6646255909588306,0.6001374987067021,0.6071448260953277,0.6575966440525486,0.6133781591766644,0.498412129214087,0.6230403731039417,0.5650217493285554,0.636593038527237,0.6357698472755277,1.0333968132657276,0.6056373679512524,0.621861261028561,0.6025381494870862,-0.44597425851643613,0.6137217795364002,0.23293095931253902,0.5181046338954167,0.6629110477264664,0.6179658238267776,0.5489625780542422,0.4967925704266967,0.5741392162742001,0.6280308605167826,0.6638866139757285,0.6623696590082075,0.6342183227760213,0.6144012382011373,0.6627244698857507,0.6433281430176719,0.6617625656350437,0.6634844787927294,0.49901971233265463,0.6230850317243194,0.520941452391776,0.6026360759459158,0.6641507832959638,0.6362286489521842,0.6603088916109103,0.6262840149793559,0.6391344858593525,-0.40040507030396194,0.6638409806601406,0.6054849370267245,0.6187443942828047,0.63702313098878,0.611493206583871,0.6363303627610931,0.61778027998058,0.5285367538840835,0.6642051287597709,0.5430444438164388,0.6310374924939574,-0.11066426808372769,0.624212670024499,0.6014902498621999,0.6614960723909814
979,1519074362,0.5414157137235789,0.6257710351742287,0.6469753610242045,0.6682965537751836,0.641351105339221,0.5859020178062372,0.5419896051679431,0.6062410303618997,0.5697358034275202,0.6037262831525141,0.6233526074602197,0.6613663169771475,0.6449491635532196,0.5431406135397396,0.6463022519445181,0.6215552577686398,0.5861654817532449,0.5980422353405271,0.6735978667818312,0.6186125102686781,0.6636251007226659,0.6451314723593581,-0.17069114333744284,0.6200502266575464,0.6428446891198654,0.636849353589921,0.6423466141859699,0.564598035421197,0.5397088080608284,0.42133472635856317,0.6273053852115752,0.6242528254494661,0.6663750449232784,0.45720332066707287,0.6175342698729558,0.6655911997977862,0.6042630334444393,0.5447500061991574,0.626303352139737,0.5517376696169498,-0.5567771649665584,0.635892713137968,0.5231390376395677,0.551773033286835,-0.042223416015498456,0.6126797543571941,0.596848820635733,0.5973419138939492,0.6251575349910835,0.8336255621141463,0.5992353708007314,0.6623631182839171,0.5637789966031403,0.5426924648323868,0.5665643068865533,0.6659132093827949,0.6403086999275043,0.6652884422748288,0.6321889061493197,0.6094092265994506,0.6353382847639804,0.6129524701488503,0.6185808049350033,0.6294127064658149,0.6218181973604362,0.6694609270503142,0.5215297058431924,0.625144129408036,0.5449699630256006,0.6047463145644332,0.633413512916859,0.5495735010793097,0.63989953513723,0.6673848560014809,0.6025558127294725,0.609237447915971,0.6620031136722706,0.6171037473592482,0.5005561941605847,0.6253583523966078,0.5664141905266049,0.6383670598309775,0.6381723764552453,1.0335909817887343,0.6082505793628382,0.6254043619073075,0.6042642711687445,-0.44596262137889336,0.6169070487331114,0.23293095931253902,0.5196033955522917,0.6662850707062791,0.6198678455688363,0.5504568286715397,0.49964484716069796,0.5748649499425537,0.6311263901123071,0.6659246388843263,0.6656689552170099,0.6379604153214402,0.6181311296577116,0.6649722705219767,0.6453062407527441,0.6640095788006931,0.6657402842927537,0.49973405294553475,0.6249564727503345,0.5216916316200935,0.6055131603436548,0.6669745903686355,0.638716447388716,0.662405928583839,0.6293606087142088,0.6416093911682297,-0.4000868918941857,0.666047471084716,0.6081001477595223,0.6206465018419143,0.6387936722455495,0.6132326060106738,0.6381003331820125,0.6215900608796534,0.5299241776967035,0.6662393133729366,0.5452659398448617,0.6353915040790554,-0.11066426808372769,0.6260826894230335,0.6039138911353896,0.663745754388658
980,1519074367,0.5428105000796447,0.6280939827180356,0.6489555033594493,0.6705446089877484,0.6437142481801982,0.58661815632803,0.5433853136303962,0.6073928187533681,0.5718016459363999,0.6055445332903985,0.6251219725143795,0.6629337191224214,0.647183834833132,0.5445361583714887,0.6482816485788008,0.6234639407539031,0.5875128798306903,0.6004310006645471,0.6763700109149647,0.6230584174782452,0.6651983530275257,0.6471079673567197,-0.17069114333744284,0.621967082115074,0.6453210393967902,0.6392531584088417,0.6443285975567553,0.5659885483190337,0.5424969737917318,0.4228224084165076,0.6291755391218546,0.6260178272561387,0.6696880302177474,0.2905331224789917,0.6196630118149722,0.668134447235888,0.6066913566022113,0.5460883794092429,0.6282624968712214,0.5539783815218218,-0.5567771649665584,0.6370917522964493,0.5238903017940307,0.5540159945765575,-0.042223416015498456,0.6144180819285132,0.5986390507304156,0.5985344284632035,0.6276809852038981,0.8364153171443023,0.6004301871777747,0.6651123538608563,0.5651640254968406,0.5446956763135382,0.5686554616514836,0.6686709824446643,0.6428177998866809,0.6674968469734993,0.6342431395670649,0.6109803391901785,0.6378242353859865,0.6146896334753028,0.6204931884133118,0.6225578959423456,0.6235792009157789,0.6720080262772107,0.5230316647414225,0.6288894458492998,0.5469788105131952,0.6064702136537858,0.6354785277830102,0.5510583767994085,0.6424021638428598,0.6695922680356011,0.6043695482465502,0.6113300697366144,0.6642063484821317,0.6192326548921533,0.5019855707915831,0.6276763316892738,0.5685028523236791,0.640141081134718,0.639373641045104,1.0337366081809893,0.6098185062097897,0.6271759123466808,0.6071411406381749,-0.44595098424135066,0.619030561530919,0.23293095931253902,0.5226009188660419,0.6685344193594875,0.6224038745582482,0.551951079288837,0.5017840547111989,0.5770421509476148,0.6331900765093235,0.6679626637929241,0.6678684860228781,0.6398314615941497,0.6207953378409788,0.6672200711582027,0.6477788629215844,0.6668183452577551,0.6679960897927778,0.501877074784175,0.6280755411270265,0.5231919900767283,0.6072394109822981,0.6692336360267729,0.6405822962161148,0.6645029655567675,0.6314116712041109,0.6435893154153315,-0.3997687134844095,0.6682539615092913,0.6101923163457604,0.6225486094010237,0.6411543939212422,0.6155518052464108,0.6404602937432384,0.6234949513291901,0.530849126905117,0.6687820441393937,0.5458213138519675,0.6372575090440975,-0.11066426808372769,0.627952708821568,0.6057316220902819,0.6676826978845921
981,1519074373,0.5442052864357106,0.6298361933758908,0.6514306812785051,0.672792664200313,0.6454866053109309,0.5880504333716159,0.5461767305553024,0.6102722897320393,0.5738674884452796,0.6073627834282829,0.6268913375685393,0.6650235886494532,0.6496541435249471,0.5466294756191122,0.6507558943716543,0.6253726237391664,0.5888602779081357,0.6022225746575621,0.6785877262214716,0.6249638062823453,0.6672960227673388,0.6490844623540813,-0.17069114333744284,0.6238839375726016,0.647797389673715,0.6404550608183021,0.6473015726129332,0.5680743176657886,0.5445880980899093,0.4248059844937667,0.6310456930321342,0.6277828290628115,0.6724488512964715,0.2905331224789917,0.6223239392424926,0.6701690451863694,0.6091196797599834,0.5480959392243713,0.6307114277855769,0.555472189458403,-0.5567771649665584,0.6394898306134118,0.5261440942574198,0.5562589558662798,-0.042223416015498456,0.6178947370711515,0.6022195109197809,0.6009194576017121,0.6295735728635091,0.8392195044301757,0.601625003554818,0.6673117423224075,0.5672415688373911,0.546031150634306,0.5707466164164139,0.6708772008941598,0.6448250798540222,0.6697052516721699,0.6362973729848102,0.6125514517809062,0.6396886983524912,0.6164267968017553,0.6224055718916204,0.6157030854188763,0.6253402044711215,0.6740457056587279,0.5245336236396526,0.6313863234768091,0.549657273829988,0.6081941127431386,0.6375435426491614,0.5525432525195073,0.6444042668073635,0.6717996800697215,0.6079970192807057,0.6128995361020969,0.6664095832919927,0.6213615624250584,0.5041296357380809,0.6294148161587735,0.5698952935217286,0.6425064428730386,0.6417761702248215,1.033930776703996,0.6119090753390584,0.6289474627860541,0.6088672623198332,-0.4459335285350365,0.6222158307276302,0.23293095931253902,0.5248490613513543,0.6713461051759981,0.6249399035476599,0.5541924552147832,0.5032101930781995,0.5792193519526758,0.6352537629063398,0.6705101949286714,0.6700680168287463,0.6417025078668591,0.6234595460242461,0.6694678717944287,0.6497569606566564,0.669627111714817,0.670251895292802,0.5054487778485753,0.6299469821530416,0.5261927069899981,0.6095410785004892,0.6714926816849103,0.6424481450435137,0.6660757432864639,0.6334627336940128,0.6455692396624332,-0.39945053507463324,0.6704604519338667,0.6128075270785582,0.6244507169601333,0.6429249351780116,0.617871004482148,0.642230264164158,0.6266697687450845,0.5317740761135303,0.6708162287525594,0.546932061866179,0.6391235140091396,-0.11066426808372769,0.6298227282201024,0.6081552633634717,0.6699323798822687
982,1519074379,0.5456000727917765,0.6315784040337459,0.6534108236137499,0.6750407194128778,0.6490313195723967,0.5916311259805805,0.5475724390177555,0.611999972319242,0.5759333309541593,0.6097871169454621,0.6286607026226991,0.667113458176485,0.6523290165633591,0.5494205652826103,0.6532301401645078,0.6272813067244296,0.5915550740630264,0.6046113399815821,0.6813598703546051,0.6268691950864455,0.669393692507152,0.6510609573514431,-0.17069114333744284,0.6258007930301293,0.6497784698952548,0.6428588656372227,0.6492835559837185,0.5701600870125437,0.5466792223880869,0.42629366655171114,0.6341626162159333,0.6295478308694841,0.6746575081594508,0.1794196570202709,0.624984866670013,0.6722036431368509,0.6121550837071984,0.5494343124344568,0.6326705725170613,0.5562190934266937,-0.5567771649665584,0.6418879089303744,0.5299004150297351,0.5577542633927615,2.1555494069990258,0.6196330646424707,0.6034129976495693,0.6033044867402205,0.6320970230763239,0.8420532778402695,0.6034172281203829,0.6700609778993467,0.5700116266247918,0.5473666249550736,0.5728377711813443,0.6736349739560292,0.6468323598213634,0.6719136563708406,0.6383516064025554,0.614122564371634,0.642796136629999,0.6187430145703586,0.6243179553699288,0.5540097907076524,0.6276882092115783,0.6771022247310036,0.5252846030887677,0.6332589816974411,0.5509965054883843,0.6099180118324913,0.6396085575153124,0.5562554418197544,0.6469068955129933,0.6745589451123718,0.6098107547977833,0.6149921579227403,0.6691636268043191,0.6240226968411897,0.5055590123690793,0.6317327954514396,0.5712877347197781,0.6442804641767791,0.6441786994045391,1.034124945227003,0.613999644468327,0.6307190132254273,0.6111687578953777,-0.4459218913974938,0.6243393435254377,0.2896603483134328,0.5270972038366669,0.6735954538292066,0.6268419252897188,0.5564338311407294,0.5046363314452001,0.581396552957737,0.6373174493033561,0.6725482198372691,0.6722675476346145,0.6435735541395686,0.6261237542075134,0.6717156724306547,0.6522295828254967,0.6718741248804666,0.6725077007928262,0.5061631184614555,0.6324422368543952,0.527693065446633,0.6118427460186804,0.6737517273430477,0.6443139938709125,0.6681727802593924,0.6360265618063904,0.6480441449713104,-0.3989732674599689,0.6732185649645859,0.614376653518237,0.6263528245192429,0.6446954764347811,0.6196104039089508,0.6440002345850774,0.6285746591946211,0.5326990253219437,0.6728504133657252,0.5480428098803906,0.6422335222842096,-0.11066426808372769,0.6323160874181485,0.6111848149549588,0.6721820618799453
983,1519074384,0.5504818250380071,0.6455160892965872,0.6593512506194841,0.6789748160348661,0.662619390908015,0.5952118185895451,0.5510617101738883,0.6171830200808499,0.5786877876326656,0.625545284807127,0.6439951997587507,0.6707707298487907,0.6523652684728826,0.5522116549461085,0.6596631792259267,0.6374609493125003,0.5949235692566399,0.6183467405946969,0.6846864433143653,0.6376663983096797,0.6730646145518249,0.6569904423435281,1.6984625467364036,0.6353850703177674,0.6537406303383345,0.6578826457554771,0.653247522725289,0.572941112808217,0.5494673881189902,0.43869101703458097,0.6435133857673307,0.6436678453228653,0.6779704934539199,-1.2650553939430995,0.6292423505540456,0.6767814885254341,0.6267250226538303,0.5594721115100986,0.6370786481629012,0.5614474212047283,-0.5567771649665584,0.6562763788321496,0.5344079999565133,0.5614925322089656,2.1555494069990258,0.6329602426892508,0.6177348384070306,0.6176146615712718,0.6415599613743788,0.8449375641453739,0.6171576164563806,0.6733600605916736,0.5734741988590425,0.5567149452004473,0.5756259775345847,0.6774958562426464,0.6508469197560459,0.675778364593514,0.6424600732380459,0.6177884937499989,0.6514969638070208,0.6326403211819784,0.6351547950803439,0.6362675169892843,0.6417762376543192,0.6811775834940379,0.5327943975799183,0.6432464922074781,0.5610407429263572,0.6145150760707652,0.6437385872476147,0.5607100689800509,0.650911101442001,0.6778700631635521,0.6243206389344054,0.6186542461088661,0.6724684790191106,0.6288127387902261,0.5141352721550702,0.6456406712074361,0.574768837714902,0.6590639750412832,0.6579932421879149,1.03606663045707,0.6181807827268644,0.6448914167404134,0.6169224968342387,-0.44589861712240825,0.6285863691210528,0.2896603483134328,0.531593488807292,0.6775318139723214,0.6376200484947189,0.560169457683973,0.5124800924637035,0.5850252212995054,0.6419607436966429,0.6771337758816142,0.6755668438434168,0.6535524675940191,0.6303864873007411,0.6762112737031065,0.6586584004644812,0.6763681512117656,0.6764553604178685,0.5154495464288964,0.6424232556598092,0.5329443200448551,0.6175969148141581,0.6771402958302538,0.6530212883987737,0.6723668542052496,0.6401286867861944,0.6520039934655139,-0.29636073030713256,0.6765283006014489,0.618037948544154,0.6371314340208636,0.6588598064889369,0.6335255993233736,0.6593399782330458,0.6380991114423045,0.5479606872607647,0.6769187825920565,0.5602610380367171,0.6503195437993918,-0.08689855459740743,0.6416661844108209,0.6257266625940973,0.6766814258752986
984,1519074390,0.551876611394073,0.647839036840394,0.6608363573709176,0.6800988436411485,0.6655733194592365,0.5973602341549239,0.5524574186363413,0.6189107026680525,0.5807536301415452,0.6279696183243062,0.6457645648129106,0.6728605993758225,0.652373036739209,0.5536071997778574,0.6596631792259267,0.6387334046360091,0.596944666372808,0.6201383145877118,0.6857953009676188,0.6389366575124131,0.6751622842916379,0.6574845660928685,3.9074623622782223,0.6379408775944708,0.6557217105598743,0.6596854993696676,0.6552295060960743,0.575026882154972,0.5508614709844418,0.4401786990925253,0.6441367704040906,0.6460211810650954,0.6790748218854096,-3.2095410394707136,0.631371092496062,0.6798333854511562,0.6291533458116024,0.5601412981151414,0.6390377928943856,0.5629412291413097,-0.5567771649665584,0.6580749375698716,0.5351592641109764,0.5637354934986879,2.1555494069990258,0.6346985702605699,0.6195250685017133,0.6194034334251531,0.6428216864807861,0.847930092368358,0.6201446573989887,0.6744597548224492,0.5748592277527429,0.5573826823608311,0.5777171322995149,0.6785989654673942,0.6533560197152225,0.6774346681175171,0.6450278650102274,0.6204070147345452,0.6521184514625223,0.6349565389505818,0.6370671785586524,0.47860687494948995,0.6435372412096619,0.6837246827209345,0.5342963564781484,0.6438707116143555,0.5610407429263572,0.6156643421303336,0.6463198558303036,0.5614525068401004,0.6529132044065049,0.6789737691806123,0.6261343744514831,0.6207468679295095,0.6741209051265064,0.6314738732063575,0.5155646487860686,0.6473791556769356,0.5768574995119762,0.6608379963450236,0.659795139072703,1.0366005938953387,0.620271351856133,0.6478440008060355,0.6174978707281248,-0.4458840707004798,0.6307098819188602,0.2896603483134328,0.533092250464167,0.6786564882989257,0.6388880629894248,0.5616637083012704,0.5139062308307041,0.5872024223045664,0.6440244300936593,0.6791718007902119,0.677766374649285,0.6554235138667285,0.6330506954840084,0.6773351740212196,0.6591529248982493,0.6774916577945904,0.6781472145428866,0.5154495464288964,0.6436708830104859,0.53444467850149,0.6175969148141581,0.6788345800738568,0.6561310364444385,0.6744638911781781,0.6421797492760964,0.654478898774391,-0.13440791973102806,0.6776315458137365,0.6201301171303921,0.6383995057269366,0.6612205281646296,0.6352649987501764,0.6622899289345782,0.6393690384086622,0.5530479079070384,0.6794615133585137,0.5652594041006689,0.6521855487644339,-0.08689855459740743,0.6429128640098438,0.6275443935489896,0.6778062668741369
985,1519074395,0.5532713977501389,0.6495812474982492,0.6608363573709176,0.6812228712474309,0.6673456765899693,0.5987925111985097,0.554550981330021,0.6189107026680525,0.582819472650425,0.6297878684621906,0.6475339298670704,0.6749504689028544,0.652373036739209,0.5550027446096065,0.6596631792259267,0.640005859959518,0.5989657634889761,0.6219298885807268,0.6869041586208722,0.6402069167151466,0.677259954031451,0.6574845660928685,6.3713467719210195,0.6385798294136468,0.6581980608367991,0.6614883529838581,0.6572114894668596,0.5764173950528086,0.5529525952826193,0.4416663811504697,0.6453835396776102,0.647786182871768,0.6801791503168992,-3.876221832223038,0.6334998344380783,0.6818679834016377,0.6309745881799314,0.5601412981151414,0.6409969376258698,0.564435037077891,-0.5567771649665584,0.6598734963075935,0.5366617924199024,0.5652308010251695,2.1555494069990258,0.6364368978318891,0.6213152985963959,0.6211922052790345,0.6440834115871934,0.8508836535009056,0.6219368819645537,0.6772089903993884,0.5762442566464432,0.5573826823608311,0.5791112354761352,0.6797020746921419,0.6553632996825638,0.6785388704668524,0.6470820984279726,0.6225018315221823,0.6552258897400302,0.6366937022770343,0.6377046397180886,0.6911060011770388,0.6452982447650045,0.6857623621024516,0.5357983153763786,0.6451191504281101,0.5610407429263572,0.6156643421303336,0.6483848706964548,0.5629373825601992,0.6549153073710087,0.6800774751976724,0.6279481099685608,0.6228394897501529,0.6752225225314369,0.6336027807392626,0.5155646487860686,0.6491176401464352,0.5782499407100257,0.6637946985179245,0.6615970359574912,1.0367947624183453,0.6223619209854017,0.6496155512454088,0.6174978707281248,-0.44587243356293704,0.6328333947166678,0.2896603483134328,0.5353403929494795,0.6797811626255299,0.6395220702367778,0.5631579589185679,0.5139062308307041,0.5886538896412739,0.6466040380899297,0.6817193319259591,0.6788661400522191,0.6560471959576317,0.6351820620306222,0.6784590743393325,0.6591529248982493,0.6786151643774152,0.6792751172928987,0.5154495464288964,0.6442946966858244,0.5366952161864423,0.6175969148141581,0.6799641029029255,0.6567529860535714,0.6765609281511066,0.6442308117659984,0.6564588230214928,0.030090318123286334,0.6787347910260242,0.6222222857166304,0.6396675774330097,0.6641714302592454,0.6381639977948478,0.6640598993554976,0.64063896537502,0.5539728571154517,0.6820042441249707,0.5663701521148804,0.653429552074462,-0.08689855459740743,0.6441595436088668,0.629362124503882,0.6789311078729752
986,1519074401,0.5546661841062047,0.6519041950420561,0.6608363573709176,0.6829089126568544,0.6691180337207021,0.6009409267638884,0.5559466897924741,0.6189107026680525,0.5848853151593046,0.6322122019793698,0.6493032949212302,0.6775628058116442,0.652373036739209,0.5563982894413556,0.6601580283844973,0.6419145429447812,0.6009868606051442,0.6237214625737417,0.6880130162741256,0.6421123055192468,0.6793576237712641,0.6574845660928685,8.240500461994866,0.6398577330519984,0.6606744111137239,0.6632912065980486,0.6596889686803412,0.5785031643995637,0.5550437195807969,0.44464174526635847,0.6466303089511299,0.6495511846784408,0.6818356429641337,-4.8762430213515255,0.6361607618655988,0.6839025813521191,0.6327958305482604,0.5601412981151414,0.6439356547230964,0.5651819410461817,-0.5567771649665584,0.662271574624556,0.5381643207288286,0.5667261085516512,2.1555494069990258,0.6393341104507543,0.6237022720559727,0.623577234417543,0.6447142741403971,0.8538631926937442,0.6237291065301185,0.678308684630164,0.5776292855401435,0.5573826823608311,0.5805053386527553,0.6813567385292637,0.6578723996417404,0.6796430728161876,0.6491363318457178,0.6245966483098193,0.6564688650510333,0.6390099200456376,0.6389795620369609,0.7013882169622427,0.6476462495054613,0.6878000414839688,0.5365492948254936,0.6469918086487421,0.5623799745847536,0.6156643421303336,0.6504498855626059,0.564422258280298,0.6569174103355125,0.6811811812147325,0.6315755810027163,0.6249321115707962,0.6768749486388327,0.6362639151553939,0.5155646487860686,0.6508561246159348,0.5796423819080752,0.665568719821665,0.6633989328422792,1.0370374730721037,0.6249751323969874,0.6513871016847821,0.6174978707281248,-0.4458578871410086,0.6360186639133791,0.2896603483134328,0.5368391546063546,0.6814681741154361,0.6414240919788365,0.565399334844514,0.5139062308307041,0.5908310906463349,0.6486677244869461,0.683757356834557,0.6799659054551532,0.657294560139438,0.637313428577236,0.6795829746574455,0.6591529248982493,0.6803004242516524,0.6804030200429108,0.5168782276546566,0.6461661377118395,0.5381955746430772,0.6181723316937059,0.6810936257319942,0.6579968852718373,0.6786579651240352,0.6467946398783759,0.65893372833037,0.20206574860734228,0.6803896588444557,0.6248374964494282,0.6403016132860462,0.6671223323538612,0.640483197030585,0.665829869776417,0.6425438558245566,0.5548978063238651,0.6850555210447193,0.5669255261219861,0.655295557039504,-0.08689855459740743,0.6454062232078899,0.6317857657770717,0.6806183693712327
987,1519074407,0.5574557568183365,0.6565500901296698,0.6628164997061624,0.6851569678694192,0.6738443194026564,0.6052377578946461,0.5594359609486069,0.6212142794509894,0.5876397718378109,0.6358487022551387,0.654021601732323,0.6822650122474657,0.6523859838497531,0.5598871515207282,0.660652877543068,0.6438232259300445,0.6050290548374803,0.6284989932217817,0.6907851604072591,0.644017694323347,0.6840773806858436,0.6574845660928685,7.815692805159901,0.6436914439670537,0.6651318416121885,0.6680988162358901,0.6651394229500007,0.581284190195237,0.5578318853117002,0.44761710938224725,0.6509940014084487,0.6548461900984587,0.684044299827113,-5.931820943209373,0.6409504312351355,0.687971777253082,0.6364383152849185,0.5601412981151414,0.6478539441860652,0.5681695569193443,-0.5567771649665584,0.6664682116792404,0.5411693773466807,0.5689690698413736,2.1555494069990258,0.6451285356884848,0.627282732245338,0.6283472926945601,0.6478685869064154,0.8567749002847115,0.6273135556612484,0.6805080730917153,0.5817843722212445,0.5573826823608311,0.5832935450059957,0.6841145115911331,0.6623887795682581,0.6824035786895258,0.6542719153900809,0.6287862818850934,0.658333328017538,0.6436423555828442,0.6421668678341418,0.4820342802112246,0.6529292601714892,0.6923848200923823,0.5395532126219538,0.6488644668693739,0.5623799745847536,0.6156643421303336,0.6545799152949082,0.5688768854405946,0.6619226677467721,0.6850441522744429,0.6358076305425644,0.6296405106672438,0.6790781834486938,0.6405217302212041,0.5155646487860686,0.6566510728476,0.5824272643041741,0.6697081028637261,0.6682039912017144,1.0374743522488687,0.629678912937842,0.6549302025635286,0.6180732446220109,-0.44583461286592313,0.640796567708446,0.2896603483134328,0.5398366779201046,0.6837175227686446,0.6445941282156014,0.5683878360791089,0.5139062308307041,0.5937340253197496,0.6533110188802329,0.6883429128789019,0.6821654362610214,0.6597892885030506,0.6415761616704637,0.6818307752936714,0.6596474493320172,0.6831091907087143,0.683222776917941,0.5168782276546566,0.6492852060885314,0.5411962915563471,0.6187477485732538,0.6844821942192003,0.6598627340992361,0.6833762983131244,0.6519222961031309,0.663388557886349,0.31008731872637463,0.6836993944813187,0.6290218336219047,0.6428377566981922,0.6706634148674001,0.6451215955020592,0.6693698106182558,0.6444487462740933,0.5572101793448986,0.6891238902710507,0.5691470221504091,0.657161562004546,-0.11066426808372769,0.6491462620049588,0.6360271380051538,0.6828680513689093
988,1519074412,0.5574557568183365,0.6565500901296698,0.6628164997061624,0.6851569678694192,0.6738443194026564,0.6052377578946461,0.5594359609486069,0.6212142794509894,0.5876397718378109,0.6358487022551387,0.654021601732323,0.6822650122474657,0.6523911626939708,0.5598871515207282,0.660652877543068,0.6438232259300445,0.6050290548374803,0.6284989932217817,0.6913395892338858,0.644017694323347,0.6840773806858436,0.660449308588911,9.939731089334726,0.6436914439670537,0.6651318416121885,0.6680988162358901,0.6651394229500007,0.581284190195237,0.5578318853117002,0.44761710938224725,0.6509940014084487,0.6548461900984587,0.684044299827113,-6.265161339585536,0.6409504312351355,0.687971777253082,0.6364383152849185,0.5675023507706118,0.6478539441860652,0.568916460887635,-0.5567771649665584,0.6664682116792404,0.5411693773466807,0.5689690698413736,2.1555494069990258,0.6451285356884848,0.627282732245338,0.6283472926945601,0.6491303120128227,0.85973351270676,0.6273135556612484,0.6805080730917153,0.5817843722212445,0.5613891053231341,0.5832935450059957,0.6841145115911331,0.6623887795682581,0.6824035786895258,0.6542719153900809,0.6287862818850934,0.658333328017538,0.6436423555828442,0.6434417901530142,0.7253800537943854,0.6535162613566033,0.6923848200923823,0.5395532126219538,0.6488644668693739,0.56371920624315,0.619112140309039,0.6545799152949082,0.5688768854405946,0.6619226677467721,0.6850441522744429,0.6358076305425644,0.6296405106672438,0.6790781834486938,0.6405217302212041,0.5219968436255616,0.6566510728476,0.5831234849031989,0.6708907837328864,0.6682039912017144,1.0376199786411238,0.629678912937842,0.6549302025635286,0.6215254879853275,-0.44583461286592313,0.640796567708446,0.3107689581742305,0.5398366779201046,0.6837175227686446,0.6452281354629543,0.5683878360791089,0.5174715767482057,0.5937340253197496,0.6533110188802329,0.6888524191060513,0.6821654362610214,0.6597892885030506,0.6415761616704637,0.682392725452728,0.6626145959346255,0.6836709440001267,0.6843506796679532,0.5175925682675366,0.6492852060885314,0.5411962915563471,0.6187477485732538,0.6844821942192003,0.6598627340992361,0.6833762983131244,0.6524350617256064,0.663388557886349,0.475858270219794,0.6836993944813187,0.6290218336219047,0.6434717925512288,0.6706634148674001,0.6451215955020592,0.6693698106182558,0.6444487462740933,0.558135128553312,0.6891238902710507,0.5702577701646206,0.657161562004546,-0.11066426808372769,0.6491462620049588,0.6360271380051538,0.6828680513689093
989,1519074418,0.5623375090645671,0.6611959852172835,0.664301606457596,0.6879670368851251,0.6785706050846106,0.6081023119818177,0.5650187947984193,0.6229419620381921,0.5903942285163173,0.6400912859102023,0.6593296968948025,0.6864447513015294,0.6523963415381884,0.5647715584318498,0.6626322741773508,0.6482768195623254,0.607723850992371,0.6338737152008266,0.6935573045403927,0.6484636015329139,0.6882727201654697,0.6648964223329749,11.129192528472629,0.6468862030629331,0.670579812221423,0.6723054746690013,0.6705898772196602,0.5847604724398286,0.5620141339080552,0.45257604957539516,0.6541109245922478,0.6607295294540342,0.6868051209058372,-6.7651719341497785,0.6452079151191682,0.6925496226416653,0.6419020423899054,0.5715174704008685,0.6532415921976473,0.573397884697379,-0.5567771649665584,0.670664848733925,0.547179490582385,0.5756979537105409,2.1555494069990258,0.6503435184024422,0.6326534225293861,0.6337136082562043,0.652284624778841,0.8627173815763138,0.6320928211694214,0.6827074615532667,0.5852469444554953,0.5680664769269724,0.5888699577124766,0.6863207300406287,0.6664033395029407,0.6851640845628642,0.659407498934444,0.6334996196572769,0.6626837416060489,0.6488538455622016,0.646629095950195,0.72880745905612,0.6582122708375171,0.696969598700796,0.5455610482148743,0.6532340027175152,0.5643888220723482,0.6237092045473129,0.6592261987437482,0.5725890747408416,0.6659268736757799,0.6872515643085632,0.6400396800824124,0.6348720652188522,0.68183222696102,0.6447795452870143,0.5255702852030578,0.6607075366097657,0.5866045878983226,0.6750301667749475,0.67240841726622,1.0390762425636741,0.6349053357610136,0.6602448538816483,0.6238269835608719,-0.4458084293064519,0.645043593304061,0.3107689581742305,0.5450823437191672,0.6870915457484573,0.649032178947072,0.5721234626223525,0.5231761302162081,0.5973626936615181,0.6579543132735197,0.692928468923247,0.6849148497683567,0.6647787452302758,0.6463717364003448,0.6857644264070669,0.6655817425372337,0.6864797104571887,0.6866064851679773,0.5183069088804168,0.6524042744652233,0.547947904611204,0.6216248329709927,0.6867412398773377,0.6648383309722996,0.6875703722589814,0.6565371867054104,0.6683383685041033,0.6502200387771717,0.6864575075120379,0.6342522550875003,0.6479100435224844,0.6753848582187854,0.6503397937824678,0.6746797218810142,0.6488934906563455,0.5706219428668928,0.6931922594973822,0.5808098762996299,0.6621375752446582,-0.08689855459740743,0.6528863008020278,0.6408744205515332,0.6862425743654241
990,1519074424,0.563732295420633,0.6629381958751387,0.6657867132090295,0.6890910644914074,0.6803429622153434,0.6095345890254036,0.5664145032608724,0.6246696446253946,0.5917714568555704,0.6431217028066762,0.6616888503003489,0.6885346208285612,0.6524041098045149,0.5661671032635989,0.6646116708116335,0.6489130472240798,0.6090712490698165,0.6356652891938416,0.6946661621936461,0.6503689903370141,0.6903703899052828,0.6668729173303365,12.063769373509551,0.6488030585204607,0.6725608924429629,0.6741083282831918,0.6725718605904455,0.5868462417865837,0.5634082167735069,0.4540637316333396,0.6566044631392871,0.6624945312607068,0.6884616135530717,-7.209625795984662,0.6478688425466886,0.6945842205921468,0.6437232847582345,0.5741942168210397,0.6552007369291317,0.5741447886656696,-0.5567771649665584,0.6724634074716468,0.5486820188913112,0.5764456074737816,2.1555494069990258,0.6520818459737614,0.6344436526240687,0.6355023801100856,0.6529154873320446,0.8656969207691525,0.6368720866775944,0.684906850014818,0.5866319733491956,0.5714051627288916,0.5902640608890968,0.6874238392653764,0.6684106194702819,0.6862682869121994,0.6614617323521892,0.637689253232551,0.6651696922280551,0.651170063330805,0.6479040182690674,0.7322348643178547,0.6599732743928597,0.6990072780823132,0.5470630071131044,0.6551066609381472,0.5677369012183392,0.6260077366664498,0.6618074673264371,0.5740739504609405,0.6679289766402836,0.6894589763426835,0.6418534155994902,0.6369646870394955,0.6834846530684158,0.6474406797031457,0.5284290384650547,0.6624460210792652,0.5879970290963722,0.676804188078688,0.6742103141510082,1.0393189532174327,0.6369959048902822,0.6626069211341461,0.6267038530303024,-0.44579679216890916,0.6471671061018686,0.3107689581742305,0.5458317245476048,0.6887785572383637,0.6503001934417778,0.5743648385482987,0.5267414761337097,0.5980884273298718,0.6605339212697902,0.6949664938318447,0.6860146151712908,0.6660261094120822,0.6485031029469587,0.6880122270432929,0.668548889139842,0.6876032170400135,0.6877343879179894,0.5225929525576972,0.6530280881405617,0.5494482630678389,0.6239265004891837,0.6884355241209408,0.6660822301905656,0.6896674092319101,0.6585882491953124,0.6708132738129805,0.8207636664172346,0.6875607527243256,0.6363444236737386,0.6504461869346304,0.677745579894478,0.6520791932092705,0.6764496923019336,0.6507983811058822,0.5720093666795129,0.6957349902638392,0.5819206243138414,0.6633815785546862,-0.08689855459740743,0.6541329804010508,0.6432980618247229,0.6879298358636816
991,1519074429,0.5651270817766989,0.6652611434189456,0.6712321046309525,0.6902150920976898,0.6821153193460763,0.6109668660689894,0.568508065954552,0.6557679311950424,0.5945259135340767,0.6449399529445606,0.6634582153545087,0.690624490355593,0.6524222357592766,0.5675626480953478,0.6665910674459163,0.6501855025475887,0.6104186471472618,0.6380540545178616,0.6957750198468995,0.6522743791411143,0.6929924770800492,0.669837659826379,12.913384687179482,0.6500809621588125,0.6750372427198877,0.6759111818973823,0.6755448356466234,0.5882367546844204,0.5661963825044103,0.45555141369128394,0.657227847776047,0.664847867002937,0.6901181062003062,-7.542966192360825,0.6505297699742091,0.6976361175178689,0.6455445271265634,0.5775401498462536,0.6571598816606161,0.577879308507123,-0.5567771649665584,0.6742619662093687,0.5501845472002372,0.5779409150002632,2.1555494069990258,0.6555585011163997,0.638024112813434,0.6378874092485942,0.654177212438452,0.8686742951236336,0.6386643112431594,0.6860065442455936,0.5880170022428959,0.5747438485308107,0.591658164065717,0.6890785031024981,0.6709197194294585,0.6879245904362024,0.6640295241243708,0.6397840700201881,0.6657911798835566,0.6529072266572574,0.649816401747376,0.7322348643178547,0.6617342779482023,0.7010449574638303,0.5478139865622195,0.656979319158779,0.5717545961935283,0.6702544799598359,0.6643887359091261,0.5748163883209899,0.6704316053459134,0.6905626823597436,0.6454808866336457,0.6395804643152997,0.6845862704733463,0.6495695872360507,0.5312877917270517,0.6647640003719314,0.5914781320914959,0.6785782093824285,0.677213475625655,1.039707290263446,0.639609116301868,0.6655595051997681,0.6721583906473042,-0.4457822457469808,0.6503523752985798,0.3107689581742305,0.5495786286897923,0.69046556872827,0.6515682079364837,0.5751119638569474,0.5295937528677109,0.6009913620032865,0.6625976076668064,0.6970045187404426,0.6871143805742249,0.6672734735938884,0.6506344694935725,0.6891361273614058,0.6725050846099863,0.6892884769142505,0.6899901934180135,0.5254503150092175,0.6555233428419152,0.5509486215244739,0.6509710938279295,0.6895650469500094,0.6673261294088314,0.6917644462048386,0.6606393116852144,0.6727931980600823,0.9967163270234936,0.6897672431489009,0.639482676553096,0.651080222787667,0.6806964819890938,0.6549781922539419,0.679399643003466,0.6527032715554189,0.573396790492133,0.6982777210302964,0.5835867463351586,0.6646255818647142,-0.08689855459740743,0.6566263395990968,0.6457217030979127,0.6896170973619391
992,1519074435,0.5686140476668635,0.6687455647346559,0.675192389301442,0.6924631473102545,0.6868416050280305,0.6152636971997469,0.5719973371106848,0.6753483338500058,0.5979689843822095,0.6485764532203295,0.6681765221656015,0.6958491641731726,0.6524429511361473,0.571749282590595,0.6725292573487646,0.6520941855328519,0.614460841379598,0.6428315851659014,0.698547163980033,0.6541797679452145,0.6982366514295819,0.6742847735704428,11.4690386539406,0.6519978176163401,0.6789994031629674,0.6807187915352237,0.6795088023881939,0.5924082933779303,0.5689845482353136,0.4600144598651171,0.6603447709598461,0.6683778706162823,0.6928789272790303,-8.042976786925069,0.6553194393437458,0.7017053134188318,0.6510082542315505,0.5835628292916386,0.662057743489327,0.5808669243802856,-0.5567771649665584,0.6802571620017751,0.5546921321270155,0.5816791838164673,-0.042223416015498456,0.659035156259038,0.6416045730027993,0.6426574675256113,0.6573315252044702,0.8716733178616906,0.6428461685628108,0.6893056269379205,0.592864603370847,0.5807534829742652,0.5951434220072676,0.6918362761643675,0.6749342793641411,0.690132995134873,0.6681379909598613,0.6444974077923714,0.6695201058165661,0.6563815533101625,0.6523662463851206,0.3655025013122462,0.6664302874291159,0.705629736072244,0.5515688838077948,0.6594761967862883,0.5791203703147084,0.6742769111683256,0.6685187656414283,0.5807558912013853,0.674936337016047,0.693321947402394,0.6497129361734937,0.6442888634117473,0.6878911226881379,0.6538274023018609,0.5870334803359918,0.668820464134097,0.5942630144875949,0.6827175924244896,0.6826191662800195,1.041697517624265,0.6443128968427225,0.6691026060785147,0.6767613817983931,-0.44575897147189525,0.6551302790936467,0.37673336398922325,0.5525761520035424,0.6927149173814785,0.6547382441732484,0.5803418410174884,0.585213149180735,0.604620030345055,0.6677568236593473,0.7015900747847875,0.6893139113800931,0.6697682019575011,0.6559628858601071,0.6913839279976318,0.6769558045138986,0.6920972433713125,0.6922459989180377,0.5833119046525038,0.6586424112186071,0.5546995176660611,0.673412352130293,0.6918240926081468,0.6691919782362302,0.6964827793939278,0.6657669679099695,0.6767530465542858,1.1701235603515425,0.6925253561796201,0.6436670137255724,0.653616366199813,0.6842375645026327,0.6584569911075476,0.6829395838453048,0.6546081620049555,0.5868085540141271,0.7023460902566278,0.5935834784630623,0.6683575917947984,-0.06313284111108719,0.6597430385966543,0.6505689856442922,0.6918667793596157
993,1519074440,0.5693114408448965,0.6687455647346559,0.6756874248852531,0.6924631473102545,0.6868416050280305,0.6152636971997469,0.5719973371106848,0.67592422804574,0.5979689843822095,0.6485764532203295,0.6681765221656015,0.6963716315549305,0.652445540558256,0.571749282590595,0.6730241065073352,0.6520941855328519,0.614460841379598,0.6428315851659014,0.698547163980033,0.6541797679452145,0.6982366514295819,0.6752730210691237,13.932923063583399,0.652636769435516,0.6789994031629674,0.6807187915352237,0.6795088023881939,0.5924082933779303,0.5689845482353136,0.4600144598651171,0.6603447709598461,0.6683778706162823,0.6928789272790303,-8.042976786925069,0.6553194393437458,0.7017053134188318,0.6510082542315505,0.5849012025017242,0.662057743489327,0.5808669243802856,-0.5567771649665584,0.6808566815810158,0.5546921321270155,0.5816791838164673,-0.042223416015498456,0.659035156259038,0.6416045730027993,0.6426574675256113,0.6573315252044702,0.874482556437065,0.6428461685628108,0.6893056269379205,0.592864603370847,0.582088957295033,0.5951434220072676,0.6918362761643675,0.6749342793641411,0.690132995134873,0.6681379909598613,0.6444974077923714,0.6695201058165661,0.6563815533101625,0.6530037075445568,0.72880745905612,0.6664302874291159,0.705629736072244,0.5523198632569098,0.6594761967862883,0.5797899861439066,0.6748515441981098,0.6685187656414283,0.5807558912013853,0.674936337016047,0.693321947402394,0.6497129361734937,0.6442888634117473,0.6878911226881379,0.6538274023018609,0.5884628569669903,0.668820464134097,0.5942630144875949,0.68390027329365,0.6826191662800195,1.041697517624265,0.6443128968427225,0.6691026060785147,0.6779121295861652,-0.44575606218750957,0.6551302790936467,0.44005919357161627,0.5525761520035424,0.6927149173814785,0.6547382441732484,0.5803418410174884,0.5859262183642352,0.604620030345055,0.6677568236593473,0.702099581011937,0.6893139113800931,0.6697682019575011,0.6559628858601071,0.6919458781566883,0.6779448533814347,0.6920972433713125,0.6928099502930437,0.5840262452653838,0.6586424112186071,0.5546995176660611,0.6739877690098408,0.6923888540226812,0.6691919782362302,0.6964827793939278,0.6657669679099695,0.6767530465542858,1.333349084566752,0.6925253561796201,0.6436670137255724,0.6542504020528496,0.6842375645026327,0.6584569911075476,0.6829395838453048,0.6546081620049555,0.5872710286183339,0.7023460902566278,0.594138852470168,0.6683575917947984,-0.06313284111108719,0.6597430385966543,0.6505689856442922,0.6918667793596157
994,1519074446,0.5727984067350612,0.6791988286817868,0.6781626028043091,0.6952732163259605,0.6974757478124276,0.6188443898087115,0.5754866082668175,0.6788036990244111,0.6007234410607157,0.6600920374269308,0.6799722891933335,0.6995064358454782,0.6550582674660563,0.574540372254093,0.675003503141618,0.6622738281209226,0.6171556375344888,0.6529838377929863,0.7007648792865399,0.6630715823643486,0.7013831560393015,0.6777436398158257,11.384077122573608,0.6615820949039781,0.6819710234952772,0.6927378156298272,0.6824817774443719,0.5951893191736037,0.5724697553989428,0.46894055221278336,0.6690721558744838,0.6801445493274333,0.6950875841420097,-6.376274805044256,0.6579803667712663,0.7052658598321743,0.6625427892309675,0.5875779489218953,0.6649964605865536,0.5853483481900296,-0.5567771649665584,0.6916480340073472,0.5591997170537938,0.5854174526326713,-0.042223416015498456,0.6700445642107258,0.6523459535708952,0.6527938413642725,0.6661636009493215,0.8773040624297991,0.6530021077676786,0.6915050153994718,0.5956346611582476,0.5847599059365682,0.597931628360508,0.694042494613863,0.6774433793233177,0.6934456021828789,0.6717328994409154,0.6465922245800085,0.6782209329935879,0.667962642153179,0.6619281637766633,0.7082430274857121,0.6769963087611717,0.7086862551445198,0.5583276988498302,0.6682152684825708,0.5817988336315012,0.6777247093470309,0.6711000342241172,0.583725642641583,0.6774389657216768,0.6955293594365142,0.6605953492759601,0.6463814852323906,0.690094357497999,0.6564885367179922,0.590606921913488,0.6792513709510944,0.5977441174827186,0.695135741550673,0.6934305475887484,1.0433964922005738,0.6464034659719912,0.6797319087147543,0.6796382512678235,-0.44573860648119545,0.6577846700909061,0.44005919357161627,0.557821817802605,0.694964266034687,0.6636143456361897,0.5840774675607321,0.5880654259147362,0.6082486986868234,0.6708523532548719,0.7056661246019831,0.6926132075888954,0.6797471154119515,0.6586270940433744,0.6941936787929143,0.6799229511165068,0.6943442565369621,0.695065755793068,0.585454926491144,0.6673758026733444,0.5607009514926007,0.6757140196484842,0.6946478996808186,0.6797651215914903,0.7001525940965527,0.6683307960223469,0.6802179139867138,1.3355763334351856,0.6947318466041954,0.6457591823118107,0.6631269039953608,0.6948608120432496,0.6688933876683647,0.6947393866514344,0.66349765076946,0.6002203175361214,0.7053973671763764,0.6046909586051773,0.6770656149649946,-0.06313284111108719,0.6684697957898151,0.661475371373646,0.6941164613572923
995,1519074452,0.574193193091127,0.6815217762255937,0.6816278518909873,0.6963972439322428,0.700429676363649,0.6209928053740903,0.5768823167292707,0.6816831700030822,0.6021006693999689,0.6631224543234048,0.6817416542474933,0.70159630537251,0.6575130396252185,0.5759359170858421,0.6784674472516128,0.6635462834444315,0.6191767346506568,0.6547754117860013,0.7024281657664199,0.664341841567082,0.7034808257791146,0.6807083823118683,9.090115775664795,0.6634989503615057,0.683952103716817,0.6945406692440177,0.6844637608151571,0.5965798320714404,0.5738638382643945,0.4704282342707277,0.6703189251480034,0.6819095511341059,0.6961919125734993,-5.209583417727687,0.6601091087132825,0.7078091072702761,0.6643640315992965,0.5922622551571948,0.666955605318038,0.586842156126611,-0.5567771649665584,0.693446592745069,0.5607022453627198,0.5876604139223938,-0.042223416015498456,0.671782891782045,0.6541361836655779,0.6545826132181539,0.6674253260557288,0.8801255684225332,0.6559891487102868,0.6926047096302475,0.597019690051948,0.5894340660592551,0.6000227831254382,0.6956971584509847,0.6799524792824941,0.6951019057068819,0.6737871328586607,0.6492107455645548,0.679463908304591,0.6702788599217823,0.6632030860955356,0.6636867590831615,0.6793443135016285,0.7112333543714162,0.5598296577480604,0.6694637072963254,0.5858165286066903,0.6800232414661679,0.674197556523344,0.5852105183616818,0.6794410686861807,0.6966330654535743,0.6624090847930378,0.648474107053034,0.6922975923078599,0.6596818980173499,0.5948950518064834,0.680989855420594,0.5991365586807681,0.6969097628544135,0.6952324444735366,1.0438819135080906,0.6484940351012598,0.6826844927803764,0.6819397468433679,-0.4457269693436527,0.6599081828887137,0.44005919357161627,0.5585711986310425,0.6960889403612912,0.6648823601308956,0.5848245928693807,0.592343841015738,0.6097001660235308,0.6729160396518883,0.7077041495105809,0.6942628556932966,0.6816181616846609,0.6607584605899882,0.6953175791110273,0.6828900977191151,0.6954677631197869,0.69619365854308,0.5897409701684244,0.6686234300240212,0.5622013099492356,0.6785911040462231,0.6963421839244216,0.6816309704188891,0.7027738903127134,0.6708946241347244,0.682692819295591,1.33605360104985,0.6958350918164831,0.6478513508980489,0.6643949757014338,0.6966313533000191,0.6706327870951676,0.6976893373529668,0.6647675777358177,0.6048450635781883,0.7074315517895421,0.6096893246691291,0.6795536215850506,-0.06313284111108719,0.6690931355893267,0.6632931023285383,0.6952413023561306
996,1519074457,0.575587979447193,0.685006197541304,0.6841030298100432,0.6975212715385252,0.7022020334943818,0.6217089438958833,0.5782780251917238,0.6885939003518928,0.6041665119088486,0.6649407044612892,0.6835110193016531,0.7036861748995419,0.6590226727146611,0.5773314619175912,0.6804468438858956,0.6641825111061859,0.6205241327281023,0.6565669857790163,0.7040914522463,0.6662472303711822,0.7055784955189277,0.6831790010585703,7.475846679691928,0.6647768539998575,0.6864284539937417,0.6969444740629385,0.6864457441859424,0.597970344969277,0.575954962562572,0.4719159163286721,0.6709423097847632,0.6836745529407785,0.697296241004989,-4.820686288622165,0.662770036140803,0.7098437052207576,0.6661852739676255,0.5949390015773659,0.6689147500495224,0.5875890600949015,-0.5567771649665584,0.695245151482791,0.5622047736716459,0.5891557214488754,-0.042223416015498456,0.6735212193533641,0.6565231571251547,0.6563713850720353,0.6693179137153398,0.8828381108846015,0.6583787814643733,0.6942542509764109,0.5984047189456483,0.5921050147007905,0.6014168863020585,0.6968002676757326,0.6829633992335061,0.6967582092308848,0.6758413662764058,0.6518292665491012,0.6813283712710957,0.6720160232482347,0.664478008414408,0.6636867590831615,0.6816923182420853,0.7132710337529333,0.5605806371971754,0.6700879267032027,0.587825376094285,0.6869188378235787,0.6762625713894951,0.5866953940817806,0.6814431716506846,0.6977367714706344,0.6642228203101156,0.6505667288736773,0.6939500184152557,0.661810805550255,0.597039116752981,0.6827283398900935,0.6005289998788176,0.6998664650273143,0.6970343413583246,1.0440760820310973,0.6505846042305284,0.6844560432197496,0.6882688596761151,-0.44571242292172425,0.6620316956865212,0.44005919357161627,0.560819341116355,0.6972136146878953,0.6655163673782486,0.5863188434866782,0.5944830485662389,0.6118773670285919,0.6749797260489045,0.7102516806463282,0.6953626210962307,0.6834892079573704,0.662889827136602,0.6970034295881967,0.6848681954541872,0.6965912697026116,0.6973215612930921,0.5911696513941846,0.669871057374698,0.562951489177553,0.6849206897212486,0.6974717067534904,0.6822529200280221,0.7053951865288741,0.6734584522471019,0.6846727435426928,1.3363717794596262,0.6969383370287707,0.6504665616308467,0.6656630474075068,0.6995822553946349,0.673531786139839,0.6994593077738862,0.6660375047021755,0.6062324873908084,0.7099742825559991,0.6108000726833406,0.6807976248950787,-0.06313284111108719,0.6703398151883497,0.6663226539200255,0.6969285638543881
997,1519074463,0.5797723385153907,0.6884906188570143,0.686083172145288,0.7003313405542311,0.7057467477558474,0.624573497983055,0.5810694421166299,0.6903215829390954,0.6069209685873549,0.668577204737058,0.6870497494099728,0.7089108487171215,0.6616379890445702,0.5801225515810893,0.6824262405201783,0.667363649414958,0.623218928882993,0.6607473250960512,0.7063091675528068,0.668787748776649,0.7097738349985538,0.6851554960559321,5.861577583719061,0.6666937094573852,0.6903906144368215,0.7017520837007798,0.6909052067702093,0.6014466272138687,0.5787431282934753,0.4763789625025052,0.6734358483318026,0.6872045565541238,0.7000570620837132,-3.876221832223038,0.6670275200248357,0.7139129011217205,0.6698277587042835,0.597615747997537,0.6738126118782334,0.5905766759680642,-0.5567771649665584,0.7006408276959567,0.5644585661350351,0.5921463365018386,-0.042223416015498456,0.6775773170197754,0.66010361731452,0.659948928779798,0.6712105013749508,0.8856776571969823,0.6619632305955031,0.6964536394379622,0.6011747767330489,0.5947759633423257,0.604902144243609,0.6990064861252281,0.6869779591681886,0.699518715104223,0.6799498331118963,0.6560189001243754,0.6838143218931019,0.6766484587854414,0.6676653142115888,0.5951386538484683,0.6858013265378847,0.7173463925159677,0.5650865138918658,0.6732090237375893,0.5905038394110778,0.6886427369129313,0.6809088548383352,0.5889227076619289,0.6859479033208182,0.6999441835047546,0.6690594483556562,0.6552751279701249,0.6961532532251168,0.6660686206160651,0.5991831816994788,0.6873642984754258,0.6033138822749167,0.7034145076347953,0.700638135127901,1.0445129612078625,0.6547657424890657,0.6885896609116205,0.6899949813577734,-0.4456891486466387,0.6668095994815881,0.46512566778131353,0.563816864430105,0.700587637667708,0.6686864036150133,0.5900544700299218,0.5966222561167399,0.6140545680336529,0.6791070988429373,0.7143277304635237,0.698661917305033,0.685983936320983,0.6671525602298297,0.6992512302244227,0.6868462931892594,0.6994000361596736,0.7001413181681223,0.5940270138457049,0.6717424984007131,0.5659522060908228,0.686646940359892,0.6997307524116277,0.6853626680736867,0.7101135197179633,0.6780733428493815,0.6891275730986718,1.3370081362791786,0.699144827453346,0.6546508988033233,0.6681991908196528,0.7037135183270969,0.6770105849934447,0.702999248615725,0.6692123221180699,0.6080823858076352,0.7145511979356219,0.6130215687117635,0.6832856315151348,-0.08689855459740743,0.6722098345868842,0.6699581158298101,0.6991782458520647
998,1519074469,0.5811671248714565,0.6908135664008213,0.6880633144805327,0.7014553681605135,0.7087006763070689,0.6267219135484337,0.5824651505790831,0.6955046307007033,0.608298196926608,0.6710015382542371,0.6894089028155191,0.7120456530076692,0.6642714313292409,0.5822158688287128,0.6849004863130318,0.6686361047384668,0.6252400259991611,0.6637332817510762,0.7085268828593136,0.6694228783780157,0.7123959221733202,0.6876261148026341,4.757077675948152,0.6698884685532646,0.6928669647137462,0.7035549373149703,0.6933826859836909,0.6028371401117054,0.580137211158927,0.47786664456044964,0.6759293868788419,0.6901462262319116,0.7011613905152029,-2.9873141085532717,0.6696884474523561,0.7159474990722019,0.6716490010726125,0.6002924944177082,0.6757717566097177,0.5913235799363549,-0.5567771649665584,0.7036384255921598,0.5667123585984242,0.5936416440283202,-0.042223416015498456,0.6804745296386406,0.6618938474092028,0.6629302152029337,0.674364814140969,0.8884969983513588,0.663755455161068,0.6975533336687378,0.6039448345204496,0.5974469119838611,0.6062962474202291,0.7012127045747236,0.6894870591273652,0.7006229174535583,0.6825176248840779,0.6581137169120124,0.6844358095486034,0.6783856221118939,0.6695776976898974,0.5951386538484683,0.6887363324634558,0.7198934917428642,0.5658374933409809,0.674457462551344,0.5925126868986723,0.6943890672107736,0.6829738697044863,0.5918924591021265,0.688450532026448,0.7021515955388749,0.6714777623784266,0.6578909052459291,0.6972548706300473,0.6687297550321964,0.612047571378465,0.6902617725912583,0.6047063234729662,0.7063712098076961,0.7036412966025479,1.0451440089076343,0.6573789539006516,0.6903612113509938,0.6968994680844065,-0.445677511509096,0.6694639904788475,0.46644495589761337,0.5645662452585426,0.7017123119943123,0.6699544181097192,0.5908015953385706,0.6101705706032458,0.6155060353703603,0.6816867068392077,0.716875261599271,0.6997616827079671,0.6872313005027894,0.6692839267764435,0.7009370807015922,0.6898134397918676,0.7005235427424984,0.7018331722931405,0.6068851448775463,0.6742377531020666,0.5667023853191402,0.6929765260349177,0.7025545594842995,0.6866065672919527,0.7122105566908918,0.6806371709617589,0.6911074973457735,1.337485403893843,0.7007996952717775,0.6567430673895615,0.6701012983787624,0.7054840595838665,0.6799095840381161,0.7047692190366445,0.6704822490844277,0.6131696064539088,0.7165853825487877,0.6169091867615037,0.6839076331701488,-0.08689855459740743,0.6747031937849302,0.6717758467847025,0.7003030868509029
999,1519074474,0.5832593044055553,0.6925557770586763,0.6900434568157774,0.7031414095699371,0.7104730334378017,0.6281541905920195,0.5845587132727628,0.697232313287906,0.6096754252658612,0.6728197883921216,0.6923578445724522,0.714135522534701,0.666656289091465,0.5836114136604619,0.6868798829473145,0.67054478772373,0.6265874240766065,0.6655248557440911,0.7101901693391938,0.6706931375807492,0.7144935919131333,0.6896026097999958,3.992423893645215,0.6711663721916162,0.6948480449352861,0.7053577909291608,0.6953646693544762,0.6042276530095421,0.5822283354571045,0.47985022063770877,0.6771761561523615,0.6919112280385842,0.7022657189466925,-2.2650765830715867,0.6723493748798764,0.7184907465103036,0.6734702434409415,0.6023000542328365,0.6782206875240732,0.5943111958095175,-0.5567771649665584,0.7054369843298818,0.5682148869073502,0.594389297791561,-0.042223416015498456,0.6822128572099598,0.6636840775038854,0.6647189870568152,0.67625740180058,0.8912824237047996,0.665547679726633,0.6986530278995136,0.6053298634141498,0.5994501234650126,0.6076903505968494,0.7023158137994714,0.6914943390947065,0.7017271198028937,0.6845718583018231,0.6602085336996495,0.6856787848596065,0.6807018398804972,0.6714900811682059,0.6534045432979575,0.6904973360187984,0.7219311711243813,0.5688414111374411,0.6757059013650986,0.5945215343862669,0.6961129663001264,0.6855551382871752,0.5933773348222254,0.6904526349909518,0.7032553015559351,0.6732914978955044,0.6599835270665724,0.6983564880349779,0.6708586625651015,0.6141916363249627,0.692000257060758,0.6067949852700404,0.7081452311114366,0.7054431934873361,1.0454352616921445,0.6594695230299202,0.6927232786034915,0.6980502158721787,-0.4456629650871676,0.671587503276655,0.46644495589761337,0.5668143877438552,0.7028369863209165,0.671856439851778,0.5922958459558679,0.6115967089702463,0.6169575027070677,0.6842663148354782,0.7189132865078687,0.7019612135138353,0.6884786646845956,0.6714152933230574,0.7020609810197052,0.6917915375269398,0.7022088026167355,0.7035250264181586,0.6083138261033064,0.6754853804527434,0.5697031022324099,0.694702776673561,0.7036840823133682,0.6890943657284844,0.7143075936638205,0.682688233451661,0.6935824026546507,1.3378035823036192,0.7019029404840652,0.6588352359757997,0.6713693700848354,0.707254600840636,0.6816489834649189,0.707719169738177,0.6717521760507855,0.6150195048707356,0.7186195671619534,0.6185753087828211,0.6851516364801769,-0.08689855459740743,0.6753265335844416,0.6748053983761896,0.7014279278497413
1000,1519074480,0.5846540907616212,0.6942979877165315,0.6930136703186446,0.7042654371762194,0.7122453905685345,0.6295864676356053,0.5859544217352158,0.7006876784623114,0.6110526536051143,0.6764562886678904,0.694127209626612,0.7162253920617329,0.6693829505720533,0.585006958492211,0.6898489778987387,0.6718172430472389,0.6279348221540518,0.667316429737106,0.7112990269924472,0.6719633967834826,0.7165912616529464,0.6925673522960384,3.227770111342278,0.6730832276491439,0.6968291251568259,0.7071606445433514,0.6973466527252614,0.6056181659073787,0.5836224183225562,0.4813379026956532,0.679046310062641,0.6948528977163719,0.7033700473781822,-1.5983957903192618,0.6744781168218928,0.7205253444607851,0.6758985665987135,0.6049768006530076,0.6801798322555576,0.5950580997778082,-0.5567771649665584,0.7072355430676037,0.5697174152162764,0.5973799128445242,-0.042223416015498456,0.6839511847812789,0.6654743075985681,0.6671040161953237,0.6775191269069873,0.894107537761463,0.6679373124807195,0.6997527221302892,0.6067148923078501,0.601453334946164,0.6097815053617797,0.7045220322489669,0.6935016190620477,0.7033834233268966,0.6871396500740046,0.6628270546841958,0.6869217601706097,0.6830180576491005,0.672127542327642,0.6431223275127536,0.6922583395741411,0.7239688505058985,0.5695923905865562,0.676330120771976,0.5965303818738614,0.6995607644788318,0.6881364068698641,0.5948622105423242,0.6924547379554556,0.7049108605815252,0.6757098119182746,0.6620761488872158,0.7000089141423737,0.6740520238644592,0.6170503895869596,0.6937387415302575,0.6081874264680899,0.7099192524151771,0.7072450903721242,1.0456294302151512,0.662082734441506,0.6956758626691136,0.7003517114477231,-0.4456513279496248,0.6742418942739145,0.46644495589761337,0.5683131494007302,0.7045239978108229,0.6731244543464839,0.5937900965731654,0.6137359165207472,0.618408970043775,0.6863300012324945,0.7209513114164665,0.7030609789167694,0.6903497109573051,0.6740795015063247,0.7043087816559311,0.6942641596957799,0.7033323091995602,0.7046529291681707,0.6104568479419467,0.6773568214787585,0.5704532814607274,0.6981552779508476,0.7053783665569712,0.6903382649467503,0.716404630636749,0.6847392959415629,0.6960573079635279,1.3381217607133955,0.7041094309086406,0.660927404562038,0.6739055134969815,0.7090251420974054,0.6833883828917218,0.7094891401590964,0.6736570665003221,0.6164069286833557,0.7206537517751191,0.6202414308041383,0.6870176414452188,-0.08689855459740743,0.6778198927824877,0.6766231293310819,0.7025527688485795
1001,1519074486,0.58674627029572,0.6960401983743867,0.6949938126538893,0.705951478585643,0.7140177476992674,0.6310187446791912,0.5873501301976689,0.702415361049514,0.613118496113994,0.6782745388057748,0.6964863630321584,0.7183152615887647,0.6718869217512832,0.5864025033239599,0.6918283745330214,0.6737259260325021,0.6292822202314973,0.669705195061126,0.7124078846457006,0.6738687855875828,0.7186889313927595,0.6955320947920809,2.548077860406334,0.6743611312874956,0.6993054754337508,0.7089634981575419,0.6993286360960467,0.6070086788052154,0.5857135426207337,0.48332147877291237,0.6796696946994009,0.6960295655874871,0.7050265400254166,-1.209498661213739,0.6766068587639091,0.7225599424112665,0.6777198089670425,0.6076535470731788,0.682628763169913,0.5965519077143895,-0.5567771649665584,0.7090341018053256,0.5704686793707394,0.598127566607765,-0.042223416015498456,0.6856895123525981,0.6672645376932507,0.668892788049205,0.678149989460191,0.8969153331112657,0.6715217616118493,0.7019521105918405,0.6080999212015505,0.6054597579084671,0.6111756085383999,0.7056251414737147,0.695508899029389,0.7044876256762319,0.6891938834917498,0.6659692798656514,0.6894077107926159,0.684755220975553,0.6734024646465144,0.6396949222510189,0.6940193431294837,0.7260065298874157,0.5718453289339014,0.6788269983994851,0.5998784610198524,0.702433929627753,0.6902014217360153,0.5956046484023737,0.6949573666610854,0.7060145665985853,0.6775235474353524,0.66469192616302,0.7011105315473042,0.6761809313973642,0.6191944545334572,0.6960567208229236,0.6095798676661394,0.7116932737189176,0.7090469872569124,1.045823598738158,0.6641733035707746,0.6974474131084869,0.7032285809171536,-0.44563969081208205,0.6763654070717219,0.46644495589761337,0.5705612918860428,0.7056486721374271,0.6737584615938369,0.5945372218818141,0.6173012624382488,0.6198604373804825,0.688909609228765,0.7229893363250642,0.7041607443197035,0.6909733930482083,0.6762108680529385,0.7054326819740442,0.6967367818646202,0.704455815782385,0.7057808319181827,0.613314210393467,0.6786044488294353,0.5719536399173624,0.699881528589491,0.7065078893860399,0.6915821641650162,0.7185016676096775,0.686790358431465,0.6980372322106296,1.3384399391231718,0.7052126761209283,0.6630195731482762,0.674539549350018,0.7119760441920212,0.6857075821274589,0.7112591105800158,0.67492699346668,0.6173318778917691,0.7231964825415762,0.6213521788183498,0.6882616447552469,-0.08689855459740743,0.6790665723815106,0.6784408602859743,0.704240030346837
1002,1519074491,0.588141056651786,0.6989438828041452,0.6979640261567563,0.7070755061919254,0.7157901048300003,0.6317348832009841,0.588745838660122,0.7052948320281851,0.6158729527925003,0.6800927889436592,0.6982557280863182,0.7209275984975544,0.6744426813726894,0.587798048155709,0.6938077711673042,0.6743621536942566,0.6306296183089426,0.672691151716151,0.713516742298954,0.6764093039930497,0.7207866011325725,0.6975085897894425,2.038308672204376,0.6750000831066715,0.7012865556552905,0.7107663517717324,0.7018061153095283,0.6090944481519703,0.5878046669189112,0.4858009488694863,0.6809164639729205,0.6983829013297173,0.7066830326726512,-0.8761582648375766,0.6792677861914296,0.724594540361748,0.6795410513353716,0.6109994800983927,0.6850776940842686,0.5987926196192614,-0.5567771649665584,0.7114321801222881,0.5719712076796655,0.6011181816607283,-0.042223416015498456,0.6880072824476903,0.6714417412475102,0.6706815599030864,0.6794117145665983,0.8997274581377835,0.6733139861774142,0.7030518048226161,0.6094849500952508,0.6081307065500025,0.6132667633033302,0.7072798053108363,0.6980179989885655,0.7055918280255672,0.6912481169094951,0.6680640966532885,0.6900291984481175,0.6864923843020054,0.6746773869653868,0.6328401117275496,0.6957803466848262,0.7280442092689329,0.5725963083830165,0.6806996566201171,0.6025569243366452,0.7041578287171056,0.6922664366021664,0.5970895241224725,0.6974599953667152,0.7071182726156455,0.6799418614581227,0.667830858893985,0.7022121489522346,0.6783098389302693,0.6227678961109534,0.6977952052924231,0.6116685294632136,0.713467295022658,0.7108488841417004,1.0460663093919162,0.6662638727000434,0.6992189635478602,0.7049547025988119,-0.4456251443901536,0.6790197980689813,0.46644495589761337,0.5728094343713552,0.7078980207906356,0.6750264760885428,0.5975257231164091,0.62015353917225,0.6227633720538972,0.6909732956257814,0.7250273612336621,0.7052605097226377,0.6922207572300145,0.6783422345995523,0.7065565822921571,0.6987148795996924,0.7055793223652098,0.7069087346681948,0.6161715728449874,0.6804758898554504,0.5734539983739972,0.7016077792281343,0.7076374122151086,0.6922041137741491,0.720598704582606,0.6888414209213669,0.7000171564577314,1.338758117532948,0.706315921333216,0.6666808681741931,0.675807621056091,0.7137465854487907,0.6874469815542616,0.7130290810009352,0.6774668473993954,0.6182568271001825,0.7252306671547419,0.6224629268325613,0.6888836464102609,-0.11066426808372769,0.6803132519805336,0.680864501559164,0.7064897123445136
1003,1519074497,0.5909306293639177,0.7024283041198556,0.7014292752434347,0.70932356140449,0.7199256048017102,0.6367478528535345,0.5922351098162548,0.7081743030068561,0.6193160236406331,0.683729289219428,0.7017944581946378,0.725629804933376,0.6770813025015778,0.5919846826509562,0.6977665644358697,0.6769070643412742,0.6346718125412788,0.6774686823641909,0.7162888864320875,0.6783146927971498,0.7260307754821053,0.7009674560348255,1.5285394840024176,0.6781948422025509,0.7052487160983703,0.7149730102048436,0.7057700820510988,0.6125707303965621,0.5905928326498145,0.48877631298537505,0.6840333871567197,0.7019129049430626,0.7088916895356305,-1.2650553939430995,0.6840574555609663,0.7286637362627109,0.6843976976509155,0.6150145997286492,0.6889959835472373,0.6017802354924241,-0.5567771649665584,0.7162283367562132,0.5764787926064437,0.6033611429504507,-0.042223416015498456,0.6914839375903286,0.6750222014368755,0.6754516181801036,0.6825660273326166,0.9025662828373784,0.676898435308544,0.7058010403995553,0.6136400367763518,0.6114693923519215,0.6160549696565706,0.7100375783727058,0.702032558923248,0.7083523338989055,0.6958701420994219,0.6722537302285626,0.6931366367256253,0.6899667109549105,0.6765897704436953,0.42034098550000076,0.7004763561657399,0.7326289878773464,0.5756002261794766,0.6825723148407491,0.6059050034826361,0.7070309938660269,0.6963964663344686,0.6022865891428184,0.7019647270368489,0.7098775376582958,0.6847784895036634,0.6725392579904326,0.7049661924645609,0.6825676539960794,0.6263413376884496,0.7024311638777554,0.6144534118593126,0.7176066780647191,0.7162545747960649,1.0465031885686813,0.6709676532408978,0.7027620644266067,0.7095576937499007,-0.44560187011506813,0.6837977018640482,0.46644495589761337,0.5750575768566678,0.710147369443844,0.6781965123253075,0.6012613496596526,0.6230058159062513,0.6263920403956657,0.695100668419814,0.729612917278007,0.7074600405285059,0.6947154855936272,0.6831378093294335,0.7093663330874396,0.7031655995036047,0.7083880888222718,0.7091645401682191,0.6190289352965076,0.6835949582321423,0.5772048945155844,0.705060280505421,0.7104612192877804,0.6946919122106809,0.7253170377716953,0.6934563115236465,0.7039770049519349,1.3395535635573885,0.7090740343639351,0.6708652053466697,0.6789778003212736,0.7172876679623297,0.6909257804078673,0.716569021842774,0.6793717378489321,0.6201067255170093,0.7292990363810733,0.6241290488538785,0.691993654685331,-0.11066426808372769,0.6834299509780911,0.6857117841055435,0.7087393943421902
1004,1519074502,0.5923254157199835,0.7024283041198556,0.7034094175786794,0.70932356140449,0.7199256048017102,0.6367478528535345,0.5922351098162548,0.7099019855940588,0.6193160236406331,0.683729289219428,0.7017944581946378,0.725629804933376,0.679795016871622,0.5926824550668306,0.7002408102287231,0.6769070643412742,0.6346718125412788,0.6774686823641909,0.7162888864320875,0.6783146927971498,0.7260307754821053,0.7029439510321872,1.3586164212684315,0.6781948422025509,0.7057439861537552,0.7149730102048436,0.7057700820510988,0.6125707303965621,0.5905928326498145,0.48877631298537505,0.6840333871567197,0.7019129049430626,0.7088916895356305,-0.0983640066265311,0.6840574555609663,0.7286637362627109,0.6843976976509155,0.6170221595437776,0.6889959835472373,0.6025271394607148,-0.5567771649665584,0.7162283367562132,0.5772300567609068,0.6033611429504507,-0.042223416015498456,0.6914839375903286,0.6750222014368755,0.6760478754647307,0.6825660273326166,0.9053755214127528,0.676898435308544,0.7058010403995553,0.6136400367763518,0.6134726038330731,0.6160549696565706,0.7100375783727058,0.702032558923248,0.7089044350735731,0.6958701420994219,0.6722537302285626,0.6931366367256253,0.6899667109549105,0.6778646927625677,0.6465497327744882,0.7004763561657399,0.7326289878773464,0.5778531645268218,0.6825723148407491,0.6085834667994289,0.7087548929553795,0.6963964663344686,0.6022865891428184,0.7019647270368489,0.7098775376582958,0.6847784895036634,0.6725392579904326,0.7049661924645609,0.6825676539960794,0.6277707143194481,0.7024311638777554,0.6151496324583373,0.7176066780647191,0.7162545747960649,1.0465031885686813,0.6714902955232149,0.7027620644266067,0.711283815431559,-0.44560187011506813,0.6837977018640482,0.46644495589761337,0.5750575768566678,0.710147369443844,0.6788305195726605,0.6012613496596526,0.6251450234567522,0.6263920403956657,0.695100668419814,0.729612917278007,0.7074600405285059,0.6959628497754334,0.6831378093294335,0.7093663330874396,0.7051436972386769,0.7089498421136842,0.709728491543225,0.621886297748028,0.6835949582321423,0.5772048945155844,0.7073619480236122,0.7104612192877804,0.6946919122106809,0.7253170377716953,0.6934563115236465,0.7039770049519349,1.3395535635573885,0.7090740343639351,0.6708652053466697,0.6789778003212736,0.7172876679623297,0.6915055802168016,0.716569021842774,0.6793717378489321,0.6201067255170093,0.7292990363810733,0.6241290488538785,0.691993654685331,-0.11066426808372769,0.6834299509780911,0.6857117841055435,0.7087393943421902
1005,1519074508,0.5951149884321153,0.7064934623215176,0.7083597734167912,0.7126956442233372,0.7246518904836644,0.6388962684189133,0.5957243809723876,0.7150850333556668,0.6220704803191394,0.6891840396330813,0.705922976654344,0.7298095439874397,0.6825113206637752,0.5954735447303288,0.7041996034972886,0.6807244303118007,0.6373666086961696,0.6810518303502209,0.7185066017385944,0.6808552112026167,0.7307505323966847,0.7078851885255913,0.9338087644334665,0.6813896012984303,0.7097061465968348,0.7203815710474152,0.7097340487926694,0.6160470126411537,0.5933809983807179,0.49175167710126383,0.6859035410669991,0.7066195764275229,0.7122046748300995,-1.0983851957550184,0.688314939444999,0.7337502311389145,0.6898614247559026,0.6217064657790771,0.692914273010206,0.6047678513655868,-0.5567771649665584,0.719825454231657,0.5794838492242959,0.6070994117666547,-0.042223416015498456,0.6949605927329668,0.6791994049911351,0.6796254191724934,0.6844586149922276,0.9082157893379194,0.6810802926281955,0.7080004288611066,0.6164100945637524,0.6188145011161438,0.6195402275981211,0.7122437968222014,0.7065489388497659,0.7116649409469114,0.7004921672893486,0.676967068000746,0.6956225873476315,0.6951782009342679,0.6797770762408762,0.31751882764796097,0.7039983632764252,0.7372137664857601,0.580106102874167,0.6856934118751357,0.6126011617746181,0.7139265902234376,0.7015590034998465,0.6045139027229667,0.7059689329658565,0.7120849496924161,0.6884059605378189,0.6767245016317193,0.7077202359768873,0.6878899228283422,0.6327735325279427,0.7059081328167545,0.6179345148544364,0.7211547206722001,0.7204590008605706,1.047182778399205,0.6756714337817523,0.707486198931602,0.7147360587948756,-0.4455785958399826,0.6880447274596633,0.46644495589761337,0.5780551001704178,0.7123967180970525,0.6807325413147193,0.6042498508942475,0.6301365077412544,0.6292949750690804,0.6997439628131008,0.7336889670952027,0.7113092194387752,0.6990812602299492,0.6889990673326215,0.7116141337236656,0.7090998927088211,0.7111968552793337,0.7119842970432493,0.6247436601995483,0.6860902129334958,0.5802056114288542,0.7108144493008989,0.7132850263604521,0.6990455594746114,0.7305596302040166,0.6975584365034505,0.7089268155696893,1.3405080987867173,0.7112805247885104,0.6755725846657057,0.6808799078803831,0.7208287504758686,0.6949843790704073,0.7218789331055324,0.6812766282984688,0.6256564207674896,0.7333674056074048,0.6296827889249361,0.695103662960401,-0.11066426808372769,0.6852999703766256,0.689347246015328,0.711551496839286
1006,1519074514,0.5965097747881812,0.7088164098653245,0.7083597734167912,0.7143816856327607,0.7264242476143973,0.6403285454624992,0.5971200894348406,0.7150850333556668,0.6234477086583925,0.6910022897709657,0.7076923417085038,0.7318994135144715,0.6850826168178343,0.5968690895620777,0.7041996034972886,0.6819968856353096,0.6387140067736149,0.6828434043432359,0.7196154593918478,0.6821254704053502,0.7333726195714511,0.7078851885255913,0.8488472330664735,0.6820285531176061,0.7116872268183747,0.7221844246616057,0.7117160321634547,0.6174375255389903,0.5947750812461696,0.4932393591592082,0.6871503103405188,0.7083845782341955,0.7133090032615892,0.3460898552083521,0.6904436813870154,0.7362934785770162,0.6916826671242315,0.6217064657790771,0.6948734177416904,0.6070085632704588,-0.5567771649665584,0.721624012969379,0.580986377533222,0.6085947192931364,-0.042223416015498456,0.696698920304286,0.6809896350858177,0.6814141910263748,0.6857203400986349,0.9110178117854352,0.6828725171937604,0.70964997020727,0.6177951234574527,0.6188145011161438,0.6209343307747412,0.7133469060469492,0.7090580388089425,0.7127691432962466,0.7025464007070938,0.679061884788383,0.6974870503141362,0.6969153642607203,0.6810519985597485,0.6534045432979575,0.7057593668317678,0.7392514458672773,0.5816080617723971,0.6869418506888902,0.6126011617746181,0.7139265902234376,0.7036240183659976,0.6059987784430655,0.7079710359303604,0.7131886557094762,0.6902196960548965,0.6788171234523627,0.7088218533818178,0.6900188303612472,0.6327735325279427,0.707646617286254,0.6200231766515106,0.7229287419759406,0.7228615300402882,1.0473769469222116,0.677762002911021,0.7092577493709753,0.7147360587948756,-0.44556695870243984,0.6901682402574708,0.46644495589761337,0.5788044809988554,0.7135213924236568,0.6820005558094252,0.6057441015115449,0.6301365077412544,0.6300207087374341,0.7018076492101172,0.7357269920038004,0.7124089848417093,0.6997049423208523,0.6911304338792353,0.7127380340417786,0.7090998927088211,0.7123203618621585,0.7131121997932613,0.6247436601995483,0.6867140266088342,0.5817059698854892,0.7108144493008989,0.7144145491895207,0.7002894586928774,0.7326566671769452,0.6996094989933525,0.710906739816791,1.3409853664013816,0.7123837700007981,0.677664753251944,0.6821479795864562,0.722599291732638,0.6967237784972102,0.7242388936667583,0.6825465552648265,0.6265813699759031,0.7354015902205704,0.6307935369391476,0.6963476662704291,-0.11066426808372769,0.6865466499756485,0.6911649769702204,0.7126763378381243
1007,1519074519,0.5979045611442471,0.7111393574091314,0.7103399157520359,0.7155057132390431,0.7287873904553743,0.6410446839842922,0.5985157978972937,0.7168127159428694,0.6255135511672723,0.6928205399088501,0.7094617067626636,0.7339892830415033,0.6874260438263172,0.5989624068097014,0.7061790001315714,0.6832693409588184,0.6400614048510603,0.6852321696672558,0.7218331746983546,0.6840308592094504,0.7354702893112641,0.7098616835229531,0.6789241703324873,0.6833064567559579,0.7141635770952994,0.7251891806852566,0.7141935113769363,0.6195232948857454,0.5968662055443471,0.4947270412171526,0.6883970796140384,0.7101495800408683,0.7149654959088236,0.2349763897496313,0.6931046088145357,0.7383280765274977,0.6935039094925606,0.6237140255942054,0.6968325624731748,0.6085023712070401,-0.5567771649665584,0.7234225717071009,0.5832401699966111,0.6093423730563772,-0.042223416015498456,0.6995961329231513,0.6839733519102889,0.6832029628802563,0.6876129277582459,0.9138147829434499,0.6846647417593252,0.7107496644380457,0.6191801523511531,0.621485449757679,0.6223284339513615,0.7144500152716969,0.7115671387681191,0.713873345645582,0.7046006341248391,0.6811567015760202,0.6981085379696377,0.6986525275871729,0.6816894597191847,0.6396949222510189,0.7075203703871104,0.7417985450941738,0.5831100206706272,0.6888145089095222,0.6146100092622127,0.7156504893127904,0.7056890332321488,0.606741216303115,0.7099731388948642,0.7142923617265363,0.6932425885833595,0.6814329007281668,0.7099234707867483,0.6921477378941523,0.6342029091589412,0.7093851017557536,0.6214156178495601,0.7258854441488414,0.7246634269250762,1.04761965757597,0.6798525720402896,0.7110292998103486,0.7164621804765339,-0.4455524122805114,0.6928226312547302,0.46644495589761337,0.5818020043126054,0.7157707410768651,0.6826345630567782,0.6072383521288424,0.6322757152917553,0.6329236434108488,0.7038713356071336,0.7382745231395477,0.7135087502446434,0.7009523065026587,0.6932618004258492,0.7138619343598915,0.7110779904438933,0.7134438684449832,0.7142401025432734,0.6268866820381884,0.687961653959511,0.583206328342124,0.7125406999395423,0.7155440720185895,0.7009114083020104,0.735802222636338,0.7016605614832545,0.7128866640638928,1.3413035448111579,0.7134870152130858,0.6802799639847418,0.6834160512925292,0.7267305546651002,0.6996227775418816,0.7260088640876777,0.6850864091975422,0.6275063191843164,0.7389614132936104,0.6319042849533592,0.6975916695804572,-0.11066426808372769,0.6871699897751601,0.6935886182434101,0.7143635993363818
1008,1519074525,0.6006941338563788,0.7157852524967451,0.7143002004225254,0.7188777960578903,0.7335136761373287,0.6446253765932567,0.6013072148222,0.7202680811172747,0.6282680078457785,0.6964570401846188,0.7141800135737565,0.7386914894773249,0.6891868508603154,0.602451268889074,0.7106326425587076,0.6864504792675905,0.6434299000446738,0.6894125089842907,0.7246053188314882,0.6865713776149173,0.7407144636607969,0.7138146735176764,0.4240395762315083,0.6865012158518372,0.7186210075937641,0.7299967903230979,0.7186529739612032,0.6236948335792554,0.5996543712752505,0.49819829935235616,0.6915140027978376,0.7148562515253286,0.717174152771803,-1.5983957903192618,0.6973620926985684,0.7423972724284605,0.6971463942292185,0.6283983318295049,0.7012406381190147,0.610743083111912,-0.5567771649665584,0.7276192087617853,0.5869964907689263,0.6115853343460995,-0.042223416015498456,0.7042316731133357,0.6875538120996542,0.6873767638726461,0.6907672405242642,0.9165785599133147,0.6882491908904551,0.7134989000149847,0.6226427245854038,0.6254918727199821,0.6251166403046019,0.7177593429459402,0.7160835186946368,0.7166338515189202,0.7092226593147658,0.6853463351512943,0.700594488591644,0.7032849631243795,0.6848767655163656,0.2695351539836758,0.7128033810531382,0.7463833237025873,0.5853629590179724,0.6906871671301542,0.6192973200666,0.7190982874914957,0.7098190629644511,0.610453405603362,0.7149783963061238,0.7170516267691867,0.6968700596175149,0.6861412998246144,0.7126775142990746,0.6964055529599625,0.6384910390519365,0.7146005551642524,0.6242005002456591,0.7300248271909026,0.7294684852845114,1.0480079946219836,0.6845563525811441,0.7145724006890951,0.7210651716276227,-0.44552622872104025,0.6970696568503452,0.46644495589761337,0.584050146797918,0.7180200897300736,0.6858045992935429,0.6117211039807346,0.6358410612092569,0.6351008444159099,0.7085146300004204,0.7428600791838926,0.7162581637519787,0.7034470348662712,0.6975245335190768,0.716671685155174,0.7160232347815737,0.7162526349020452,0.7170598594183036,0.6311727257154689,0.6910807223362029,0.5854568660270764,0.7171440349759245,0.7183678790912612,0.7033992067385421,0.7405205558254272,0.7067882177080095,0.7173414936198718,1.3420989908355985,0.7162451282438049,0.6844643011572182,0.6865862305577118,0.7308618175975623,0.7036813762044215,0.7295488049295166,0.6876262631302577,0.6298186922053499,0.7435383286732332,0.6341257809817821,0.7000796762005133,-0.11066426808372769,0.6902866887727175,0.6972240801531947,0.7166132813340584
1009,1519074531,0.6006941338563788,0.7157852524967451,0.7147952360063365,0.7188777960578903,0.7335136761373287,0.6446253765932567,0.6013072148222,0.7208439753130089,0.6282680078457785,0.6964570401846188,0.7141800135737565,0.7386914894773249,0.6917918095017892,0.602451268889074,0.7111274917172783,0.6864504792675905,0.6434299000446738,0.6894125089842907,0.7246053188314882,0.6865713776149173,0.7407144636607969,0.7143087972670168,0.4240395762315083,0.6865012158518372,0.7186210075937641,0.7299967903230979,0.7186529739612032,0.6236948335792554,0.5996543712752505,0.49819829935235616,0.6915140027978376,0.7148562515253286,0.717174152771803,0.012749458832189704,0.6978942781840726,0.7423972724284605,0.6971463942292185,0.6290675184345477,0.7012406381190147,0.610743083111912,-0.5567771649665584,0.7276192087617853,0.5869964907689263,0.6115853343460995,-0.042223416015498456,0.7042316731133357,0.6875538120996542,0.6873767638726461,0.6907672405242642,0.9193726446201859,0.6882491908904551,0.7134989000149847,0.6226427245854038,0.6261596098803659,0.6251166403046019,0.7177593429459402,0.7160835186946368,0.7166338515189202,0.7092226593147658,0.6853463351512943,0.700594488591644,0.7032849631243795,0.686151687835238,0.6362675169892843,0.7128033810531382,0.7463833237025873,0.5853629590179724,0.6906871671301542,0.6199669358957982,0.71967292052128,0.7098190629644511,0.610453405603362,0.7149783963061238,0.7176034797777167,0.6968700596175149,0.6861412998246144,0.7126775142990746,0.6964055529599625,0.6392057273674357,0.7146005551642524,0.6242005002456591,0.7300248271909026,0.7294684852845114,1.0480079946219836,0.6845563525811441,0.7145724006890951,0.7216405455215088,-0.44552622872104025,0.6970696568503452,0.46644495589761337,0.584050146797918,0.7180200897300736,0.6858045992935429,0.6117211039807346,0.6365541303927571,0.6351008444159099,0.7085146300004204,0.7428600791838926,0.7162581637519787,0.7034470348662712,0.6975245335190768,0.716671685155174,0.7165177592153417,0.7162526349020452,0.7176238107933097,0.631887066328349,0.6910807223362029,0.5854568660270764,0.7177194518554723,0.7183678790912612,0.7033992067385421,0.7405205558254272,0.7067882177080095,0.7173414936198718,1.3420989908355985,0.7162451282438049,0.6844643011572182,0.6865862305577118,0.7308618175975623,0.7036813762044215,0.7295488049295166,0.6876262631302577,0.6298186922053499,0.7435383286732332,0.6341257809817821,0.7000796762005133,-0.11066426808372769,0.6902866887727175,0.6978299904714922,0.7166132813340584
1010,1519074536,0.6027863133904777,0.7175274631546003,0.7172704139253925,0.7211258512704549,0.7352860332680614,0.6460576536368425,0.6034007775158796,0.7231475520959458,0.6296452361850317,0.6982752903225034,0.7165391669793029,0.7407813590043567,0.6935034175157198,0.6045445861366975,0.713106888351561,0.6896316175763626,0.6447772981221191,0.6912040829773057,0.7262686053113683,0.687206507216284,0.7433365508355633,0.716779416013719,0.33907804486451526,0.687779119490189,0.721097357870689,0.7317996439372885,0.7206349573319885,0.625085346477092,0.6017454955734279,0.5006777694489302,0.6927607720713572,0.7172095872675588,0.7182784812032926,-0.4872611357320539,0.7000230201260889,0.7449405198665624,0.7001817981764336,0.631075078249676,0.7036895690333702,0.6129837950167841,-0.5567771649665584,0.7294177674995073,0.5884990190778524,0.613828295635822,-0.042223416015498456,0.7059700006846548,0.6893440421943368,0.6891655357265276,0.6926598281838752,0.9221169380448324,0.69004141545602,0.7145985942457604,0.6247202679259544,0.6281628213615174,0.6272077950695323,0.718862452170688,0.7180907986619781,0.7177380538682555,0.7117904510869474,0.6874411519389313,0.7018374639026471,0.705022126450832,0.6867891489946741,0.619130490680611,0.7145643846084808,0.7489304229294839,0.5876158973653176,0.6919356059439088,0.6219757833833928,0.721971452640417,0.7129165852636777,0.6126807191835103,0.7169804992706277,0.7187071857947768,0.6986837951345927,0.6882339216452578,0.7137791317040051,0.6985344604928676,0.6406351039984343,0.7163390396337519,0.6262891620427333,0.7323901889292231,0.7318710144642289,1.0482021631449903,0.6866469217104127,0.7181155015678417,0.7233666672031671,-0.44550877301472613,0.6991931696481527,0.46644495589761337,0.5862982892832305,0.7191447640566778,0.6883406282829547,0.6132153545980321,0.6379802687597578,0.6358265780842636,0.7110942379966908,0.7454076103196399,0.7184576945578469,0.7046943990480776,0.7001887417023441,0.7189194857914,0.7184958569504138,0.7179378947762823,0.7187517135433218,0.6333157475541091,0.6923283496868796,0.5877074037120287,0.7194457024941157,0.71949740192033,0.7058870051750739,0.7426175927983558,0.7088392801979114,0.7193214178669735,1.3424171692453748,0.7178999960622364,0.6865564697434565,0.6891223739698579,0.7326323588543318,0.7060005754401587,0.7319087654907425,0.6882612266134366,0.6307436414137633,0.745572513286399,0.6346811549888879,0.7007016778555273,-0.11066426808372769,0.692156708171252,0.6996477214263845,0.7177381223328967
1011,1519074542,0.6041810997465435,0.7192696738124554,0.7207356630120708,0.7222498788767373,0.7370583903987943,0.6474899306804284,0.6047964859783327,0.7260270230746169,0.6310224645242848,0.7006996238396825,0.7183085320334627,0.7428712285313885,0.6962223107299816,0.6059401309684466,0.7170656816201265,0.690267845238117,0.6461246961995646,0.6929956569703207,0.7279318917912484,0.6891118960203841,0.7454342205753763,0.7212265297577827,0.25411651349752223,0.6896959749477166,0.7230784380922287,0.733602497551479,0.7226169407027737,0.6264758593749288,0.6031395784388797,0.5021654515068745,0.6946309259816368,0.7189745890742314,0.7193828096347823,-0.15392073935589148,0.7021517620681051,0.7469751178170438,0.7020030405447626,0.6350901978799327,0.7056487137648546,0.6152245069216561,-0.5567771649665584,0.7312163262372291,0.5900015473867785,0.6160712569255444,-0.042223416015498456,0.707708328255974,0.6911342722890195,0.6921468221496633,0.6945524158434861,0.9249427737142817,0.6942232727756714,0.715698288476536,0.6261052968196547,0.6328369814842042,0.6292989498344626,0.7199655613954358,0.7200980786293194,0.7193943573922585,0.7138446845046926,0.6905833771203869,0.7030804392136502,0.7073383442194353,0.6880640713135465,0.6225578959423456,0.7163253881638235,0.750968102311001,0.5891178562635477,0.6931840447576635,0.6253238625293838,0.7265685168786908,0.7154978538463667,0.6134231570435598,0.7189826022351314,0.720362744820367,0.7004975306516704,0.690326543465901,0.7159823665138662,0.701195594908999,0.6449232338914296,0.7180775241032514,0.6283778238398076,0.7341642102329636,0.733672911349017,1.0484448737987486,0.6892601331219985,0.7210680856334637,0.7262435366725976,-0.44549713587718337,0.7013166824459602,0.46644495589761337,0.587047670111668,0.7208317755465842,0.6889746355303077,0.6139624799066808,0.6429717530442599,0.637278045420971,0.7131579243937071,0.7474456352282377,0.719557459960781,0.706565445320787,0.7023201082489579,0.7200433861095129,0.7219575279867901,0.7190614013591071,0.7198796162933339,0.6361731100056295,0.6935759770375565,0.5892077621686636,0.7228982037714023,0.7211916861639329,0.7071309043933397,0.7452388890145164,0.7108903426878135,0.7217963231758506,1.342735347655151,0.7190032412745241,0.6886486383296948,0.6903904456759309,0.7344029001111012,0.7077399748669615,0.7336787359116619,0.6901661170629733,0.6321310652263834,0.7476066978995647,0.6369026510173109,0.7038116861305973,-0.11066426808372769,0.693403387770275,0.7014654523812768,0.7194253838311542
1012,1519074547,0.6055758861026095,0.7215926213562622,0.7227158053473155,0.7233739064830197,0.7394215332397714,0.6482060692022213,0.6061921944407858,0.7277547056618195,0.633776921202791,0.7025178739775669,0.7200778970876225,0.7449610980584204,0.6978044476384713,0.6073356758001955,0.7190450782544093,0.6915403005616259,0.6474720942770099,0.6959816136253456,0.7290407494445018,0.6922875440272177,0.7475318903151894,0.7232030247551444,0.16915498213052924,0.6909738785860683,0.7255547883691535,0.7354053511656695,0.724598924073559,0.6278663722727654,0.6052307027370571,0.5036531335648189,0.6958776952551564,0.7207395908809041,0.7215914664977616,-0.7094880666494955,0.7048126894956256,0.7490097157675253,0.7038242829130916,0.637097757695061,0.707607858496339,0.617465218826528,-0.5567771649665584,0.733014884974951,0.5915040756957046,0.6183142182152668,-0.042223416015498456,0.709446655827293,0.6935212457485963,0.6945318512881717,0.6958141409498935,0.9276798510110695,0.6960154973412364,0.7173478298226995,0.627490325713355,0.6355079301257396,0.6313901045993928,0.7216202252325574,0.722607178588496,0.7204985597415938,0.7158989179224379,0.692678193908024,0.7049449021801549,0.7090755075458878,0.6893389936324188,0.6054208696336724,0.7180863917191661,0.7535152015378974,0.5898688357126628,0.69630514179205,0.6280023258461765,0.7282924159680435,0.7175628687125178,0.6149080327636586,0.7219857566818872,0.7214664508374271,0.7029158446744408,0.6929423207417053,0.7170839839187967,0.703324502441904,0.6463526105224281,0.7209749982190841,0.6304664856368819,0.7359382315367041,0.7354748082338052,1.0486390423217553,0.6918733445335843,0.722839636072837,0.7291204061420281,-0.44548258945525493,0.7039710734432196,0.46644495589761337,0.5900451934254181,0.7219564498731884,0.6902426500250135,0.6154567305239783,0.6458240297782611,0.6401809800943857,0.7152216107907234,0.7494836601368355,0.7206572253637151,0.7078128095025934,0.7044514747955717,0.721167286427626,0.7244301501556303,0.7201849079419319,0.7210075190433459,0.6390304724571498,0.6954474180635716,0.5907081206252984,0.7246244544100456,0.7223212089930017,0.7083748036116057,0.747335925987445,0.7129414051777154,0.7237762474229524,1.3430535260649272,0.7201064864868119,0.6912638490624926,0.6910244815289673,0.7367636217867939,0.7106389739116329,0.7354487063325813,0.691436044029331,0.6330560144347968,0.7501494286660217,0.6374580250244166,0.7044336877856113,-0.11066426808372769,0.694650067369298,0.704495003972764,0.7216750658288308
1013,1519074553,0.6083654588147412,0.7250770426719726,0.7251909832663714,0.7256219616955845,0.7429662475012371,0.651070623289393,0.6103793198281451,0.7306341766404907,0.637219992050924,0.7061543742533357,0.7236166271959421,0.749663304494242,0.7005311091190596,0.6108245378795681,0.7215193240472627,0.6934489835468891,0.6501668904319007,0.6995647616113756,0.7312584647510086,0.6948280624326846,0.7522516472297689,0.725179519752506,0.08419345076353621,0.6928907340435959,0.7300122188676181,0.740212960803511,0.7295538825005222,0.631342654517357,0.6087159099006864,0.5071243917000224,0.6977478491654359,0.7242695944942494,0.7243522875764858,-0.32059093754397266,0.7090701733796583,0.7530789116684882,0.7080738484391926,0.6397745041152322,0.7120159341421788,0.6204528346996907,-0.5567771649665584,0.7378110416088761,0.5945091323135567,0.6220524870314709,-0.042223416015498456,0.7140821960174775,0.6988919360326442,0.6981093949959345,0.6977067286095044,0.9305056866805188,0.6995999464723661,0.7195472182842508,0.6309528979476058,0.637511141606891,0.6348753625409433,0.723826443682053,0.7266217385231785,0.7227069644402644,0.7200073847579284,0.6968678274832981,0.7068093651466596,0.7125498341987927,0.6912513771107274,0.6088482748954069,0.7216083988298514,0.7575905603009317,0.592872753509123,0.6988020194195593,0.6313504049921674,0.7300163150573962,0.7216928984448201,0.6178777842038562,0.7259899626108949,0.7236738628715473,0.7077524727199814,0.697127564382992,0.7192872187286578,0.7075823175077142,0.649211363784425,0.7244519671580832,0.6332513680329809,0.7400776145787653,0.7402798665932402,1.0490759214985204,0.6960544827921217,0.7263827369515835,0.7314219017175725,-0.4454593151801694,0.7087489772382866,0.46644495589761337,0.5937920975676056,0.724768135689699,0.6934126862617782,0.6191923570672219,0.6472501681452617,0.6438096484361542,0.7193489835847562,0.7540692161811805,0.7228567561695833,0.7096838557753028,0.7092470495254528,0.7234150870638519,0.7269027723244705,0.7229936743989939,0.7232633245433702,0.6426021755215502,0.6973188590895867,0.5944590167668857,0.7269261219282368,0.7245802546511391,0.7102406524390045,0.7520542591765342,0.7170435301575194,0.7277360959171559,1.3436898828844797,0.7223129769113872,0.6964942705280882,0.6935606249411135,0.7403047043003328,0.7141177727652386,0.7389886471744203,0.6946108614452254,0.6349059128516236,0.7542177978923532,0.6396795210528397,0.7069216944056674,-0.11066426808372769,0.6965200867678325,0.7081304658825486,0.7244871683259265
1014,1519074559,0.6097602451708071,0.7268192533298278,0.7271711256016161,0.7267459893018668,0.7465109617627027,0.6539351773765647,0.6117750282905983,0.7323618592276933,0.6392858345598036,0.7079726243912201,0.7253859922501019,0.7522756414030317,0.7022712007761872,0.6136156275430663,0.7239935698401162,0.694721438870398,0.6528616865867914,0.7019535269353955,0.7329217512308888,0.6960983216354181,0.7548737344045352,0.7271560147498677,0.08419345076353621,0.6941686376819477,0.731993299089158,0.7420158144177015,0.7315358658713075,0.633428423864112,0.6108070341988638,0.5086120737579668,0.7002413877124752,0.726034596300922,0.7254566160079755,-0.9317149975669371,0.7117311008071787,0.7556221591065899,0.7111092523864077,0.6417820639303605,0.7139750788736632,0.6211997386679814,-0.5567771649665584,0.7408086395050792,0.598265453085872,0.6235477945579525,-0.042223416015498456,0.7158205235887966,0.7012789094922212,0.7016869387036974,0.6995993162691155,0.9332672988120261,0.7013921710379311,0.7211967596304143,0.6337229557350064,0.6395143530880426,0.6369665173058736,0.7254811075191746,0.7286290184905198,0.7238111667895997,0.7220616181756735,0.6989626442709351,0.7092953157686658,0.714866051967396,0.6925262994295998,0.5334453591372444,0.7239564035703082,0.7606470793732075,0.5936237329582381,0.6994262388264366,0.6333592524797621,0.731740214146749,0.7237579133109712,0.6215899735041033,0.7284925913165248,0.7253294218971376,0.7095662082370592,0.6997433416587961,0.7209396448360536,0.7097112250406192,0.6506407404154235,0.7273494412739159,0.6346438092310304,0.7430343167516661,0.7426823957729578,1.049318632152279,0.6991903364860246,0.7281542873909568,0.7337233972931169,-0.44544767804262664,0.7108724900360941,0.46644495589761337,0.5952908592244807,0.7264551471796054,0.6953147080038371,0.6214337329931681,0.6493893756957627,0.6459868494412152,0.7214126699817726,0.7566167473169277,0.7239565215725174,0.7109312199571092,0.7124440993453736,0.7251009375410213,0.7293753944933107,0.7252406875646434,0.7243912272933822,0.6447451973601904,0.6998141137909403,0.5959593752235206,0.7298032063259757,0.7257097774802077,0.7114845516572703,0.7541512961494627,0.719607358269897,0.7302110012260331,1.344167150499144,0.7239678447298187,0.699109481260886,0.695462732500223,0.7420752455571022,0.7158571721920415,0.7413486077356461,0.6965157518947621,0.6358308620600369,0.7562519825055188,0.6402348950599454,0.7087876993707094,-0.11066426808372769,0.698390106166367,0.7105541071557383,0.7256120093247649
1015,1519074564,0.6132472110609718,0.728561463987683,0.7291512679368609,0.7284320307112904,0.7482833188934356,0.6553674544201505,0.6138685909842779,0.7340895418148959,0.6406630628990567,0.711609124666989,0.728334934007035,0.7543655109300635,0.7049408949703816,0.6150111723748153,0.7264678156329696,0.6966301218556612,0.6542090846642369,0.7037451009284105,0.7340306088841422,0.6967334512367848,0.7569714041443483,0.7291325097472294,-0.0007680806034568071,0.6948075895011235,0.7339743793106979,0.7450205704413524,0.7335178492420927,0.6348189367619488,0.6122011170643156,0.510595649835226,0.700864772349235,0.7277995981075946,0.7265609444394652,-0.32059093754397266,0.713859842749195,0.7581654065446918,0.7129304947547366,0.6437896237454889,0.7164240097880187,0.6234404505728534,-0.5567771649665584,0.7426071982428012,0.599016717240335,0.625043102084434,-0.042223416015498456,0.7175588511601158,0.7030691395869038,0.7034757105575787,0.7008610413755229,0.9360779806129722,0.703184395603496,0.72229645386119,0.6351079846287067,0.6415175645691941,0.6383606204824939,0.7265842167439224,0.730636298457861,0.7254674703136027,0.7241158515934187,0.7010574610585723,0.7099168034241673,0.7166032152938485,0.6944386829079082,0.6122756801571416,0.7257174071256508,0.7626847587547247,0.5981296096529284,0.7006746776401912,0.6360377157965548,0.7334641132361016,0.7258229281771224,0.6230748492242022,0.7304946942810285,0.7264331279141977,0.7113799437541368,0.7018359634794396,0.7220412622409841,0.7129045863399769,0.6527848053619212,0.7290879257434154,0.6367324710281046,0.7448083380554066,0.744484292657746,1.0495128006752856,0.7012809056152933,0.72992583783033,0.7354495189747752,-0.44543604090508393,0.7129960028339016,0.46644495589761337,0.5967896208813557,0.7275798215062096,0.696582722498543,0.6229279836104655,0.6508155140627633,0.6474383167779226,0.723992277978043,0.7586547722255255,0.7256061696769186,0.7128022662298186,0.7145754658919874,0.7262248378591344,0.7313534922283829,0.7263641941474681,0.7260830814184004,0.6468882191988307,0.7004379274662786,0.5982099129084729,0.7321048738441668,0.7268393003092765,0.7133504004846691,0.7567725923656234,0.721658420759799,0.7321909254731349,1.3446444181138084,0.7250710899421063,0.7012016498471243,0.6967308042062961,0.7438457868138718,0.7175965716188443,0.7442985584371785,0.6977856788611199,0.6367558112684504,0.7582861671186846,0.6413456430741569,0.7100317026807375,-0.11066426808372769,0.69963678576539,0.7123718381106307,0.7267368503236031
1016,1519074570,0.6146419974170377,0.7308844115314898,0.7345966593587839,0.7295560583175728,0.7506464617344127,0.6575158699855294,0.615264299446731,0.7392725895765039,0.6420402912383099,0.714639541563463,0.7301042990611948,0.7564553804570954,0.7075976420540318,0.6164067172065644,0.7304266089015351,0.69790257717917,0.6562301817804049,0.7055366749214255,0.7351394665373956,0.6980037104395183,0.7590690738841613,0.7335796234912932,-0.0007680806034568071,0.6967244449586512,0.7359554595322377,0.7468234240555429,0.7359953284555744,0.6369047061087038,0.6135951999297672,0.5120833318931703,0.7021115416227547,0.7307412677853824,0.7276652728709548,-0.7650447993788558,0.7159885846912114,0.7612173034704139,0.7159658987019516,0.6491431165858311,0.7183831545195031,0.6256811624777253,-0.5567771649665584,0.7444057569805231,0.6005192455492611,0.6272860633741565,-0.042223416015498456,0.7198766212552079,0.7048593696815865,0.7052644824114601,0.7014919039287265,0.9389139188614236,0.7055740283575825,0.7239459952073535,0.6364930135224071,0.6461917246918809,0.6404517752474241,0.7276873259686703,0.7331453984170376,0.7271237738376056,0.7266836433656003,0.7036759820431185,0.7117812663906721,0.7194984875046027,0.6957136052267806,0.4340506065469394,0.7274784106809934,0.7652318579816212,0.5996315685511585,0.7019231164539459,0.640055410771744,0.7374865444445913,0.7284041967598113,0.6238172870842515,0.7324967972455324,0.7275368339312578,0.7131936792712146,0.7039285853000828,0.724244497050845,0.7155657207561082,0.6577876235704158,0.730826410212915,0.6388211328251788,0.7465823593591471,0.746286189542534,1.0499982219828023,0.703371474744562,0.7322879050828277,0.7394771362319779,-0.4454214944831555,0.7151195156317092,0.46644495589761337,0.5975390017097932,0.7287044958328138,0.6978507369932488,0.6244222342277629,0.6550939291637652,0.6481640504462763,0.7260559643750594,0.7606927971341233,0.7272558177813198,0.7146733125025281,0.7172396740752547,0.7273487381772473,0.7358042121322952,0.7274877007302929,0.7272109841684125,0.650459922263231,0.7016855548169554,0.5997102713651078,0.7355573751214536,0.7285335845528795,0.7152162493120681,0.758869629338552,0.723709483249701,0.7346658307820121,1.3451216857284727,0.726174335154394,0.7032938184333625,0.6973648400593325,0.7467966889084876,0.7193359710456472,0.7472485091387109,0.6984206423442988,0.641843031914724,0.7613374440384332,0.6463440091381086,0.7125197093007936,-0.11066426808372769,0.7008834653644129,0.714189569065523,0.7278616913224415
1017,1519074575,0.6160367837731036,0.7326266221893449,0.7350916949425951,0.7306800859238551,0.7524188188651456,0.6582320085073222,0.6166600079091841,0.7398484837722381,0.643417519577563,0.7170638750806422,0.7318736641153546,0.7585452499841272,0.7101663487859821,0.6178022620383133,0.7309214580601058,0.6985388048409245,0.6575775798578503,0.7073282489144405,0.736248324190649,0.6992739696422516,0.7611667436239745,0.7340737472406336,-0.0007680806034568071,0.6980023485970029,0.7384318098091625,0.7486262776697333,0.7379773118263596,0.6382952190065404,0.6156863242279448,0.5135710139511147,0.7033583108962743,0.7325062695920551,0.7287696013024445,0.1238629242909105,0.7181173266332277,0.7632519014208954,0.7177871410702806,0.6498123031908739,0.7203422992509875,0.6271749704143067,-0.5567771649665584,0.746204315718245,0.6020217738581872,0.6287813709006381,-0.042223416015498456,0.7216149488265271,0.7066495997762691,0.7070532542653415,0.7027536290351338,0.9417130548577959,0.7073662529231475,0.7255955365535169,0.6378780424161073,0.6468594618522647,0.6418458784240444,0.7293419898057919,0.7351526783843788,0.7282279761869409,0.7287378767833456,0.7057707988307557,0.7136457293571767,0.7212356508310551,0.696988527545653,0.6225578959423456,0.729239414236336,0.7672695373631383,0.6003825480002736,0.7025473358608232,0.6407250266009422,0.7380611774743755,0.7304692116259625,0.6253021628043505,0.7344989002100363,0.7286405399483179,0.7150074147882923,0.7060212071207262,0.7253461144557756,0.7182268551722396,0.658502311885915,0.7325648946824146,0.6402135740232283,0.7489477210974678,0.7480880864273222,1.0502409326365607,0.7054620438738306,0.734059455522201,0.740052510125864,-0.4454098573456127,0.7172430284295166,0.46644495589761337,0.6005365250235433,0.7298291701594181,0.6984847442406018,0.6259164848450604,0.6558069983472654,0.6496155177829837,0.7281196507720756,0.7632403282698705,0.7283555831842539,0.7159206766843343,0.7193710406218685,0.7284726384953604,0.7362987365660633,0.7286112073131177,0.7289028382934306,0.650459922263231,0.7029331821676321,0.6012106298217427,0.7361327920010013,0.7296631073819482,0.7164601485303339,0.7609666663114806,0.725760545739603,0.7366457550291138,1.345439864138249,0.7272775803666817,0.7053859870196008,0.6986329117654055,0.7497475910031034,0.7222349700903186,0.7490184795596303,0.6996905693106565,0.6427679811231374,0.7638801748048902,0.6474547571523201,0.7131417109558076,-0.11066426808372769,0.7015068051639245,0.7160073000204152,0.7289865323212797
1018,1519074581,0.6188263564852353,0.7372725172769586,0.7385569440292734,0.733490154939561,0.7559635331266112,0.6618127011162869,0.6194514248340903,0.7427279547509092,0.6468605904256959,0.720700375356411,0.7360021825750608,0.7632474564199488,0.7113289993128427,0.6205933517018115,0.7348802513286713,0.7017199431496965,0.6616197740901865,0.7109113969004703,0.7384660394971558,0.7024496176490853,0.7653620831036007,0.7375326134860165,-0.08572961197044983,0.6999192040545306,0.7423939702522422,0.7528329361028446,0.7424367744106265,0.641771501251132,0.6191715313915739,0.5180340601249479,0.7058518494433137,0.7360362732054003,0.7315304223811687,-1.5983957903192618,0.7234391814882686,0.7673210973218582,0.7214296258069387,0.6531582362160878,0.7252401610796985,0.6294156823191787,-0.5567771649665584,0.7504009527729295,0.6042755663215763,0.6310243321903606,-0.042223416015498456,0.7262504890167114,0.7114235466954228,0.7106307979731044,0.7046462166947448,0.944432091834937,0.7109507020542772,0.728344772130456,0.6413406146503581,0.6501981476541839,0.6446340847772848,0.7320997628676613,0.7396690583108967,0.7304363808856115,0.732846343618836,0.7099604324060298,0.7167531676346844,0.7258680863682617,0.7001758333428338,0.39977655392959277,0.7351094260874781,0.7713448961261727,0.6033864657967338,0.7056684328952098,0.6454123374053296,0.7409343426232966,0.7345992413582647,0.6282719142445481,0.7390036318801698,0.7313998049909682,0.7204486213395256,0.7102064507620129,0.7286509666705672,0.7224846702380497,0.6613610651479119,0.7366213584445802,0.6429984564193273,0.7530871041395288,0.7516918801968985,1.050677811813326,0.710165824414685,0.7376025564009475,0.7429293795952945,-0.4453836737861415,0.7230826886234873,0.46644495589761337,0.6035340483372933,0.7326408559759285,0.7022887877247195,0.629652111388304,0.6586592750812666,0.6532441861247521,0.7327629451653624,0.7678258843142155,0.7305551139901221,0.7177917229570439,0.7236337737150962,0.7307204391315864,0.7397604076024396,0.731981727061592,0.7317225951684608,0.6554603065533916,0.7060522505443241,0.6034611675066951,0.7390098763987403,0.7319221530400856,0.7183259973577327,0.7656849995005698,0.7314009675868335,0.7415955656468682,1.3460762209578014,0.7305873160035447,0.7100933663386368,0.7005350193245151,0.7544690343544886,0.7257137689439243,0.7525584204014691,0.702865386726551,0.6446178795399642,0.7684570901845131,0.6491208791736375,0.7162517192308776,-0.11066426808372769,0.7046235041614819,0.7214604928850922,0.7317986348183755
1019,1519074587,0.6202211428413013,0.7395954648207655,0.7405370863645181,0.7346141825458434,0.7589174616778326,0.6646772552034586,0.6222428417589965,0.7444556373381118,0.648237818764949,0.7225186254942955,0.7383613359806072,0.7658597933287385,0.7137967185825489,0.622686668949435,0.7373544971215248,0.7029923984732054,0.6643145702450772,0.7138973535554953,0.7401293259770358,0.703084747250452,0.767984170278367,0.7395091084833783,-0.08572961197044983,0.70311396315041,0.7453655905845519,0.7546357897170352,0.7454097494668044,0.6431620141489688,0.6205656142570256,0.5195217421828923,0.7077220033535931,0.7389779428831881,0.7326347508126584,-1.2650553939430995,0.7255679234302849,0.7693556952723396,0.7232508681752676,0.6551657960312162,0.7271993058111828,0.6309094902557599,-0.5567771649665584,0.752799031089892,0.6065293587849654,0.6325196397168421,-0.042223416015498456,0.7291477016355766,0.7132137767901054,0.71361208439624,0.7071696669075594,0.9472348358952386,0.7127429266198422,0.7294444663612317,0.6434181579909086,0.6522013591353354,0.646028187953905,0.7332028720924091,0.7421781582700733,0.7320926844096145,0.7359276937454539,0.7120552491936668,0.7173746552901861,0.7276052496947142,0.7014507556617061,0.4169135802382661,0.7380444320130491,0.7738919953530692,0.6041374452458489,0.7069168717089644,0.6474211848929241,0.7426582417126494,0.7366642562244158,0.6304992278246964,0.7415062605857997,0.7330553640165585,0.7222623568566033,0.7128222280378171,0.7297525840754977,0.7246135777709548,0.6627904417789104,0.7395188325604128,0.6443908976173769,0.7560438063124296,0.7546950416715454,1.0508719803363327,0.7127790358262709,0.7393741068403208,0.745806249064725,-0.4453720366485988,0.7252062014212948,0.46644495589761337,0.6050328099941683,0.7337655303025328,0.7035568022194254,0.6303992366969527,0.6607984826317677,0.6546956534614595,0.7353425531616329,0.7703734154499627,0.7316548793930562,0.7196627692297533,0.72576514026171,0.7324062896087558,0.7422330297712797,0.7331052336444168,0.7328504979184729,0.6568889877791517,0.7072998778950008,0.6064618844199648,0.7418869607964791,0.734181198698223,0.7195698965759986,0.7677820364734983,0.733964795699211,0.7435754898939699,1.3465534885724657,0.7322421838219761,0.712185534924875,0.7024371268836247,0.7562395756112581,0.72919256779753,0.7543283908223887,0.7035003502097299,0.6455428287483775,0.7704912747976788,0.6502316271878489,0.7174957225409057,-0.11066426808372769,0.707116863359528,0.7232782238399845,0.7329234758172138
1020,1519074592,0.6209185360193341,0.7395954648207655,0.7425172286997629,0.7346141825458434,0.7589174616778326,0.6646772552034586,0.6222428417589965,0.7461833199253145,0.648237818764949,0.7225186254942955,0.7383613359806072,0.7658597933287385,0.7160469263951142,0.622686668949435,0.7393338937558075,0.7029923984732054,0.6643145702450772,0.7138973535554953,0.7406837548036626,0.703084747250452,0.767984170278367,0.7419797272300803,-0.08572961197044983,0.70311396315041,0.7453655905845519,0.7546357897170352,0.7454097494668044,0.6431620141489688,0.6205656142570256,0.5195217421828923,0.7077220033535931,0.7389779428831881,0.7331869150284032,-0.37614767027333307,0.7255679234302849,0.7693556952723396,0.7232508681752676,0.6571733558463445,0.7271993058111828,0.6316563942240506,-0.5567771649665584,0.752799031089892,0.6065293587849654,0.6325196397168421,-0.042223416015498456,0.7291477016355766,0.7132137767901054,0.71361208439624,0.7078005294607631,0.9500152099591784,0.7127429266198422,0.7294444663612317,0.6434181579909086,0.6548723077768707,0.646028187953905,0.7332028720924091,0.7421781582700733,0.7320926844096145,0.7359276937454539,0.7120552491936668,0.7173746552901861,0.7276052496947142,0.7027256779805785,0.6465497327744882,0.7380444320130491,0.7738919953530692,0.605639404144079,0.7075410911158417,0.6494300323805187,0.7449567738317863,0.7366642562244158,0.6304992278246964,0.7415062605857997,0.7330553640165585,0.7222623568566033,0.7128222280378171,0.7297525840754977,0.7246135777709548,0.6649345067254081,0.7395188325604128,0.6450871182164016,0.7560438063124296,0.7546950416715454,1.0509205224670843,0.7127790358262709,0.7393741068403208,0.7475323707463833,-0.4453720366485988,0.7252062014212948,0.46644495589761337,0.6050328099941683,0.7337655303025328,0.7048248167141313,0.6303992366969527,0.6629376901822686,0.6546956534614595,0.7353425531616329,0.7703734154499627,0.7316548793930562,0.7196627692297533,0.72576514026171,0.7324062896087558,0.7442111275063519,0.7336669869358292,0.733978400668485,0.659032009617792,0.7072998778950008,0.6064618844199648,0.7436132114351225,0.734181198698223,0.7195698965759986,0.7677820364734983,0.733964795699211,0.7435754898939699,1.3465534885724657,0.7322421838219761,0.712185534924875,0.7024371268836247,0.7562395756112581,0.72919256779753,0.7543283908223887,0.7035003502097299,0.6455428287483775,0.7704912747976788,0.6502316271878489,0.7174957225409057,-0.11066426808372769,0.707116863359528,0.7232782238399845,0.7329234758172138
1021,1519074598,0.623708108731466,0.7430798861364759,0.7449924066188187,0.7374242515615493,0.7630529616495426,0.6675418092906302,0.6264299671463558,0.7490627909039855,0.6509922754434553,0.7261551257700642,0.7430796427917,0.7700395323828022,0.7186933157903291,0.6261755310288076,0.741808139548661,0.7061735367819775,0.667009366399968,0.7174805015415253,0.7429014701101694,0.7056252656559189,0.7721795097579932,0.7444503459767824,-0.08572961197044983,0.7050308186079376,0.7498230210830166,0.7582414969454162,0.7498692120510713,0.6459430399446421,0.623353779987929,0.5234888943374106,0.7102155419006324,0.744272948303206,0.7353955718913825,-0.15392073935589148,0.7298254073143176,0.7739335406609229,0.7281075144908117,0.6598501022665155,0.7316073814570226,0.6346440100972133,-0.5567771649665584,0.7563961485653359,0.6095344154028176,0.637005562296287,-0.042223416015498456,0.733203799301988,0.7167942369794708,0.7183821426732571,0.7103239796735777,0.9528424888541994,0.7163273757509719,0.7316438548227829,0.6461882157783092,0.6568755192580222,0.6502104974837656,0.7354090905419046,0.7461927182047557,0.7348531902829527,0.7410632772898169,0.7162448827689409,0.7198606059121923,0.7310795763476192,0.7052755226183233,0.6362675169892843,0.7415664391237343,0.7784767739614827,0.6078923424914242,0.7094137493364737,0.6514388798681132,0.7478299389807075,0.7423430471063315,0.633468979264894,0.7455104665148073,0.7358146290592088,0.7258898278907588,0.7170074716791038,0.732506627587824,0.7288713928367649,0.667793259987405,0.7429958014994119,0.6478720006125006,0.7595918489199106,0.7582988354411218,1.0513088595130977,0.7174828163671253,0.745279274971565,0.7492584924280415,-0.4453458530891276,0.7294532270169098,0.46644495589761337,0.6072809524794809,0.7360148789557412,0.7067268384561901,0.6333877379315476,0.6643638285492691,0.6568728544665206,0.7399858475549197,0.7744494652671583,0.7344042929003914,0.722781179684269,0.7305607149915911,0.7352160404040382,0.7461892252414241,0.7359140001014788,0.7362342061685091,0.6604606908435521,0.7091713189210159,0.6109629597898695,0.7464902958328614,0.7364402443563604,0.7226796446216633,0.7719761104193554,0.738066920679015,0.7475353383881734,1.3473489345969063,0.7350002968526953,0.7168929142439111,0.7056073061488072,0.759780658124797,0.7332511664600698,0.7590483119448405,0.7060402041424454,0.647855201769411,0.7745596440240102,0.6530084972233777,0.7206057308159758,-0.11066426808372769,0.7096102225575739,0.7269136857497691,0.7357355783143096
1022,1519074604,0.6251028950875318,0.744822096794331,0.7469725489540635,0.7385482791678317,0.7648253187802754,0.6682579478124231,0.6278256756088089,0.7507904734911882,0.6523695037827084,0.7285794592872434,0.7454387961972464,0.772129401909834,0.721342294607653,0.6275710758605567,0.7437875361829437,0.7074459921054863,0.6683567644774134,0.7198692668655452,0.7440103277634228,0.7081657840613858,0.7748015969327595,0.7469209647234846,-0.08572961197044983,0.7069476740654652,0.7518041013045563,0.7600443505596067,0.7518511954218565,0.6473335528424787,0.6254449042861064,0.524976576395355,0.7133324650844316,0.7460379501098787,0.737052064538617,0.0683061915615501,0.732486334741838,0.7764767880990247,0.7299287568591407,0.6618576620816439,0.733566526188507,0.6361378180337947,-0.5567771649665584,0.7581947073030577,0.6110369437117437,0.6377532160595278,-0.042223416015498456,0.7349421268733072,0.7185844670741535,0.7201709145271384,0.7109548422267814,0.9556632732341477,0.7205092330706234,0.7332933961689464,0.6475732446720096,0.6595464678995575,0.6516046006603858,0.7365121997666524,0.748199998172097,0.735957392632288,0.7431175107075622,0.7199108121473058,0.7217250688786969,0.7339748485583734,0.7059129837777594,0.6328401117275496,0.743327442679077,0.780514453343,0.6093943013896543,0.711910626963983,0.654117343184906,0.7501284710998444,0.7444080619724825,0.6342114171249434,0.7475125694793112,0.738022041093329,0.7283081419135291,0.719623248954908,0.7336082449927546,0.7315325272528963,0.6692226366184035,0.7447342859689116,0.6499606624095748,0.7613658702236511,0.7607013646208393,1.0515030280361044,0.7195733854963939,0.7470508254109383,0.7509846141096999,-0.44533421595158484,0.7321076180141692,0.46644495589761337,0.6095290949647935,0.7382642276089497,0.7073608457035431,0.6341348632401963,0.6672161052832704,0.658324321803228,0.7425654555511901,0.7764874901757561,0.7355040583033255,0.7234048617751722,0.732692081538205,0.7369018908812077,0.7481673229764961,0.7370375066843036,0.7373621089185213,0.6633180532950724,0.7104189462716927,0.6117131390181869,0.7482165464715047,0.7381345285999634,0.7233015942307963,0.774073147392284,0.740117983168917,0.7500102436970506,1.3476671130066826,0.7366551646711269,0.7189850828301494,0.7075094137079168,0.7615511993815666,0.7349905658868727,0.7614082725060664,0.708580058075161,0.6487801509778245,0.7765938286371759,0.6535638712304834,0.7212277324709898,-0.11066426808372769,0.7114802419561084,0.7293373270229588,0.7374228398125671
1023,1519074609,0.6264976814435977,0.7477257812240896,0.7494477268731194,0.7396723067741141,0.7665976759110082,0.6696902248560089,0.6299192383024885,0.7530940502741251,0.6551239604612147,0.7303977094251278,0.7477979496027929,0.7742192714368659,0.7238333186763386,0.6289666206923057,0.7457669328172265,0.7080822197672407,0.6697041625548588,0.7222580321895652,0.7451191854166762,0.7100711728654859,0.7768992666725726,0.7488974597208462,-0.08572961197044983,0.7082255777038169,0.7542804515814812,0.7618472041737973,0.7548241704780345,0.6494193221892337,0.6275360285842839,0.5264642584532994,0.7139558497211914,0.7483912858521089,0.7387085571858515,0.1794196570202709,0.7351472621693584,0.7790200355371265,0.7317499992274696,0.664534408501815,0.7355256709199914,0.6391254339069573,-0.5567771649665584,0.7599932660407797,0.6125394720206698,0.6392485235860094,-0.042223416015498456,0.7384187820159455,0.722761670628413,0.7219596863810198,0.7122165673331887,0.9584703469711644,0.72289886582471,0.7349429375151099,0.6489582735657099,0.6622174165410929,0.652998703837006,0.738166863603774,0.7507090981312736,0.737613696156291,0.7456853024797437,0.7225293331318522,0.7229680441897001,0.7357120118848258,0.7084628284155041,0.6328401117275496,0.7450884462344196,0.7825521327245171,0.6108962602878845,0.7137832851846149,0.6561261906725006,0.7518523701891972,0.7464730768386337,0.6356962928450423,0.750015198184941,0.7391257471103891,0.731331034441992,0.7222390262307122,0.7352606711001503,0.7336614347858014,0.6713667015649012,0.7470522652615776,0.6527455448056738,0.7631398915273916,0.7625032615056274,1.0518428229513663,0.7221865969079798,0.7488223758503115,0.7538614835791304,-0.4453196695296564,0.7347620090114286,0.46644495589761337,0.6117772374501059,0.7399512390988561,0.709262867445602,0.6363762391661425,0.6700683820172716,0.6612272564766427,0.7451450635474606,0.778525515084354,0.7366038237062597,0.7252759080478817,0.7348234480848188,0.7385877413583772,0.7511344695791045,0.7387227665585406,0.7396179144185454,0.6654610751337127,0.7122903872977079,0.6139636767031393,0.7499427971101481,0.7392640514290322,0.7245454934490622,0.7761701843652125,0.7426818112812945,0.7519901679441524,1.347985291416459,0.7377584098834146,0.7221233357095067,0.7087774854139898,0.7645021014761824,0.7373097651226098,0.7637682330672922,0.7104849485246976,0.6497051001862378,0.7796451055569245,0.6546746192446949,0.7230937374360319,-0.11066426808372769,0.7127269215551314,0.7317609682961486,0.7391101013108244
1024,1519074615,0.6292872541557295,0.7517909394257516,0.7539030471274201,0.7419203619866788,0.7707331758827182,0.6754193330303524,0.6334085094586213,0.7571253096442646,0.6585670313093476,0.7340342097008967,0.7519264680624991,0.7794439452544454,0.7263528263882213,0.6331532551875528,0.7502205752443627,0.7106271304142584,0.6744200558259176,0.7270355628376052,0.7478913295498097,0.7119765616695861,0.7821434410221053,0.7528504497155696,-0.08572961197044983,0.7101424331613445,0.7582426120245608,0.7666548138116386,0.758788137219605,0.6535908608827438,0.6303241943151873,0.5299355165885029,0.7170727729049906,0.7519212894654542,0.7409172140488308,-1.209498661213739,0.7399369315388952,0.7830892314380894,0.7359995647535706,0.6692187147371145,0.7399337465658313,0.64211304978012,-0.5567771649665584,0.7653889422539454,0.617047056947448,0.6429867924022135,-0.042223416015498456,0.7418954371585837,0.7263421308177783,0.7267297446580369,0.715370880099207,0.9612997907045431,0.7264833149558397,0.7382420202074369,0.653805874693661,0.6662238395033959,0.6564839617785565,0.7409246366656435,0.7552254780577915,0.7398221008549616,0.7497937693152341,0.7267189667071263,0.7266969701227094,0.7391863385377307,0.7103752118938126,0.2592529381984718,0.7497844557153333,0.7871369113329307,0.6131491986352295,0.7156559434052469,0.660813501476888,0.7553001683679025,0.750603106570936,0.6408933578653883,0.7545199298550747,0.7418850121530395,0.7355630839818401,0.7269474253271598,0.7380147146124766,0.7379192498516116,0.6763695197733959,0.7511087290237433,0.6555304272017728,0.7684619554386131,0.7679089521599918,1.0522797021281314,0.7268903774488342,0.7523654767290581,0.7584644747302192,-0.44529639525457093,0.7395399128064956,0.46644495589761337,0.6147747607638561,0.7422005877520645,0.7124329036823667,0.6408589910180348,0.6736337279347732,0.6648559248184112,0.7497883579407474,0.7841300835829978,0.7388033545121279,0.7271469543205911,0.7396190228146999,0.7413974921536597,0.7555851894830168,0.7415315330156026,0.7418737199185695,0.6697471188109931,0.7154094556743997,0.6177145728447265,0.7539707152669826,0.7415230970871696,0.726411342276461,0.7808885175543017,0.747296701883574,0.7559500164383559,1.3487807374408995,0.7405165229141337,0.7263076728819833,0.7119476646791724,0.7680431839897213,0.7407885639762155,0.7673081739091311,0.7123898389742342,0.6515549986030647,0.7837134747832558,0.6563407412660122,0.7262037457111019,-0.11066426808372769,0.7158436205526888,0.7366082508425281,0.741359783308501
1025,1519074620,0.6327742200458941,0.7535331500836068,0.7558831894626648,0.7430443895929612,0.772505533013451,0.6761354715521453,0.6355020721523009,0.7588529922314673,0.6599442596486007,0.7370646265973707,0.754875409819432,0.7820562821632352,0.7288671552558864,0.6345488000193019,0.7526948210372161,0.7112633580760128,0.675767453903363,0.7288271368306201,0.7490001872030632,0.7132468208723195,0.7842411107619184,0.7548269447129312,-0.08572961197044983,0.7120592886188721,0.7602236922461006,0.7684576674258291,0.7607701205903903,0.6549813737805804,0.631718277180639,0.5319190926657621,0.7183195421785102,0.7536862912721268,0.7425737066960654,-0.43170440300269347,0.7420656734809115,0.7856324788761911,0.7384278879113427,0.6712262745522428,0.7423826774801868,0.6443537616849919,-0.5567771649665584,0.7677870205709079,0.6185495852563742,0.6437344461654543,-0.042223416015498456,0.7436337647299028,0.7281323609124609,0.7285185165119182,0.7160017426524107,0.9641090292799175,0.7282755395214047,0.7393417144382125,0.6551909035873613,0.6682270509845474,0.6578780649551768,0.7420277458903913,0.7572327580251327,0.7414784043789645,0.7518480027329794,0.7288137834947633,0.7279399454337125,0.7409235018641833,0.7122875953721212,0.4066313644530621,0.7515454592706758,0.789174590714448,0.6176550753299199,0.7175286016258788,0.6628223489644826,0.7570240674572553,0.7526681214370871,0.6423782335854871,0.7565220328195784,0.7429887181700996,0.7373768194989179,0.7290400471478031,0.7391163320174071,0.740580384267743,0.6777988964043943,0.7534267083164093,0.657619088998847,0.7702359767423536,0.7697108490447799,1.052473870651138,0.728980946578103,0.7541370271684312,0.7601905964118775,-0.4452818488326425,0.7416634256043031,0.46644495589761337,0.6155241415922935,0.7433252620786688,0.7137009181770726,0.6423532416353323,0.6750598663017737,0.6655816584867649,0.7523679659370178,0.7861681084915956,0.739903119915062,0.7290180005933006,0.7422832309979672,0.7425213924717726,0.757563287218089,0.7426550395984274,0.7435655740435877,0.6711758000367533,0.7166570830250765,0.6199651105296788,0.7562723827851737,0.7432173813307725,0.7276552414947268,0.7829855545272303,0.749347764373476,0.7579299406854576,1.3492580050555638,0.7421713907325652,0.7283998414682215,0.7132157363852454,0.7698137252464907,0.7425279634030184,0.769668134470357,0.713659765940592,0.6534048970198915,0.7857476593964215,0.6585622372944352,0.7268257473661159,-0.11066426808372769,0.7170903001517118,0.7384259817974204,0.7424846243073394
1026,1519074626,0.6327742200458941,0.7535331500836068,0.7568732606302871,0.7436064033961024,0.772505533013451,0.6761354715521453,0.6355020721523009,0.76058067481867,0.6599442596486007,0.7370646265973707,0.754875409819432,0.7820562821632352,0.731430683143619,0.6345488000193019,0.7531896701957869,0.7125358133995217,0.675767453903363,0.7288271368306201,0.7490001872030632,0.7132468208723195,0.7842411107619184,0.7558151922116121,-0.08572961197044983,0.7120592886188721,0.7602236922461006,0.7690586186305594,0.7607701205903903,0.6549813737805804,0.631718277180639,0.5319190926657621,0.7183195421785102,0.7542746252076844,0.7425737066960654,0.45720332066707287,0.7420656734809115,0.7856324788761911,0.7396420494902287,0.6718954611572856,0.7423826774801868,0.6443537616849919,-0.5567771649665584,0.7677870205709079,0.6185495852563742,0.6437344461654543,-0.042223416015498456,0.7436337647299028,0.7281323609124609,0.7285185165119182,0.7160017426524107,0.9669110517274332,0.7282755395214047,0.7393417144382125,0.6551909035873613,0.6688947881449312,0.6578780649551768,0.7420277458903913,0.7572327580251327,0.7420305055536321,0.7523615610874157,0.7288137834947633,0.7279399454337125,0.7409235018641833,0.7122875953721212,0.6534045432979575,0.7515454592706758,0.789174590714448,0.6176550753299199,0.7175286016258788,0.6634919647936808,0.7587479665466079,0.7526681214370871,0.6423782335854871,0.7565220328195784,0.7429887181700996,0.7373768194989179,0.7290400471478031,0.7396671407198724,0.740580384267743,0.6785135847198935,0.7534267083164093,0.657619088998847,0.7702359767423536,0.7697108490447799,1.052473870651138,0.728980946578103,0.7541370271684312,0.7607659703057635,-0.44527893954825676,0.7416634256043031,0.46644495589761337,0.6155241415922935,0.7433252620786688,0.7137009181770726,0.6423532416353323,0.6757729354852741,0.6655816584867649,0.7523679659370178,0.7861681084915956,0.7410028853179961,0.7302653647751068,0.7428160726346207,0.7425213924717726,0.7580578116518569,0.7426550395984274,0.7435655740435877,0.6718901406496334,0.7166570830250765,0.6199651105296788,0.7568477996647215,0.7432173813307725,0.7295210903221258,0.7835098137704624,0.749347764373476,0.7579299406854576,1.3492580050555638,0.7421713907325652,0.7283998414682215,0.7132157363852454,0.7698137252464907,0.7425279634030184,0.769668134470357,0.713659765940592,0.6543298462283048,0.7857476593964215,0.6602283593157525,0.728069750676144,-0.11066426808372769,0.7170903001517118,0.7384259817974204,0.7424846243073394
1027,1519074632,0.6341690064019601,0.7558560976274137,0.7603385097169654,0.7447304310023847,0.7754594615646725,0.6775677485957311,0.6368977806147541,0.763460145797341,0.6613214879878538,0.7400950434938447,0.7566447748735918,0.784146151690267,0.734004568719787,0.6359443448510509,0.7566536143057816,0.7138082687230305,0.6771148519808083,0.730618710823635,0.7506634736829433,0.714517080075053,0.7863387805017314,0.7597681822063355,-0.08572961197044983,0.7139761440763998,0.7622047724676405,0.7708614722447499,0.7627521039611755,0.6563718866784171,0.6338094014788165,0.5334067747237065,0.7189429268152701,0.7566279609499146,0.743678035127555,0.5127600533964333,0.7441944154229279,0.788175726314293,0.7414632918585577,0.6759105807875423,0.7443418222116711,0.6451006656532826,-0.5567771649665584,0.7695855793086298,0.6200521135653002,0.6467250612184174,-0.042223416015498456,0.745372092301222,0.7299225910071436,0.7303072883657997,0.7178943303120217,0.9697311144945956,0.7318599886525344,0.7404414086689881,0.6565759324810616,0.6729012111072342,0.659969219720107,0.743682409727513,0.7597418579843093,0.7436868090776352,0.7549293528595973,0.7319560086762189,0.7285614330892141,0.7438187740749373,0.7135625176909935,0.6431223275127536,0.7538934640111327,0.7917216899413444,0.618406054779035,0.7181528210327561,0.6668400439396717,0.7621957647253134,0.7557656437363138,0.6438631093055859,0.7585241357840823,0.7440924241871597,0.7391905550159955,0.7311326689684465,0.7418703755297335,0.7437737455671005,0.6820870262973897,0.7545856979627424,0.6590115301968966,0.772009998046094,0.7715127459295681,1.052959291958655,0.7310715157073716,0.7576801280471778,0.7636428397751941,-0.44526730241071405,0.7437869384021106,0.46644495589761337,0.6177722840776061,0.744449936405273,0.7143349254244256,0.6438474922526297,0.680051350586276,0.6670331258234722,0.7544316523340342,0.7882061334001934,0.7426525334223972,0.7315127289569132,0.7449474391812345,0.7436452927898857,0.7615194826882332,0.7437785461812522,0.7446934767935998,0.6747475031011536,0.7179047103757533,0.6214654689863137,0.7597248840624604,0.7449116655743756,0.7313869391495246,0.785606850743391,0.7519115924858535,0.7608998270561103,1.349735272670228,0.7432746359448529,0.7304920100544597,0.7144838080913184,0.7715842665032602,0.7442673628298212,0.7726180851718895,0.7149296929069499,0.6584921176661651,0.7877818440095873,0.663560603358387,0.7299357556411861,-0.11066426808372769,0.7183369797507348,0.7402437127523127,0.7436094653061777
1028,1519074637,0.6355637927580259,0.7587597820571723,0.7623186520522102,0.7458544586086671,0.7772318186954053,0.6790000256393169,0.6382934890772072,0.7651878283845437,0.6633873304967335,0.7419132936317291,0.7584141399277516,0.7862360212172989,0.7367286407782666,0.6373398896828,0.7586330109400644,0.7144444963847849,0.6784622500582538,0.73241028481665,0.7523267601628234,0.7164224688791531,0.7884364502415446,0.7617446772036971,-0.08572961197044983,0.7152540477147515,0.7646811227445653,0.7732652770636705,0.7647340873319608,0.6577623995762537,0.635900525776994,0.5348944567816508,0.7201896960887897,0.7583929627565872,0.7453345277747895,0.6794302515845145,0.7468553428504483,0.7902103242647744,0.7432845342268867,0.6779181406026706,0.7463009669431555,0.6465944735898639,-0.5567771649665584,0.7713841380463518,0.6208033777197632,0.6474727149816583,-0.042223416015498456,0.7471104198725411,0.7323095644667205,0.7320960602196811,0.7197869179716326,0.972556228551259,0.734249621406621,0.7420909500151516,0.6579609613747619,0.6749044225883857,0.6613633228967273,0.7447855189522607,0.7622509579434859,0.7447910114269705,0.7569835862773424,0.7345745296607653,0.7310473837112204,0.7455559374013899,0.7148374400098658,0.6362675169892843,0.7562414687515895,0.7937593693228615,0.6199080136772651,0.7206496986602654,0.6688488914272662,0.763919663814666,0.7578306586024649,0.6446055471656353,0.7605262387485862,0.7451961302042198,0.742818026050151,0.7332252907890898,0.7435228016371292,0.7459026531000056,0.6842310912438874,0.7569036772554085,0.6604039713949461,0.7749667002189948,0.7733146428143562,1.0532020026124134,0.7331620848366402,0.759451678486551,0.7653689614568524,-0.4452527559887856,0.7469722075988219,0.46644495589761337,0.6200204265629187,0.7461369478951794,0.7156029399191314,0.6445946175612783,0.6814774889532765,0.6692103268285333,0.7564953387310506,0.7907536645359406,0.7437522988253313,0.7327600931387195,0.7470788057278483,0.7453311432670551,0.7634975804233054,0.744902052764077,0.7458213795436118,0.6761761843269138,0.7191523377264301,0.6222156482146312,0.7614511347011037,0.7460411884034444,0.7320088887586574,0.7882281469595516,0.754475420598231,0.7628797513032121,1.3500534510800044,0.7443778811571405,0.7331072207872575,0.7157518797973915,0.774535168597876,0.7471663618744926,0.7743880555928089,0.7168345833564865,0.6594170668745785,0.7903245747760443,0.6646713513725985,0.731801760606228,-0.11066426808372769,0.7195836593497579,0.7432732643437999,0.7452967268044352
1029,1519074643,0.6390507586481906,0.7622442033728826,0.7642987943874548,0.748664527624373,0.780776532956871,0.6811484412046958,0.6410849060021134,0.7669155109717463,0.6661417871752398,0.7455497939074979,0.7619528700360713,0.7914606950348784,0.739426818615658,0.640130979346298,0.7606124075743471,0.717625634693557,0.6811570462131445,0.736590624133685,0.7545444754693302,0.7183278576832532,0.7926317897211708,0.7637211722010588,-0.08572961197044983,0.717809854991455,0.768643283187645,0.7780728867015119,0.7691935499162277,0.6612386818208454,0.6386886915078973,0.5388616089361692,0.7220598499990692,0.7619229663699325,0.7475431846377688,0.7349869843138749,0.7511128267344809,0.7942795201657373,0.7469270189635447,0.679925700417799,0.7507090425889954,0.6488351854947358,-0.5567771649665584,0.7767798142595175,0.6238084343376155,0.6504633300346215,-0.042223416015498456,0.7511665175389525,0.7358900246560858,0.7356736039274439,0.7216795056312436,0.9753827858334941,0.7378340705377509,0.7442903384767029,0.6607310191621626,0.6769076340695372,0.6641515292499677,0.7469917374017563,0.7662655178781684,0.746999416125641,0.7610920531128329,0.7387641632360394,0.732911846677725,0.7501883729385965,0.7167498234881744,0.6328401117275496,0.760350477047389,0.797834728085896,0.6229119314737254,0.7225223568808974,0.671527354744059,0.7656435629040187,0.762476942051305,0.647575298605833,0.7650309704187197,0.74740354223834,0.7464454970843065,0.7379336898855374,0.7457260364469902,0.7501604681658158,0.6856604678748859,0.7609601410175741,0.6631888537910451,0.7785147428264758,0.7769184365839326,1.0535903396584267,0.7373432230951775,0.763585296178422,0.7670950831385107,-0.4452294817137001,0.751219233194437,0.46644495589761337,0.6222685690482311,0.74894863371169,0.7187729761558962,0.648330244104522,0.6836166965037774,0.6713875278335943,0.7606227115250832,0.7948297143531362,0.7465017123326666,0.734631139411429,0.751341538821076,0.7475789439032811,0.7654756781583776,0.7477108192211389,0.7480771850436361,0.6790335467784341,0.7210237787524452,0.6244661858995836,0.7631773853397471,0.7488649954761161,0.7351186368043222,0.7929464801486409,0.7590903112005105,0.7673345808591909,1.3506898078995568,0.7465843715817159,0.737291557959734,0.717653987356501,0.7786664315303381,0.7506451607280983,0.7779279964346477,0.719374437289202,0.6612669652914053,0.7949014901556672,0.6663374733939158,0.7336677655712701,-0.11066426808372769,0.7214536787482924,0.7469087262535845,0.7475464088021118
1030,1519074649,0.6411429381822895,0.7645671509166895,0.7662789367226996,0.7497885552306554,0.7837304615080923,0.6832968567700745,0.6424806144645665,0.768643193558949,0.6675190155144929,0.7473680440453824,0.7643120234416177,0.7940730319436682,0.7415035351469322,0.6422242965939217,0.7630866533672006,0.7188980900170658,0.6831781433293126,0.7389793894577049,0.7562077619492104,0.7195981168859867,0.7952538768959371,0.7656976671984205,-0.08572961197044983,0.7203656622681585,0.7711196334645698,0.7798757403157024,0.7716710291297093,0.6626291947186821,0.640082774373349,0.5403492909941136,0.7251767731828683,0.7648646360477203,0.7486475130692585,0.1238629242909105,0.7537737541620013,0.7963141181162188,0.7487482613318738,0.6819332602329273,0.7531579735033509,0.6503289934313172,-0.5567771649665584,0.7785783729972393,0.6260622268010045,0.6519586375611032,-0.042223416015498456,0.7540637301578177,0.7376802547507684,0.7386548903505795,0.7235720932908546,0.9781768705403654,0.7396262951033157,0.7453900327074786,0.662808562502713,0.6789108455506887,0.666242684014898,0.7486464012388779,0.7687746178373449,0.7481036184749763,0.7636598448850145,0.7408589800236764,0.7341548219887282,0.751925536265049,0.7186622069664829,0.5540097907076524,0.76328548297296,0.8003818273127924,0.6251648698210706,0.723770795694652,0.6742058180608518,0.7673674619933715,0.7645419569174562,0.6498026121859812,0.7675335991243496,0.7496109542724604,0.7482592326013843,0.7405494671613416,0.7468276538519207,0.7522893756987209,0.6878045328213835,0.7638576151334068,0.6645812949890946,0.7808801045647964,0.7799215980585794,1.0537845081814334,0.7399564345067633,0.7653568466177952,0.7693965787140551,-0.4452178445761573,0.7533427459922444,0.46644495589761337,0.6237673307051061,0.7500733080382941,0.7194069834032492,0.6498244947218195,0.6850428348707781,0.6728389951703018,0.7632023195213536,0.7973772454888834,0.7476014777356007,0.7358785035932353,0.7534729053676898,0.7492647943804506,0.7679483003272177,0.7488343258039637,0.7497690391686542,0.6818909092299544,0.7235190334537986,0.6259665443562185,0.766054469737486,0.7511240411342535,0.7357405864134551,0.7950435171215694,0.7616541393128881,0.7693145051062927,1.351167075514221,0.7482392394001474,0.7393837265459723,0.7201901307686471,0.7804369727871076,0.7529643599638354,0.7796979668555671,0.7206443642555598,0.6621919144998186,0.7969356747688329,0.6674482214081272,0.7349117688812982,-0.11066426808372769,0.7233236981468268,0.7487264572084769,0.7486712498009501
1031,1519074654,0.6432351177163883,0.7663093615745445,0.7682590790579443,0.751474596640079,0.7855028186388252,0.6847291338136603,0.6445741771582462,0.7703708761461516,0.668896243853746,0.7497923775625616,0.7672609651985507,0.7966853688524579,0.7431348710754894,0.6436198414256706,0.7650660500014833,0.7208067730023291,0.684525541406758,0.7407709634507199,0.7578710484290905,0.7202332464873534,0.7973515466357503,0.7676741621957822,-0.08572961197044983,0.7210046140873344,0.7731007136861096,0.7816785939298929,0.7736530125004946,0.6640197076165187,0.6421738986715265,0.5428287610906876,0.7258001578196281,0.7672179717899504,0.7497518415007481,-0.15392073935589148,0.7559024961040177,0.7988573655543205,0.7505695037002027,0.6839408200480557,0.7556069044177064,0.6525697053361892,-0.5567771649665584,0.7815759708934426,0.6268134909554676,0.6534539450875847,-0.042223416015498456,0.7558020577291369,0.7394704848454511,0.7404436622044609,0.7260955435036692,0.9808973507430783,0.7414185196688806,0.7464897269382542,0.6648861058432636,0.6809140570318402,0.6676367871915182,0.7503010650759996,0.7707818978046862,0.7492078208243117,0.766227636657196,0.7429537968113136,0.7347763096442297,0.7542417540336523,0.7205745904447914,0.619130490680611,0.7650464865283026,0.8024195066943095,0.6274178081684157,0.7243950151015293,0.6762146655484463,0.7690913610827241,0.7671232255001451,0.6520299257661295,0.7695357020888534,0.7507146602895205,0.750072968118462,0.7426420889819849,0.7479292712568513,0.7549505101148523,0.689233909452382,0.7655960996029063,0.6666699567861688,0.7826541258685369,0.7817234949433676,1.0539786767044401,0.742047003636032,0.767718913870293,0.7711227003957134,-0.4452032981542289,0.7554662587900519,0.46644495589761337,0.6260154731904187,0.7511979823648983,0.7219430123926609,0.6513187453391168,0.6864689732377787,0.6742904625070091,0.7657819275176241,0.7994152703974812,0.7492511258400019,0.7371258677750415,0.7556042719143037,0.7503886946985635,0.7699263980622899,0.7505195856782009,0.7514608932936723,0.6833195904557146,0.7247666608044755,0.6282170820411708,0.7677807203761293,0.7522535639633221,0.737606435240854,0.7971405540944979,0.76370520180279,0.7717894104151699,1.3514852539239974,0.749342484612435,0.7414758951322106,0.7208241666216836,0.7822075140438771,0.7547037593906383,0.7826479175570995,0.7212793277387387,0.663116863708232,0.7989698593819986,0.6685589694223387,0.7355337705363122,-0.11066426808372769,0.7245703777458498,0.7505441881633691,0.7497960907997884
1032,1519074660,0.6446299040724541,0.7680515722323997,0.7707342569770003,0.7525986242463613,0.7872751757695581,0.6861614108572461,0.6459698856206992,0.7732503471248227,0.6702734721929992,0.7534288778383303,0.7696201186040972,0.7987752383794897,0.7459003738877101,0.6450153862574197,0.7675402957943368,0.7220792283258379,0.6858729394842034,0.7425625374437349,0.7589799060823439,0.7215035056900869,0.7994492163755633,0.7701447809424843,-0.08572961197044983,0.7235604213640379,0.7750817939076494,0.7834814475440834,0.7756349958712798,0.6654102205143554,0.6435679815369783,0.5443164431486319,0.7276703117299077,0.768982973596623,0.7508561699322378,0.1238629242909105,0.758031238046034,0.800891963504802,0.7529978268579748,0.6872867530732696,0.7575660491491908,0.6540635132727706,-0.5567771649665584,0.7833745296311645,0.6283160192643937,0.6556969063773072,-0.042223416015498456,0.757540385300456,0.7412607149401337,0.7428286913429695,0.7267264060568729,0.9837231864125275,0.7444055606114888,0.7481392682844177,0.6662711347369639,0.6829172685129917,0.6697279419564485,0.7525072835254951,0.7727891777720275,0.7514162255229823,0.7682818700749412,0.7460960219927691,0.7366407726107344,0.7565579718022556,0.7224869739231,0.6157030854188763,0.7668074900836452,0.8044571860758267,0.6289197670666459,0.725643453915284,0.678223513036041,0.7719645262316452,0.7697044940828339,0.652772363626179,0.7715378050533572,0.7523702193151106,0.7524912821412323,0.7447347108026283,0.7495816973642471,0.7581438714142098,0.6928073510298782,0.767334584072406,0.6680623979842183,0.7844281471722774,0.7835253918281557,1.054172845227447,0.7446602150476178,0.770671497935915,0.7728488220773717,-0.44519166101668617,0.7581206497873113,0.46644495589761337,0.6267648540188563,0.7528849938548047,0.7225770196400139,0.6520658706477656,0.6886081807882797,0.6750161961753628,0.7683615355138945,0.801453295306079,0.750900773944403,0.7396205961386542,0.758268480097571,0.7526364953347895,0.771904495797362,0.7516430922610255,0.7531527474186904,0.6854626122943548,0.727261915505829,0.6297174404978056,0.7706578047738682,0.7539478482069252,0.7394722840682528,0.7992375910674265,0.7657562642926921,0.7742643157240471,1.3518034323337738,0.7515489750370103,0.7435680637184487,0.7233603100338296,0.7839780553006466,0.7564431588174411,0.7844178879780189,0.7238191816714542,0.6645042875208521,0.8010040439951643,0.670225091443656,0.7380217771563683,-0.11066426808372769,0.7270637369438958,0.7523619191182614,0.7509209317986267
1033,1519074665,0.646722083606553,0.7709552566621584,0.7732094348960562,0.7537226518526436,0.7890475329002908,0.6868775493790391,0.6473655940831523,0.7755539239077596,0.6723393147018789,0.7552471279762147,0.7713894836582569,0.8008651079065215,0.7484794383080957,0.6464109310891687,0.7700145415871902,0.7227154559875923,0.6872203375616488,0.7455484940987599,0.7600887637355973,0.723408894494187,0.8015468861153764,0.7731095234385268,-0.17069114333744284,0.7254772768215655,0.7775581441845743,0.785284301158274,0.7776169792420652,0.6668007334121921,0.6456591058351557,0.5463000192258911,0.7289170810034273,0.7707479754032958,0.7525126625794724,0.2349763897496313,0.7601599799880504,0.8029265614552834,0.7548190692263037,0.6899634994934407,0.7600149800635462,0.6555573212093518,-0.5567771649665584,0.7851730883688863,0.6298185475733198,0.6571922139037888,-0.042223416015498456,0.7592787128717752,0.7430509450348164,0.7446174631968508,0.7279881311632802,0.9865338682134737,0.7473926015540969,0.7497888096305811,0.6676561636306642,0.6862559543149108,0.6711220451330687,0.7536103927502429,0.7752982777312041,0.7525204278723175,0.7703361034926864,0.7487145429773154,0.738505235577239,0.758295135128708,0.7237618962419723,0.619130490680611,0.7685684936389878,0.8064948654573438,0.630421725964876,0.7275161121359158,0.6815715921820319,0.7748376913805665,0.7717695089489851,0.6542572393462778,0.774040433758987,0.7534739253321708,0.75430501765831,0.7473504880784325,0.7506833147691776,0.7602727789471149,0.6949514159763759,0.769652563365072,0.6694548391822678,0.7862021684760179,0.7853272887129439,1.0543670137504537,0.7467507841768865,0.7724430483752883,0.7763010654406883,-0.4451800238791434,0.7602441625851188,0.46644495589761337,0.6297623773326063,0.7540096681814089,0.7238450341347198,0.653560121265063,0.6921735267057811,0.6771933971804238,0.7704252219109109,0.8034913202146768,0.7520005393473371,0.7408679603204604,0.7603998466441848,0.7537603956529025,0.7748716423999703,0.7527665988438503,0.7542806501687025,0.6890343153587553,0.7278857291811673,0.6312177989544405,0.7729594722920594,0.7556421324505282,0.7407161832865187,0.801334628040355,0.767807326782594,0.7762442399711489,1.3521216107435499,0.7526522202492981,0.745660232304687,0.7246283817399026,0.7869289573952624,0.7593421578621125,0.7861878583989385,0.7244541451546331,0.6654292367292655,0.8035467747616214,0.6713358394578676,0.7386437788113822,-0.11066426808372769,0.7283104165429187,0.7541796500731538,0.7526081932968841
1034,1519074671,0.6481168699626189,0.7726974673200135,0.7756846128151121,0.7554086932620673,0.7908198900310237,0.688309826422625,0.6487613025456055,0.7778575006906965,0.6744051572107586,0.7570653781140991,0.7731588487124167,0.8034774448153114,0.7510947546380048,0.6478064759209178,0.771993938221473,0.7246241389728556,0.6885677356390941,0.7479372594227798,0.7611976213888507,0.725949412899654,0.8036445558551895,0.7755801421852289,-0.17069114333744284,0.7261162286407413,0.7795392244061141,0.7870871547724645,0.7800944584555467,0.6688865027589471,0.6477502301333332,0.5482835953031503,0.730163850276947,0.7725129772099684,0.7541691552267068,0.4016465879377125,0.7633530929010749,0.8049611594057648,0.7566403115946327,0.6926402459136118,0.7624639109779017,0.6577980331142238,-0.5567771649665584,0.7875711666858489,0.6305698117277828,0.6594351751935111,-0.042223416015498456,0.7615964829668673,0.7472281485890759,0.7464062350507322,0.7292498562696875,0.9893560958189936,0.7491848261196619,0.7508885038613567,0.6690411925243644,0.68959464011683,0.673213199897999,0.7552650565873645,0.7773055576985454,0.7536246302216528,0.7723903369104317,0.7508093597649526,0.7397482108882422,0.7600322984551606,0.7250368185608447,0.619130490680611,0.7703294971943305,0.8085325448388611,0.631923684863106,0.7293887703565478,0.6842500554988247,0.7771362234997033,0.7738345238151363,0.6557421150663766,0.7760425367234909,0.754577631349231,0.7567233316810804,0.7499662653542367,0.7517849321741081,0.76240168648002,0.6978101692383728,0.7713910478345716,0.671543500979342,0.7879761897797584,0.787129185597732,1.054609724404212,0.7488413533061551,0.7742145988146616,0.7780271871223465,-0.44516547745721496,0.7628985535823782,0.46644495589761337,0.6320105198179189,0.7556966796713153,0.7257470558767786,0.6558014971910092,0.6950258034397824,0.679370598185485,0.7724889083079273,0.8055293451232746,0.7531003047502712,0.7414916424113637,0.7625312131907986,0.7548842959710155,0.7768497401350424,0.7544518587180875,0.7554085529187147,0.6918916778102755,0.7303809838825209,0.631967978182758,0.7746857229307027,0.7567716552795969,0.7419600825047845,0.8034316650132836,0.7698583892724961,0.7782241642182506,1.3524397891533262,0.7537554654615858,0.749321527330604,0.7258964534459758,0.7886994986520318,0.7610815572889154,0.7879578288198579,0.7269939990873486,0.6663541859376789,0.8055809593747871,0.6718912134649733,0.7398877821214103,-0.11066426808372769,0.7289337563424303,0.7578151119829384,0.7548578752945607
1035,1519074677,0.6509064426747506,0.7761818886357238,0.7796448974856016,0.7576567484746319,0.7955461757129779,0.6926066575533825,0.6522505737017382,0.7813128658651017,0.6785368422285181,0.760701878389868,0.7766975788207363,0.8081796512511329,0.753852489183899,0.6526908828320395,0.7759527314900385,0.7265328219581189,0.6926099298714303,0.7533119814018248,0.7639697655219843,0.7284899313051209,0.8088887302047222,0.7790390084306118,-0.17069114333744284,0.7286720359174449,0.7839966549045787,0.7912938132055758,0.7840584251971173,0.6723627850035387,0.6505383958642366,0.551258959419039,0.7332807734607462,0.7766313147588713,0.7563778120896861,-0.32059093754397266,0.7681427622706116,0.8090303553067277,0.7614969579101768,0.6966553655438685,0.7663822004408705,0.6600387450190959,-0.5567771649665584,0.792367323319774,0.6365799249634871,0.6624257902464744,-0.042223416015498456,0.7650731381095056,0.7508086087784412,0.7511762933277493,0.7324041690357058,0.9921949205185885,0.7527692752507917,0.7536377394382959,0.6731962792054654,0.6929333259187492,0.6760014062512394,0.7580228296492341,0.7813201176332278,0.7563851360949911,0.7770123621003585,0.7549989933402267,0.74285564916575,0.7635066251080656,0.7269492020391533,0.39634914866785814,0.7750255066752442,0.8136267432926539,0.6341766232104512,0.7318856479840571,0.6875981346448157,0.7800093886486246,0.7779645535474385,0.6601967422266731,0.7810477941347505,0.7573368963918812,0.761559959726621,0.7551978199058451,0.7550897843888997,0.7666595015458302,0.701383610815869,0.7760270064199037,0.6743283833754411,0.7927069132563996,0.7925348762520965,1.0550466035809771,0.7535451338470096,0.7777576996934081,0.7820548043795492,-0.44514220318212944,0.7676764573774452,0.46644495589761337,0.6342586623032314,0.7585083654878259,0.7282830848661904,0.6595371237342528,0.6978780801737836,0.6837250001956071,0.77661628110196,0.8101149011676196,0.7558497182576065,0.7446100528658793,0.7673267879206798,0.7576940467662979,0.7813004600389548,0.7566988718837371,0.7576643584187388,0.6947490402617958,0.7335000522592128,0.6357188743243453,0.7781382242079894,0.7590307009377343,0.7444478809413163,0.8081499982023728,0.7744732798747755,0.7821840127124541,1.3532352351777668,0.7565135784923049,0.7535058645030804,0.7290666327111582,0.7922405811655707,0.7651401559514553,0.7914977696616967,0.7295338530200642,0.6682040843545057,0.8096493286011186,0.6741127094933963,0.7436197920514944,-0.11066426808372769,0.7320504553399877,0.7626623945293178,0.7571075572922373
1036,1519074682,0.6523012290308166,0.7761818886357238,0.7816250398208463,0.7582187622777732,0.7955461757129779,0.6926066575533825,0.6522505737017382,0.7830405484523044,0.6785368422285181,0.760701878389868,0.777287367172123,0.8081796512511329,0.7563305661420405,0.6526908828320395,0.7779321281243212,0.7271690496198733,0.6926099298714303,0.7533119814018248,0.7639697655219843,0.7284899313051209,0.8094131476396754,0.7810155034279735,-0.17069114333744284,0.7286720359174449,0.7839966549045787,0.7912938132055758,0.7840584251971173,0.6723627850035387,0.6505383958642366,0.551258959419039,0.7332807734607462,0.7766313147588713,0.7563778120896861,0.6238735188551541,0.7681427622706116,0.8095390047943481,0.7614969579101768,0.6986629253589969,0.7663822004408705,0.6615325529556771,-0.5567771649665584,0.792367323319774,0.6365799249634871,0.6624257902464744,-0.042223416015498456,0.7650731381095056,0.7508086087784412,0.7511762933277493,0.7324041690357058,0.9949853971615304,0.7527692752507917,0.7536377394382959,0.6731962792054654,0.6956042745602845,0.6760014062512394,0.7580228296492341,0.7813201176332278,0.7569372372696588,0.7770123621003585,0.7549989933402267,0.74285564916575,0.7635066251080656,0.7275866631985893,0.6362675169892843,0.7750255066752442,0.8136267432926539,0.6364295615577964,0.7318856479840571,0.6896069821324102,0.7817332877379772,0.7779645535474385,0.6601967422266731,0.7810477941347505,0.7573368963918812,0.761559959726621,0.7551978199058451,0.7550897843888997,0.7666595015458302,0.7035276757623666,0.7760270064199037,0.6750246039744658,0.7927069132563996,0.7931355085470259,1.0550466035809771,0.7535451338470096,0.7777576996934081,0.7837809260612075,-0.44514220318212944,0.7676764573774452,0.46644495589761337,0.6342586623032314,0.7585083654878259,0.7282830848661904,0.6595371237342528,0.7007303569077848,0.6837250001956071,0.7771322027012141,0.8101149011676196,0.7558497182576065,0.7452337349567826,0.7673267879206798,0.7576940467662979,0.7832785577740269,0.7566988718837371,0.7582283097937449,0.696177721487556,0.7335000522592128,0.6357188743243453,0.7798644748466328,0.7590307009377343,0.7444478809413163,0.8081499982023728,0.7744732798747755,0.7821840127124541,1.3532352351777668,0.7565135784923049,0.7535058645030804,0.7290666327111582,0.7922405811655707,0.7651401559514553,0.7920877598020032,0.7295338530200642,0.6682040843545057,0.8096493286011186,0.6741127094933963,0.7436197920514944,-0.11066426808372769,0.7320504553399877,0.7626623945293178,0.7571075572922373
1037,1519074688,0.6550908017429483,0.7808277837233376,0.7860803600751469,0.7610288312934791,0.8002724613949322,0.6954712116405541,0.655739844857871,0.7876477020181781,0.6812912989070243,0.7661566288035212,0.7808260972804426,0.8123593903051965,0.7589458824719496,0.6554819724955375,0.7823857705514574,0.7303501879286454,0.6953047260263211,0.7568951293878546,0.7667419096551178,0.7310304497105877,0.8136084871193017,0.7859567409213777,-0.08572961197044983,0.7312278431941484,0.7879588153476583,0.7967023740481473,0.7880223919386878,0.6758390672481305,0.6533265615951399,0.5542343235349277,0.7351509273710256,0.7813379862433316,0.7596907973841551,-0.7094880666494955,0.7724002461546443,0.8146254996705516,0.7669606850151638,0.7033472315942964,0.7703004899038393,0.6645201688288398,-0.5567771649665584,0.7959644407952178,0.6388337174268763,0.6661640590626784,-0.042223416015498456,0.7685497932521439,0.7549858123327008,0.7553500943201392,0.7349276192485205,0.9978285515378404,0.7569511325704431,0.756386975015235,0.6759663369928661,0.7009461718433552,0.6794866641927899,0.7602290480987296,0.786338317551581,0.759697743142997,0.7816343872902852,0.7597123311124101,0.7459630874432578,0.7681390606452722,0.7301365078363341,0.29352699081581834,0.7785475137859293,0.8182115219010676,0.6394334793542567,0.7350067450184437,0.6942942929367976,0.7869049850060353,0.7831270907128164,0.6624240558068214,0.7850520000637581,0.7595443084260015,0.7651874307607766,0.7593830635471318,0.757843827901226,0.7719817703780929,0.7078158056553621,0.7795039753589029,0.6785057069695896,0.7962549558638806,0.7967393023166022,1.0557261934115008,0.758248914387864,0.7824818341984034,0.7872331694245241,-0.44511892890704396,0.7719234829730602,0.46644495589761337,0.6365068047885439,0.7607577141410343,0.7308191138556022,0.6632727502774964,0.705721841192287,0.6859022012006681,0.7812595754952467,0.8141909509848152,0.7596988971678759,0.7483521454112984,0.7731880459238678,0.7599418474025239,0.7872347532441712,0.759507638340799,0.760484115293769,0.7004637651648364,0.7353714932852279,0.6394697704659325,0.7838923930034672,0.7618545080104061,0.7488015282052469,0.8133925906346942,0.7785754048545795,0.7866388422684331,1.3543488596119835,0.7587200689168803,0.7582132438221165,0.7309687402702678,0.7957816636791097,0.768618954805061,0.7973976710647614,0.7314387434696009,0.6737537796049861,0.81371769782745,0.6796664495644538,0.7467298003265644,-0.11066426808372769,0.7345438145380337,0.7662978564391024,0.7599196597893332
1038,1519074693,0.6564855880990141,0.7825699943811927,0.7865753956589582,0.7627148727029026,0.802044818525665,0.6961873501623471,0.657135553320324,0.7882235962139124,0.6826685272462775,0.7679748789414056,0.7825954623346024,0.8144492598322284,0.7616337026209057,0.6568775173272865,0.7823857705514574,0.7322588709139086,0.6966521241037664,0.7586867033808696,0.7678507673083712,0.7323007089133211,0.816230574294068,0.7859567409213777,-0.08572961197044983,0.7325057468325001,0.7899398955691982,0.7985052276623378,0.7900043753094731,0.6772295801459671,0.6554176858933175,0.5557220055928722,0.7363976966445452,0.7831029880500042,0.7607951258156448,0.8461004497725957,0.7745289880966606,0.8166600976210331,0.7687819273834928,0.7033472315942964,0.7722596346353237,0.6660139767654211,-0.5567771649665584,0.7977629995329397,0.6403362457358024,0.6669117128259192,-0.042223416015498456,0.7702881208234631,0.7567760424273834,0.7571388661740206,0.7355584818017241,1.00064211978993,0.758743357136008,0.7574866692460107,0.6773513658865664,0.7009461718433552,0.6808807673694102,0.7613321573234774,0.7883455975189223,0.7608019454923323,0.7836886207080305,0.7618071479000471,0.7465845750987593,0.7698762239717246,0.7307739689957703,0.6465497327744882,0.7803085173412719,0.8202492012825847,0.6401844588033717,0.7356309644253209,0.6942942929367976,0.7869049850060353,0.7851921055789675,0.6639089315269202,0.787054103028262,0.7606480144430616,0.7670011662778543,0.7614756853677752,0.7589454453061565,0.774110677910998,0.7078158056553621,0.7812424598284025,0.679898148167639,0.7980289771676211,0.7991418314963197,1.0559203619345074,0.7603394835171327,0.7842533846377767,0.7872331694245241,-0.4451072917695012,0.7740469957708678,0.46644495589761337,0.639504328102294,0.7618823884676386,0.7314531211029551,0.6640198755861451,0.705721841192287,0.6873536685373756,0.7833232618922631,0.8162289758934129,0.76079866257081,0.7495995095931046,0.7753194124704816,0.7610657477206368,0.7872347532441712,0.7606311449236238,0.7616120180437811,0.7004637651648364,0.7366191206359047,0.6409701289225673,0.7838923930034672,0.7629840308394747,0.7500454274235128,0.8154896276076227,0.7806264673444815,0.7886187665155349,1.3546670380217598,0.7598233141291679,0.7603054124083547,0.7322368119763408,0.7975522049358792,0.7703583542318638,0.7991676414856809,0.7327086704359587,0.6746787288133994,0.8157518824406157,0.6802218235715596,0.7473518019815785,-0.11066426808372769,0.7351671543375452,0.7681155873939948,0.7610445007881714
1039,1519074699,0.6592751608111459,0.7866351525828548,0.7905356803294475,0.7660869555217498,0.8055895327871307,0.6990519042495188,0.6599269702452303,0.7916789613883176,0.6861115980944102,0.7716113792171745,0.786134192442922,0.81915146626805,0.7642878602824471,0.6596686069907847,0.7863445638200229,0.7360762368844351,0.6993469202586572,0.7628670426979046,0.7711773402681315,0.7361114865215215,0.8209503312086475,0.7899097309161011,-0.08572961197044983,0.7344226022900278,0.7943973260676629,0.8045147397096396,0.79446383789374,0.6814011188394771,0.6589028930569466,0.5596891577473905,0.7382678505548248,0.7866329916633495,0.763555946894369,-0.653931333920135,0.7793186574661973,0.820729293521996,0.7724244121201508,0.7073623512245529,0.7766677102811635,0.6682546886702931,-0.5567771649665584,0.8019596365876241,0.6425900381991915,0.6691546741156417,-0.042223416015498456,0.7749236610136474,0.7615499893465372,0.7607164098817835,0.7393436571209461,1.0034845525534541,0.7623278062671378,0.7596860577075619,0.680121423673967,0.7049525948056582,0.6836689737226506,0.7640899303853468,0.7928619774454401,0.7630103501910029,0.787797087543521,0.7659967814753212,0.7490705257207655,0.7750877139510821,0.7339612747929511,0.2661077487219411,0.7844175256370715,0.824324560045619,0.643188376599832,0.7387520614597076,0.6989816037411849,0.7903527831847408,0.7893221353112697,0.6661362451070685,0.7915588346983956,0.7628554264771819,0.7718377943233949,0.7661840844642227,0.7611486801160176,0.7783684929768081,0.7113892472328582,0.7858784184137346,0.682683030563738,0.8027597006442624,0.8033462575608253,1.0564057832420242,0.76452062177567,0.7877964855165233,0.7906854127878408,-0.44508110821003,0.7788248995659346,0.46644495589761337,0.6425018514160441,0.7652564114474513,0.7346231573397198,0.6685026274380375,0.7092871871097886,0.690982336879144,0.7874506346862958,0.820814531937758,0.7629981933766783,0.7514705558658141,0.7795821455637093,0.7638754985159193,0.7911909487143155,0.7634399113806857,0.7644317749188113,0.7047498088421169,0.7391143753372582,0.6432206666075196,0.7873448942807539,0.7652430764976121,0.7519112762509117,0.8212564792831762,0.7852413579467611,0.7935685771332892,1.3553033948413122,0.7620298045537433,0.7650127917273908,0.734772955388487,0.8034540091251108,0.7744169528944038,0.8027075823275198,0.7358834878518531,0.6765286272302262,0.8213458901268214,0.6824433195999826,0.7492178069466205,-0.11066426808372769,0.7376605135355911,0.7723569596220768,0.7644190237846864
1040,1519074705,0.6606699471672118,0.7895388370126133,0.7925158226646923,0.7672109831280322,0.8079526756281078,0.7012003198148975,0.6613226787076834,0.7928307497797861,0.6874888264336634,0.7734296293550589,0.789083134199855,0.8212413357950819,0.7667737055069151,0.6631574690701573,0.7888188096128764,0.7367124645461895,0.7013680173748253,0.7652558080219245,0.7722861979213849,0.7367466161228882,0.8235724183834138,0.7918862259134627,-0.08572961197044983,0.7369784095667312,0.7973689463999726,0.8063175933238301,0.7969413171072216,0.6834868881862322,0.6602969759223983,0.5611768398053348,0.7401380044651042,0.7895746613411373,0.7646602753258587,-0.7094880666494955,0.7814473994082137,0.8227638914724774,0.7742456544884798,0.7093699110396813,0.7786268550126478,0.6697484966068744,-0.5567771649665584,0.8037581953253461,0.6463463589715067,0.6706499816421233,-0.042223416015498456,0.7778208736325126,0.7633402194412198,0.7631014390202919,0.7406053822273534,1.0062995640311156,0.7641200308327027,0.7607857519383376,0.6821989670145175,0.7069558062868097,0.6850630768992707,0.7651930396100945,0.7953710774046167,0.7641145525403382,0.7903648793157024,0.7680915982629584,0.7496920133762671,0.7768248772775346,0.7365111194306958,0.2763899645071451,0.7873525315626425,0.8268716592725156,0.643939356048947,0.7400005002734622,0.7009904512287796,0.7920766822740934,0.7913871501774209,0.6691059965472662,0.7940614634040254,0.7645109855027721,0.7736515298404726,0.7687998617400269,0.7628011062234133,0.7804974005097132,0.7128186238638567,0.7881963977064007,0.6840754717617875,0.8051250623825831,0.805748786740543,1.056599951765031,0.7671338331872558,0.7895680359558965,0.7935622822572712,-0.44506656178810156,0.7809484123637421,0.46644495589761337,0.6440006130729191,0.7663810857740555,0.7358911718344258,0.6707440033639835,0.7114263946602895,0.6924338042158513,0.7900302426825663,0.8233620630735052,0.7640979587796124,0.7527179200476204,0.7817135121103231,0.7655613489930888,0.7936635708831558,0.7645634179635105,0.7661236290438295,0.706178490067877,0.740362002687935,0.6447210250641545,0.7902219786784929,0.7669373607412152,0.7531551754691775,0.8233535162561048,0.7878051860591385,0.7955485013803909,1.3557806624559767,0.7636846723721747,0.7671049603136291,0.7366750629475964,0.8058147308008035,0.7778957517480095,0.8044775527484392,0.7371534148182108,0.6779160510428464,0.8238886208932784,0.6835540676141941,0.7510838119116626,-0.11066426808372769,0.7395305329341256,0.7741746905769691,0.7655438647835247
1041,1519074710,0.6606699471672118,0.7895388370126133,0.7930108582485035,0.7672109831280322,0.8079526756281078,0.7012003198148975,0.6613226787076834,0.7934066439755203,0.6874888264336634,0.7734296293550589,0.789083134199855,0.8212413357950819,0.7693009814851243,0.6631574690701573,0.7893136587714471,0.7367124645461895,0.7013680173748253,0.7652558080219245,0.7722861979213849,0.7367466161228882,0.8235724183834138,0.7923803496628031,-0.17069114333744284,0.7369784095667312,0.7973689463999726,0.8063175933238301,0.7969413171072216,0.6834868881862322,0.6602969759223983,0.5611768398053348,0.7401380044651042,0.7895746613411373,0.7646602753258587,0.8461004497725957,0.7814473994082137,0.8227638914724774,0.7742456544884798,0.7100390976447241,0.7786268550126478,0.6704954005751651,-0.5567771649665584,0.8037581953253461,0.6463463589715067,0.6706499816421233,-0.042223416015498456,0.7778208736325126,0.7633402194412198,0.7631014390202919,0.7406053822273534,1.0090943703507727,0.7641200308327027,0.7607857519383376,0.6828914814613677,0.7076235434471936,0.6850630768992707,0.7651930396100945,0.7953710774046167,0.7641145525403382,0.7903648793157024,0.7680915982629584,0.7496920133762671,0.7768248772775346,0.7365111194306958,0.6568319485596922,0.7873525315626425,0.8268716592725156,0.643939356048947,0.7400005002734622,0.7016600670579777,0.7926513153038777,0.7919034038939586,0.6698484344073156,0.7940614634040254,0.7645109855027721,0.7736515298404726,0.7687998617400269,0.7628011062234133,0.7804974005097132,0.7135333121793559,0.7881963977064007,0.6847716923608123,0.8057164028171632,0.805748786740543,1.056599951765031,0.7671338331872558,0.7901585527690209,0.7941376561511574,-0.44506656178810156,0.7809484123637421,0.46644495589761337,0.6440006130729191,0.7663810857740555,0.7358911718344258,0.6707440033639835,0.7114263946602895,0.6924338042158513,0.7900302426825663,0.8238715693006546,0.7646478414810794,0.7527179200476204,0.7817135121103231,0.7655613489930888,0.7941580953169237,0.7645634179635105,0.7661236290438295,0.7068928306807571,0.740362002687935,0.6447210250641545,0.7907973955580406,0.7669373607412152,0.7537771250783105,0.8233535162561048,0.7878051860591385,0.7955485013803909,1.3557806624559767,0.7636846723721747,0.7671049603136291,0.7366750629475964,0.8058147308008035,0.7778957517480095,0.8044775527484392,0.7371534148182108,0.6779160510428464,0.8238886208932784,0.6835540676141941,0.7510838119116626,-0.11066426808372769,0.7395305329341256,0.7741746905769691,0.7655438647835247
1042,1519074716,0.6627621267013106,0.7912810476704685,0.7954860361675594,0.7688970245374557,0.810315818469085,0.7026325968584833,0.663416241401363,0.7962861149541914,0.6888660547729165,0.7752478794929433,0.7914422876054015,0.8233312053221137,0.7718800459055098,0.6645530139019062,0.7912930554057298,0.7386211475314528,0.7027154154522707,0.7670473820149395,0.773949484401265,0.7380168753256217,0.8256700881232268,0.7948509684095053,-0.17069114333744284,0.737617361385907,0.7993500266215124,0.8081204469380207,0.7989233004780069,0.6848774010840688,0.66169105878785,0.5636563099019088,0.7420081583753837,0.7919279970833675,0.7657646037573483,0.8461004497725957,0.7841083268357342,0.8253071389105793,0.7772810584356948,0.7127158440648952,0.7810757859270033,0.6719892085117464,-0.5567771649665584,0.8055567540630679,0.6478488872804328,0.6736405966950865,-0.042223416015498456,0.7795592012038318,0.7651304495359025,0.7648902108741733,0.7424979698869644,1.0119165979562925,0.7659122553982677,0.7618854461691132,0.684276510355068,0.709626754928345,0.6878512832525111,0.7662961488348423,0.797378357371958,0.7657708560643411,0.792932671087884,0.7701864150505954,0.7509349886872703,0.778562040603987,0.737148580590132,0.6499771380362229,0.7891135351179851,0.829418758499412,0.6469432738454073,0.7412489390872168,0.7036689145455723,0.7949498474230147,0.7944846724766476,0.670590872267365,0.7960635663685293,0.7661665445283622,0.7754652653575503,0.7708924835606703,0.7644535323308091,0.7826263080426182,0.7156773771258537,0.7899348821759004,0.6861641335588617,0.8074904241209037,0.807550683625331,1.0567941202880378,0.7692244023165244,0.7931111368346431,0.7970145256205878,-0.44504910608178744,0.7830719251615497,0.46644495589761337,0.6454993747297941,0.7675057601006596,0.7377931935764845,0.6714911286726323,0.7135656022107905,0.693159537884205,0.7926098506788367,0.8259095942092525,0.7662974895854806,0.7545889663203298,0.7843777202935904,0.7672471994702583,0.797125241919532,0.7662486778377476,0.7672515317938415,0.7090358525193974,0.7416096300386117,0.6469715627491069,0.792523646196684,0.7680668835702839,0.7556429739057093,0.8254505532290333,0.7898562485490406,0.7975284256274927,1.3560988408657528,0.7653395401906062,0.7691971288998674,0.7392112063597425,0.8075852720575729,0.7796351511748123,0.8068375133096651,0.7384233417845687,0.6793034748554664,0.8259228055064441,0.6852201896355113,0.7535718185317186,-0.11066426808372769,0.7414005523326602,0.7765983318501589,0.766668705782363
1043,1519074722,0.6641569130573766,0.7930232583283237,0.7989512852542378,0.7705830659468792,0.8120881755998178,0.7033487353802763,0.6648119498638161,0.7991655859328625,0.6902432831121696,0.7776722130101225,0.7932116526595613,0.8254210748491455,0.7745859920092277,0.6659485587336553,0.7952518486742953,0.7405298305167161,0.7040628135297161,0.7688389560079545,0.7750583420545184,0.739287134528355,0.8282921752979933,0.7988039584042286,-0.17069114333744284,0.7401731686626106,0.8013311068430523,0.8099233005522112,0.8009052838487921,0.6862679139819055,0.6630851416533017,0.5651439919598532,0.7438783122856633,0.7936929988900401,0.766868932188838,0.901657182501956,0.7862370687777505,0.8273417368610607,0.7791023008040238,0.7167309636951519,0.7830349306584877,0.6727361124800371,-0.5567771649665584,0.8073553128007899,0.6493514155893589,0.6751359042215681,-0.042223416015498456,0.7812975287751509,0.7669206796305851,0.767871497297309,0.7437596949933717,1.0147381039490266,0.770094112717919,0.7635349875152767,0.6856615392487683,0.7136331778906481,0.6892453864291314,0.7673992580595901,0.7993856373392991,0.7668750584136764,0.7949869045056293,0.7733286402320511,0.7527994516537749,0.7808782583725904,0.7384235029090044,0.6431223275127536,0.7908745386733277,0.8314564378809292,0.6476942532945223,0.7418731584940942,0.7070169936915632,0.7989722786315043,0.7970659410593365,0.6720757479874638,0.798065669333033,0.7678221035539524,0.7772790008746281,0.7729851053813136,0.7655551497357397,0.7852874424587496,0.719965507018849,0.7916733666453999,0.6875565747569113,0.8092644454246442,0.8099532128050486,1.0569882888110445,0.7718376137281103,0.7954732040871407,0.7998913950900184,-0.4450374689442447,0.7851954379593572,0.46644495589761337,0.6462487555582316,0.769192771590566,0.7390612080711905,0.6729853792899297,0.7171309481282919,0.6946110052209125,0.7946735370758531,0.8279476191178502,0.7673972549884147,0.7558363305021362,0.7865090868402043,0.7683710997883713,0.8005869129559082,0.7673721844205724,0.7683794345438536,0.7118932149709177,0.7422334437139501,0.6484719212057418,0.7959761474739707,0.7697611678138869,0.7562649235148422,0.8275475902019618,0.7919073110389425,0.8000033309363699,1.3564170192755292,0.7664427854028939,0.7712892974861055,0.739845242212779,0.8093558133143424,0.7813745506016152,0.8086074837305846,0.7403282322341053,0.6802284240638797,0.8279569901196099,0.6863309376497229,0.7541938201867326,-0.11066426808372769,0.7426472319316831,0.7784160628050512,0.7677935467812013
1044,1519074727,0.6655516994134424,0.7953462058721306,0.8009314275894824,0.7717070935531616,0.8144513184407949,0.7047810124238622,0.6669055125574957,0.8008932685200651,0.6929977397906759,0.7794904631480069,0.794981017713721,0.8275109443761772,0.7772194342938985,0.6673441035654044,0.7977260944671488,0.7418022858402249,0.7054102116071614,0.7718249126629795,0.7767216285343985,0.7424627825351887,0.8303898450378063,0.8012745771509308,-0.17069114333744284,0.7408121204817865,0.803807457119977,0.8117261541664017,0.8033827630622737,0.6876584268797421,0.6651762659514792,0.5666316740177976,0.7451250815591829,0.7954580006967128,0.7690775890518173,0.901657182501956,0.7888979962052709,0.8293763348115422,0.7809235431723528,0.7187385235102802,0.7849940753899721,0.6757237283531997,-0.5567771649665584,0.8091538715385118,0.650102679743822,0.6766312117480497,-0.042223416015498456,0.7830358563464701,0.769307653090162,0.7702565264358175,0.745021420099779,1.0175545586522596,0.771886337283484,0.7646346817460524,0.6870465681424687,0.7169718636925672,0.6913365411940616,0.7690539218967117,0.8018947372984757,0.7679792607630118,0.7970411379233745,0.7754234570196881,0.754042426964778,0.7826154216990429,0.7396984252278768,0.6328401117275496,0.7926355422286703,0.8340035371078257,0.6491962121927525,0.7449942555284808,0.7103650728375542,0.8012708107506412,0.7991309559254877,0.6735606237075626,0.8005682980386629,0.7689258095710125,0.7796973148973985,0.7756008826571178,0.7666567671406701,0.7874163499916547,0.7213948836498475,0.793991345938066,0.6896452365539856,0.8110384667283846,0.8117551096898368,1.0572309994648028,0.7744508251396961,0.797244754526514,0.8027682645594488,-0.4450229225223163,0.7878498289566166,0.46644495589761337,0.6484968980435442,0.7708797830804723,0.7403292225658964,0.6744796299072272,0.7206962940457935,0.6975139398943272,0.7967372234728693,0.829985644026448,0.7684970203913488,0.7564600125930393,0.7886404533868181,0.7694950001064843,0.8030595351247485,0.7684956910033972,0.7695073372938658,0.7154649180353181,0.7447286984153036,0.6499722796623767,0.7982778149921618,0.7708906906429557,0.7575088227331082,0.8301688864181225,0.7939583735288446,0.8019832551834717,1.3567351976853053,0.7675460306151816,0.7739045082189033,0.741113313918852,0.811716534990035,0.7836937498373523,0.810377454151504,0.7422331226836419,0.6811533732722932,0.8304997208860669,0.6874416856639344,0.7554378234967607,-0.11066426808372769,0.7432705717311947,0.7814456143965384,0.7700432287788779
1045,1519074733,0.6683412721255741,0.7988306271878408,0.8034066055085384,0.7739551487657264,0.8179960327022606,0.706929427989241,0.6703947837136285,0.8037727394987362,0.6964408106388088,0.7843391301823653,0.7985197478220406,0.8322131508119989,0.7797441208499989,0.670832965644777,0.7997054911014315,0.7437109688254882,0.7081050077620522,0.7754080606490094,0.7789393438409052,0.7443681713392888,0.8351096019523858,0.8032510721482924,-0.17069114333744284,0.7433679277584899,0.8082648876184417,0.816533763804243,0.808337721489237,0.6911347091243338,0.6686614731151084,0.5701029321530011,0.7469952354694623,0.798988004310058,0.7718384101305414,0.8461004497725957,0.7931554800893036,0.833445530712505,0.7851731086984538,0.7214152699304514,0.789402151035812,0.6787113442263624,-0.5567771649665584,0.8139500281724369,0.6531077363616741,0.6803694805642537,-0.042223416015498456,0.7882508390604275,0.7740816000093157,0.7738340701435803,0.7475448703125936,1.020375343032208,0.7754707864146139,0.7668340702076036,0.6898166259298693,0.7189750751737187,0.6948217991356122,0.7712601403462073,0.8059092972331583,0.7701876654616824,0.8011496047588649,0.7796130905949622,0.7559068899312827,0.7860897483519478,0.7416108087061852,0.6294127064658149,0.7961575493393556,0.83807889587086,0.6514491505400976,0.74749113315599,0.713043536154347,0.8029947098399939,0.8032609856577899,0.6757879372877109,0.8050730297087965,0.7711332216051328,0.7845339429429391,0.7797861262984045,0.7688600019505312,0.7922063919406911,0.7242536369118444,0.7980478097002317,0.6931263395491093,0.8145865093358656,0.8165601680492718,1.0576193365108162,0.7786319633982334,0.8007878554052605,0.8044943862411071,-0.44499964824723076,0.7926277327516835,0.46644495589761337,0.6522438021857317,0.7731291317336808,0.7434992588026611,0.677468131141822,0.7228355015962944,0.7004168745677419,0.8008645962669021,0.8340616938436436,0.770696551197217,0.7589547409566519,0.7934360281166992,0.7717428007427103,0.8050376328598207,0.7713044574604592,0.7717631427938899,0.7183222804868383,0.7466001394413188,0.6537231758039639,0.8000040656308052,0.7731497363010931,0.759374671560507,0.8348872196072118,0.7980604985086486,0.8059431036776752,1.357371554504858,0.769752521039757,0.7786118875379394,0.7430154214779616,0.815257617503574,0.7877523484998923,0.8139173949933428,0.7447729766163576,0.68300327168912,0.8345680901123984,0.6891078076852516,0.7573038284618028,-0.11066426808372769,0.7457639309292406,0.785081076306323,0.7722929107765545
1046,1519074738,0.6697360584816401,0.800572837845696,0.8053867478437831,0.7750791763720087,0.820949961253482,0.7105101205982055,0.6717904921760817,0.8055004220859389,0.6985066531476886,0.7861573803202497,0.8002891128762004,0.8348254877207887,0.7821885353207257,0.6736240553082751,0.802179736894285,0.744983424148997,0.710799803916943,0.7777968259730293,0.7806026303207854,0.7456384305420223,0.8377316891271521,0.8052275671456541,-0.17069114333744284,0.7440068795776658,0.8102459678399815,0.8183366174184336,0.8103197048600222,0.6932204784710888,0.6707525974132859,0.5715906142109456,0.7488653893797419,0.8007530061167307,0.7729427385620311,0.4016465879377125,0.795816407516824,0.8354801286629865,0.7876014318562259,0.7234228297455797,0.7913612957672964,0.6802051521629437,-0.5567771649665584,0.81694762606864,0.6568640571339893,0.6818647880907354,-0.042223416015498456,0.7899891666317467,0.7770653168337868,0.7774116138513432,0.7494374579722046,1.0231932409610127,0.7772630109801787,0.7684836115537672,0.6932791981641201,0.7209782866548702,0.6962159023122324,0.772914804183329,0.8079165772004996,0.7712918678110177,0.8032038381766101,0.7817079073825993,0.7577713528977874,0.7884059661205511,0.7435231921844938,0.5505823854459178,0.7985055540798124,0.8406259950977565,0.6529511094383277,0.7487395719697446,0.7150523836419416,0.8047186089293467,0.8053260005239411,0.6802425644480075,0.8075756584144262,0.772788780630723,0.7863476784600169,0.7824019035742087,0.770512428057927,0.7943352994735963,0.7263977018583421,0.8009452838160642,0.6945187807471588,0.8175432115087664,0.8189626972289893,1.0578620471645748,0.7817678170921364,0.8025594058446338,0.8067958818166515,-0.444988011109688,0.7947512455494911,0.46644495589761337,0.6544919446710443,0.7748161432235872,0.744767273297367,0.680456632376417,0.7242616399632951,0.7033198092411567,0.8029282826639185,0.8371187312065402,0.7717963166001511,0.7595784230475551,0.7961002362999665,0.7734286512198797,0.8075102550286608,0.7729897173346963,0.7734549969189081,0.7197509617125986,0.7484715804673339,0.6552235342605988,0.8028811500285441,0.7742792591301617,0.7606185707787728,0.8369842565801403,0.8006243266210261,0.8084180089865524,1.3578488221195222,0.7714073888581885,0.7817501404172967,0.7455515648901077,0.8170281587603434,0.7894917479266951,0.8156873654142622,0.7460429035827153,0.6839282208975334,0.8366022747255641,0.6902185556994631,0.7591698334268449,-0.11066426808372769,0.7476339503277751,0.7875047175795127,0.773980172274812
1047,1519074744,0.6732230243718048,0.8023150485035512,0.8073668901790279,0.7767652177814323,0.8233131040944591,0.7119423976417913,0.6738840548697613,0.8072281046731415,0.6998838814869417,0.7885817138374289,0.8032380546331335,0.8369153572478205,0.7848142093390701,0.675019600140024,0.8046539826871384,0.7468921071342602,0.7121472019943884,0.7795883999660443,0.7817114879740388,0.7469086897447558,0.8398293588669652,0.8072040621430158,-0.08572961197044983,0.7452847832160175,0.8122270480615214,0.8213413734420845,0.8123016882308075,0.6946109913689255,0.6721466802787376,0.5735741902882047,0.7501121586532615,0.8036946757945185,0.7740470669935208,0.7905437170432352,0.7979451494588403,0.8385320255887087,0.7894226742245548,0.725430389560708,0.7938102266816519,0.6824458640678157,-0.5567771649665584,0.818746184806362,0.6583665854429154,0.6841077493804578,-0.042223416015498456,0.7917274942030658,0.7788555469284695,0.7792003857052245,0.7500683205254083,1.0259945417957426,0.7790552355457436,0.7695833057845428,0.6946642270578204,0.7229814981360216,0.6983070570771627,0.7740179134080768,0.8099238571678408,0.7729481713350206,0.8057716299487917,0.7838027241702363,0.7590143282087904,0.7901431294470036,0.7447981145033661,0.6328401117275496,0.800266557635155,0.8431730943246529,0.6574569861330181,0.7499880107834993,0.7177308469587343,0.8064425080186993,0.8073910153900922,0.6809850023080569,0.8095777613789301,0.7738924866477831,0.7881614139770946,0.7844945253948521,0.7716140454628575,0.7969964338897275,0.7278270784893406,0.8026837682855639,0.696607442544233,0.8193172328125069,0.8207645941137774,1.0580562156875815,0.783858386221405,0.8043309562840071,0.8085220034983098,-0.44497637397214523,0.7968747583472986,0.46644495589761337,0.6559907063279193,0.7759408175501914,0.7466692950394258,0.6812037576850657,0.7256877783302956,0.7040455429095104,0.8055078906601889,0.8391567561151381,0.7734459647045523,0.7620731514111677,0.7982316028465803,0.7745525515379927,0.809488352763733,0.7746749772089335,0.7745828996689201,0.7218939835512388,0.7497192078180107,0.6574740719455512,0.8051828175467352,0.7754087819592305,0.7624844196061716,0.839605552796301,0.8026753891109281,0.810397933233654,1.3583260897341864,0.7725106340704762,0.783842309003535,0.7461856007431442,0.8187987000171129,0.791231147353498,0.8192273062561012,0.747312830549073,0.6848531701059467,0.8386364593387298,0.6907739297065688,0.7604138367368729,-0.11066426808372769,0.7488806299267982,0.789322448534405,0.7751050132736502
1048,1519074750,0.6746178107278706,0.8040572591614062,0.8128122816009509,0.7778892453877146,0.8256762469354362,0.7133746746853772,0.6752797633322144,0.8124111524347495,0.7012611098261948,0.7916121307339029,0.8050074196872933,0.8390052267748523,0.7874269362468704,0.6764151449717731,0.8086127759557039,0.7481645624577691,0.7141682991105565,0.7813799739590592,0.7828203456272922,0.7481789489474892,0.8419270286067783,0.8116511758870796,-0.17069114333744284,0.7472016386735452,0.8142081282830612,0.823144227056275,0.8142836716015928,0.6966967607156804,0.6735407631441892,0.5750618723461491,0.7513589279267812,0.8054596776011911,0.7751513954250104,0.012749458832189704,0.8000738914008566,0.8415839225144308,0.7930651589612129,0.7307838824010503,0.7957693714131362,0.6846865759726877,-0.5567771649665584,0.8205447435440839,0.6598691137518415,0.6863507106701803,-0.042223416015498456,0.793465821774385,0.7806457770231521,0.7809891575591059,0.7513300456318156,1.0288218206907636,0.7814448682998302,0.7712328471307063,0.6960492559515207,0.7276556582587085,0.7003982118420929,0.7751210226328246,0.8119311371351821,0.7746044748590236,0.807825863366537,0.7864212451547826,0.7608787911752951,0.7930384016577577,0.7454355756628023,0.437478011808674,0.8020275611904977,0.8457201935515494,0.6582079655821331,0.7506122301903766,0.7217485419339235,0.810464939227189,0.8099722839727811,0.6824698780281557,0.811579864343434,0.7749961926648432,0.7899751494941722,0.7865871472154954,0.7732664715702533,0.7996575683058589,0.7328298966978352,0.8044222527550634,0.6986961043413072,0.8210912541162474,0.8225664909985656,1.0585416369950982,0.7859489553506737,0.8072835403496291,0.8125496207555125,-0.4449647368346025,0.798998271145106,0.46644495589761337,0.6567400871563568,0.7770654918767956,0.7479373095341317,0.6834451336110118,0.7306792626147979,0.7054970102462177,0.8075715770572053,0.8411947810237358,0.7750956128089534,0.7639441976838771,0.801428652666501,0.7756764518561057,0.8139390726676453,0.7757984837917582,0.7757108024189322,0.7254656866156391,0.7509668351686875,0.6589744304021861,0.8086353188240218,0.7771030662028334,0.7649722180427034,0.8417025897692295,0.8047264516008301,0.8128728385425312,1.3586442681439628,0.7736138792827638,0.7859344775897733,0.7474536724492172,0.8217496021117286,0.7929705467803008,0.8221772569576336,0.7485827575154309,0.6894779161480137,0.8416877362584784,0.6957722957705206,0.7622798417019149,-0.11066426808372769,0.7495039697263096,0.7911401794892974,0.7762298542724886
1049,1519074755,0.6760125970839366,0.8075416804771166,0.813307317184762,0.779013272993997,0.827448604066169,0.714806951728963,0.6766754717946675,0.8129870466304837,0.702638338165448,0.7934303808717873,0.8067767847414531,0.8410950963018841,0.7900370737325618,0.6778106898035222,0.8091076251142746,0.7488007901195235,0.7155156971880019,0.7831715479520742,0.7839292032805456,0.7488140785488558,0.8440246983465913,0.81214529963642,-0.17069114333744284,0.748479542311897,0.8171797486153709,0.8249470806704655,0.816265654972378,0.6980872736135171,0.6756318874423668,0.5765495544040935,0.751982312563541,0.8072246794078637,0.7762557238565001,0.901657182501956,0.802202633342873,0.8436185204649123,0.7948864013295418,0.7314530690060931,0.7977285161446206,0.6854334799409784,-0.5567771649665584,0.8223433022818057,0.6606203779063046,0.687098364433421,-0.042223416015498456,0.795204149345704,0.7824360071178348,0.7827779294129873,0.7525917707382229,1.0316296160405662,0.7832370928653951,0.7723325413614819,0.697434284845221,0.7283233954190923,0.7017923150187132,0.7762241318575723,0.8149420570861939,0.7757086772083589,0.8098800967842822,0.7885160619424197,0.7621217664862983,0.7947755649842102,0.7473479591411109,0.6431223275127536,0.8037885647458403,0.8477578729330666,0.6597099244803633,0.7518606690041312,0.7224181577631217,0.8110395722569732,0.8120372988389323,0.6832123158882051,0.8135819673079379,0.7760998986819034,0.79178888501125,0.7886797690361388,0.7743680889751838,0.801786475838764,0.7335445850133344,0.8061607372245629,0.7000885455393567,0.8240479562891482,0.8243683878833538,1.0587843476488565,0.7880395244799423,0.8090550907890024,0.8131249946493987,-0.4449472811282884,0.8011217839429136,0.46644495589761337,0.6589882296416694,0.7781901662033999,0.7485713167814847,0.6841922589196605,0.7306792626147979,0.7069484775829251,0.8096352634542217,0.843742312159483,0.7761953782118876,0.7651915618656835,0.8035600192131148,0.7768003521742187,0.8144335971014134,0.776921990374583,0.7774026565439504,0.7261800272285193,0.7515906488440258,0.6597246096305035,0.8086353188240218,0.7782325890319022,0.7655941676518364,0.843799626742158,0.8067775140907321,0.814852762789633,1.359121535758627,0.7747171244950515,0.7880266461760115,0.7487217441552902,0.8247005042063444,0.7964493456339065,0.823947227378553,0.7492177209986097,0.6908653399606338,0.8442304670249354,0.6968830437847321,0.7635238450119429,-0.11066426808372769,0.7507506493253326,0.7929579104441896,0.7773546952713268
1050,1519074761,0.6774073834400024,0.8092838911349718,0.8152874595200067,0.7806993144034206,0.8292209611969019,0.7169553672943418,0.6780711802571205,0.8147147292176863,0.7047041806743276,0.7958547143889666,0.8085461497956129,0.8437074332106739,0.7916269789073779,0.6792062346352712,0.8115818709071281,0.7507094731047868,0.7182104933428927,0.7849631219450892,0.785038060933799,0.7513545969543227,0.8461223680864045,0.8141217946337816,-0.17069114333744284,0.7491184941310728,0.8191608288369108,0.826749934284656,0.8187431341858596,0.7001730429602722,0.6770259703078184,0.5790290245006674,0.7538524664738205,0.8089896812145364,0.7779122165037347,0.1794196570202709,0.8053957462558975,0.8456531184153937,0.7967076436978708,0.7334606288212214,0.8001774470589761,0.6869272878775596,-0.5567771649665584,0.8247413805987683,0.6621229062152306,0.6885936719599026,-0.042223416015498456,0.7981013619645694,0.7854197239423059,0.7845667012668687,0.7532226332914266,1.0343659717245683,0.7850293174309599,0.7739820827076453,0.6988193137389214,0.7303266069002439,0.7031864181953335,0.777878795694694,0.8169493370535352,0.7768128795576942,0.8119343302020274,0.7906108787300568,0.7639862294528029,0.7965127283106628,0.7486228814599831,0.6259853012040802,0.8055495683011829,0.8497955523145837,0.6612118833785934,0.7537333272247632,0.7257662369091127,0.8127634713463259,0.8141023137050833,0.684697191608304,0.8155840702724416,0.7777554577074935,0.794811777539713,0.7907723908567821,0.7754697063801144,0.8044476102548953,0.7349739616443329,0.8078992216940626,0.7014809867374063,0.8258219775928887,0.8261702847681419,1.059027058302615,0.790130093609211,0.8108266412283757,0.814851116331057,-0.44493564399074564,0.8043070531396248,0.46644495589761337,0.6604869912985444,0.7798771776933062,0.7504733385235435,0.6871807601542554,0.7328184701652988,0.7091256785879861,0.8116989498512379,0.8457803370680809,0.7772951436148217,0.7658152439565866,0.8056913857597287,0.7779242524923317,0.8164116948364855,0.7786072502488202,0.7785305592939624,0.7297517302929196,0.7534620898700409,0.6612249680871384,0.810936986342213,0.7793621118609709,0.7668380668701023,0.8458966637150866,0.8088285765806341,0.8168326870367348,1.3595988033732915,0.776371992313483,0.7906418569088094,0.7493557800083268,0.8270612258820371,0.7981887450607092,0.8257171977994724,0.7517575749313253,0.6917902891690472,0.8467731977913926,0.6979937917989436,0.764767848321971,-0.11066426808372769,0.7519973289243556,0.7965933723539743,0.7790419567695843
1051,1519074767,0.6801969561521342,0.8133490493366338,0.818752708606685,0.7829473696159853,0.8339472468788561,0.7212521984250994,0.6815604514132534,0.8175942001963574,0.7074586373528339,0.7994912146647354,0.8144440333094789,0.8484096396464955,0.7942397058151781,0.6826950967146438,0.8155406641756936,0.7532543837518044,0.7222526875752288,0.7897406525931291,0.7878102050669326,0.7532599857584229,0.8508421250009839,0.818074784628505,-0.08572961197044983,0.752952205046128,0.8236182593353755,0.8309565927177672,0.8236980926128229,0.7029540687559455,0.6805111774714476,0.5820043886165562,0.7569693896576196,0.8131080187634392,0.7806730375824588,-0.5983746011907747,0.8096532301399302,0.8497223143163566,0.8003501284345289,0.7368065618464353,0.8040957365219449,0.6891679997824317,-0.5567771649665584,0.8289380176534528,0.6658792269875459,0.6908366332496251,-0.042223416015498456,0.8027369021547537,0.7890001841316712,0.7893367595438858,0.7563769460574449,1.0372098477136642,0.7886137665620898,0.7772811653999724,0.7029744004200222,0.7343330298625469,0.7059746245485738,0.7806365687565634,0.821465716980053,0.7795733854310325,0.8165563553919541,0.7948005123053309,0.7670936677303107,0.8011451638478694,0.7524476484166003,0.39977655392959277,0.8125935825225533,0.8543803309229974,0.6634648217259386,0.7568544242591497,0.7291143160551036,0.8162112695250313,0.8182323434373857,0.6891518187686004,0.8205893276837012,0.7805147227501439,0.799043827079561,0.7954807899532297,0.7787745585949059,0.8087054253207056,0.7385474032218291,0.8131146751025613,0.7042658691335053,0.8311440415041101,0.8309753431275769,1.0594153953486285,0.7953565164323826,0.8143697421071222,0.8188787335882597,-0.4449123697156601,0.8090849569346917,0.46644495589761337,0.6634845146122944,0.7821265263465147,0.7536433747603083,0.6894221360802016,0.7363838160828002,0.7113028795930473,0.817374087443033,0.8508753993395753,0.7800445571221569,0.7683099723201992,0.8099541188529563,0.7807340032876141,0.8203678903066298,0.7814160167058821,0.7819142675439987,0.73260909274444,0.7565811582467329,0.6642256850004081,0.8149649044990475,0.782750680348177,0.769325865306634,0.8506149969041759,0.8149817640503401,0.8217824976544892,1.3603942493977321,0.779681727950346,0.7948261940812859,0.7525259592735093,0.830602308395576,0.8028271435321835,0.8292571386413112,0.753662465380862,0.693640187585874,0.8508415670177241,0.6996599138202609,0.7678778565970411,-0.11066426808372769,0.7557373677214245,0.8002288342637589,0.7812916387672609
1052,1519074772,0.6808943493301671,0.8133490493366338,0.8207328509419297,0.7835093834191265,0.8339472468788561,0.7212521984250994,0.6822583056444799,0.8193218827835601,0.7074586373528339,0.7994912146647354,0.8150338216608656,0.8484096396464955,0.7964251780750229,0.6826950967146438,0.8175200608099763,0.7538906114135588,0.7222526875752288,0.7897406525931291,0.7883646338935593,0.7538951153597896,0.8508421250009839,0.8200512796258667,-0.17069114333744284,0.752952205046128,0.8236182593353755,0.8309565927177672,0.8236980926128229,0.7029540687559455,0.6805111774714476,0.582500282635871,0.7569693896576196,0.8136963526989968,0.7806730375824588,0.1794196570202709,0.8096532301399302,0.8502309638039769,0.8003501284345289,0.7388141216615637,0.804585522704816,0.690661807719013,-0.5567771649665584,0.8289380176534528,0.6658792269875459,0.6908366332496251,-0.042223416015498456,0.8027369021547537,0.7890001841316712,0.7893367595438858,0.7576386711638522,1.0399779543602443,0.7886137665620898,0.7772811653999724,0.7029744004200222,0.7363362413436984,0.7059746245485738,0.7806365687565634,0.821465716980053,0.7801254866057001,0.8170699137463905,0.7948005123053309,0.7670936677303107,0.8011451638478694,0.7530851095760364,0.6362675169892843,0.8125935825225533,0.8543803309229974,0.6642158011750536,0.7568544242591497,0.7311231635426982,0.817935168614384,0.8182323434373857,0.6891518187686004,0.8205893276837012,0.7805147227501439,0.799043827079561,0.7954807899532297,0.7787745585949059,0.8087054253207056,0.7399767798528275,0.8131146751025613,0.70496208973253,0.8311440415041101,0.8309753431275769,1.0594639374793802,0.7953565164323826,0.8143697421071222,0.820604855269918,-0.4449123697156601,0.8090849569346917,0.46644495589761337,0.6634845146122944,0.7821265263465147,0.7542773820076613,0.6894221360802016,0.7378099544498009,0.7113028795930473,0.817890009042287,0.8508753993395753,0.7800445571221569,0.7689336544111024,0.8099541188529563,0.7807340032876141,0.822345988041702,0.7819777699972945,0.7824782189190047,0.7340377739702001,0.7565811582467329,0.665726043457043,0.8166911551376909,0.782750680348177,0.769325865306634,0.8506149969041759,0.8149817640503401,0.8217824976544892,1.3603942493977321,0.779681727950346,0.7953492362278454,0.7525259592735093,0.830602308395576,0.8028271435321835,0.8304371189219242,0.753662465380862,0.693640187585874,0.8508415670177241,0.6996599138202609,0.7678778565970411,-0.11066426808372769,0.7557373677214245,0.8002288342637589,0.7818540592666801
1053,1519074778,0.6836839220422989,0.8168334706523441,0.8232080288609857,0.7857574386316912,0.838082746850566,0.7234006139904781,0.6850497225693861,0.8222013537622311,0.7102130940313401,0.8031277149405042,0.8185725517691851,0.8525893787005592,0.7988747713899674,0.6861839587940164,0.8199943066028298,0.7564355220605765,0.7249474837301195,0.7939209919101641,0.7905823492000661,0.7558005041638898,0.8550374644806101,0.8225218983725687,-0.08572961197044983,0.7561469641420074,0.8280756898338401,0.8345622999461483,0.8276620593543934,0.7057350945516188,0.683299343202351,0.5859715407710745,0.7588395435678992,0.8189913581190147,0.7828816944454381,0.1794196570202709,0.8139107140239629,0.8543001597049398,0.8052067747500729,0.7414908680817348,0.8089935983506559,0.6929025196238849,-0.5567771649665584,0.8325351351288965,0.668884283605398,0.6953225558290699,-0.042223416015498456,0.806213557297392,0.7925806443210365,0.7941068178209029,0.7595312588234632,1.0428052332552653,0.7921982156932196,0.7800304009769115,0.7057444582074229,0.7383394528248498,0.7101569340784344,0.7828427872060589,0.8254802769147356,0.783438093653706,0.8222054972907535,0.798990145880605,0.769579618352317,0.8046194905007743,0.7549974930543449,0.6328401117275496,0.8161155896332386,0.858965109531411,0.6672197189715139,0.7587270824797817,0.7331320110302928,0.8208083337633052,0.8233948806027636,0.6913791323487487,0.8245935336127089,0.7827221347842641,0.8026712981137165,0.8001891890496773,0.7820794108096975,0.8129632403865157,0.7428355331148244,0.8165916440415604,0.707746972128629,0.8346920841115911,0.8345791368971532,1.0598522745253935,0.8000602969732371,0.819684393425242,0.8223309769515762,-0.44488618615618897,0.8133319825303068,0.46644495589761337,0.6664820379260445,0.7849382121630252,0.756813410997073,0.6916635120061477,0.7399491620003018,0.714205814266462,0.8220173818363197,0.8549514491567709,0.7833438533309592,0.7726757469565213,0.8147496935828374,0.7835437540828966,0.8243240857767741,0.7842247831629441,0.784734024419029,0.7354664551959602,0.758452599272748,0.6679765811419954,0.8195682395354298,0.7855744874208487,0.7730575629614317,0.8548090708500329,0.8190838890301441,0.8257423461486927,1.3610306062172846,0.7824398409810651,0.7995335734003219,0.7556961385386919,0.834143390909115,0.8068857421947235,0.833977059763763,0.7562023193135775,0.6959525606069075,0.8549099362440554,0.7024367838557897,0.7709878648721111,-0.11066426808372769,0.758854066718982,0.8038642961735435,0.7841037412643567
1054,1519074784,0.6850787083983648,0.8197371550821027,0.8251881711962304,0.7868814662379736,0.8398551039812989,0.724832891034064,0.6878411394942923,0.8239290363494338,0.7115903223705933,0.8055520484576834,0.8203419168233449,0.8546792482275909,0.8015082136746383,0.6875795036257655,0.8219737032371125,0.7570717497223309,0.726294881807565,0.7957125659031791,0.7916912068533195,0.75770589296799,0.8576595516553764,0.8249925171192709,-0.17069114333744284,0.7574248677803591,0.8305520401107649,0.8363651535603388,0.830139538567875,0.7071256074494555,0.6853904675005285,0.587459222829019,0.7613330821149384,0.8207563599256874,0.7845381870926726,0.2905331224789917,0.8165716414514833,0.8568434071430416,0.8070280171184019,0.7434984278968632,0.8109527430821403,0.695143231528757,-0.5567771649665584,0.8343336938666185,0.6703868119143241,0.6968178633555515,-0.042223416015498456,0.8085313273924842,0.7943708744157192,0.7958955896747842,0.7607929839298705,1.0456346769886438,0.7963800730128711,0.7816799423230749,0.7071294871011232,0.7410104014663852,0.7115510372550546,0.7839458964308067,0.8279893768739122,0.7845422960030413,0.8242597307084988,0.8026560752589699,0.7714440813188217,0.8075147627115284,0.7569098765326535,0.6259853012040802,0.8178765931885812,0.8610027889129281,0.6679706984206288,0.7605997407004137,0.7358104743470856,0.8231068658824421,0.8254598954689146,0.6928640080688476,0.8265956365772128,0.7849295468183843,0.8044850336307943,0.8022818108703206,0.783181028214628,0.815624374802647,0.7442649097458229,0.8183301285110599,0.7098356339257033,0.8364661054153316,0.8369816660768707,1.060094985179152,0.8021508661025057,0.8214559438646153,0.8240570986332345,-0.4448745490186462,0.8154554953281143,0.46644495589761337,0.668730180411357,0.7866252236529315,0.757447418244426,0.6931577626234452,0.742801438734303,0.7149315479348157,0.824081068233336,0.8569894740653686,0.7844436187338933,0.7732994290474244,0.8168810601294513,0.7852296045600661,0.8263021835118463,0.7853482897457689,0.786425878544047,0.7383238176474806,0.7597002266234247,0.6709772980552652,0.8212944901740731,0.7867040102499174,0.7736795125705647,0.8569061078229615,0.8211349515200461,0.8282172514575699,1.3613487846270609,0.7835430861933528,0.8016257419865601,0.7575982460978015,0.8370942930037308,0.8092049414304606,0.836337020324989,0.7581072097631142,0.6968775098153208,0.8574526670105126,0.7035475318700012,0.7722318681821392,-0.11066426808372769,0.7601007463180051,0.8062879374467332,0.7857910027626142
1055,1519074789,0.6864734947544306,0.8220601026259096,0.8276633491152863,0.788005493844256,0.8416274611120318,0.7262651680776498,0.6899347021879719,0.8262326131323706,0.713656164879473,0.8073702985955679,0.8227010702288914,0.8567691177546227,0.8037325272661154,0.6889750484575144,0.8239530998713953,0.7583442050458398,0.7276422798850103,0.7981013312271991,0.7928000645065729,0.7602464113734568,0.8597572213951895,0.8269690121166325,-0.17069114333744284,0.7580638195995351,0.8325331203323046,0.8381680071745293,0.8331125136240529,0.7092113767962105,0.6874815917987059,0.5899386929255929,0.7625798513884581,0.8231096956679176,0.7861946797399071,0.1238629242909105,0.8192325688790036,0.8593866545811434,0.8088492594867309,0.7455059877119915,0.8134016739964957,0.6981308474019197,-0.5567771649665584,0.8361322526043404,0.6711380760687872,0.6975655171187923,-0.042223416015498456,0.8120079825351225,0.7985480779699786,0.7976843615286656,0.7620547090362778,1.0484323697594444,0.7987697057669576,0.7833294836692384,0.7085145159948235,0.7436813501079205,0.7129451404316749,0.7856005602679283,0.8304984768330888,0.7861985995270443,0.8268275224806804,0.8052745962435163,0.7733085442853264,0.8092519260379809,0.7581847988515258,0.6225578959423456,0.8196375967439238,0.8630404682944454,0.669472657318859,0.7630966183279229,0.7378193218346801,0.8248307649717949,0.8280411640516036,0.6943488837889464,0.8285977395417166,0.7860332528354446,0.8081125046649497,0.8048975881461248,0.7842826456195585,0.8177532823355521,0.7464089746923206,0.8200686129805596,0.7126205163218022,0.8382401267190721,0.8387835629616589,1.0603862379636622,0.8047640775140915,0.823818011117113,0.826358594208779,-0.44486000259671776,0.8186407645248256,0.46644495589761337,0.6709783228966696,0.7883122351428379,0.7593494399864847,0.6953991385493914,0.7456537154683043,0.7178344826082305,0.8266606762296065,0.8590274989739665,0.7855433841368274,0.7751704753201338,0.8190124266760651,0.7869154550372355,0.8287748056806865,0.787033549620006,0.7881177326690652,0.7404668394861208,0.76157166764944,0.6724776565119001,0.8230207408127165,0.7878335330789861,0.7749234117888305,0.85900314479589,0.8231860140099481,0.8301971757046717,1.361666963036837,0.7851979540117843,0.8047639948659175,0.7588663178038745,0.8394550146794234,0.8109443408572635,0.8386969808862149,0.7606470636958297,0.6978024590237343,0.8599953977769697,0.7046582798842127,0.7734758714921672,-0.11066426808372769,0.761347425917028,0.8087115787199229,0.7874782642608716
1056,1519074795,0.6892630674665624,0.8255445239416199,0.832118669369587,0.7902535490568207,0.8457629610837417,0.7305619992084074,0.6934239733441048,0.8302638725025102,0.7177878498972324,0.8110067988713366,0.826239800337211,0.8619937915722024,0.8060397023650748,0.6931616829527616,0.8284067422985315,0.760252888031103,0.7316844741173465,0.8028788618752389,0.7955722086397065,0.762151800177557,0.8650013957447222,0.8314161258606964,-0.17069114333744284,0.7606196268762385,0.8364952807753844,0.8429756168123707,0.8370764803656234,0.7133829154897204,0.6902697575296093,0.5929140570414817,0.7663201592090171,0.8266396992812628,0.7884033366028865,-1.3761688594018202,0.8240222382485405,0.8634558504821063,0.8130988250128319,0.7508594805523338,0.8173199634594644,0.7018653672433729,-0.5567771649665584,0.8415279288175062,0.6763969251500285,0.7013037859349963,-0.042223416015498456,0.8154846376777608,0.8021285381593439,0.8024544198056827,0.7645781592490924,1.0512416083348188,0.8023541548980874,0.7866285663615653,0.7133621171227746,0.7476877730702235,0.7164303983732253,0.7883583333297979,0.8345130367677712,0.7889591054003825,0.8309359893161707,0.8094642298187904,0.7764159825628342,0.8127262526908859,0.7613721046487067,0.24897072241326781,0.8243336062248374,0.8676252469028589,0.6717255956662042,0.7649692765485548,0.7425066326390675,0.8294278292100686,0.8321711937839058,0.6995459488092923,0.8336029969529761,0.7893443708866249,0.8123445542047978,0.8096059872425724,0.7881383065368153,0.8220110974013622,0.7514117929008153,0.8252840663890583,0.7161016193169261,0.8429708501957134,0.8441892536160234,1.0608231171404272,0.809467858054946,0.8273611119958595,0.8315369592537538,-0.44483672832163224,0.8234186683198925,0.46644495589761337,0.6732264653819822,0.7905615837960464,0.7625194762232496,0.6998818904012837,0.7485059922023055,0.7214631509499989,0.8307880490236392,0.8641225612454609,0.7882927976441627,0.7776652036837465,0.8238080014059462,0.789725205832518,0.8337200500183669,0.7898423160770679,0.7909374895440954,0.7447528831634013,0.7646907360261318,0.6762285526534872,0.8270486589695509,0.7900925787371235,0.7774112102253623,0.8637214779849792,0.8283136702347031,0.8341570241988752,1.3624624090612776,0.7879560670425035,0.808948332038394,0.7620364970690571,0.8429960971929624,0.8144231397108691,0.8422369217280538,0.7625519541453664,0.699652357440561,0.8640637670033011,0.7063244019055299,0.7772078814222513,-0.11066426808372769,0.7644641249145855,0.8135588612663025,0.7897279462585483
1057,1519074800,0.6906578538226283,0.8255445239416199,0.8326137049533981,0.7902535490568207,0.8457629610837417,0.7305619992084074,0.6934239733441048,0.8308397666982444,0.7177878498972324,0.8110067988713366,0.826239800337211,0.8625162589539602,0.8079377487708405,0.6931616829527616,0.8289015914571022,0.760252888031103,0.7316844741173465,0.8028788618752389,0.7955722086397065,0.762151800177557,0.8650013957447222,0.8319102496100368,-0.17069114333744284,0.7612585786954144,0.8364952807753844,0.8429756168123707,0.8370764803656234,0.7133829154897204,0.6902697575296093,0.5929140570414817,0.7663201592090171,0.8266396992812628,0.7884033366028865,-0.26503420481461226,0.8240222382485405,0.8634558504821063,0.8130988250128319,0.7515286671573765,0.8173199634594644,0.7018653672433729,-0.5567771649665584,0.8421274483967468,0.6763969251500285,0.7013037859349963,-0.042223416015498456,0.8154846376777608,0.8021285381593439,0.8024544198056827,0.7645781592490924,1.0539815720827501,0.8023541548980874,0.7866285663615653,0.7133621171227746,0.7483555102306073,0.7164303983732253,0.7883583333297979,0.8345130367677712,0.7889591054003825,0.8309359893161707,0.8094642298187904,0.7764159825628342,0.8127262526908859,0.7613721046487067,0.6157030854188763,0.8243336062248374,0.8676252469028589,0.6747295134626644,0.7649692765485548,0.7431762484682657,0.830002462239853,0.8321711937839058,0.6995459488092923,0.8336029969529761,0.7893443708866249,0.8123445542047978,0.8096059872425724,0.7881383065368153,0.8220110974013622,0.7521264812163144,0.8252840663890583,0.7161016193169261,0.8429708501957134,0.8441892536160234,1.0608231171404272,0.809467858054946,0.8273611119958595,0.83211233314764,-0.44483672832163224,0.8234186683198925,0.46644495589761337,0.6732264653819822,0.7905615837960464,0.7625194762232496,0.6998818904012837,0.7492190613858059,0.7214631509499989,0.8307880490236392,0.8641225612454609,0.7882927976441627,0.7776652036837465,0.8238080014059462,0.789725205832518,0.8342145744521349,0.7898423160770679,0.7909374895440954,0.7454672237762813,0.7646907360261318,0.6762285526534872,0.8276240758490987,0.7906573401516579,0.7774112102253623,0.8637214779849792,0.8283136702347031,0.8341570241988752,1.3624624090612776,0.7879560670425035,0.808948332038394,0.7620364970690571,0.8429960971929624,0.8144231397108691,0.8422369217280538,0.7625519541453664,0.699652357440561,0.8640637670033011,0.7063244019055299,0.7772078814222513,-0.11066426808372769,0.7644641249145855,0.8135588612663025,0.7897279462585483
1058,1519074806,0.6934474265347601,0.827286734599475,0.8350888828724541,0.7925016042693854,0.8475353182144746,0.7319942762519932,0.6955175360377843,0.8337192376769155,0.7191650782364856,0.8140372157678106,0.8297785304455306,0.864606128480992,0.8104831507038114,0.6945572277845107,0.8308809880913849,0.7627977986781207,0.7330318721947918,0.8046704358682539,0.7972354951195866,0.7634220593802905,0.8670990654845353,0.8343808683567389,-0.17069114333744284,0.7625364823337661,0.8384763609969241,0.8453794216312914,0.8390584637364087,0.7154686848364755,0.691663840395061,0.5948976331187408,0.7675669284825367,0.8295813689590505,0.790059829250121,-0.0983640066265311,0.8261509801905568,0.865999097920208,0.8167413097494899,0.7535362269725048,0.81976889437382,0.7033591751799543,-0.5567771649665584,0.8439260071344686,0.6771481893044915,0.7042944009879596,-0.042223416015498456,0.8172229652490799,0.8039187682540266,0.804243191659564,0.7664707469087034,1.0568001916243408,0.8041463794636523,0.7882781077077288,0.7154396604633252,0.7503587217117589,0.7192186047264658,0.7894614425545456,0.8365203167351125,0.7917196112737208,0.8340173394427887,0.8115590466064274,0.7782804455293388,0.8144634160173384,0.7632844881270152,0.6054208696336724,0.8260946097801801,0.8696629262843761,0.6769824518100096,0.7662177153623095,0.7451850959558602,0.8323009943589899,0.834236208650057,0.7010308245293911,0.83560509991748,0.790448076903685,0.814762868227568,0.8116986090632157,0.7897907326442111,0.8246722318174936,0.7535558578473129,0.8270225508585578,0.7181902811140003,0.8447448714994539,0.8459911505008115,1.061017285663434,0.8115584271842147,0.8291326624352328,0.8338384548292982,-0.4448221818997038,0.8260730593171519,0.46644495589761337,0.6747252270388572,0.7916862581226506,0.7631534834706025,0.7013761410185811,0.7513582689363068,0.7229146182867063,0.8338835786191637,0.8661605861540587,0.7904923284500309,0.7814072962291654,0.827005051225867,0.790849106150631,0.836192672187207,0.7909658226598927,0.7926293436691135,0.7468959050020415,0.7653145497014702,0.6792292695667571,0.829350326487742,0.7923516243952609,0.780520958271027,0.8663427742011399,0.8303647327246051,0.8361369484459769,1.362939676675942,0.7890593122547912,0.8110405006246323,0.7633045687751301,0.8447666384497319,0.816162539137672,0.8445968822892796,0.7638218811117241,0.7015022558573878,0.8660979516164667,0.708545897933953,0.7790738863872934,-0.11066426808372769,0.7657108045136085,0.8153765922211947,0.7908527872573865
1059,1519074812,0.6948422128908259,0.8296096821432819,0.8385541319591323,0.7936256318756678,0.8516708181861845,0.733426553295579,0.6969132445002375,0.8365987086555866,0.7205423065757387,0.8170676326642846,0.8315478954996904,0.8666959980080239,0.8127022854510709,0.6959527726162597,0.8348397813599504,0.7640702540016295,0.7343792702722373,0.8064620098612689,0.7988987815994667,0.7640571889816572,0.8691967352243484,0.8378397346021218,-0.17069114333744284,0.7644533377912938,0.840457441218464,0.847182275245482,0.8410404471071941,0.7182497106321488,0.6944520061259644,0.5963853151766852,0.7681903131192965,0.8313463707657233,0.7911641576816106,-0.32059093754397266,0.8282797221325732,0.8695596443335506,0.8185625521178189,0.7575513466027615,0.8217280391053043,0.7055998870848262,-0.5567771649665584,0.8457245658721906,0.6786507176134176,0.7072850160409228,-0.042223416015498456,0.8189612928203991,0.8057089983487092,0.8060319635134455,0.7683633345683145,1.0596029356846424,0.8071334204062605,0.7899276490538922,0.7182097182507258,0.7543651446740618,0.7220068110797062,0.7911161063916673,0.8390294166942891,0.7928238136230561,0.8360715728605339,0.8141775675909738,0.7801449084958435,0.8173586882280925,0.7639219492864514,0.578001627539795,0.8284426145206369,0.8732288652020311,0.6784844107082397,0.7674661541760641,0.7492027909310495,0.8351741595079111,0.8368174772327459,0.7032581381095394,0.8376072028819839,0.7915517829207451,0.8165766037446458,0.8137912308838591,0.7914431587516069,0.8278655931168513,0.7578439877403084,0.8287610353280573,0.7209751635100993,0.8482929141069349,0.8477930473855997,1.0615027069709506,0.8136489963134833,0.8320852465008548,0.8367153242987287,-0.44480763547777535,0.8281965721149595,0.46644495589761337,0.6777227503526072,0.7928109324492548,0.7644214979653083,0.704364642253176,0.7549236148538083,0.7243660856234136,0.8359472650161801,0.8697271297441048,0.791592093852965,0.7820309783200685,0.8291364177724808,0.7919730064687439,0.8396543432235833,0.7920893292427175,0.7937572464191256,0.751181948679322,0.7671859907274854,0.6799794487950745,0.8328028277650288,0.7940459086388639,0.7811429078801599,0.8684398111740684,0.8329285608369826,0.8391068348166295,1.3634169442906063,0.7901625574670789,0.8131326692108705,0.7639386046281667,0.8477175405443477,0.8179019385644748,0.848726813271425,0.764456844594903,0.7061270018994548,0.8691492285362153,0.7129888899907989,0.7809398913523354,-0.11066426808372769,0.7669574841126315,0.8171943231760871,0.7919776282562249
1060,1519074817,0.6962369992468919,0.8325133665730405,0.8405342742943771,0.7947496594819502,0.8522616038964288,0.7348588303391649,0.6983089529626906,0.8383263912427892,0.7226081490846185,0.818885882802169,0.8333172605538502,0.8687858675350557,0.8141912031636429,0.6973483174480087,0.8368191779942332,0.7653427093251384,0.7364003673884053,0.8088507751852888,0.8005620680793468,0.7659625777857574,0.8712944049641616,0.8398162295994834,-0.17069114333744284,0.7657312414296455,0.8429337914953888,0.8495860800644026,0.8430224304779793,0.7182497106321488,0.6958460889914161,0.5978729972346296,0.7694370823928163,0.8331113725723959,0.7928206503288452,-0.7650447993788558,0.8309406495600935,0.8705769433087913,0.820383794486148,0.7595589064178898,0.8236871838367887,0.7055998870848262,-0.5567771649665584,0.8475231246099125,0.6801532459223436,0.7072850160409228,-0.042223416015498456,0.8206996203917182,0.8080959718082862,0.8078207353673269,0.7696250596747218,1.062319807823426,0.809523053160347,0.791027343284668,0.7182097182507258,0.7563683561552134,0.7220068110797062,0.7922192156164151,0.8415385166534657,0.7939280159723914,0.838125806278279,0.8167960885755201,0.7813878838068467,0.819095851554545,0.7651968716053238,0.6054208696336724,0.8307906192610938,0.8742477048927898,0.6799863696064699,0.7693388123966961,0.751211638418644,0.8368980585972637,0.8393987458154348,0.7032581381095394,0.8396093058464877,0.7926554889378052,0.8195994962731087,0.8164070081596633,0.7930955848590027,0.8299945006497563,0.7592733643713068,0.830499519797557,0.7209751635100993,0.8500669354106754,0.8495949442703878,1.0617454176247092,0.815739565442752,0.8344473137533525,0.8384414459803871,-0.4447930890558469,0.8308509631122188,0.46644495589761337,0.6792215120094822,0.7950602811024633,0.7656895124600143,0.704364642253176,0.7570628224043092,0.7265432866284748,0.8380109514131965,0.8712556484255531,0.7932417419573662,0.7832783425018749,0.8312677843190946,0.7936588569459134,0.8416324409586555,0.7932128358255423,0.7948851491691377,0.7526106299050821,0.7684336180781621,0.6814798072517094,0.8345290784036721,0.7951754314679327,0.7830087567075588,0.8710611073902291,0.8354923889493601,0.8410867590637312,1.3637351227003827,0.7918174252855104,0.8157478799436683,0.7658407121872761,0.848897901382194,0.8208009376091463,0.8493168034117314,0.7669966985276186,0.7075144257120749,0.8706748669960896,0.7140996380050104,0.7821838946623635,-0.11066426808372769,0.7682041637116545,0.8202238747675743,0.7936648897544822
1061,1519074823,0.6997239651370566,0.8359977878887508,0.8425144166296218,0.7975597284976561,0.8558063181578944,0.7377233844263366,0.7011003698875968,0.8400540738299919,0.7253626057631247,0.8225223830779379,0.8368559906621699,0.8740105413526352,0.8168686656241637,0.7001394071115068,0.8392934237870866,0.7685238476339105,0.7390951635432961,0.8124339231713188,0.8033342122124804,0.7685030961912243,0.8754897444437877,0.8417927245968452,-0.08572961197044983,0.768287048706349,0.8468959519384684,0.854393689702244,0.8474818930622462,0.7217259928767404,0.6986342547223194,0.601840149389148,0.7713072363030957,0.8366413761857412,0.7950293071918245,-0.653931333920135,0.8351981334441262,0.8746461392097542,0.8240262792228059,0.7615664662330182,0.8285850456654996,0.7085875029579889,-0.5567771649665584,0.8529188008230782,0.6824070383857328,0.710275631093886,-0.042223416015498456,0.8247557180581295,0.8116764319976515,0.812590793644344,0.7727793724407401,1.0651449218800892,0.8131075022914769,0.793776578861607,0.7209797760381265,0.7583715676363648,0.7254920690212567,0.7949769886782845,0.8455530765881482,0.7966885218457296,0.8422342731137695,0.8209857221507942,0.7838738344288528,0.8237282870917516,0.7671092550836323,0.5917112485867336,0.8348996275568932,0.8783230636558241,0.6829902874029301,0.7718356900242054,0.7538901017354368,0.8386219576866164,0.8440450292642748,0.7062278895497371,0.8441140375166213,0.7948629009719256,0.8232269673072642,0.82059225180095,0.795849628371329,0.8342523157155665,0.7614174293178045,0.8345559835597226,0.7237600459061982,0.8536149780181563,0.8531987380399642,1.0621337546707226,0.8204433459836065,0.8385809314452235,0.8407429415559314,-0.44476981478076144,0.8350979887078339,0.46644495589761337,0.6814696544947948,0.7973096297556718,0.768859548696779,0.7081002687964196,0.7584889607713099,0.7287204876335358,0.8421383242072291,0.8753316982427487,0.7965410381661685,0.7857730708654875,0.8355305174123223,0.7959066575821394,0.8441050631274957,0.7960216022826042,0.7971409546691619,0.7554679923566023,0.7709288727795156,0.6837303449366617,0.837406162801411,0.7979992385406044,0.7861185047532235,0.8757794405793183,0.8401072795516396,0.8455415886197102,1.364371479519935,0.7945755383162295,0.8199322171161448,0.7677428197463857,0.8536193447335793,0.8242797364627519,0.8528567442535704,0.7695365524603341,0.7093643241289016,0.8752517823757124,0.7163211340334334,0.7846719012824195,-0.11066426808372769,0.771320862709212,0.8238593366773589,0.7959145717521589
1062,1519074829,0.7011187514931224,0.8383207354325577,0.8444945589648666,0.7986837561039385,0.8581694609988716,0.7398717999917153,0.7024960783500499,0.8417817564171945,0.7267398341023779,0.8249467165951171,0.8392151440677162,0.876622878261425,0.8192690599190406,0.7022327243591304,0.8412728204213694,0.7691600752956649,0.7411162606594641,0.8148226884953388,0.8044430698657338,0.769138225792591,0.878111831618554,0.8437692195942068,-0.17069114333744284,0.7708428559830525,0.8493723022153933,0.8561965433164346,0.8499593722757277,0.7231165057745771,0.700028337587771,0.6033278314470923,0.773800774850135,0.8395830458635289,0.7961336356233142,-0.5428178684614143,0.8378590608716466,0.8766807371602356,0.825847521591135,0.7635740260481465,0.830544190396984,0.7108282148628609,-0.5567771649665584,0.8547173595608001,0.6846608308491219,0.7117709386203677,-0.042223416015498456,0.8276529306769947,0.8134666620923341,0.8143795654982253,0.7740410975471474,1.0679620981961082,0.8154971350455634,0.7948762730923827,0.7230573193786769,0.7603747791175164,0.7268861721978769,0.79718320712778,0.8480621765473247,0.7983448253697326,0.8448020648859511,0.8236042431353405,0.7844953220843544,0.8254654504182041,0.7702965608808131,0.5368727643989791,0.8378346334824642,0.8808701628827206,0.6837412668520452,0.7724599094310827,0.7558989492230314,0.8403458567759692,0.846110044130426,0.7084552031298854,0.8466166662222511,0.7970703130060458,0.8250407028243419,0.8232080290767542,0.7969512457762595,0.8369134501316978,0.7628468059488029,0.8374534576755552,0.7258487077032725,0.8559803397564769,0.856201899514611,1.0623279231937293,0.8225339151128751,0.8403524818845968,0.8424690632375897,-0.4447581776432187,0.8372215015056413,0.46644495589761337,0.6829684161516698,0.798434304082276,0.7694935559441319,0.7088473941050684,0.7599150991383105,0.7301719549702431,0.8447179322034996,0.8778792293784959,0.7976408035691026,0.7876441171381969,0.8376618839589361,0.7975925080593089,0.8460831608625679,0.797145108865429,0.799396760169186,0.7568966735823626,0.7734241274808692,0.6852307033932966,0.8391324134400543,0.8002582841987418,0.7873624039714894,0.877876477552247,0.8426711076640171,0.847521512866812,1.3648487471345994,0.7956787835285172,0.822024385702383,0.7696449273054953,0.8553898859903487,0.8265989356984891,0.8546267146744898,0.7701715159435131,0.7102892733373151,0.8772859669888782,0.7168765080405393,0.7859159045924475,-0.11066426808372769,0.772567542308235,0.8256770676322512,0.7970394127509972
1063,1519074834,0.7032109310272212,0.8400629460904129,0.8469697368839224,0.800369797513362,0.8599418181296045,0.7413040770353011,0.7045896410437296,0.8440853332001313,0.728117062441631,0.8267649667330015,0.8427538741760359,0.8787127477884569,0.8219076810479291,0.7036282691908794,0.8432522170556521,0.7710687582809281,0.7424636587369096,0.8166142624883537,0.8061063563456139,0.7704084849953244,0.8802095013583672,0.846239838340909,-0.17069114333744284,0.7721207596214043,0.8513533824369331,0.8579993969306251,0.8519413556465131,0.7245070186724138,0.7021194618859485,0.6058073015436662,0.7750475441236547,0.8419363816057591,0.7972379640548038,-0.04280727389717069,0.8399878028136629,0.8792239845983374,0.8282758447489069,0.7655815858632748,0.8329931213113395,0.7123220227994422,-0.5567771649665584,0.856515918298522,0.686163359158048,0.7125185923836085,-0.042223416015498456,0.829391258248314,0.8152568921870168,0.8161683373521067,0.7759336852067584,1.0707720583842686,0.8172893596111283,0.7965258144385462,0.7244423482723772,0.7623779905986678,0.7282802753744971,0.7982863163525278,0.850069456514666,0.7994490277190679,0.8473698566581326,0.8256990599229777,0.786359785050859,0.8277816681868074,0.7715714831996855,0.6157030854188763,0.8395956370378068,0.8829078422642377,0.6867451846485053,0.7737083482448373,0.7579077967106259,0.8432190219248903,0.8486913127131149,0.7099400788499842,0.8486187691867549,0.7981740190231059,0.8268544383414197,0.8253006508973975,0.7980528631811901,0.8390423576646029,0.7642761825798015,0.8391919421450548,0.727241148901322,0.8577543610602174,0.8580037963993992,1.062522091716736,0.8246244842421437,0.8427145491370944,0.844195184919248,-0.44474363122129024,0.8393450143034489,0.46644495589761337,0.6844671778085448,0.7995589784088802,0.7713955776861908,0.7103416447223657,0.7620543066888114,0.7316234223069505,0.8478134617990242,0.8799172542870938,0.7992904516735038,0.7888914813200032,0.8403260921422034,0.7987164083774219,0.8480612585976399,0.7988303687396662,0.8005246629191981,0.7590396954210028,0.7746717548315459,0.687481241078249,0.8408586640786977,0.8013878070278104,0.7892282527988882,0.8799735145251755,0.8447221701539191,0.8499964181756892,1.3651669255443757,0.7967820287408048,0.8241165542886213,0.7709129990115683,0.8571604272471182,0.8283383351252919,0.8569866752357157,0.7714414429098708,0.7112142225457284,0.8793201516020438,0.7179872560547507,0.7871599079024756,-0.11066426808372769,0.7738142219072579,0.8274947985871435,0.7981642537498355
1064,1519074840,0.7046057173832871,0.841805156748268,0.8489498792191672,0.8014938251196444,0.8617141752603372,0.7420202155570941,0.7059853495061826,0.845813015787334,0.7294942907808841,0.8297953836294755,0.8445232392301957,0.8813250846972467,0.8245385339104911,0.7050238140226285,0.8457264628485056,0.772341213604437,0.7438110568143549,0.8196002191433787,0.8072152139988673,0.7716787441980578,0.8823071710981802,0.8482163333382706,-0.17069114333744284,0.7740376150789319,0.8533344626584729,0.8598022505448156,0.8539233390172983,0.7258975315702505,0.7035135447514003,0.6072949836016106,0.7769176980339342,0.8437013834124317,0.7983422924862935,0.1794196570202709,0.8421165447556793,0.8812585825488188,0.830097087117236,0.768258332283446,0.8349522660428239,0.7130689267677328,-0.5567771649665584,0.8595135161947252,0.6876658874669741,0.7155092074365716,-0.042223416015498456,0.831129585819633,0.8170471222816994,0.8185533664906153,0.7771954103131657,1.073602223730433,0.8196789923652148,0.7976255086693218,0.7265198916129277,0.7650489392402031,0.7303714301394274,0.7993894255772755,0.8520767364820072,0.8011053312430708,0.8494240900758778,0.8283175809075239,0.7876027603618622,0.8300978859554108,0.7722089443591217,0.619130490680611,0.8413566405931494,0.8849455216457549,0.6874961640976204,0.774956787058592,0.7599166441982205,0.844942921014243,0.8512725812958039,0.7121673924301325,0.8506208721512588,0.7998295780486961,0.82927275236419,0.8279164281732017,0.7997052892885858,0.8417034920807343,0.7671349358417984,0.8409304266145543,0.7286335900993715,0.8595283823639579,0.8598056932841873,1.0627162602397426,0.8272376956537296,0.8456671332027165,0.8459213066009064,-0.4447319940837475,0.8419994053007083,0.46644495589761337,0.6859659394654198,0.8012459898987865,0.7726635921808966,0.7110887700310144,0.7649065834228126,0.7323491559753043,0.8498771481960404,0.8819552791956915,0.8003902170764379,0.7907625275927127,0.8424574586888173,0.8004022588545914,0.8500393563327121,0.799953875322491,0.8016525656692103,0.7604683766467629,0.7752955685068843,0.6889815995348839,0.8437357484764366,0.8030820912714135,0.7898502024080212,0.882070551498104,0.8467732326438211,0.8524713234845663,1.3654851039541518,0.7989885191653802,0.8262087228748596,0.7728151065706778,0.8589309685038877,0.8300777345520948,0.8587566456566351,0.7733463333594075,0.7126016463583486,0.8813543362152095,0.719653378076068,0.7890259128675177,-0.11066426808372769,0.776307581105304,0.8293125295420358,0.7992890947486738
1065,1519074845,0.706000503739353,0.8447088411780266,0.8514250571382231,0.8026178527259268,0.8634865323910701,0.7434524926006799,0.7073810579686357,0.8481165925702709,0.7322487474593904,0.8322197171466548,0.8462926042843555,0.8834149542242785,0.8259808420251044,0.7064193588543776,0.848200708641359,0.7736136689279458,0.7451584548918003,0.8219889844673987,0.8083240716521207,0.7748543922048914,0.8844048408379933,0.8511810758343131,-0.17069114333744284,0.7753155187172835,0.8558108129353977,0.8616051041590062,0.8559053223880836,0.7272880444680871,0.7056046690495777,0.6087826656595551,0.7781644673074538,0.8454663852191044,0.799998785133528,-0.5428178684614143,0.8453096576687038,0.8832931804993003,0.831918329485565,0.7709350787036171,0.8369114107743083,0.7145627347043142,-0.5567771649665584,0.8613120749324471,0.6884171516214371,0.7162568611998125,-0.042223416015498456,0.8328679133909522,0.8200308391061705,0.8203421383444967,0.7778262728663694,1.076327755222647,0.8232634414963447,0.7992750500154853,0.727904920506628,0.7683876250421223,0.7317655333160477,0.8010440894143972,0.8545858364411838,0.8022095335924061,0.8514783234936231,0.8314598060889796,0.7894672233283668,0.8318350492818632,0.7734838666779941,0.6019934643719377,0.8431176441484921,0.886983201027272,0.6889981229958505,0.7768294452792239,0.7632647233442115,0.8478160861631642,0.8533375961619549,0.7129098302901818,0.8531235008568886,0.8009332840657563,0.8310864878812677,0.8305322054490059,0.8008069066935163,0.8443646264968656,0.769279000788296,0.8432484059072205,0.730026031297421,0.8613024036676984,0.8616075901689755,1.0629104287627495,0.8293282647829983,0.8474386836420897,0.849373549964223,-0.44471744766181903,0.8441229180985158,0.46644495589761337,0.6882140819507324,0.8023706642253907,0.7739316066756026,0.7125830206483119,0.7677588601568138,0.735252090648719,0.8519408345930568,0.8839933041042893,0.801489982479372,0.7913862096836158,0.8445888252354311,0.8020881093317608,0.8530065029353203,0.8010773819053156,0.8027804684192223,0.7640400797111633,0.7771670095328994,0.6897317787632014,0.8454619991150799,0.8042116141004823,0.791094101626287,0.8841675884710325,0.8488242951337232,0.854451247731668,1.3658032823639281,0.8000917643776678,0.8288239336076574,0.7747172141297873,0.8618818705985035,0.8329767335967662,0.8605266160775545,0.7746162603257652,0.7135265955667619,0.8838970669816667,0.7207641260902795,0.7902699161775457,-0.11066426808372769,0.7769309209048154,0.8329479914518204,0.8015387767463504
1066,1519074851,0.7080926832734519,0.8464510518358818,0.8543952706410902,0.8037418803322092,0.865258889521803,0.7448847696442658,0.7087767664310889,0.8515719577446762,0.7336259757986435,0.8340379672845392,0.8480619693385153,0.8860272911330682,0.8286816092846045,0.7078149036861265,0.8501801052756418,0.7742498965897002,0.7465058529692457,0.8243777497914186,0.8094329293053741,0.7761246514076249,0.8865025105778064,0.8536516945810152,-0.17069114333744284,0.7759544705364595,0.8577918931569376,0.8640089089779268,0.8583828016015652,0.7293738138148421,0.7076957933477552,0.611262135756129,0.7794112365809734,0.8478197209613346,0.8016552777807625,-0.2094774720852519,0.8474383996107201,0.8853277784497817,0.8337395718538939,0.774281011728831,0.8398501278715349,0.7168034466091862,-0.5567771649665584,0.8637101532494097,0.6899196799303632,0.7192474762527757,-0.042223416015498456,0.8351856834860444,0.8230145559306417,0.822130910198378,0.7790879979727767,1.0791463747642376,0.8250556660619095,0.800374744246261,0.7292899494003283,0.7717263108440415,0.7338566880809779,0.8026987532515188,0.8565931164085251,0.8038658371164091,0.8540461152658047,0.8335546228766166,0.7900887109838685,0.8335722126083157,0.7753962501563025,0.598566059110203,0.8448786477038347,0.8890208804087892,0.6912510613431957,0.7787021034998558,0.7659431866610042,0.8501146182823011,0.8554026110281061,0.7143947060102808,0.8551256038213925,0.8020369900828164,0.8335048019040381,0.83314798272481,0.8019085240984468,0.8464935340297707,0.7735671306812915,0.84498689037672,0.7321146930944953,0.8630764249714389,0.8634094870537636,1.063153139416508,0.8314188339122669,0.849210234081463,0.8510996716458812,-0.4447058105242763,0.8467773090957752,0.46644495589761337,0.6912116052644824,0.8046200128785992,0.7758336284176615,0.7148243965742581,0.7713242060743154,0.7367035579854264,0.8540045209900732,0.8860313290128871,0.8025897478823061,0.7932572559563253,0.8467201917820449,0.8032120096498738,0.8549846006703925,0.8027626417795528,0.8044723225442404,0.7668974421626836,0.7790384505589145,0.6912321372198362,0.8471882497537233,0.8053411369295509,0.792338000844553,0.8867888846871932,0.8508753576236251,0.8564311719787698,1.3661214607737044,0.8011950095899555,0.8319621864870147,0.7753512499828239,0.863652411855273,0.834716133023569,0.862296586498474,0.7771561142584807,0.7144515447751753,0.8859312515948323,0.721874874104491,0.7908919178325597,-0.11066426808372769,0.7781776005038384,0.8347657224067128,0.8032260382446079
1067,1519074857,0.7108822559855836,0.849935473151592,0.8578605197277684,0.8065519493479151,0.8699851752037572,0.7491816007750233,0.7122660375872216,0.8544514287233473,0.7377576608164029,0.837674467560308,0.8516006994468349,0.8907294975688899,0.8313176409913842,0.7126993105972482,0.8541388985442073,0.7774310348984723,0.7505480472015819,0.8291552804394585,0.8122050734385077,0.7780300402117251,0.8917466849273391,0.8571105608263981,-0.17069114333744284,0.7791492296323388,0.8622493236554022,0.8676146162063079,0.8623467683431357,0.7328500960594339,0.7104839590786586,0.6142374998720178,0.7819047751280128,0.8513497245746798,0.8038639346437418,-0.8206015321082163,0.8522280689802569,0.8893969743507446,0.838596218169438,0.7782961313590877,0.8437684173345037,0.7205379664506395,-0.5567771649665584,0.8685063098833348,0.6951785290116045,0.7214904375424981,-0.042223416015498456,0.8386623386286827,0.826595016120007,0.8269009684753951,0.782242310738795,1.0819844778510466,0.8286401151930394,0.8031239798232,0.7334450360814293,0.7750649966459606,0.7366448944342183,0.8060080809257623,0.8606076763432077,0.8060742418150797,0.8581545821012951,0.8377442564518908,0.7931961492613762,0.8370465392612206,0.7785835559534835,0.38949433814438883,0.8495746571847483,0.8936056590172029,0.6935039996905409,0.7805747617204878,0.7692912658069953,0.8529877834312223,0.8595326407604084,0.7188493331705772,0.860130861232652,0.8047962551254667,0.8383414299495787,0.8378563818212577,0.8046625676107731,0.8507513490955808,0.7771405722587876,0.8496228489620522,0.735595796089619,0.8678071484480802,0.8688151777081281,1.063590018593273,0.8361226144531213,0.8527533349602096,0.855127288903084,-0.4446825362491908,0.8515552128908421,0.46644495589761337,0.693459747749795,0.8068693615318077,0.7777356501597202,0.7185600231175017,0.7741764828083166,0.7410579599955485,0.8581318937841059,0.8906168850572321,0.8053391613896413,0.7951283022290347,0.8515157665119261,0.8060217604451563,0.8594353205743048,0.8050096549452024,0.8072920794192706,0.769754804614204,0.7827813326109448,0.6949830333614234,0.8512161679105578,0.8081649440022226,0.7948257992810847,0.8909829586330503,0.8554902482259046,0.8603910204729733,1.366916906798145,0.8039531226206748,0.8361465236594913,0.7785214292480065,0.8671934943688119,0.8387747316861089,0.8658365273403128,0.7790610047080174,0.7163014431920021,0.8899996208211638,0.7235409961258082,0.7940019261076298,-0.11066426808372769,0.7812942995013958,0.8396130049530922,0.8054757202422845
1068,1519074862,0.7122770423416495,0.849935473151592,0.8598406620630132,0.8071139631510562,0.8699851752037572,0.7491816007750233,0.7129638918184481,0.8561791113105499,0.7377576608164029,0.837674467560308,0.8521904877982215,0.8907294975688899,0.8334720401859231,0.7126993105972482,0.85611829517849,0.7787034902219812,0.7505480472015819,0.8291552804394585,0.8122050734385077,0.7780300402117251,0.8917466849273391,0.8590870558237599,-0.17069114333744284,0.7791492296323388,0.8622493236554022,0.8676146162063079,0.8623467683431357,0.7328500960594339,0.7104839590786586,0.6142374998720178,0.7819047751280128,0.8513497245746798,0.8038639346437418,-0.0983640066265311,0.8522280689802569,0.889905623838365,0.838596218169438,0.780303691174216,0.8437684173345037,0.7205379664506395,-0.5567771649665584,0.8685063098833348,0.6951785290116045,0.7214904375424981,-0.042223416015498456,0.8386623386286827,0.826595016120007,0.8274972257600223,0.782242310738795,1.0847540277231984,0.8286401151930394,0.8031239798232,0.7334450360814293,0.7770682081271122,0.7366448944342183,0.8060080809257623,0.8606076763432077,0.8066263429897473,0.8581545821012951,0.8377442564518908,0.7931961492613762,0.8370465392612206,0.7785835559534835,0.6225578959423456,0.8495746571847483,0.8936056590172029,0.6957569380378861,0.7805747617204878,0.7713001132945898,0.854711682520575,0.8595326407604084,0.7188493331705772,0.860130861232652,0.8047962551254667,0.8383414299495787,0.8378563818212577,0.8046625676107731,0.8507513490955808,0.778569948889786,0.8496228489620522,0.735595796089619,0.8678071484480802,0.8688151777081281,1.063590018593273,0.8366452567354385,0.8527533349602096,0.8568534105847422,-0.4446825362491908,0.8515552128908421,0.46644495589761337,0.693459747749795,0.8068693615318077,0.7783696574070732,0.7185600231175017,0.7756026211753172,0.7410579599955485,0.85864781538336,0.8906168850572321,0.8058890440911084,0.7963756664108411,0.8515157665119261,0.8060217604451563,0.861413418309377,0.8055714082366148,0.8072920794192706,0.7711834858399641,0.7827813326109448,0.6964833918180583,0.8529424185492012,0.8081649440022226,0.7960696984993506,0.8909829586330503,0.8554902482259046,0.8603910204729733,1.366916906798145,0.8039531226206748,0.8361465236594913,0.7785214292480065,0.8671934943688119,0.8387747316861089,0.8670165076209259,0.7790610047080174,0.7163014431920021,0.8899996208211638,0.7235409961258082,0.7940019261076298,-0.11066426808372769,0.7812942995013958,0.8396130049530922,0.8054757202422845
1069,1519074868,0.7150666150537812,0.8540006313532541,0.8642959823173139,0.8099240321667621,0.8747114608857114,0.7513300163404021,0.7157553087433544,0.8607862648764237,0.7405121174949092,0.8431292179739611,0.8557292179065411,0.8949092366229535,0.8361287872695733,0.7154904002607463,0.8605719376056262,0.7812484008689988,0.7532428433564726,0.8327384284254885,0.8144227887450145,0.7812056882185586,0.8964664418419186,0.8635341695678236,-0.17069114333744284,0.7823439887282182,0.8662114840984819,0.8724222258441492,0.8663107350847064,0.7363263783040255,0.7139691662422878,0.6172128639879065,0.7843983136750521,0.8560563960591403,0.8071769199382108,-1.1539419284843786,0.8564855528642896,0.8944834692269482,0.844059945274425,0.7849879974095155,0.8476867067974724,0.7227786783555115,-0.5567771649665584,0.8721034273587785,0.6981835856294567,0.7252287063587022,-0.042223416015498456,0.842138993771321,0.8301754763093723,0.831074769467785,0.784134898398406,1.0875957388739368,0.8328219725126907,0.8058732154001392,0.7362150938688299,0.781742368249799,0.7401301523757688,0.8082142993752578,0.8651240562697254,0.8093868488630857,0.8627766072912219,0.8424575942240742,0.796303587538884,0.8416789747984272,0.780495939431792,0.2900995855540837,0.8530966642954336,0.8981904376256165,0.6980098763852313,0.7836958587548744,0.7759874240989771,0.8593087467588488,0.8646951779257862,0.7218190846107749,0.8641350671616597,0.8070036671595869,0.8419689009837342,0.8420416254625444,0.8074166111230995,0.8560736179278435,0.7828580787827815,0.8530998179010514,0.738380678485718,0.8713551910555611,0.8730196037726338,1.0643181505545483,0.8408263949939758,0.857477469465205,0.8603056539480588,-0.4446592619741053,0.8558022384864572,0.46644495589761337,0.6972066518919826,0.8091187101850161,0.7809056863964849,0.7222956496607453,0.7805941054598194,0.7432351610006096,0.8627751881773927,0.8946929348744277,0.8091883402999107,0.7994940768653569,0.8573770245151141,0.8082695610813823,0.8653696137795214,0.8078184214022643,0.8095478849192949,0.7754695295172446,0.78465277363696,0.6987339295030107,0.8569703367060356,0.8109887510748944,0.7998013961541482,0.8957012918221395,0.8595923732057086,0.8648458500289523,1.3678714420274736,0.8061596130452501,0.8403308608319677,0.7810575726601525,0.8707345768823509,0.8422535305397146,0.8717364287433776,0.781600858640733,0.7218511384424824,0.8940679900474952,0.7290947361968657,0.7971119343826999,-0.11066426808372769,0.7831643188999303,0.8432484668628768,0.8082878227393803
1070,1519074874,0.7164614014098472,0.856323578897061,0.864791017901125,0.8110480597730445,0.8764838180164443,0.7527622933839879,0.7171510172058074,0.8607862648764237,0.7418893458341623,0.8449474681118456,0.8574985829607009,0.8969991061499853,0.8387544612879176,0.7168859450924954,0.8605719376056262,0.7818846285307532,0.7545902414339181,0.8345300024185034,0.8160860752248945,0.7824759474212921,0.8985641115817317,0.864028293317164,-0.08572961197044983,0.782982940547394,0.8686878343754066,0.87482603066307,0.8682927184554916,0.7377168912018621,0.7153632491077395,0.6187005460458509,0.7850216983118119,0.8578213978658129,0.8082812483697005,0.3460898552083521,0.8586142948063059,0.8970267166650501,0.845881187642754,0.7849879974095155,0.8496458515289568,0.7250193902603834,-0.5567771649665584,0.8739019860965005,0.6989348497839197,0.725976360121943,-0.042223416015498456,0.84387732134264,0.8319657064040549,0.8328635413216664,0.786027486058017,1.090395596483095,0.8346141970782557,0.8075227567463027,0.7376001227625303,0.7824101054101829,0.7415242555523891,0.8093174086000056,0.867633156228902,0.8110431523870886,0.8648308407089671,0.8445524110117112,0.7981680505053886,0.8434161381248798,0.7817708617506643,0.6294127064658149,0.8548576678507762,0.9002281170071337,0.6995118352834614,0.784944297568629,0.7759874240989771,0.859883379788633,0.8667601927919374,0.7225615224708244,0.8661371701261635,0.808107373176647,0.843782636500812,0.8441342472831878,0.8090690372304952,0.8582025254607486,0.7828580787827815,0.8548383023705509,0.7404693402827922,0.8731292123593016,0.8748215006574219,1.064512319077555,0.8429169641232445,0.8592490199045781,0.8603056539480588,-0.44464762483656256,0.8579257512842646,0.46644495589761337,0.6979560327204201,0.8102433845116204,0.7815396936438379,0.723042774969394,0.7813071746433197,0.7446866283373169,0.864838874574409,0.8967309597830254,0.8108379884043119,0.8007414410471632,0.8595083910617279,0.8093934613994952,0.8653696137795214,0.8089419279850891,0.8106757876693069,0.7754695295172446,0.7859004009876368,0.7002342879596456,0.8569703367060356,0.8121182739039631,0.8010452953724141,0.8983225880383002,0.8616434356956106,0.866825774276054,1.368348709642138,0.8072628582575377,0.842423029418206,0.781691608513189,0.8730952985580435,0.8445727297754517,0.8735063991642971,0.7822358221239119,0.7227760876508958,0.8966107208139523,0.7302054842110772,0.7989779393477419,-0.11066426808372769,0.7844109984989533,0.8450661978177691,0.8094126637382185
1071,1519074879,0.717856187765913,0.8586465264408678,0.8667711602363698,0.812734101182468,0.8788469608574214,0.7541945704275738,0.7185467256682606,0.8625139474636263,0.7446438025126686,0.84676571824973,0.8592679480148607,0.899611443058775,0.8408881451055861,0.7182814899242443,0.862551334239909,0.7837933115160165,0.7566113385500861,0.8369187677425234,0.8177493617047746,0.785016465826759,0.901186198756498,0.8660047883145258,-0.08572961197044983,0.7842608441857458,0.8706689145969465,0.8772298354819906,0.8707701976689731,0.7404979169975355,0.7167573319731911,0.6211800161424249,0.7862684675853316,0.8595863996724856,0.8099377410169349,0.1238629242909105,0.8612752222338264,0.8990613146155315,0.847702430011083,0.7869955572246439,0.8520947824433123,0.7265131981969648,-0.5567771649665584,0.876300064413463,0.7004373780928458,0.7274716676484246,-0.042223416015498456,0.8467745339615054,0.8355461665934202,0.8346523131755478,0.7872892111644243,1.093168754419176,0.8364064216438206,0.8091722980924662,0.7389851516562306,0.7844133168913343,0.7429183587290092,0.8104205178247533,0.8701422561880786,0.8126994559110915,0.8668850741267123,0.8466472277993483,0.7994110258163918,0.8451533014513323,0.7830457840695366,0.6259853012040802,0.8566186714061188,0.9027752162340301,0.7010137941816915,0.7868169557892609,0.7786658874157699,0.8616072788779858,0.8688252076580885,0.7240463981909232,0.8681392730906674,0.8092110791937072,0.8468055290292749,0.8467500245589918,0.810721463337891,0.8603314329936538,0.7850021437292791,0.8565767868400505,0.7418617814808417,0.8754945740976223,0.8772240298371394,1.0647550297313133,0.8450075332525131,0.8610205703439514,0.8620317756297171,-0.4446330784146341,0.860580142281524,0.46644495589761337,0.6994547943772951,0.813055070328131,0.7834417153858968,0.7267784015126376,0.7827333130103203,0.7475895630107318,0.8669025609714254,0.8992784909187727,0.812487636508713,0.8026124873198726,0.8616397576083418,0.8110793118766647,0.8673477115145934,0.8106271878593263,0.811803690419319,0.7783268919687648,0.7865242146629752,0.700984467187963,0.8586965873446789,0.8132477967330318,0.80228919459068,0.9009438842544609,0.8636944981855126,0.8688056985231558,1.3688259772568023,0.8083661034698254,0.8455612822975633,0.7835937160722986,0.8766363810715825,0.8463121292022546,0.8752763695852165,0.7854106395398063,0.7241635114635159,0.8996619977337008,0.7313162322252887,0.8002219426577699,-0.11066426808372769,0.7856576780979764,0.8474898390909589,0.8122247662353144
1072,1519074885,0.7206457604780447,0.8632924215284816,0.8707314449068593,0.8161061840013152,0.8829824608291313,0.7577752630365383,0.7213381425931668,0.8659693126380317,0.7473982591911749,0.8504022185254988,0.8639862548259535,0.9037911821128387,0.843521587390257,0.7217703520036169,0.8670049766670452,0.787610677486543,0.7599798337436996,0.8410991070595584,0.8205215058379082,0.7875569842322259,0.9064303731060307,0.8699577783092491,-0.08572961197044983,0.7874556032816252,0.8751263450954111,0.8814364939151018,0.87522966025324,0.7432789427932088,0.7195454977040945,0.6241553802583136,0.7893853907691307,0.8637047372213884,0.8121463978799143,-1.1539419284843786,0.865532706117859,0.9031305105164944,0.851344914747741,0.7910106768549006,0.8560130719062811,0.7295008140701275,-0.5567771649665584,0.8798971818889069,0.704193698865161,0.729714628938147,-0.042223416015498456,0.8514100741516897,0.8391266267827855,0.840018628737192,0.7904435239304426,1.0960111871827,0.8399908707749504,0.8113716865540174,0.7424477238904814,0.7884197398536373,0.7457065650822496,0.8131782908866227,0.8746586361145965,0.8149078606097621,0.8715070993166391,0.8508368613746224,0.8012754887828965,0.8503647914306897,0.7868705510261538,0.2592529381984718,0.8619016820721467,0.9073599948424438,0.7032667325290367,0.7893138334167702,0.782683582390959,0.8650550770566912,0.8729552373903907,0.7277585874911703,0.873144530501927,0.8119703442363575,0.8504330000634304,0.8514584236554394,0.812924698147752,0.8645892480594639,0.787860896991276,0.8617922402485492,0.7453428844759655,0.8802252975742636,0.8820290881965744,1.0651433667773267,0.8502339560756847,0.864563671222698,0.867210140674692,-0.4446068948551629,0.8648271678771391,0.46644495589761337,0.7017029368626077,0.8153044189813394,0.7859777443753085,0.7290197774385838,0.7862986589278219,0.7497667640157928,0.8715458553647122,0.9038640469631177,0.8146871673145812,0.8044835335925821,0.8659024907015694,0.8138890626719472,0.8722929558522738,0.8134359543163882,0.8151873986693553,0.7818985950331653,0.789643283039667,0.7039851841012328,0.8632999223810612,0.8160716038057035,0.8047769930272118,0.9056622174435501,0.8688221544102677,0.8737555091409102,1.369621423281243,0.8111242165005446,0.8497456194700398,0.7867638953374811,0.8801774635851214,0.8509505276737288,0.8788163104270553,0.7879504934725219,0.7264758844845494,0.9037303669600323,0.7335377282537118,0.802087947622812,-0.11066426808372769,0.7887743770955339,0.8511253010007435,0.814474448232991
1073,1519074890,0.7213431536560777,0.8632924215284816,0.8712264804906704,0.8161061840013152,0.8829824608291313,0.7577752630365383,0.7213381425931668,0.8665452068337659,0.7473982591911749,0.8504022185254988,0.8639862548259535,0.9037911821128387,0.8461265460317308,0.7217703520036169,0.8674998258256159,0.787610677486543,0.7599798337436996,0.8410991070595584,0.8205215058379082,0.7875569842322259,0.9064303731060307,0.8704519020585895,-0.08572961197044983,0.7874556032816252,0.8751263450954111,0.8814364939151018,0.87522966025324,0.7439741992421272,0.7202425391368203,0.6241553802583136,0.7893853907691307,0.8637047372213884,0.8121463978799143,0.4016465879377125,0.865532706117859,0.9031305105164944,0.851344914747741,0.7916798634599433,0.8560130719062811,0.7295008140701275,-0.5567771649665584,0.8798971818889069,0.704193698865161,0.729714628938147,-0.042223416015498456,0.8514100741516897,0.8391266267827855,0.840018628737192,0.7904435239304426,1.098818260919717,0.8399908707749504,0.8113716865540174,0.7431402383373316,0.7890874770140212,0.7457065650822496,0.8131782908866227,0.8746586361145965,0.8149078606097621,0.8715070993166391,0.8508368613746224,0.8012754887828965,0.8503647914306897,0.7868705510261538,0.6328401117275496,0.8619016820721467,0.9073599948424438,0.7047686914272668,0.7893138334167702,0.7833531982201573,0.8656297100864754,0.8729552373903907,0.7285010253512197,0.873144530501927,0.8119703442363575,0.8504330000634304,0.8514584236554394,0.812924698147752,0.8645892480594639,0.7885755853067753,0.8617922402485492,0.7453428844759655,0.8808166380088437,0.8820290881965744,1.0651433667773267,0.8502339560756847,0.864563671222698,0.8677855145685781,-0.4446068948551629,0.8648271678771391,0.46644495589761337,0.7032016985194827,0.8153044189813394,0.7859777443753085,0.7297669027472324,0.7870117281113221,0.7497667640157928,0.8715458553647122,0.9043735531902671,0.8146871673145812,0.8044835335925821,0.8659024907015694,0.8138890626719472,0.8727874802860419,0.8134359543163882,0.8151873986693553,0.7826129356460453,0.789643283039667,0.7039851841012328,0.8632999223810612,0.8160716038057035,0.8047769930272118,0.9056622174435501,0.8688221544102677,0.8737555091409102,1.369621423281243,0.8111242165005446,0.8497456194700398,0.7867638953374811,0.8807676440040445,0.8509505276737288,0.8788163104270553,0.7879504934725219,0.7264758844845494,0.9042389131133237,0.7335377282537118,0.802087947622812,-0.11066426808372769,0.7887743770955339,0.8511253010007435,0.814474448232991
1074,1519074896,0.7227379400121436,0.8650346321863367,0.8737016584097264,0.8177922254107387,0.8847548179598642,0.7592075400801243,0.7234317052868464,0.8694246778124369,0.7494641017000546,0.8522204686633832,0.8663454082315,0.9058810516398705,0.8488195450249044,0.7238636692512406,0.8694792224598986,0.7895193604718063,0.7613272318211449,0.8428906810525733,0.8221847923177883,0.7881921138335926,0.9085280428458438,0.8729225208052916,-0.17069114333744284,0.7887335069199769,0.8776026953723359,0.8838402987340226,0.8772116436240254,0.7453647121399638,0.721636622002272,0.6266348503548876,0.7912555446794103,0.8666464068991762,0.8132507263114039,0.5683167861257937,0.8681936335453794,0.9056737579545961,0.854380318694956,0.7943566098801145,0.8584620028206366,0.7309946220067087,-0.5567771649665584,0.8816957406266287,0.7056962271740871,0.7327052439911103,-0.042223416015498456,0.8531484017230089,0.8409168568774682,0.8418074005910734,0.7923361115900536,1.1016426533635946,0.8417830953405153,0.8124713807847931,0.7445252672310319,0.7910906884951726,0.74779771984718,0.8142814001113705,0.8766659160819377,0.8165641641337651,0.8740748910888206,0.8529316781622595,0.8025184640938996,0.8521019547571422,0.788145473345026,0.6259853012040802,0.8636626856274893,0.9093976742239609,0.7055196708763818,0.7899380528236475,0.7853620457077518,0.8679282422056124,0.8765690134061552,0.7292434632112691,0.8756471592075568,0.8136259032619477,0.852246735580508,0.8535510454760828,0.8145771242551478,0.866718155592369,0.7907196502532731,0.8641102195412153,0.746735325674015,0.8825906593125842,0.8838309850813626,1.0653375353003334,0.8523245252049534,0.8686972889145689,0.8700870101441225,-0.4445894391488488,0.8669506806749466,0.46644495589761337,0.7039510793479202,0.8164290933079437,0.7885137733647204,0.7305140280558812,0.7884378664783228,0.7519439650208538,0.8741254633609826,0.906411578098865,0.8168866981204495,0.8063545798652916,0.8685666988848367,0.8155749131491167,0.8752601024548821,0.8151212141906253,0.8163153014193674,0.7840416168718055,0.7908909103903438,0.7062357217861851,0.8650261730197045,0.8172011266347722,0.8072647914637435,0.9082835136597108,0.8708732169001696,0.875735433388012,1.3699396016910192,0.812779084318976,0.8518377880562781,0.7886660028965907,0.8825381852608141,0.853269726909466,0.8817662611285877,0.7885854569557008,0.7278633082971695,0.9062730977264893,0.735203850275029,0.8045759542428681,-0.11066426808372769,0.7906443964940684,0.8535489422739333,0.8155992892318292
1075,1519074902,0.7241327263682095,0.8667768428441919,0.8771669074964046,0.8194782668201623,0.8871179608008413,0.7606398171237101,0.7248274137492995,0.8723041487911081,0.7508413300393078,0.8546448021805624,0.8681147732856598,0.9079709211669024,0.8515125440180781,0.7259569864988641,0.8734380157284641,0.7907918157953151,0.7626746298985904,0.8446822550455882,0.8232936499710417,0.789462373036326,0.9111501300206102,0.8773696345493553,-0.17069114333744284,0.7906503623775045,0.8795837755938758,0.885643152348213,0.8791936269948106,0.7467552250378005,0.7230307048677237,0.628122532412832,0.7931256985896897,0.8684114087058488,0.8143550547428936,0.6794302515845145,0.8703223754873958,0.9077083559050776,0.856201561063285,0.7983717295103712,0.860421147552121,0.7324884299432901,-0.5567771649665584,0.8834942993643506,0.7079500196374763,0.7342005515175919,-0.042223416015498456,0.854886729294328,0.843303830337045,0.844192429729582,0.7935978366964609,1.1044641593563287,0.8459649526601668,0.8141209221309565,0.7459102961247321,0.7957648486178595,0.7498888746121103,0.8153845093361183,0.878673196049279,0.8176683664831004,0.8761291245065659,0.8560739033437151,0.8043829270604043,0.8544181725257455,0.7887829345044622,0.6225578959423456,0.865423689182832,0.9119447734508573,0.7070216297746119,0.7911864916374022,0.7887101248537428,0.8725253064438863,0.8786340282723064,0.730728338931368,0.8776492621720606,0.8152814622875378,0.8540604710975858,0.8556436672967261,0.8162295503625436,0.8693792900085003,0.7950077801462684,0.8658487040107149,0.7481277668720645,0.8843646806163247,0.8862335142610801,1.0655317038233403,0.8549377366165393,0.8704688393539421,0.872963879613553,-0.44457780201130603,0.8690741934727542,0.46644495589761337,0.7054498410047952,0.81811610479785,0.7891477806120734,0.7320082786731786,0.7927162815793246,0.7526696986892075,0.876189149757999,0.9084496030074627,0.8179864635233836,0.8076019440470978,0.8706980654314506,0.8172607636262861,0.8787217734912584,0.8162447207734501,0.8174432041693794,0.7868989793233258,0.7921385377410206,0.7069859010145025,0.869054091176539,0.8188954108783753,0.8078867410728765,0.9103805506326393,0.8729242793900717,0.8782103386968891,1.3702577801007954,0.8138823295312637,0.8544529987890759,0.7905681104557002,0.8843087265175835,0.8550091263362688,0.8835362315495072,0.7904903474052374,0.7287882575055828,0.9083072823396551,0.7363145982892405,0.8058199575528961,-0.11066426808372769,0.7912677362935798,0.8553666732288255,0.8167241302306676
1076,1519074907,0.7255275127242754,0.8690997903879988,0.8791470498316494,0.8206022944264446,0.8888903179315741,0.761355955645503,0.7262231222117527,0.8740318313783106,0.753595786717814,0.8564630523184469,0.8698841383398196,0.9100607906939342,0.8541848276343813,0.7273525313306132,0.8759122615213176,0.7920642711188239,0.7640220279760357,0.8476682117006132,0.8244025076242951,0.7926380210431596,0.9132477997604233,0.8793461295467171,-0.17069114333744284,0.7919282660158563,0.8820601258708006,0.8874460059624035,0.8816711062082921,0.7481457379356372,0.7251218291659012,0.6296102144707764,0.7937490832264495,0.8701764105125215,0.8165637116058729,0.7349869843138749,0.8729833029149162,0.909742953855559,0.8580228034316141,0.8003792893254994,0.8623802922836052,0.7347291418481621,-0.5567771649665584,0.8852928581020726,0.7094525479464023,0.7356958590440734,-0.042223416015498456,0.8572044993894202,0.8456908037966219,0.8459812015834633,0.7948595618028682,1.1072914382513497,0.8477571772257316,0.8152206163617322,0.7472953250184324,0.7984357972593948,0.7512829777887304,0.8170391731732399,0.8811822960084555,0.8187725688324357,0.8781833579243111,0.8581687201313521,0.8056259023714074,0.8561553358521979,0.7900578568233346,0.6225578959423456,0.8671846927381746,0.9139824528323746,0.708523588672842,0.7943075886717887,0.7920582039997338,0.8742492055332389,0.8806990431384575,0.7322132146514668,0.8801518908776904,0.816385168304598,0.8564787851203561,0.8582594445725303,0.8173311677674742,0.8715081975414054,0.7971518450927662,0.868166683303381,0.7502164286691387,0.8861387019200652,0.8880354111458683,1.0657744144770986,0.8570283057458079,0.8722403897933154,0.8752653751890974,-0.4445632555893776,0.8717285844700136,0.46644495589761337,0.7076979834901077,0.8198031162877563,0.7904157951067792,0.7335025292904761,0.7955685583133258,0.7555726333626223,0.8782528361550154,0.9104876279160605,0.8190862289263177,0.808225626138001,0.8728294319780644,0.8183846639443991,0.8811943956600986,0.8173682273562749,0.8185711069193915,0.7904706823877262,0.7940099787670357,0.7084862594711375,0.8713557586947301,0.820024933707444,0.8091306402911423,0.9124775876055679,0.8749753418799736,0.8801902629439908,1.3705759585105717,0.8149855747435514,0.8570682095218737,0.7912021463087368,0.8866694481932761,0.8573283255720059,0.8853062019704266,0.793030201337953,0.7297132067139963,0.9108500131061122,0.737425346303452,0.8070639608629241,-0.11066426808372769,0.7925144158926029,0.8583962248203127,0.8189738122283442
1077,1519074913,0.7283170854364072,0.872584211703709,0.8816222277507053,0.8228503496390094,0.8942073893237726,0.7649366482544676,0.730410247599112,0.8769113023569818,0.7563502433963203,0.8613117193528053,0.8734228684481392,0.9147629971297557,0.8567379978336787,0.7308413934099858,0.878386507314171,0.7939729541040872,0.7673905231696492,0.8512513596866431,0.8277290805840554,0.7945434098472598,0.9179675566750026,0.8813226245440787,-0.08572961197044983,0.7938451214733839,0.8865175563692652,0.8928545668049751,0.886130568792559,0.7516220201802288,0.7286070363295304,0.6330814726059799,0.7962426217734889,0.8737064141258667,0.8193245326845972,0.5683167861257937,0.8772407867989489,0.9138121497565219,0.8622723689577151,0.8030560357456705,0.8667883679294451,0.736969853753034,-0.5567771649665584,0.8900890147359977,0.7124576045642546,0.7401817816235183,-0.042223416015498456,0.8612605970558315,0.8504647507157757,0.8507512598604804,0.7980138745688865,1.1101338710148738,0.8513416263568615,0.8174200048232835,0.7514504116995334,0.8004390087405463,0.7554652873185911,0.8197969462351095,0.885196855943138,0.8209809735311062,0.8822918247598015,0.8623583537066263,0.8074903653379121,0.859629662505103,0.7919702403016431,0.5437275749224485,0.871293701033974,0.9190766512861674,0.7107765270201872,0.796804466299298,0.7947366673165265,0.8759731046225916,0.8848290728707597,0.7366678418117634,0.8846566225478241,0.8185925803387183,0.8613154131658968,0.862444688213817,0.8200852112798004,0.8762982394904418,0.7992959100392638,0.8728026418887131,0.7530013110652377,0.8896867445275461,0.8928404695053034,1.066162751523112,0.8617320862866623,0.875783490672062,0.878142244658528,-0.4445399813142921,0.8765064882650805,0.46644495589761337,0.7114448876322953,0.8220524649409647,0.793585831343544,0.7372381558337197,0.7977077658638269,0.758475568036037,0.882380208949048,0.9145636777332561,0.8212857597321859,0.8107203545016136,0.8776250067079455,0.8206324645806251,0.8836670178289388,0.8201769938133369,0.8208269124194157,0.7933280448392465,0.7971290471437276,0.7129873348410422,0.8742328430924691,0.8222839793655814,0.8109964891185413,0.9177201800378892,0.8795902324822531,0.8841501114381943,1.3713714045350123,0.8177436877742705,0.8617755888409098,0.7937382897208828,0.8902105307068151,0.8613869242345459,0.8888461428122655,0.7949350917874897,0.731563105130823,0.9149183823324436,0.7390914683247694,0.8095519674829802,-0.11066426808372769,0.7956311148901603,0.8620316867300973,0.8212234942260208
1078,1519074919,0.730409264970506,0.8743264223615642,0.88360237008595,0.8239743772452918,0.8959797464545055,0.7670850638198463,0.7318059560615651,0.8786389849441845,0.7584160859051999,0.8631299694906897,0.875192233502299,0.9173753340385455,0.8593817978067848,0.7336324830734838,0.8803659039484538,0.795245409427596,0.7694116202858172,0.8536401250106631,0.8288379382373088,0.79644879865136,0.920589643849769,0.8832991195414405,-0.17069114333744284,0.7951230251117357,0.8884986365908051,0.8946574204191656,0.8881125521633444,0.7537077895269838,0.7300011191949821,0.6350650486832391,0.7981127756837684,0.8754714159325394,0.8204288611160868,0.5127600533964333,0.8799017142264692,0.9158467477070034,0.8647006921154871,0.8050635955607989,0.8692372988438006,0.7399574696261967,-0.5567771649665584,0.8930866126322008,0.7162139253365697,0.7409294353867591,-0.042223416015498456,0.8629989246271507,0.8528517241753525,0.853136288998989,0.7992755996752938,1.112949604105321,0.8531338509224264,0.8190695461694469,0.7535279550400839,0.8024422202216979,0.7568593904952113,0.8209000554598572,0.8872041359104793,0.8220851758804416,0.8843460581775467,0.8644531704942634,0.8099763159599183,0.8613668258315554,0.7945200849393879,0.5677194117545911,0.8730547045893166,0.9211143306676847,0.7122784859184174,0.7980529051130526,0.7967455148041211,0.8776970037119444,0.8868940877369109,0.7388951553919115,0.8866587255123278,0.8202481393643084,0.8631291486829745,0.8650604654896212,0.8217376373871962,0.8784271470233469,0.8014399749857615,0.8745411263582127,0.7550899728623119,0.8926434467004469,0.8952429986850209,1.0664054621768704,0.8643452976982482,0.8775550411114352,0.8798683663401862,-0.44452834417674936,0.878630001062888,0.46644495589761337,0.7129436492891703,0.8237394764308711,0.7961218603329557,0.7394795317596659,0.7991339042308274,0.7606527690410981,0.8844438953460644,0.9176207150961527,0.82238552513512,0.8113440365925167,0.8802892148912128,0.8223183150577945,0.8856451155640109,0.8224240069789864,0.8225187665444339,0.7947567260650067,0.797752860819066,0.714487693297677,0.8759590937311124,0.82341350219465,0.8122403883368071,0.9198172170108178,0.8816412949721552,0.8861300356852961,1.3716895829447884,0.8188469329865582,0.8643907995737076,0.7956403972799924,0.8919810719635846,0.8631263236613488,0.8906161132331849,0.7968399822370263,0.7324880543392365,0.9169525669456093,0.7402022163389808,0.8114179724480223,-0.11066426808372769,0.7968777944891833,0.8644553280032871,0.8229107557242782
1079,1519074924,0.7331988376826377,0.8760686330194194,0.8860775480050059,0.8256604186547153,0.8983428892954826,0.7685173408634322,0.7338995187552447,0.8809425617271213,0.7597933142444531,0.8655543030078688,0.878141175259232,0.9194652035655774,0.8617511190363558,0.7350280279052329,0.8828401497413072,0.7971540924128593,0.7707590183632627,0.8554316990036781,0.8299467958905622,0.7970839282527267,0.9226873135895821,0.8857697382881425,-0.08572961197044983,0.7957619769309116,0.8904797168123448,0.8976621764428165,0.8900945355341296,0.7550983024248205,0.7320922434931596,0.6365527307411835,0.799359544957288,0.8784130856103272,0.8215331895475765,0.6794302515845145,0.8820304561684856,0.9183899951451051,0.8677360960627021,0.80774034198097,0.871196443575285,0.7414512775627781,-0.5567771649665584,0.8948851713699227,0.7177164536454959,0.7431723966764815,-0.042223416015498456,0.8647372521984698,0.8546419542700352,0.8549250608528703,0.8005373247817011,1.1157357510715478,0.8549260754879913,0.8207190875156104,0.7549129839337843,0.8044454317028493,0.7589505452601416,0.822003164684605,0.8892114158778206,0.8248456817537798,0.8869138499497283,0.8665479872819004,0.8112192912709214,0.8636830436001588,0.795157546098824,0.6362675169892843,0.8748157081446593,0.9236614298945811,0.7160333831639927,0.79867712451993,0.7994239781209139,0.8799955358310813,0.8889591026030621,0.739637593251961,0.8886608284768317,0.8213518453813685,0.8649428842000523,0.8671530873102646,0.8228392547921267,0.8810882814394783,0.8035840399322592,0.8762796108277122,0.7571786346593862,0.8944174680041874,0.8976455278647384,1.066599630699877,0.8664358668275168,0.8793265915508085,0.8821698619157307,-0.4445167070392066,0.8807535138606954,0.46644495589761337,0.7144424109460454,0.8248641507574753,0.7967558675803087,0.7402266570683146,0.8012731117813283,0.7621042363778054,0.8870235033423348,0.9196587400047506,0.8245850559409882,0.8150861291379357,0.8829534230744801,0.8234422153759076,0.8881177377328511,0.8235475135618112,0.823646669294446,0.7968997479036469,0.7990004881697428,0.7167382309826293,0.8776853443697558,0.8245430250237188,0.8147281867733389,0.9224385132269785,0.8836923574620571,0.8886049409941733,1.3721668505594529,0.819950178198846,0.8664829681599459,0.7969084689860654,0.893751613220354,0.8648657230881516,0.8935660639347173,0.7981099092033841,0.7338754781518565,0.9189867515587751,0.7418683383602981,0.8126619757580503,-0.11066426808372769,0.7975011342886947,0.8662730589581794,0.8240355967231165
1080,1519074930,0.7345936240387037,0.8778108436772746,0.8910279038431177,0.8267844462609977,0.9007060321364597,0.769949617907018,0.7352952272176978,0.8855497152929951,0.7611705425837062,0.8685847199043429,0.8799105403133918,0.9215550730926092,0.8644803699390531,0.7364235727369819,0.8867989430098727,0.7984265477363681,0.772106416440708,0.8572232729966931,0.8310556535438156,0.79835418745546,0.9247849833293952,0.8897227282828659,-0.17069114333744284,0.7976788323884392,0.8929560670892697,0.8994650300570071,0.8925720147476112,0.7564888153226572,0.7341833677913371,0.6380404127991278,0.7999829295940478,0.8801780874169998,0.8226375179790661,0.0683061915615501,0.8841591981105019,0.9214418920708273,0.870164419220474,0.8124246482162695,0.8731555883067694,0.74369198946765,-0.5567771649665584,0.8966837301076446,0.7184677177999589,0.745415357966204,-0.042223416015498456,0.867055022293562,0.8564321843647178,0.8567138327067517,0.8011681873349048,1.118577462222286,0.8573157082420778,0.8229184759771617,0.7562980128274845,0.8091195918255362,0.7610417000250719,0.8231062739093528,0.8912186958451619,0.8259498841031151,0.8889680833674736,0.8691665082664467,0.8137052418929277,0.8665783158109128,0.7964324684176963,0.4511876328556127,0.8777507140702302,0.9262085291214776,0.7175353420622228,0.7999255633336846,0.803441673096103,0.8834433340097867,0.891540371185751,0.7411224689720598,0.8906629314413356,0.8224555513984287,0.86675661971713,0.8692457091309079,0.8244916808995225,0.8837494158556096,0.8085868581407538,0.8780180952972119,0.7592672964564605,0.8961914893079279,0.8988467924545972,1.067085052007394,0.8685264359567855,0.8822791756164307,0.8856221052790472,-0.44450216061727815,0.882877026658503,0.46644495589761337,0.7174399342597955,0.8259888250840796,0.7980238820750146,0.741720907685612,0.8055515268823302,0.7628299700461592,0.8890871897393512,0.9216967649133483,0.8262347040453893,0.8163334933197419,0.8856176312577474,0.8245661156940205,0.8920739332029954,0.824671020144636,0.824774572044458,0.8004714509680473,0.8002481155204195,0.7174884102109468,0.8811378456470425,0.8262373092673219,0.8165940356007377,0.9245355501999071,0.8862561855744346,0.8910798463030505,1.372485028969229,0.8210534234111336,0.868575136746184,0.7975425048391019,0.897292695733893,0.8671849223238887,0.8965160146362496,0.7987448726865629,0.7385002241939235,0.9220380284785236,0.746311330417144,0.8145279807230923,-0.11066426808372769,0.7987478138877178,0.8680907899130718,0.8251604377219548
1081,1519074935,0.7359884103947695,0.8807145281070331,0.891522939426929,0.8279084738672801,0.9024783892671926,0.770665756428811,0.7366909356801509,0.8861256094887292,0.763236385092586,0.8704029700422273,0.8822696937189383,0.923644942619641,0.8662567135057042,0.737819117568731,0.8872937921684434,0.799699003059877,0.7734538145181534,0.8590148469897081,0.832164511197069,0.8002595762595602,0.9268826530692083,0.8902168520322064,-0.17069114333744284,0.798956736026791,0.8954324173661945,0.9012678836711976,0.8945539981183965,0.7585745846694122,0.7355774506567888,0.6395280948570722,0.8012296988675676,0.8819430892236724,0.8237418464105558,0.2905331224789917,0.8868201255380224,0.9239851395089291,0.8719856615888031,0.8130938348213123,0.8751147330382538,0.7451857974042313,-0.5567771649665584,0.8984822888453665,0.7199702461088849,0.7469106654926856,-0.042223416015498456,0.8687933498648811,0.8594159011891889,0.8585026045606331,0.8024299124413121,1.1213109314551446,0.8591079328076427,0.8240181702079373,0.7576830417211848,0.80978732898592,0.7624358032016921,0.8242093831341005,0.8937277958043384,0.8270540864524504,0.8910223167852188,0.8712613250540838,0.8149482172039307,0.8683154791373654,0.7977073907365687,0.6294127064658149,0.8795117176255729,0.9282462085029948,0.7190373009604529,0.8011740021474393,0.8041112889253013,0.8840179670395709,0.8936053860519021,0.7426073446921587,0.8926650344058393,0.8235592574154889,0.8691749337399003,0.8713383309515513,0.825593298304453,0.8858783233885147,0.8085868581407538,0.8797565797667114,0.76065973765451,0.8991481914808287,0.9012493216343147,1.0672792205304007,0.8706170050860541,0.8840507260558038,0.8861974791729333,-0.4444876141953497,0.8855314176557624,0.46644495589761337,0.7181893150882329,0.8276758365739859,0.7992918965697204,0.7439622836115581,0.8062645960658305,0.7657329047195739,0.8916667977356216,0.9242442960490955,0.8273344694483235,0.8169571754106452,0.8877489978043612,0.8256900160121335,0.8925684576367634,0.8257945267274607,0.8259024747944701,0.8011857915809273,0.8008719291957579,0.7189887686675818,0.8817132625265902,0.8273668320963905,0.8178379348190036,0.9266325871728356,0.8883072480643367,0.8930597705501523,1.3728032073790053,0.8221566686234213,0.8711903474789818,0.798810576545175,0.8996534174095856,0.87008392136856,0.8988759751974755,0.8006497631360996,0.7394251734023369,0.9245807592449807,0.7468667044242498,0.8157719840331203,-0.11066426808372769,0.7999944934867408,0.8711203415045589,0.8268476992202123
1082,1519074941,0.7387779831069012,0.8847796863086952,0.8949881885136072,0.830718542882986,0.9072046749491468,0.7771110031249473,0.7401802068362836,0.8890050804674003,0.7659908417710922,0.8746455536972909,0.8858084238272578,0.9283471490554626,0.8687218433533016,0.740610207232229,0.8917474345955796,0.802880141368649,0.7795171058666577,0.862597994975738,0.8349366553302026,0.8028000946650271,0.932126827418741,0.8936757182775893,-0.08572961197044983,0.8008735914843186,0.8993945778092741,0.9054745421043088,0.8995089565453597,0.7620508669140038,0.7390626578204179,0.6434952470115906,0.8037232374146068,0.8854730928370177,0.8270548317050248,-0.5428178684614143,0.8916097949075591,0.928054335409892,0.875628146325461,0.8164397678465262,0.8795228086840936,0.7474265093091034,-0.5567771649665584,0.9026789259000509,0.722224038572274,0.7491536267824079,-0.042223416015498456,0.8740083325788386,0.8629963613785542,0.862676405553023,0.8055842252073304,1.1241338806734504,0.8626923819387725,0.8262175586694886,0.7611456139554357,0.8131260147878392,0.7652240095549325,0.8275187108083438,0.8982441757308562,0.829262491151121,0.8951307836207092,0.875450958629358,0.8168126801704354,0.872947914674572,0.8008946965337496,0.42034098550000076,0.8847947282916008,0.9328309871114083,0.7212902393077981,0.8049193185887031,0.8087985997296886,0.8868911321884921,0.8977354157842043,0.7463195339924058,0.897670291817099,0.8263185224581391,0.8734069832797484,0.875523574592838,0.8277965331143141,0.8906683653375511,0.8114456114027507,0.8849720331752101,0.763444620050609,0.9026962340883097,0.9060543799937497,1.0677646418379174,0.8753207856269086,0.8875938269345504,0.890225096430136,-0.44446433992026424,0.8903093214508293,0.46644495589761337,0.721186838401983,0.8299251852271944,0.8024619328064851,0.7476979101548018,0.8091168727998317,0.767910105724635,0.8957941705296544,0.9283203458662911,0.8295340002541917,0.8194519037742577,0.8920117308975889,0.8279378166483594,0.8965246531069078,0.8286032931845226,0.8292861830445064,0.8061861758710879,0.8046148112477882,0.7219894855808515,0.8863165975629724,0.8296258777545279,0.8197037836464024,0.9313509203619248,0.8934349042890917,0.8980095811679066,1.373757742608334,0.8254664042602843,0.8753746846514584,0.8007126841042844,0.9037846803420477,0.8735627202221657,0.9024159160393145,0.8031896170688152,0.7412750718191636,0.9291576746246035,0.7490882004526729,0.8176379889981624,-0.11066426808372769,0.8031111924842982,0.8753617137326409,0.8290973812178889
1083,1519074947,0.7401727694629672,0.8882641076244054,0.896968330848852,0.8318425704892684,0.9089770320798797,0.7778271416467402,0.7422737695299633,0.890732763054603,0.7673680701103454,0.8764638038351753,0.8893471539355774,0.9309594859642524,0.8713967163917136,0.7427035244798526,0.8937268312298624,0.8035163690304035,0.780864503944103,0.865583951630763,0.836045512983456,0.8040703538677606,0.9342244971585542,0.8956522132749509,-0.08572961197044983,0.8040683505801979,0.901870928086199,0.9072773957184993,0.9019864357588413,0.7634413798118405,0.7404567406858696,0.6454788230888497,0.8055933913248863,0.889003096450363,0.8281591601365145,-0.32059093754397266,0.8937385368495755,0.9300889333603735,0.8774493886937901,0.8184473276616545,0.8819717395984491,0.7496672212139753,-0.5567771649665584,0.9050770042170135,0.7244778310356632,0.7506489343088896,-0.042223416015498456,0.8763261026739307,0.8647865914732369,0.8650614346915315,0.8068459503137377,1.126957551504542,0.8644846065043374,0.8278671000156521,0.7632231572959861,0.8151292262689906,0.7666181127315528,0.8286218200330916,0.9012550956818681,0.830918794675124,0.8987256921017635,0.877545775416995,0.8186771431369401,0.8746850780010245,0.8034445411714943,0.437478011808674,0.8871427330320576,0.9348686664929255,0.7220412187569132,0.8055435379955804,0.8108074472172832,0.8886150312778448,0.8998004306503555,0.7478044097125046,0.8996723947816028,0.8279740814837293,0.8758252973025187,0.8781393518686422,0.8294489592217099,0.8927972728704562,0.8135896763492484,0.8867105176447097,0.7655332818476832,0.9056529362612105,0.9078562768785379,1.068007352491676,0.8779339970384944,0.8893653773739236,0.8913758442179082,-0.4444527027827215,0.8929637124480887,0.46644495589761337,0.7226856000588581,0.8310498595537986,0.8037299473011911,0.7484450354634505,0.8105430111668324,0.7693615730613423,0.8988897001251789,0.9313773832291878,0.8306337656571258,0.8206992679560641,0.8941430974442027,0.8296236671255289,0.89850275084198,0.8302885530587598,0.8315419885445305,0.807614857096848,0.805862438598465,0.7242400232658038,0.8880428482016158,0.8318849234126653,0.8209476828646683,0.9334479573348533,0.8959987324014692,0.8999895054150084,1.3742350102229983,0.8271212720787158,0.8779898953842562,0.8032488275164306,0.9055552215988172,0.8764617192668371,0.9041858864602339,0.803824580551994,0.7422000210275771,0.9311918592377693,0.7496435744597786,0.8195039939632045,-0.11066426808372769,0.8049812118828327,0.8771794446875333,0.8307846427161464
1084,1519074952,0.740870162641,0.8882641076244054,0.8989484731840967,0.8324045842924096,0.9089770320798797,0.7778271416467402,0.7429716237611899,0.8924604456418056,0.7673680701103454,0.8764638038351753,0.8899369422869641,0.9309594859642524,0.8737582693549583,0.7427035244798526,0.8957062278641451,0.8047888243539123,0.780864503944103,0.865583951630763,0.8365999418100827,0.8040703538677606,0.9342244971585542,0.898122832021653,-0.17069114333744284,0.8040683505801979,0.901870928086199,0.9072773957184993,0.9019864357588413,0.7634413798118405,0.7404567406858696,0.6454788230888497,0.8055933913248863,0.889003096450363,0.8281591601365145,0.5127600533964333,0.8937385368495755,0.9305975828479938,0.8774493886937901,0.8204548874767829,0.8819717395984491,0.7496672212139753,-0.5567771649665584,0.9050770042170135,0.7244778310356632,0.7506489343088896,-0.042223416015498456,0.8763261026739307,0.8647865914732369,0.8650614346915315,0.8074768128669414,1.1297335958917667,0.8644846065043374,0.8278671000156521,0.7632231572959861,0.8178001749105259,0.7666181127315528,0.8286218200330916,0.9012550956818681,0.830918794675124,0.8987256921017635,0.877545775416995,0.8186771431369401,0.8746850780010245,0.8034445411714943,0.6636867590831615,0.8871427330320576,0.9348686664929255,0.7235431776551432,0.8055435379955804,0.8128162947048777,0.8909135633969817,0.8998004306503555,0.7478044097125046,0.8996723947816028,0.8279740814837293,0.8758252973025187,0.8781393518686422,0.8294489592217099,0.8927972728704562,0.8150190529802469,0.8867105176447097,0.7655332818476832,0.9056529362612105,0.9078562768785379,1.068007352491676,0.8779339970384944,0.8893653773739236,0.8936773397934527,-0.4444527027827215,0.8929637124480887,0.46644495589761337,0.7226856000588581,0.8310498595537986,0.804997961795897,0.7484450354634505,0.8126822187173333,0.7693615730613423,0.899405621724433,0.9313773832291878,0.8311836483585928,0.8206992679560641,0.8941430974442027,0.8296236671255289,0.900480848577052,0.8308503063501722,0.8315419885445305,0.8090435383226082,0.805862438598465,0.7257403817224387,0.8897690988402592,0.8318849234126653,0.8221915820829342,0.9334479573348533,0.8959987324014692,0.8999895054150084,1.3742350102229983,0.8271212720787158,0.8779898953842562,0.8032488275164306,0.9055552215988172,0.8764617192668371,0.9053658667408468,0.803824580551994,0.7422000210275771,0.9311918592377693,0.7496435744597786,0.8195039939632045,-0.11066426808372769,0.8049812118828327,0.8771794446875333,0.8307846427161464
1085,1519074958,0.7436597353531319,0.8917485289401158,0.9014236511031526,0.8346526395049743,0.9131125320515896,0.7806916957339118,0.7457630406860961,0.8947640224247425,0.7701225267888516,0.880706387490239,0.8934756723952837,0.935139225018316,0.8762259886246645,0.7461923865592252,0.8981804736569986,0.8066975073391756,0.7835593000989938,0.8691670996167928,0.8388176571165895,0.8059757426718608,0.9384198366381803,0.9005934507683552,-0.08572961197044983,0.8066241578569013,0.9063283585846635,0.9108831029468804,0.9059504025004118,0.7662224056075139,0.743244906416773,0.6489500812240533,0.8080869298719257,0.8937097679348234,0.8309199812152386,0.45720332066707287,0.8979960207336082,0.9346667787489567,0.8823060350093341,0.823131633896954,0.886379815244289,0.7519079331188473,-0.5567771649665584,0.9086741216924573,0.7282341518079785,0.7543872031250937,-0.042223416015498456,0.879802757816569,0.8683670516626022,0.8698314929685487,0.810000263079756,1.1325442776927128,0.8692638720125105,0.8300664884772034,0.7659932150833868,0.8198033863916775,0.7708004222614133,0.8308280384825871,0.9052696556165507,0.8336793005484623,0.9033477172916902,0.8822591131891784,0.8205416061034448,0.8793175135382311,0.805994385809239,0.6465497327744882,0.8906647401427428,0.9394534451013392,0.7257961160024884,0.8080404156230897,0.8148251421924723,0.8937867285459029,0.9049629678157334,0.7500317232926529,0.9036766007106105,0.8307333465263796,0.8794527683366742,0.8823245955099289,0.8322030027340361,0.8975873148194926,0.8178778062422438,0.8901874865837088,0.7683181642437822,0.9092009788686914,0.9114600706481142,1.0683956895376894,0.8826377775793489,0.8946800286920434,0.8948280875812248,-0.44442651922325027,0.8972107380437038,0.46644495589761337,0.7249337425441705,0.8332992082070071,0.8068999835379558,0.7514335366980454,0.8148214262678342,0.7715387740664035,0.9035329945184657,0.9354534330463834,0.833383179164461,0.8238176784105798,0.8989386721740837,0.8324334179208114,0.9024589463121242,0.8330973195158218,0.8337977940445547,0.8111865601612485,0.8077338796244801,0.727990919407391,0.892646183237998,0.834708730485337,0.824057430910333,0.9376420312807104,0.9001008573812732,0.9044443349709873,1.3748713670425508,0.8304310077155788,0.8821742325567327,0.8057849709285766,0.9090963041123562,0.8799405181204428,0.9089058075826857,0.8063644344847096,0.7445123940486106,0.9352602284641006,0.7524204444953073,0.8226140022382745,-0.11066426808372769,0.8080979108803902,0.8808149065973179,0.833034324713823
1086,1519074964,0.7450545217091977,0.893490739597971,0.9034037934383973,0.8357766671112566,0.9148848891823225,0.7814078342557048,0.7478566033797758,0.8964917050119452,0.7714997551281048,0.8825246376281234,0.8952450374494435,0.9372290945453479,0.8784477127940328,0.7475879313909742,0.9001598702912813,0.8079699626626844,0.7849066981764392,0.8715558649408128,0.8399265147698429,0.8085162610773277,0.9405175063779934,0.9035581932643977,-0.17069114333744284,0.8079020614952531,0.9088047088615884,0.9126859565610709,0.9084278817138934,0.7676129185053505,0.7453360307149505,0.6504377632819976,0.8105804684189649,0.895474769741496,0.8325764738624731,0.2905331224789917,0.9006569481611285,0.9377186756746788,0.8841272773776631,0.8251391937120823,0.8883389599757734,0.75489554899201,-0.5567771649665584,0.9104726804301793,0.7289854159624415,0.7558825106515752,-0.042223416015498456,0.8821205279116612,0.8701572817572848,0.8722165221070571,0.8106311256329597,1.1353311462717253,0.8722509129551187,0.8322658769387548,0.7673782439770871,0.8224743350332128,0.7721945254380336,0.8319311477073349,0.9072769355838919,0.8353356040724652,0.9054019507094354,0.8854013383706341,0.823027556725451,0.8810546768646835,0.8072693081281114,0.6396949222510189,0.8924257436980854,0.9414911244828563,0.7272980749007185,0.810537293250599,0.817503605509265,0.8972345267246084,0.9070279826818844,0.7515165990127517,0.9056787036751143,0.8329407585604999,0.8812665038537519,0.8849403727857331,0.8338554288414319,0.8997162223523977,0.8193071828732423,0.8919259710532084,0.7711030466398812,0.9109750001724319,0.9132619675329023,1.0686384001914477,0.8852509889909347,0.8964515791314167,0.8971295831567692,-0.4444148820857075,0.8993342508415113,0.46644495589761337,0.7279312658579207,0.8355485568602156,0.8088020052800147,0.7521806620066941,0.8176737030018354,0.7729902414031108,0.905596680915482,0.9374914579549811,0.8350328272688622,0.8250650425923861,0.9010700387206976,0.8341192683979809,0.9044370440471964,0.834782579390059,0.8354896481695728,0.8140439226127687,0.8089815069751568,0.7302414570923434,0.8943724338766414,0.8358382533144058,0.825301330128599,0.939739068253639,0.9021519198711752,0.9064242592180891,1.375189545452327,0.8315342529278664,0.884266401142971,0.8076870784876862,0.912047206206972,0.8828395171651143,0.911855758284218,0.8089042884174251,0.7454373432570239,0.9378029592305578,0.7535311925095188,0.8238580055483026,-0.11066426808372769,0.8093445904794132,0.8832385478705076,0.8347215862120805
1087,1519074969,0.7464493080652637,0.8958136871417778,0.9058789713574532,0.836900694717539,0.9166572463130552,0.7828401112992907,0.7499501660734553,0.8993711759906162,0.7735655976369845,0.8843428877660078,0.8976041908549899,0.9398414314541377,0.8811355329429889,0.7489834762227233,0.9021392669255641,0.8086061903244388,0.7862540962538845,0.8739446302648328,0.8410353724230963,0.8104216498814278,0.9426151761178064,0.9055346882617593,-0.17069114333744284,0.8091799651336049,0.9107857890831282,0.9144888101752614,0.9114008567700713,0.7703939443010238,0.747427155013128,0.6529172333785717,0.8118272376924845,0.8972397715481687,0.8342329665097076,0.45720332066707287,0.903317875588649,0.9397532736251603,0.8859485197459921,0.8271467535272107,0.8907878908901289,0.7571362608968819,-0.5567771649665584,0.9134702783263824,0.7304879442713675,0.7573778181780568,-0.042223416015498456,0.8855971830542995,0.8743344853115443,0.8740052939609385,0.811892850739367,1.1381562603283888,0.8746405457092052,0.8339154182849182,0.7687632728707874,0.8251452836747482,0.7735886286146537,0.8335858115444567,0.9097860355430685,0.8364398064218005,0.9074561841271807,0.8880198593551804,0.8248920196919557,0.8827918401911361,0.8091816916064198,0.6362675169892843,0.8941867472534281,0.9435288038643735,0.7288000337989486,0.812409951471231,0.8201820688260578,0.898958425813961,0.9096092512645734,0.7530014747328505,0.9076808066396181,0.83404446457756,0.8842893963822148,0.8875561500615373,0.8349570462463625,0.9018451298853029,0.82145124781974,0.893664455522708,0.7731917084369555,0.9127490214761724,0.9150638644176905,1.0689296529759578,0.8873415581202033,0.8988136463839144,0.8994310787323136,-0.4444003356637791,0.9019886418387707,0.46644495589761337,0.7301794083432331,0.8372355683501218,0.8094360125273676,0.755169163241289,0.8205259797358366,0.7751674424081719,0.9081762889117525,0.939529482863579,0.8361325926717963,0.8263124067741924,0.9032014052673114,0.8358051188751504,0.9069096662160365,0.8359060859728837,0.837181502294591,0.816901285064289,0.810852948001172,0.7317418155489783,0.8960986845152847,0.8369677761434744,0.8265452293468648,0.9418361052265676,0.9042029823610772,0.9084041834651908,1.3755077238621034,0.8326374981401541,0.8874046540223283,0.8095891860467956,0.9144079278826646,0.8845789165919171,0.9136257287051375,0.8108091788669618,0.7463622924654373,0.9403456899970148,0.7546419405237303,0.8251020088583306,-0.11066426808372769,0.8105912700784362,0.8856621891436973,0.8364088477103379
1088,1519074975,0.7506336671334612,0.8992981084574881,0.9103342916117538,0.8391487499301038,0.9207927462847653,0.788569219473634,0.7534394372295882,0.9034024353607558,0.7776972826547439,0.8879793880417766,0.9011429209633095,0.9445436378899592,0.8837715646497686,0.7531701107179704,0.9065929093527003,0.8111511009714565,0.7909699895249434,0.8787221609128727,0.8443619453828566,0.8123270386855279,0.9478593504673392,0.9094876782564827,-0.17069114333744284,0.8110968205911325,0.9147479495262079,0.9192964198131028,0.915364823511642,0.7738702265456155,0.7502153207440314,0.6558925974944604,0.8149441608762837,0.9013581090970715,0.8364416233726869,-0.9317149975669371,0.9081075449581857,0.9438224695261231,0.8901980852720931,0.8325002463675529,0.8947061803530977,0.7608707807383353,-0.5567771649665584,0.9176669153810669,0.7349955291981458,0.7611160869942609,-0.042223416015498456,0.8890738381969377,0.8779149455009096,0.8781790949533285,0.815678026058589,1.1409972498663412,0.8782249948403351,0.8366646538618573,0.7736108739987385,0.8291517066370512,0.7770738865562042,0.8363435846063261,0.913800595477751,0.8392003122951387,0.9120782093171074,0.8922094929304545,0.8279994579694635,0.886266166844041,0.8123689974036008,0.2661077487219411,0.8988827567343417,0.9481135824727871,0.733305910493639,0.8142826096918628,0.824199763801247,0.9024062239926665,0.9137392809968757,0.7581985397531965,0.9126860640508777,0.8368037296202103,0.8897306029334481,0.8922645491579849,0.8382618984611541,0.906102944951113,0.8264540660282347,0.8988799089312066,0.7766728114320792,0.9180710853873939,0.920469555072055,1.069366532152723,0.8920453386610578,0.9023567472626609,0.9046094437772885,-0.4443770613886936,0.9078283020327413,0.46644495589761337,0.7324275508285457,0.8394849170033303,0.8126060487641323,0.7589047897845326,0.8240913256533382,0.779521844418294,0.9123036617057851,0.9446245451350734,0.8383321234776645,0.828807135137805,0.9079969799971925,0.8386148696704329,0.9118549105537169,0.8387148524299456,0.8400012591696212,0.8204729881286894,0.8139720163778639,0.7354927116905655,0.9001266026721193,0.8392268218016118,0.8284110781742636,0.9465544384156568,0.9093306385858322,0.9123640319593943,1.376303169886544,0.8359472337770172,0.8915889911948048,0.8121253294589418,0.9179490103962036,0.8880577154455228,0.9171656695469764,0.8127140693164985,0.7482121908822641,0.9444140592233463,0.7563080625450477,0.8282120171334008,-0.11066426808372769,0.8143313088755052,0.8905094716900769,0.8386585297080145
1089,1519074980,0.7513310603114942,0.8992981084574881,0.9108293271955651,0.8391487499301038,0.9207927462847653,0.788569219473634,0.7541372914608147,0.9039783295564899,0.7776972826547439,0.8879793880417766,0.9011429209633095,0.9445436378899592,0.8860580243718573,0.7531701107179704,0.907087758511271,0.8111511009714565,0.7909699895249434,0.8787221609128727,0.8443619453828566,0.8123270386855279,0.9478593504673392,0.9099818020058231,-0.17069114333744284,0.8110968205911325,0.9147479495262079,0.9192964198131028,0.915364823511642,0.7738702265456155,0.7502153207440314,0.6558925974944604,0.8149441608762837,0.9013581090970715,0.8369937875884318,0.4016465879377125,0.9081075449581857,0.9438224695261231,0.8908051660615361,0.8331694329725957,0.8947061803530977,0.7608707807383353,-0.5567771649665584,0.9176669153810669,0.7349955291981458,0.7611160869942609,-0.042223416015498456,0.8890738381969377,0.8779149455009096,0.8781790949533285,0.815678026058589,1.1437797887686385,0.8782249948403351,0.8366646538618573,0.7736108739987385,0.829819443797435,0.7770738865562042,0.8363435846063261,0.913800595477751,0.8392003122951387,0.9120782093171074,0.8922094929304545,0.8279994579694635,0.886266166844041,0.8123689974036008,0.6362675169892843,0.8988827567343417,0.9481135824727871,0.7340568899427541,0.8149068290987402,0.8248693796304452,0.9024062239926665,0.9137392809968757,0.7581985397531965,0.9126860640508777,0.8368037296202103,0.8897306029334481,0.8922645491579849,0.8382618984611541,0.906102944951113,0.8271687543437338,0.8988799089312066,0.7766728114320792,0.9180710853873939,0.920469555072055,1.069366532152723,0.8920453386610578,0.9023567472626609,0.9046094437772885,-0.4443770613886936,0.9078283020327413,0.46644495589761337,0.7324275508285457,0.8394849170033303,0.8126060487641323,0.7589047897845326,0.8240913256533382,0.779521844418294,0.9123036617057851,0.9446245451350734,0.8383321234776645,0.828807135137805,0.908529821633846,0.8386148696704329,0.912349434987485,0.8387148524299456,0.8400012591696212,0.8204729881286894,0.8139720163778639,0.7369930701472004,0.9007020195516671,0.8392268218016118,0.8284110781742636,0.9465544384156568,0.9093306385858322,0.9123640319593943,1.376303169886544,0.8359472337770172,0.8915889911948048,0.8121253294589418,0.9179490103962036,0.8880577154455228,0.9171656695469764,0.8127140693164985,0.7482121908822641,0.9444140592233463,0.7563080625450477,0.8282120171334008,-0.11066426808372769,0.8143313088755052,0.8905094716900769,0.8386585297080145
1090,1519074986,0.753423239845593,0.9010403191153433,0.913304505114621,0.8408347913395273,0.922565103415498,0.7892853579954269,0.7555329999232678,0.9068578005351611,0.779074510993997,0.8910098049382505,0.9046816510716291,0.947155974798749,0.8870937932153857,0.7545656555497194,0.9090671551455537,0.8130597839567197,0.7923173876023888,0.8805137349058877,0.84547080303611,0.8135972978882614,0.9499570202071522,0.9124524207525252,-0.17069114333744284,0.8130136760486601,0.9167290297477477,0.9217002246320235,0.9173468068824272,0.7752607394434522,0.751609403609483,0.6578761735717196,0.8161909301498034,0.9037114448393018,0.8380981160199215,-0.653931333920135,0.9102362869002021,0.946365716964225,0.8938405700087512,0.8358461793927668,0.8971551112674531,0.7623645886749166,-0.5567771649665584,0.9200649936980294,0.7364980575070719,0.7633590482839833,-10.534816248471937,0.890812165768257,0.8797051755955924,0.8799678668072098,0.8169397511649963,1.146439653497339,0.8800172194058999,0.8383141952080208,0.7749959028924388,0.8318226552785865,0.7791650413211346,0.8374466938310738,0.9158078754450922,0.8414087169938094,0.914646001089289,0.8943043097180915,0.8292424332804667,0.8880033301704935,0.8130064585630369,0.6019934643719377,0.9006437602896843,0.9501512618543043,0.7363098282900993,0.8161552679124948,0.8268782271180398,0.9052793891415876,0.9163205495795647,0.7596834154732953,0.9146881670153816,0.8379074356372704,0.8915443384505257,0.8943571709786282,0.8399143245685499,0.9087640793672443,0.8300275076057307,0.9006183934007063,0.7780652526301287,0.9198451066911344,0.9222714519568431,1.0695607006757297,0.8941359077903265,0.9053093313282831,0.9063355654589468,-0.44436251496676515,0.9099518148305489,0.46644495589761337,0.7339263124854207,0.8406095913299345,0.8138740632588383,0.76039904040183,0.8262305332038391,0.7802475780866477,0.9153991913013096,0.9466625700436712,0.8405316542835327,0.8319255455923208,0.9111940298171133,0.8397387699885458,0.9143275327225572,0.8398383590127704,0.8411291619196333,0.8226160099673296,0.8152196437285406,0.7377432493755178,0.9024282701903104,0.8409211060452149,0.8315208262199283,0.9491757346318175,0.9113817010757341,0.9143439562064961,1.3767804375012083,0.8370504789893048,0.893681159781043,0.8133934011650148,0.919719551652973,0.8897971148723256,0.9195256301082023,0.8139839962828562,0.7500620892990909,0.946448243836512,0.7585295585734706,0.8307000237534568,-0.11066426808372769,0.8149546486750167,0.8923272026449691,0.8397833707068528
1091,1519074991,0.7603971716259225,0.9091706355186673,0.9207300388717887,0.8464549293709391,0.9314268890691623,0.7950144661697703,0.7625115422355333,0.9137685308839717,0.7859606526902627,0.8994949722483778,0.9117591112882684,0.9555154529068762,0.8871662970344327,0.7615433797084646,0.9169847416826847,0.8175133775890007,0.7990543779896156,0.8882772222089526,0.8515695201290038,0.8180432050978285,0.9583476991664046,0.9198642769926315,-0.08572961197044983,0.8181252906020671,0.9246533506339071,0.9301135414982459,0.9252747403655683,0.7822133039326356,0.7599739008021931,0.6643227958228118,0.821178007243882,0.9119481199371074,0.8436197581773698,-2.2650765830715867,0.9187512546682675,0.9550127582537711,0.9011255394820672,0.8425380454431947,0.9049916901933907,0.7675929164529512,-0.5567771649665584,0.9278587482281577,0.7417569065883132,0.768592624626669,-10.534816248471937,0.8977654760535335,0.886866095974323,0.8877192115073625,0.8219866515906256,1.1465053202608526,0.8889783422337245,0.8443625134772869,0.7819210473609405,0.8391677640428087,0.7861355572042357,0.8435137945671866,0.9243388153062926,0.8480339310898212,0.9233764931147062,0.9037309852624583,0.8348358221799806,0.8961100923606051,0.8174686866790901,0.1495759698229627,0.9088617768812832,0.9588113992257523,0.7415666844339047,0.8205248037606361,0.8335743854100217,0.9121749854989983,0.9245806090441692,0.7648804804936412,0.922696578873397,0.8439778187311011,0.8994038590245294,0.9027276582612016,0.8459732202956677,0.9178119363820909,0.8350303258142254,0.9075723312787045,0.7850274586203762,0.9275325323406765,0.9300796717909251,1.070580085421515,0.902498184307401,0.9129860498989005,0.91324005218558,-0.4443130571322085,0.9184458660217789,0.46644495589761337,0.7406707399413583,0.8462329629629557,0.8183121139903089,0.7656289175623711,0.8326481558553419,0.7853277137651236,0.9236539368893751,0.9548146696780624,0.8460304812982032,0.8375386844104492,0.9197194960035686,0.8459202217381672,0.9217453992290777,0.8454558919268943,0.8467686756696937,0.8276163942574902,0.8195863394559093,0.74299450397374,0.9099086896244316,0.8471334816050927,0.8358744734838589,0.9580881417667637,0.9200987166578177,0.9227586342566786,1.3785304187549776,0.843118327656887,0.902049834125996,0.8184656879893069,0.9279820775178972,0.8973345123884713,0.9283754822127994,0.8184287406651085,0.7579241575706047,0.9550935284424662,0.7657494206658454,0.835676036993569,-0.11066426808372769,0.8205647068706201,0.9002040367828358,0.8454075757010443
1092,1519074996,0.7603971716259225,0.909751372404619,0.9207300388717887,0.8464549293709391,0.9314268890691623,0.7950144661697703,0.7625115422355333,0.9137685308839717,0.7866492668598893,0.9001010556276726,0.9117591112882684,0.9555154529068762,0.8871662970344327,0.7615433797084646,0.9169847416826847,0.8175133775890007,0.7990543779896156,0.8882772222089526,0.8515695201290038,0.8193134643005618,0.9583476991664046,0.9198642769926315,-0.08572961197044983,0.8181252906020671,0.925148620689292,0.9301135414982459,0.9257702362082646,0.7822133039326356,0.7599739008021931,0.6643227958228118,0.821178007243882,0.9119481199371074,0.8441719223931147,-3.2650977722000736,0.9192834401537715,0.9550127582537711,0.9011255394820672,0.8425380454431947,0.9049916901933907,0.7675929164529512,-0.5567771649665584,0.9278587482281577,0.7417569065883132,0.768592624626669,-10.534816248471937,0.8989243611010796,0.8880595827041113,0.8877192115073625,0.8219866515906256,1.1465060418736384,0.8901731586107677,0.8443625134772869,0.7819210473609405,0.8391677640428087,0.7861355572042357,0.8440653491795604,0.924840635298128,0.8480339310898212,0.9233764931147062,0.9042546894593676,0.8348358221799806,0.8961100923606051,0.8174686866790901,-0.14518088268621795,0.9094487780663973,0.9588113992257523,0.7415666844339047,0.8211490231675134,0.8335743854100217,0.9121749854989983,0.9250968627607069,0.7648804804936412,0.922696578873397,0.8439778187311011,0.9006130160359145,0.9027276582612016,0.846524028998133,0.9183441632653172,0.8350303258142254,0.9075723312787045,0.7850274586203762,0.9287152132098369,0.9300796717909251,1.0706286275522667,0.902498184307401,0.9135765667120249,0.91324005218558,-0.4443101478478228,0.9189767442212308,0.46644495589761337,0.7406707399413583,0.8467953001262578,0.8183121139903089,0.7656289175623711,0.8326481558553419,0.7867791811018309,0.9236539368893751,0.9558336821323612,0.8465803639996703,0.8375386844104492,0.9197194960035686,0.8459202217381672,0.9217453992290777,0.8454558919268943,0.8467686756696937,0.8276163942574902,0.8202101531312477,0.74299450397374,0.9099086896244316,0.8471334816050927,0.8364964230929919,0.9580881417667637,0.9206114822802932,0.9227586342566786,1.3785304187549776,0.843118327656887,0.9025728762725556,0.8184656879893069,0.9279820775178972,0.8979143121974056,0.9283754822127994,0.8196986676314663,0.7579241575706047,0.9550935284424662,0.7657494206658454,0.835676036993569,-0.11066426808372769,0.8205647068706201,0.9008099471011333,0.8459699962004634
1093,1519075002,0.7603971716259225,0.909751372404619,0.9207300388717887,0.8470169431740804,0.9314268890691623,0.7950144661697703,0.7625115422355333,0.9137685308839717,0.7866492668598893,0.9001010556276726,0.9117591112882684,0.9560379202886342,0.8871662970344327,0.7615433797084646,0.9169847416826847,0.8187858329125095,0.7990543779896156,0.8888744135399576,0.8515695201290038,0.8193134643005618,0.9583476991664046,0.9198642769926315,-0.08572961197044983,0.8181252906020671,0.925148620689292,0.9313154439077063,0.9257702362082646,0.7829085603815539,0.7599739008021931,0.6648186898421267,0.8218013918806418,0.9119481199371074,0.8441719223931147,-4.320675694057921,0.9198156256392755,0.9550127582537711,0.9011255394820672,0.8425380454431947,0.9054814763762618,0.7675929164529512,-0.5567771649665584,0.9284582678073984,0.7417569065883132,0.768592624626669,-12.357853613184446,0.8989243611010796,0.8880595827041113,0.8877192115073625,0.8219866515906256,1.1465060418736384,0.8901731586107677,0.8443625134772869,0.7826135618077906,0.8391677640428087,0.7861355572042357,0.8446169037919343,0.924840635298128,0.8480339310898212,0.9233764931147062,0.9042546894593676,0.8348358221799806,0.8972682012449067,0.8174686866790901,-0.4330829246719293,0.9100357792515116,0.9588113992257523,0.7415666844339047,0.8211490231675134,0.8349136170684182,0.9121749854989983,0.9250968627607069,0.7656229183536907,0.9231971046145229,0.8445296717396312,0.9006130160359145,0.9032508137163625,0.846524028998133,0.9183441632653172,0.8350303258142254,0.9087313209250376,0.7850274586203762,0.9287152132098369,0.9300796717909251,1.0706286275522667,0.902498184307401,0.9135765667120249,0.91324005218558,-0.4443101478478228,0.9189767442212308,0.46644495589761337,0.7406707399413583,0.8473576372895599,0.8189461212376619,0.7671231681796685,0.8326481558553419,0.7867791811018309,0.9236539368893751,0.9558336821323612,0.8465803639996703,0.8375386844104492,0.9197194960035686,0.8459202217381672,0.9217453992290777,0.8460176452183067,0.8467686756696937,0.8297594160961305,0.8214577804819244,0.74299450397374,0.9099086896244316,0.8471334816050927,0.8364964230929919,0.9586124010099959,0.9211242479027687,0.923253615318454,1.3785304187549776,0.843118327656887,0.9025728762725556,0.8184656879893069,0.9291624383557435,0.8979143121974056,0.9283754822127994,0.8203336311146452,0.7579241575706047,0.9556020745957576,0.7657494206658454,0.835676036993569,-0.11066426808372769,0.8205647068706201,0.9014158574194308,0.8459699962004634
1094,1519075007,0.7617919579819883,0.9109128461765225,0.9207300388717887,0.8470169431740804,0.9320176747794066,0.7957306046915632,0.7625115422355333,0.9137685308839717,0.7866492668598893,0.9001010556276726,0.9129386879910415,0.9570828550521502,0.8871662970344327,0.7622411521243392,0.9174795908412554,0.8187858329125095,0.7997280770283384,0.8900687962019675,0.8521239489556305,0.8193134643005618,0.9588721166013578,0.9198642769926315,-0.17069114333744284,0.8206810978787706,0.925643890744677,0.9313154439077063,0.926265732050961,0.7829085603815539,0.7599739008021931,0.6653145838614415,0.8224247765174016,0.9131247878082225,0.8441719223931147,-5.431810348645129,0.9203478111247797,0.9550127582537711,0.9011255394820672,0.8425380454431947,0.9059712625591329,0.7683398204212419,-0.5567771649665584,0.9296573069658796,0.7432594348972392,0.7693402783899097,-12.357853613184446,0.9000832461486257,0.8880595827041113,0.8889117260766168,0.8226175141438292,1.1465067634864243,0.8901731586107677,0.8443625134772869,0.7833060762546408,0.8391677640428087,0.7868326087925457,0.8446169037919343,0.9253424552899633,0.8480339310898212,0.9238900514691425,0.9042546894593676,0.8348358221799806,0.8972682012449067,0.8200185313168349,-0.7484042087515179,0.91120978162174,0.9593208190711315,0.7430686433321347,0.8211490231675134,0.8349136170684182,0.9121749854989983,0.9256131164772448,0.7671077940737895,0.9236976303556489,0.8450815247481613,0.9006130160359145,0.9042971246266842,0.846524028998133,0.9183441632653172,0.8350303258142254,0.9098903105713706,0.7857236792194009,0.9298978940789971,0.9312809363807838,1.0706286275522667,0.9030208265897183,0.9141670835251493,0.9143907999733522,-0.4443101478478228,0.9189767442212308,0.46644495589761337,0.7406707399413583,0.8473576372895599,0.8189461212376619,0.7671231681796685,0.8326481558553419,0.7867791811018309,0.9241698584886292,0.9563431883595107,0.8471302467011373,0.8375386844104492,0.9197194960035686,0.8464821718972237,0.9222399236628458,0.8460176452183067,0.8478965784197058,0.8297594160961305,0.8214577804819244,0.74299450397374,0.9110595233835271,0.8488277658486958,0.8371183727021249,0.9586124010099959,0.9216370135252442,0.923253615318454,1.3786895079598658,0.8436699502630308,0.9025728762725556,0.8197337596953799,0.9291624383557435,0.8990739118152742,0.9283754822127994,0.8203336311146452,0.7579241575706047,0.9556020745957576,0.7657494206658454,0.835676036993569,-0.11066426808372769,0.8211880466701316,0.9020217677377281,0.8459699962004634
1095,1519075012,0.7617919579819883,0.9109128461765225,0.9207300388717887,0.8475789569772215,0.9320176747794066,0.7957306046915632,0.7632093964667599,0.9137685308839717,0.7866492668598893,0.9007071390069674,0.9141182646938147,0.9570828550521502,0.8871662970344327,0.7622411521243392,0.9174795908412554,0.8194220605742639,0.7997280770283384,0.8900687962019675,0.8526783777822572,0.8193134643005618,0.9588721166013578,0.9198642769926315,-0.17069114333744284,0.8206810978787706,0.925643890744677,0.9313154439077063,0.926265732050961,0.7829085603815539,0.7599739008021931,0.6653145838614415,0.8224247765174016,0.9131247878082225,0.8441719223931147,-5.820707477750652,0.9203478111247797,0.9555214077413915,0.9023397010609532,0.8425380454431947,0.9059712625591329,0.7683398204212419,-0.5567771649665584,0.9296573069658796,0.7432594348972392,0.7693402783899097,-12.357853613184446,0.9000832461486257,0.8880595827041113,0.8889117260766168,0.8238792392502365,1.1465067634864243,0.8901731586107677,0.8443625134772869,0.7833060762546408,0.8391677640428087,0.7868326087925457,0.8451684584043082,0.9253424552899633,0.8480339310898212,0.9238900514691425,0.9042546894593676,0.8348358221799806,0.8972682012449067,0.8200185313168349,-0.858081177127027,0.91120978162174,0.9593208190711315,0.7430686433321347,0.8211490231675134,0.8349136170684182,0.9121749854989983,0.9256131164772448,0.7671077940737895,0.9236976303556489,0.8450815247481613,0.9006130160359145,0.9042971246266842,0.846524028998133,0.9188763901485435,0.8350303258142254,0.9098903105713706,0.7857236792194009,0.9298978940789971,0.9312809363807838,1.0706286275522667,0.9030208265897183,0.9141670835251493,0.9143907999733522,-0.4443101478478228,0.9189767442212308,0.46644495589761337,0.7406707399413583,0.8473576372895599,0.8202141357323677,0.7671231681796685,0.8326481558553419,0.7867791811018309,0.9246857800878833,0.9563431883595107,0.8476801294026044,0.8375386844104492,0.9202523376402221,0.8464821718972237,0.9222399236628458,0.8465793985097191,0.8478965784197058,0.8297594160961305,0.8220815941572628,0.7444948624303749,0.9110595233835271,0.8488277658486958,0.8383622719203907,0.9586124010099959,0.9216370135252442,0.923253615318454,1.3786895079598658,0.8436699502630308,0.9025728762725556,0.8197337596953799,0.9291624383557435,0.8990739118152742,0.9289654723531059,0.8203336311146452,0.7579241575706047,0.9556020745957576,0.7657494206658454,0.835676036993569,-0.11066426808372769,0.8211880466701316,0.9020217677377281,0.8459699962004634
1096,1519075017,0.7617919579819883,0.9109128461765225,0.9212250744555999,0.8475789569772215,0.9320176747794066,0.7985951587787349,0.7632093964667599,0.9143444250797059,0.7900923377080221,0.901919305765557,0.9141182646938147,0.958650257197424,0.8871688864565416,0.7622411521243392,0.9214383841098209,0.8194220605742639,0.8030965722219519,0.8900687962019675,0.8532328066088839,0.821218853104662,0.9588721166013578,0.920358400741972,-0.17069114333744284,0.8219590015171223,0.925643890744677,0.9325173463171667,0.926265732050961,0.7829085603815539,0.7627620665330964,0.666306371900071,0.8224247765174016,0.91371312174378,0.8458284150403491,-6.431831537773617,0.9203478111247797,0.9555214077413915,0.9029467818503961,0.8438764186532802,0.906461048742004,0.7683398204212419,-0.5567771649665584,0.9314558657036015,0.7432594348972392,0.7708355859163913,-12.357853613184446,0.9000832461486257,0.8916400428934766,0.8930855270690068,0.8238792392502365,1.1465132580014972,0.8907705667992895,0.8443625134772869,0.7833060762546408,0.8391677640428087,0.7875296603808558,0.8451684584043082,0.9253424552899633,0.8485860322644888,0.9244036098235788,0.9047783936562769,0.8348358221799806,0.8990053645713593,0.8225683759545795,-1.019169224428556,0.9153187899175395,0.9593208190711315,0.7430686433321347,0.8230216813881454,0.8396009278728055,0.9133242515585669,0.9266456239103202,0.7671077940737895,0.9256997333201527,0.8450815247481613,0.9012175945416071,0.9042971246266842,0.8498288812129245,0.9194086170317697,0.8371743907607231,0.9116287950408701,0.7857236792194009,0.9298978940789971,0.9312809363807838,1.070871338206025,0.9066793225659384,0.9159386339645226,0.9143907999733522,-0.44430723856343707,0.9195076224206827,0.46644495589761337,0.7436682632551085,0.8473576372895599,0.8221161574744266,0.7671231681796685,0.8326481558553419,0.7904078494435993,0.9246857800878833,0.9563431883595107,0.8476801294026044,0.8381623665013523,0.9207851792768755,0.8470441220562802,0.9222399236628458,0.8482646583839563,0.85015238391973,0.8340454597734109,0.8220815941572628,0.7444948624303749,0.9150874415403616,0.8499572886777644,0.8383622719203907,0.9601851787396923,0.9252263728825727,0.9247385585037803,1.3786895079598658,0.8447731954753185,0.905711129151913,0.8203677955484164,0.9291624383557435,0.8990739118152742,0.9289654723531059,0.8203336311146452,0.7588491067790181,0.9556020745957576,0.7668601686800569,0.840030048578667,-0.11066426808372769,0.823058066068666,0.9020217677377281,0.8476572576987209
1097,1519075023,0.7680684965842848,0.9138165306062811,0.9227101812070334,0.8481409707803628,0.9331992461998951,0.8021758513876995,0.7632093964667599,0.9154962134711743,0.7969784794042878,0.9055558060413259,0.9176569948021344,0.9649198657785195,0.887176654722868,0.7657300142037118,0.9249023282198158,0.8200582882360183,0.8071387664542881,0.8936519441879975,0.8593315237017776,0.8237593715101289,0.9599209514712644,0.926287885734057,-0.08572961197044983,0.8264316642513535,0.9301013212431416,0.937324955955008,0.9267612278936572,0.7829085603815539,0.7697324808603548,0.6712653120932189,0.8261650843379607,0.9166547914215678,0.8480370719033284,-6.876285399608499,0.9251374804943164,0.9560300572290118,0.9053751050081682,0.8438764186532802,0.9123384829364571,0.7683398204212419,-0.5567771649665584,0.9374510614960079,0.7462644915150914,0.7708355859163913,-12.357853613184446,0.9000832461486257,0.8928335296232651,0.8942780416382611,0.8301878647822731,1.1465175876782123,0.8937576077418976,0.8493111375157772,0.7860761340420414,0.8431741870051116,0.7875296603808558,0.8501324499156733,0.9283533752409752,0.8524507404871624,0.9274849599501966,0.9079206188377325,0.8398077234239931,0.9036378001085659,0.8251182205923243,-1.149410624374473,0.9164927922877679,0.9603396587618902,0.7490764789250552,0.8255185590156546,0.8436186228479946,0.9190705818564092,0.9276781313433958,0.7693351076539378,0.9292034135080344,0.8483926427993417,0.9054496440814551,0.90795921281281,0.8514813073203203,0.9236664320975799,0.8371743907607231,0.9151057639798693,0.7857236792194009,0.9322632558173177,0.9318815686757131,1.0711140488597835,0.9082472494128898,0.916529150777647,0.9149661738672383,-0.4442926921415086,0.9237546480162977,0.46644495589761337,0.7504126907110461,0.852418671759279,0.8240181792164855,0.7671231681796685,0.8362135017728435,0.7962137187904289,0.928813152881916,0.958890719495258,0.8482300121040715,0.8412807769558681,0.9234493874601428,0.8509777731696756,0.9232289725303818,0.8505116715496057,0.8529721407947602,0.8383315034506914,0.8276959172353082,0.7444948624303749,0.9185399428176483,0.8544753799940392,0.8383622719203907,0.9649035119287815,0.9267646697499992,0.9296883691215346,1.3799622215989706,0.8469796858998938,0.9072802555915916,0.824806046519672,0.930932979612513,0.9042921100956827,0.9295554624934124,0.8254133389800763,0.7616239544042583,0.9571277130556319,0.7701924127226915,0.8412740518886951,-0.11066426808372769,0.8249280854672005,0.9062631399658102,0.8504693601958166
1098,1519075028,0.7701606761183836,0.9190431625798465,0.9271655014613341,0.8543231226149157,0.9331992461998951,0.8043242669530782,0.7673965218541191,0.9206792612327823,0.799732936082794,0.9085862229377999,0.921195724910454,0.9675322026873092,0.8871947806776297,0.7671255590354609,0.9268817248540985,0.8264205648535625,0.8098335626091788,0.8978322835050324,0.8615492390082844,0.8294755379224295,0.9656895432557504,0.9282643807314186,-0.08572961197044983,0.8296264233472328,0.9305965912985266,0.9397287607739288,0.9307251946352278,0.7870800990750638,0.7711265637258065,0.6732488881704781,0.8267884689747205,0.9172431253571254,0.8491414003348181,-7.265182528714022,0.9267340369508287,0.9621338510804561,0.9059821857976111,0.844545605258323,0.9142976276679414,0.7773026680407298,-0.5567771649665584,0.9410481789714517,0.7477670198240175,0.7708355859163913,1.7213120347098658,0.9047187863388101,0.8993977066371015,0.8972593280613967,0.8320804524418841,1.1465204741293558,0.897939465061549,0.853160067323492,0.7916162496168426,0.8471806099674146,0.7875296603808558,0.8517871137527949,0.932869755167493,0.8535549428364977,0.9285120766590692,0.9115865482160973,0.8435366493570025,0.9053749634350183,0.8289429875489414,-1.259087592749982,0.9200147993984531,0.9603396587618902,0.7513294172724004,0.8267669978294092,0.8462970861647874,0.9213691139755461,0.929743146209547,0.7745321726742836,0.9317060422136643,0.8494963488164018,0.9102862721269958,0.9116213009989359,0.8553369682375771,0.9263275665137113,0.8378890790762223,0.9174237432725354,0.7947745470067227,0.9369939792939591,0.9378878916250071,1.0715509280365485,0.9113831031067928,0.9183007012170202,0.9178430433366688,-0.44426941786642316,0.9285325518113646,0.8853189328228174,0.7519114523679211,0.8557926947390916,0.8271882154532502,0.7716059200315608,0.8404919168738453,0.7991166534638436,0.9324246040766946,0.9629667693124535,0.8515293083128738,0.8425281411376744,0.9245150707334497,0.8549114242830711,0.925207070265454,0.8538821912980801,0.8574837517948086,0.8411888659022116,0.8295673582613234,0.7482457585719621,0.9202661934562917,0.8578639484812454,0.8414720199660555,0.9675248081449422,0.9308667947298032,0.9316682933686364,1.3807576676234112,0.8508410441429006,0.9130337192037469,0.8286102616378911,0.9332937012882057,0.904871909904617,0.9360453540367837,0.8292231198791495,0.7648612766337052,0.9591618976687977,0.7735246567653259,0.8443840601637651,-0.11066426808372769,0.8286681242642695,0.9080808709207026,0.8560935651900082
1099,1519075034,0.778529394254779,0.9225275838955569,0.9306307505480124,0.8588192330400453,0.9402886747228264,0.8651960413054767,0.7764686268600643,0.9235587322114533,0.8066190777790597,0.9140409733514531,0.9253242433701602,0.9727568765048888,0.8923192470309862,0.7782899176894531,0.9323250655983761,0.886225965058478,0.8185916501125737,0.9038041968150823,0.8670935272745515,0.8891777204509012,0.9714581350402364,0.9332056182248228,-0.08572961197044983,0.8896878943497649,0.936539831963146,0.9445363704117701,0.93716664059028,0.7947279200131655,0.7780969780530649,1.1116192012447554,0.8592044700862316,0.9248914665193735,0.8552152067080113,-7.598522925090185,0.9320558918058696,0.9667116964690393,0.9120529936920412,0.8519066579137935,0.9539703084805002,0.8385487934405642,-0.5567771649665584,0.9458443356053767,0.8146295295712284,0.779807431075281,-1.0347659812478642,0.9105132115765405,0.9029781668264668,0.9026256436230409,0.8926432575494355,1.1466251079833063,0.9027187305697221,0.8586585384773703,0.7999264229790446,0.8538579815712529,0.7965913310288871,0.8584057691012815,0.9368843151021755,0.8601801569325095,0.9362154519756138,0.9173472943820993,0.9031994642851521,0.9105864534143758,0.8901392588548143,-1.3379179137698791,0.925297810064481,0.966962116751821,0.8136607115489504,0.8586021875801524,0.8523236286275712,0.92596617821382,0.9359381908080003,0.8376393907784844,0.9367112996249238,0.8561185849187626,0.9151229001725364,0.917899166460866,0.8619466726671603,0.9332465159956528,0.8771969364286801,0.9220597018578676,0.8010405323979454,0.9423160432051805,0.9438942145743009,1.0765507675039716,0.9171321682122816,0.9242058693482644,0.924747530063302,-0.39413081076348144,0.9333104556064316,1.0634228285232978,0.8141100611282347,0.8602913920455085,0.8886869184464861,0.8119506866985917,0.9060942817558737,0.8586268142688461,0.9370678984699814,0.9685713378110974,0.8575780180290113,0.9036489860461834,0.9309091703732912,0.8610928760326925,0.9316358879044385,0.8600614775036164,0.863123265544869,0.9061938616742987,0.8900772847691464,0.812010992978945,0.9254449453722217,0.8629468012120545,0.9018011320519509,0.9727674005772635,0.9365072165770337,0.9376080661099417,1.382030381262516,0.8569088928104829,0.9172180563762233,0.890111739382433,0.9380151446395909,0.9100901081850254,0.9395852948786225,0.8889096872979649,0.8744677578306921,0.9647559053550033,0.8940408163072742,0.9053402223551388,-0.08689855459740743,0.8885087450173731,0.9135340637853794,0.8605929291853615
1100,1519075040,0.778529394254779,0.9225275838955569,0.9306307505480124,0.8588192330400453,0.9402886747228264,0.8659121798272695,0.7771664810912908,0.9235587322114533,0.8066190777790597,0.9140409733514531,0.9253242433701602,0.9727568765048888,0.8930261592666944,0.7782899176894531,0.9323250655983761,0.886225965058478,0.8192653491512965,0.9038041968150823,0.8670935272745515,0.8891777204509012,0.9714581350402364,0.9332056182248228,-0.08572961197044983,0.8896878943497649,0.937035102018531,0.9445363704117701,0.9376621364329762,0.7947279200131655,0.7780969780530649,1.1121150952640702,0.8592044700862316,0.9248914665193735,0.8557673709237561,-3.709551634034957,0.9320558918058696,0.9667116964690393,0.9120529936920412,0.8519066579137935,0.9549498808462424,0.8385487934405642,1.6876182311668722,0.9458443356053767,0.8146295295712284,0.779807431075281,-0.042223416015498456,0.9110926541003136,0.9029781668264668,0.9026256436230409,0.8926432575494355,1.146625829596092,0.9027187305697221,0.8586585384773703,0.7999264229790446,0.8545257187316367,0.7965913310288871,0.8584057691012815,0.9368843151021755,0.8607322581071771,0.9362154519756138,0.9173472943820993,0.9031994642851521,0.9105864534143758,0.8901392588548143,-1.4167482347897764,0.925297810064481,0.966962116751821,0.8136607115489504,0.8592264069870297,0.8523236286275712,0.92596617821382,0.9359381908080003,0.8376393907784844,0.9367112996249238,0.8561185849187626,0.9151229001725364,0.917899166460866,0.8619466726671603,0.9332465159956528,0.8771969364286801,0.9220597018578676,0.8010405323979454,0.9423160432051805,0.9438942145743009,1.0765507675039716,0.9171321682122816,0.9242058693482644,0.924747530063302,-0.3873114481634295,0.9333104556064316,1.116853997233442,0.8141100611282347,0.8602913920455085,0.8886869184464861,0.8119506866985917,0.9068073509393739,0.8586268142688461,0.9370678984699814,0.9685713378110974,0.8575780180290113,0.9042726681370865,0.9309091703732912,0.8610928760326925,0.9316358879044385,0.8600614775036164,0.863123265544869,0.9061938616742987,0.8900772847691464,0.8127611722072624,0.9254449453722217,0.8629468012120545,0.9018011320519509,0.9727674005772635,0.9365072165770337,0.9376080661099417,1.382030381262516,0.8569088928104829,0.9172180563762233,0.890111739382433,0.9380151446395909,0.9106699079939597,0.9395852948786225,0.8889096872979649,0.8744677578306921,0.9647559053550033,0.8940408163072742,0.9053402223551388,-0.039367127624766934,0.8885087450173731,0.9135340637853794,0.8605929291853615
1101,1519075045,0.7834111465010095,0.961436955254322,0.9355811063861242,0.8627533296620336,0.9804621030194375,0.8687767339144412,0.7806557522474237,0.9644472201085827,0.8100621486271926,0.9594972267985633,0.9648400629130626,0.9753692134136785,0.8954265535615713,0.7817787797688257,0.9367787080255123,0.8900433310290045,0.8233075433836327,0.9479963553094516,0.8693112425810583,0.891718238856368,0.974604639649956,0.9381468557182271,-0.08572961197044983,0.8916047498072925,0.9409972624616106,0.9841991499239616,0.9406351114891542,0.8002899716045122,0.7815821852166941,1.1458358885774762,0.890373701924223,0.9643098402017293,0.8590803562182251,-3.042870841282632,0.9368455611754063,0.9712895418576226,0.9594052952685953,0.8559217775440502,0.9588681703092112,0.8415364093137268,1.711900716132767,0.9848131082560181,0.8168833220346174,0.8388720783713047,-0.042223416015498456,0.9493358606693347,0.9477339191935332,0.9473449399700758,0.8945358452090465,1.1466337673367366,0.9469269365203231,0.8614077740543093,0.8026964807664452,0.8598676160147075,0.8007736405587478,0.8606119875507771,0.940898875036858,0.8640448651551831,0.939810360456668,0.9210132237604641,0.9056854149071584,0.9488040465963304,0.8933265646519951,-1.481868934762735,0.9658008918373612,0.9695092159787174,0.8181665882436406,0.8904373773308955,0.8570109394319585,0.9667651233285006,0.9400682205403027,0.8398667043586326,0.9402149798128056,0.8594297029699429,0.9604662880994799,0.9215612546469919,0.865802333584417,0.9369721041782366,0.9086432223106463,0.9608858550100247,0.8045216353930692,0.9831185331912117,0.9835359460396401,1.0781526578187772,0.9213133064708189,0.9643610126407252,0.965023702635329,-0.37606997329713227,0.9375574812020466,1.116853997233442,0.8163582036135473,0.862540740698717,0.8912229474358978,0.8381000725012969,0.9117988352238762,0.8615297489422609,0.9411952712640141,0.971628375173994,0.8608773142378137,0.9080147606825054,0.9362375867398258,0.863902626827975,0.9365811322421189,0.8634319972520906,0.8665069737949053,0.9097655647386991,0.8919487257951615,0.8157618891205323,0.9651487100610187,0.8657706082847262,0.9049108800976156,0.9753886967934242,0.9411221071793132,0.9410729335423698,1.3829849164918449,0.8602186284473459,0.9214023935486998,0.8926478827945791,0.9805081348020583,0.9495164951925565,0.9826545751209954,0.8908145777475016,0.8901918943737198,0.9693328207346261,0.9062590444636007,0.9090722322852229,-0.039367127624766934,0.8910021042154191,0.9595832479759846,0.8634050316824572
1102,1519075051,0.7862007192131413,0.9643406396840806,0.9380562843051802,0.8655633986777395,0.9828252458604145,0.8723574265234059,0.7834471691723298,0.9667507968915197,0.814193833644952,0.9625276436950373,0.9677890046699956,0.9764141481771945,0.8968766299425109,0.7845698694323239,0.9392529538183657,0.8925882416760221,0.8273497376159687,0.9503851206334716,0.8715289578875651,0.8948938868632017,0.9761778919548159,0.9401233507155887,-0.08572961197044983,0.8947995089031718,0.9434736127385355,0.9848001011286918,0.9426170948599395,0.8037662538491038,0.7850673923803232,1.1473235706354206,0.8928672404712624,0.9660748420084019,0.8623933415126941,-3.3762112376587945,0.9395064886029267,0.9738327892957244,0.9618336184263673,0.8599368971743069,0.9608273150406956,0.8437771212185988,1.635584334811383,0.9854126278352587,0.8191371144980066,0.8411150396610272,-0.042223416015498456,0.9510741882406539,0.9501208926531101,0.9509224836778386,0.8964284328686575,1.1466380970134518,0.9505113856514529,0.8652567038620241,0.8054665385538459,0.8632063018166266,0.8035618469119882,0.8628182060002726,0.9444116149797053,0.8668053710285213,0.9423781522288496,0.924679153138829,0.9094143408401677,0.9516993188070846,0.8952389481303036,-1.5435622294739588,0.968148896577818,0.9715468953602346,0.8204195265909858,0.8929342549584047,0.8603590185779494,0.9684890224178533,0.9431657428395294,0.8420940179387808,0.9432181342595612,0.8621889680125933,0.9622800236165576,0.9247001873779569,0.8691071857992086,0.939633238594368,0.9129313522036417,0.9632038343026907,0.8073065177891682,0.9848925544949522,0.9847372106294988,1.0785409948647906,0.924971802447039,0.9667230798932228,0.9673251982108734,-0.36507869688800415,0.939680993999854,1.116853997233442,0.8201051077557349,0.8659147636785297,0.8943929836726625,0.8410885737358917,0.9146511119578774,0.8644326836156756,0.9442908008595386,0.9736664000825919,0.864726493148083,0.9098858069552149,0.9394346365597466,0.867274327782314,0.9390537544109591,0.866802517000565,0.8687627792949294,0.9126229271902194,0.8938201668211766,0.8180124268054846,0.9674503775792098,0.8685944153573979,0.9092645273615462,0.9764372152798885,0.9441987009141662,0.9435478388512469,1.3840985409260618,0.8624251188719212,0.9245406464280572,0.8951840262067252,0.9834590368966741,0.9524154942372279,0.9850145356822213,0.893989395163396,0.8962040642284068,0.9718755515010833,0.9118127845346583,0.911560238905279,-0.039367127624766934,0.8928721236139536,0.9620068892491743,0.8667795546789722
1103,1519075057,0.788990291925273,0.9672443241138392,0.9400364266404249,0.8678114538903042,0.9840068172809031,0.8745058420887846,0.7862385860972361,0.9684784794787223,0.8176369044930849,0.9643458938329217,0.9683787930213822,0.9774590829407104,0.8990931752676616,0.7873609590958219,0.9412323504526485,0.8944969246612854,0.8300445337708595,0.9515795032954816,0.8743011020206987,0.8967992756673019,0.9772267268247223,0.9425939694622908,-0.08572961197044983,0.8967163643606995,0.9454546929600753,0.9866029547428823,0.945094574073421,0.8072425360936956,0.7878555581112265,1.148811252693365,0.8947373943815419,0.9678398438150745,0.8651541625914183,-2.598416979447749,0.9421674160304471,0.9763760367338262,0.9636548607946963,0.862613643594478,0.96278645977218,0.8467647370917615,1.7569967596408576,0.98661166699374,0.8213909069613957,0.8433580009507496,-0.042223416015498456,0.9533919583357461,0.9519111227477927,0.9515187409624657,0.8989518830814721,1.1466417050773812,0.9517062020284962,0.8663563980927997,0.8082365963412464,0.8665449876185458,0.8063500532652286,0.8650244244497682,0.9474225349307172,0.8684616745525242,0.9439188272921585,0.9257265615326475,0.9100358284956692,0.953436482133537,0.8971513316086122,-1.5778362820913054,0.9693228989480465,0.9730751548963725,0.822672464938331,0.8960553519927914,0.8630374818947422,0.9707875545369903,0.9447145039891427,0.8443213315189291,0.9452202372240651,0.8643963800467135,0.964698337639328,0.9262696537434394,0.8702088032041392,0.941762146127273,0.9150754171501394,0.9649423187721903,0.8107876207842919,0.9872579162332727,0.9859384752193576,1.0786866212570456,0.9260170870116734,0.9684946303325961,0.9690513198925317,-0.3539041355625777,0.9423353849971134,1.1234504378149412,0.8223532502410474,0.8681641123317382,0.8950269909200155,0.8440770749704867,0.9175033886918786,0.868061351957444,0.9453226440580468,0.9762139312183391,0.8663761412524842,0.9117568532279243,0.9415660031063604,0.8683982281004269,0.9410318521460312,0.8679260235833898,0.8710185847949536,0.9147659490288597,0.8956916078471917,0.8202629644904369,0.9691766282178531,0.8708534610155353,0.9105084265798121,0.9780099930095849,0.9452242321591172,0.9455277630983487,1.3848939869505024,0.8646316092964965,0.9261097728677359,0.8964520979127982,0.9852295781534436,0.9541548936640308,0.9873744962434472,0.8965292490961116,0.8980539626452336,0.9744182822675403,0.9134789065559755,0.912804242215307,-0.06313284111108719,0.8947421430124881,0.964430530522364,0.8684668161772295
1104,1519075062,0.7917798646374048,0.9689865347716944,0.9420165689756697,0.8711835367091513,0.988142317252613,0.8830995043502997,0.7897278572533688,0.9702061620659249,0.8203913611715912,0.9661641439708061,0.9713277347783152,0.9790264850859842,0.9018457309693382,0.7908498211751945,0.9446962945626434,0.8983142906318119,0.833413028964473,0.9545654599505066,0.8776276749804589,0.9050559604850692,0.9787999791295822,0.9455587119583333,-0.08572961197044983,0.899272171637403,0.9479310432370002,0.989006759561803,0.9475720532869026,0.8134998441339606,0.7906437238421299,1.150794828770624,0.8972309329285811,0.9696048456217472,0.8673628194543976,-1.9872929194247846,0.9453605289434717,0.9804452326347891,0.9654761031630253,0.8666287632247347,0.9652353906865354,0.8512461609015054,1.7257764218275642,0.9884102257314619,0.8243959635792479,0.8478439235301944,-0.042223416015498456,0.9557097284308382,0.955491582937158,0.9545000273856014,0.9021061958474904,1.1466445915285246,0.9540958347825828,0.8696554807851268,0.8144692263628979,0.8705514105808488,0.8119264659717094,0.8677821975116377,0.9494298148980583,0.8712221804258625,0.9464866190643401,0.9288687867141031,0.9143862420841802,0.9563317543442912,0.8990637150869206,-1.6155377399703865,0.9734319072438459,0.9766410938140275,0.8249254032856762,0.8979280102134233,0.8677247926991295,0.9730860866561272,0.9472957725718316,0.8495183965392751,0.9477228659296949,0.8677074980978938,0.9665120731564057,0.9294085864744044,0.8735136554189307,0.9438910536601781,0.9179341704121363,0.9678397928880229,0.81635738557649,0.9908059588407537,0.9871397398092163,1.0793176689568176,0.9291529407055764,0.9702661807719694,0.9725035632558483,-0.34245901078928237,0.944458897794921,1.1313661665127404,0.8246013927263599,0.8715381353115508,0.9039030923829567,0.8493069521310277,0.9203556654258799,0.8760444223093347,0.9484181736535713,0.9802899810355347,0.8691255547598195,0.9148752636824401,0.9436973696529742,0.8717699290547659,0.9444935231824075,0.8718582966232765,0.8732743902949778,0.9190519927061401,0.8981868625485453,0.8232636814037066,0.9726291294951398,0.8736772680882071,0.9136181746254768,0.9801070299825134,0.9493263571389212,0.9480026684072259,1.385689432974943,0.8673897223272157,0.9297710678936528,0.9040605281492364,0.9899510215048288,0.9558942930908336,0.990914437085286,0.9041488108942582,0.9054535563125408,0.9789951976471633,0.923475638683879,0.9165362521453911,-0.06313284111108719,0.8978588420100455,0.9674600821138513,0.8724037596731636
1105,1519075068,0.7980564032397013,0.9730516929733564,0.9449867824785367,0.876241660937422,0.9893238886731016,0.8859640584374714,0.7953106911031812,0.9725097388488618,0.8245230461893506,0.969800644246575,0.9754562532380214,0.981638821994774,0.9044273848118326,0.7964320005021907,0.9466756911969261,0.9072214778963738,0.8374552231968092,0.9581486079365364,0.8820631055934726,0.9075964788905361,0.9824709011742551,0.947535206955695,-0.08572961197044983,0.9088564489250411,0.9518932036800798,0.9914105643807237,0.9520315158711695,0.8169761263785522,0.7962200553039366,1.1537701928865127,0.9022180100226598,0.97372318317065,0.8712279689646114,-1.765065988507343,0.948021456370992,0.9824798305852706,0.9685115071102404,0.8693055096449058,0.9691536801495042,0.854233776774668,1.6702735990483757,0.9908083040484245,0.8349136617417305,0.8500868848199169,-0.042223416015498456,0.9603452686210227,0.9578785563967349,0.9580775710933642,0.9109382715923418,1.1466496428180257,0.9570828757251909,0.8735044105928415,0.8172392841502986,0.8732223592223841,0.8147146723249499,0.8721946344106287,0.9529425548409056,0.875086888648536,0.9505950858998304,0.9320110118955587,0.9212226062946973,0.9598060809971961,0.9099005547973357,-1.6463843873259985,0.9763669131694169,0.9781693533501654,0.836190095022402,0.9022975460615645,0.8704032560159223,0.97480998574548,0.9509095485875961,0.8517457101194233,0.9512265461175766,0.8710186161490743,0.9701395441905611,0.9330706746605303,0.8773693163361875,0.9481488687259884,0.9236516769361303,0.9713167618270221,0.8198384885716137,0.9937626610136545,0.9913441658737221,1.0804341379641063,0.9328114366817966,0.9738092816507158,0.9742296849375066,-0.3311389852445715,0.948705923390536,1.1376327850651646,0.8350927243244851,0.8749121582913635,0.9070731286197216,0.8522954533656226,0.9267732880773826,0.8789473569827494,0.952545546447604,0.9828375121712819,0.8729747336700888,0.9217357666823748,0.9474272611095484,0.8757035801681613,0.9464716209174797,0.8752288163717508,0.8789139040450382,0.9254810582220608,0.9031773719512524,0.8337661906001509,0.9743553801337832,0.8787601208190162,0.9204596203259392,0.9827283261986741,0.9529157164962497,0.9519625169014294,1.3866439682042717,0.8718027031763664,0.9329093207730101,0.9078647432674555,0.9923117431805215,0.9605326915623079,0.9926844075062055,0.9066886648269739,0.9165529468135015,0.9815379284136203,0.9318062487904654,0.9233782703505453,-0.06313284111108719,0.9028455604061375,0.9692778130687435,0.8757782826696786
1106,1519075073,0.801543369129866,0.9806012724907287,0.9479569959814038,0.8790517299531279,0.9946409600653001,0.8888286125246431,0.7994978164905405,0.9805722575891409,0.8279661170374834,0.9722249777637542,0.9837132901574338,0.9826837567582899,0.9071462780260945,0.7999208625815633,0.9491499369897796,0.9104026162051458,0.8408237183904226,0.9611345645915614,0.8848352497266061,0.910136997296003,0.9835197360441617,0.9504999494517375,-0.08572961197044983,0.9107733043825688,0.9543695539570046,0.9980210276327556,0.9545089950846511,0.8218429215209806,0.7997052624675658,1.1612086031762348,0.9072050871167384,0.9819598582684557,0.872884461611846,-0.8206015321082163,0.9501501983130084,0.986040376998613,0.9721539918468983,0.8726514426701197,0.9720923972467308,0.8639435283624467,1.8194374352674445,0.9974030194200715,0.8379187183595826,0.8605540375052881,-0.042223416015498456,0.9678780214300723,0.9620557599509945,0.9610588575164999,0.9134617218051564,1.146653250881955,0.9600699166677991,0.8757037990543928,0.82347191417195,0.8765610450243033,0.8195940334431205,0.8738492982477504,0.9554516548000822,0.8778473945218743,0.953162877672012,0.9346295328801051,0.9224655816057005,0.9673337887451569,0.9118129382756441,-1.6635214136346719,0.9839979285759016,0.9807164525770619,0.8391940128188623,0.9072913013165831,0.8737513351619133,0.9828548481624592,0.953490817170285,0.8621398401601151,0.9537291748232064,0.8732260281831945,0.9725578582133315,0.9356864519363345,0.8795725511460486,0.9497455493756671,0.9279398068291256,0.9788501945281869,0.8247120327647869,1.0002674057940364,0.9979511211179453,1.0810166435331263,0.9354246480933823,0.9814860002213333,0.9817095455580258,-0.31981023184670365,0.9502985579888917,1.1379626070942397,0.8373408668097977,0.8777238441078741,0.9102431648564863,0.8620080823780559,0.9310517031783845,0.8811245579878105,0.9551251544438745,0.9864040557613281,0.8757241471774241,0.9248541771368906,0.9495586276561623,0.8785133309634438,0.9489442430863199,0.8785993361202251,0.8811697095450625,0.9290527612864612,0.9081678813539593,0.8375170867417382,0.9812603826883566,0.8810191664771536,0.9235693683716039,0.9837768446851384,0.9549667789861517,0.9544374222103066,1.3874394142287123,0.8734575709947979,0.9360475736523676,0.909766850826565,0.9982135473697531,0.9674902892695193,0.9997642891898832,0.9092285187596894,0.9234900658766019,0.9840806591800775,0.9373599888615228,0.9252442753155874,-0.06313284111108719,0.907208939002718,0.9723073646602307,0.8785903851667743
1107,1519075079,0.8043329418419978,0.9823434831485839,0.9499371383166485,0.8818617989688338,0.9970041029062773,0.8909770280900218,0.8022892334154467,0.9822999401763435,0.8314091878856162,0.9746493112809334,0.9854826552115936,0.9837286915218059,0.909756415511786,0.8034097246609359,0.9516241827826329,0.9129475268521635,0.8435185145453133,0.9629261385845764,0.8870529650331129,0.9120423861001031,0.9850929883490215,0.9524764444490992,-0.08572961197044983,0.9139680634784481,0.9568459042339293,0.9986219788374857,0.9564909784554364,0.8246239473166539,0.803190469631195,1.1626962852341791,0.9109453949372974,0.9843131940106858,0.8756452826905701,-0.4872611357320539,0.9522789402550247,0.9870576759738537,0.9739752342152274,0.8766665623003764,0.9740515419782152,0.8661842402673187,1.8194374352674445,0.9986020585785528,0.8409237749774349,0.8635446525582514,-0.042223416015498456,0.9696163490013914,0.9638459900456771,0.9640401439396356,0.9153543094647674,1.1466561373330983,0.9630569576104072,0.878453034631332,0.8262419719593506,0.8798997308262224,0.8230792913846711,0.8766070713096198,0.9574589347674234,0.8806079003952125,0.9557306694441936,0.9372480538646514,0.9249515322277067,0.9696500065137602,0.9137253217539527,-1.6840858452050798,0.9857589321312442,0.9827541319585791,0.8414469511662075,0.9097881789440924,0.8764297984787061,0.9845787472518118,0.9571045931860496,0.8643671537402634,0.9557312777877103,0.8765371462343748,0.9743715937304093,0.9377790737569779,0.8834282120633055,0.9524066837917985,0.932227936722121,0.9805886789976864,0.8274969151608859,1.0014500866631966,0.9991523857078041,1.0811137277946297,0.9380378595049682,0.9856196179132043,0.9840110411335703,-0.30846984131129307,0.9524220707866992,1.1379626070942397,0.8403383901235477,0.8799731927610825,0.912145186598545,0.8642494583040021,0.9339039799123857,0.884753226329579,0.9577047624401449,0.9874230682156269,0.8790234433862264,0.9267252234096001,0.9516899942027761,0.8813230817587262,0.95141686525516,0.8808463492858747,0.8834255150450866,0.9311957831251014,0.9106631360553129,0.8397676244266905,0.9841374670860955,0.8838429735498253,0.9260571668081357,0.9848253631716027,0.9575306070985292,0.9569123275191838,1.3880757710482647,0.8767673066316609,0.9381397422386059,0.9129370300917476,0.9988037277886762,0.9698094885052564,1.0003542793301896,0.911133409209226,0.9258024388976354,0.9850977514866603,0.9395814848899459,0.9295982869006855,-0.06313284111108719,0.910948977799787,0.9741250956151231,0.880840067164451
1108,1519075085,0.8071225145541295,0.9846664306923907,0.9519172806518933,0.8841098541813985,0.9981856743267659,0.8931254436554006,0.8050806503403529,0.9840276227635462,0.8348522587337491,0.9770736447981125,0.9872520202657534,0.9847736262853217,0.9125167394797891,0.806200814324434,0.9540984285754864,0.9148562098374268,0.8462133107002042,0.9659120952396013,0.8892706803396198,0.9158531637083035,0.986141823218928,0.9554411869451417,-0.08572961197044983,0.9158849189359757,0.9593222545108542,1.0004248324516762,0.9584729618262217,0.8274049731123272,0.8066756767948242,1.1641839672921235,0.9128155488475769,0.9860781958173586,0.8784061037692943,-0.15392073935589148,0.9554720531680492,0.9880749749490945,0.9757964765835564,0.8793433087205476,0.9760106867096996,0.8684249521721906,1.8298442145385423,0.9992015781577933,0.843177567440824,0.8657876138479738,-0.042223416015498456,0.9713546765727106,0.9662329635052539,0.9658289157935169,0.9172468971243783,1.146659023784242,0.9654465903644938,0.881202270208271,0.8290120297467513,0.8832384166281416,0.8258674977379115,0.8788132897591153,0.9599680347266,0.8828163050938832,0.9577849028619387,0.9398665748491978,0.9280589705052145,0.9719662242823636,0.9156377052322613,-1.6977954662520185,0.9875199356865868,0.9837729716493376,0.8436998895135527,0.9122850565716015,0.8804474934538952,0.9880265454305173,0.9591696080522006,0.8665944673204117,0.9582339064933401,0.8787445582684952,0.9767899077531795,0.9403948510327821,0.8856314468731664,0.9550678182079299,0.9343720016686187,0.9829066582903525,0.830281797556985,1.0020414270977769,1.0003536502976629,1.081210812056133,0.9401284286342368,0.9873911683525776,0.9863125367091147,-0.2970858115100971,0.9550764617839586,1.1379626070942397,0.8440852942657353,0.8833472157408953,0.9140472083406039,0.8664908342299483,0.936756256646387,0.8876561610029937,0.9597684488371613,0.9884420806699258,0.8812229741920946,0.9285962696823095,0.9543542023860434,0.8835708823949522,0.9538894874240003,0.8830933624515243,0.8856813205451107,0.9354818268023819,0.912534577081328,0.8420181621116428,0.9864391346042866,0.8861020192079627,0.9279230156355345,0.9863981409012991,0.9595816695884313,0.9593872328280609,1.3887121278678172,0.8789737970562362,0.9407549529714037,0.9148391376508571,1.0005742690454458,0.9727084875499278,1.0015342596108026,0.9149431901082994,0.9276523373144622,0.9866233899465346,0.9412476069112631,0.9314642918657275,-0.08689855459740743,0.9128189971983215,0.9771546472066102,0.8842145901609658
1109,1519075090,0.8099120872662613,0.9864086413502459,0.9548874941547604,0.8863579093939633,0.9993672457472544,0.8952738592207793,0.8078720672652592,0.9874829879379514,0.8382953295818819,0.978891894935997,0.9890213853199132,0.9863410284305957,0.9152123278950716,0.810387448819681,0.9565726743683398,0.91676489282269,0.848908106855095,0.9677036692326163,0.8914883956461266,0.9177585525124037,0.9871906580888345,0.9579118056918439,-0.08572961197044983,0.9178017743935033,0.961798604787779,1.0022276860658668,0.9609504410397033,0.8308812553569189,0.8101608839584534,1.1661675433693826,0.9146857027578564,0.9878431976240312,0.8811669248480184,0.1238629242909105,0.9576007951100656,0.9890922739243352,0.9776177189518853,0.8833584283508042,0.9784596176240551,0.872159472013644,1.8333131409622416,1.0015996564747558,0.8469338882131392,0.8695258826641779,-0.042223416015498456,0.9736724466678027,0.9692166803297251,0.9676176876473983,0.9191394847839893,1.1466626318481712,0.9672388149300587,0.8834016586698223,0.8317820875341518,0.8872448395904446,0.8300498072677721,0.8815710628209849,0.9619753146939413,0.8850247097925538,0.959839136279684,0.9419613916368348,0.9299234334717191,0.973703387608816,0.9175500887105698,-1.711505087298957,0.9904549416121579,0.9853012311854755,0.8459528278608979,0.9154061536059882,0.8844651884290844,0.9897504445198699,0.9612346229183518,0.86882178090056,0.9607365351989698,0.8809519703026154,0.9792082217759499,0.9424874728534254,0.8878346816830275,0.9571967257408349,0.9379454432461148,0.9852246375830186,0.8337629005521087,1.003224107966937,1.0009542825925921,1.081356438448388,0.9422189977635055,0.9891627187919507,0.988614032284659,-0.2857046909932869,0.9577308527812181,1.1379626070942397,0.8478321984079229,0.8855965643941037,0.9165832373300157,0.8702264607731919,0.9410346717473888,0.8905590956764085,0.9618321352341777,0.9894610931242247,0.8834225049979628,0.930467315955019,0.9564855689326572,0.8863806331902346,0.9563621095928404,0.8859021289085862,0.887937126045135,0.9390535298667823,0.9150298317826816,0.8442686997965951,0.9887408021224777,0.8883610648661001,0.9297888644629333,0.9879709186309955,0.9621454977008087,0.9613671570751627,1.3893484846873696,0.8811802874808116,0.9433701637042015,0.9173752810630033,1.001754629883292,0.9750276867856649,1.0027142398914155,0.9168480805578361,0.929502235731289,0.9876404822531174,0.9429137289325804,0.9333302968307696,-0.08689855459740743,0.914689016596856,0.9789723781615025,0.8864642721586424
1110,1519075096,0.8161886258685578,0.9898930626659562,0.9583527432414386,0.8908540198190927,1.002321174298476,0.9017191059169156,0.8148506095775246,0.9903624589166226,0.8444928571085211,0.9825283952117658,0.9931499037796195,0.9889533653393854,0.9164811447283938,0.8173651729784264,0.9605314676369053,0.9205822587932165,0.8556450972423219,0.9718840085496513,0.8970326839123935,0.9222044597219706,0.9903371626985542,0.9613706719372268,-0.08572961197044983,0.9216354853085585,0.9657607652308586,1.0052324420895178,0.9659053994666664,0.837138563397184,0.8157372154202601,1.1691429074852715,0.9190493952151753,0.9913732012373765,0.8861364027897219,-1.6539525230486223,0.9623904644796023,0.9911268718748166,0.9830814460568724,0.8880427345861037,0.9823779070870238,0.8773877997916786,1.5488611742189011,1.0045972543709591,0.8536952656033066,0.8740118052436227,-0.042223416015498456,0.9783079868579871,0.9733938838839845,0.9723877459244153,0.9248172477628223,1.146668404750458,0.9708232640611885,0.8883502827083127,0.8387072320026535,0.8919189997131315,0.8356262199742529,0.8865350543323498,0.9659898746286237,0.889441519189895,0.9639476031151745,0.9461510252121089,0.9348953347157316,0.977177714261721,0.922012316826623,-1.7286421136076304,0.9945639499079574,0.987848330412372,0.8519606634538184,0.9197756894541294,0.8891524992334717,0.9931982426985754,0.9653646526506541,0.8762461595010541,0.9652412668691035,0.885918647379386,0.9840448498214905,0.947195871949873,0.8927919600052149,0.961454540806645,0.941518884823611,0.9898605961683508,0.8400288859433314,1.006180810139838,1.0051587086570979,1.0815991491021464,0.9474454205866771,0.9927058196706973,0.9926416495418617,-0.27472505172170153,0.9625087565762849,1.1379626070942397,0.8523284833785479,0.8900952617005206,0.9210212880614863,0.8754563379337329,0.9446000176648903,0.8963649650232379,0.9664754296274645,0.9920086242599719,0.8878215666096992,0.9342094085004379,0.9618139852991918,0.8914381846217431,0.9603183050629848,0.8909579085312976,0.8930126884201893,0.9426252329311826,0.9200203411853886,0.8502701336231347,0.9927687202793122,0.8928791561823749,0.9335205621177309,0.9905922148471562,0.9667603883030882,0.9653270055693662,1.3907802875313626,0.8861448909361062,0.9480775430232374,0.9224475678872953,1.0035251711400615,0.9785064856392706,1.004484210312335,0.9206578614569093,0.9332020325649425,0.9896746668662831,0.946245972975215,0.9376843084158677,-0.11066426808372769,0.9190523951934364,0.983819660707882,0.8915260566534148
1111,1519075102,0.8175834122246236,0.9910545364378597,0.959342814409061,0.891416033622234,1.002321174298476,0.9031513829605015,0.8155484638087512,0.9909383531123568,0.8458700854477742,0.9831344785910606,0.9943294804823927,0.9889533653393854,0.919065387992997,0.8173651729784264,0.9615211659540467,0.921218486454971,0.8569924953197673,0.9718840085496513,0.8970326839123935,0.9228395893233374,0.9903371626985542,0.9623589194359076,-0.08572961197044983,0.9216354853085585,0.9657607652308586,1.0052324420895178,0.9659053994666664,0.837138563397184,0.8157372154202601,1.1696388015045862,0.9196727798519351,0.9913732012373765,0.8866885670054667,-0.37614767027333307,0.9629226499651063,0.991635521362437,0.9836885268463154,0.8893811077961893,0.9828676932698949,0.8773877997916786,1.836782067385941,1.0045972543709591,0.8536952656033066,0.8740118052436227,-0.042223416015498456,0.9783079868579871,0.9733938838839845,0.9723877459244153,0.9248172477628223,1.14666984797603,0.9708232640611885,0.8883502827083127,0.8387072320026535,0.8932544740338991,0.8356262199742529,0.8870866089447237,0.9669935146122944,0.8899936203645626,0.9639476031151745,0.9461510252121089,0.9348953347157316,0.977177714261721,0.922012316826623,-1.7286421136076304,0.9945639499079574,0.987848330412372,0.8534626223520484,0.9203999088610066,0.8904917308918681,0.9937728757283596,0.9653646526506541,0.8762461595010541,0.9662423183513554,0.8864705003879161,0.9846494283271832,0.947195871949873,0.8927919600052149,0.9619867676898713,0.9429482614546095,0.9904400909915173,0.8400288859433314,1.006180810139838,1.0051587086570979,1.0815991491021464,0.9474454205866771,0.9927058196706973,0.9932170234357478,-0.26348066757101857,0.9630396347757368,1.1379626070942397,0.8523284833785479,0.8912199360271248,0.9222893025561922,0.8754563379337329,0.9453130868483907,0.8970906986915916,0.9669913512267185,0.9920086242599719,0.8883714493111663,0.9354567726822441,0.9623468269358453,0.8925620849398561,0.9613073539305208,0.8920814151141224,0.8930126884201893,0.9440539141569428,0.920644154860727,0.8517704920797696,0.9933441371588599,0.8928791561823749,0.9347644613359969,0.9905922148471562,0.9667603883030882,0.9653270055693662,1.391098465941139,0.88669651354225,0.9480775430232374,0.9230816037403319,1.004705531977908,0.9785064856392706,1.005664190592948,0.9219277884232672,0.934126981773356,0.9901832130195746,0.9473567209894264,0.9376843084158677,-0.11066426808372769,0.9196757349929479,0.9844255710261794,0.8926508976522531
1112,1519075107,0.8231625576488871,0.9945389577535699,0.9642931702471729,0.8959121440473634,1.0058658885599414,0.907448214091259,0.8211312976585636,0.9961214008739647,0.8513789988047867,0.9891953123840086,0.9984579989420989,0.9910432348664172,0.9224212790460289,0.8229473523054225,0.9659748083811829,0.9250358524254975,0.8623820876295488,0.9766615391976912,0.9014681145254072,0.9266503669315377,0.9924348324383673,0.9668060331799714,-0.08572961197044983,0.9267470998619656,0.9707134657847082,1.0082371981131686,0.969869366208237,0.8427006149885305,0.8227076297475184,1.172614165620475,0.923413087672494,0.9966682066573944,0.8911058807314254,-1.0983851957550184,0.967180133849139,0.9951960677757795,0.9879380923724164,0.896072973846617,0.9867859827328637,0.8826161275697132,1.45866908720272,1.006395813108681,0.8582028505300848,0.8807406891127899,-0.042223416015498456,0.9817846420006254,0.9775710874382441,0.9771578042014324,0.9286024230820442,1.1466756208783169,0.9761999377578833,0.893848753862191,0.8449398620243049,0.8992641084773536,0.842596735857354,0.8914990458437148,0.9710080745469769,0.8955146321112392,0.9695967450139739,0.9519117713781109,0.9398672359597441,0.9823892042410785,0.92583708378324,-1.742351734654569,0.9986729582037568,0.9909048494846477,0.8579684990467388,0.9241452253022706,0.8965182733546518,0.9983699399666335,0.9705271898160319,0.8814432245214001,0.9702465242803631,0.8908853244561565,0.9882768993613386,0.9524274265014814,0.8983000470298674,0.9678412634053604,0.9486657679786034,0.9939170599305165,0.8462948713345542,1.0085461718781585,1.006960605541886,1.0820845704096633,0.9526718434098487,0.9974299541756927,0.9972446406929506,-0.25195990140369534,0.9672866603713518,1.1379626070942397,0.8583235300060481,0.8962809704968439,0.9260933460403099,0.8799390897856253,0.9510176403163931,0.9014451007017138,0.9716346456200053,0.9945561553957192,0.8938702763258369,0.9404462294094694,0.9671424016657264,0.897057686212308,0.9657580738344331,0.8965754414454216,0.8975242994202377,0.9490542984471033,0.9243870369127573,0.8562715674496744,0.9973720553156945,0.8979620089131841,0.9397400582090604,0.9932135110633169,0.9713752789053678,0.9702768161871206,1.392530268785132,0.8911094943914006,0.9533079644888331,0.9268858188585509,1.0070662536536004,0.9837246839196792,1.0097941215750934,0.9263725328055193,0.9419890500448698,0.9927259437860317,0.955131957088907,0.9426603216559798,-0.11066426808372769,0.9234157737900168,0.988061032935964,0.8971502616476064
1113,1519075113,0.8245573440049531,0.9962811684114251,0.9652832414147952,0.8970361716536458,1.00704745998043,0.907448214091259,0.8232248603522433,0.996697295069699,0.8513789988047867,0.9904074791425982,0.9990477872934855,0.9920881696299332,0.924516121532065,0.8243428971371716,0.9669645066983243,0.9263083077490063,0.8623820876295488,0.9772587305286962,0.9025769721786606,0.9266503669315377,0.9934836673082738,0.9677942806786523,-0.08572961197044983,0.9273860516811414,0.972694546006248,1.0088381493178988,0.9718513495790223,0.8447863843352855,0.8241017126129702,1.1741018476784193,0.923413087672494,0.9978448745285095,0.8911058807314254,0.1794196570202709,0.9682445048201472,0.9962133667510202,0.9891522539513024,0.896072973846617,0.9887451274643481,0.8841099355062946,1.8437199202333394,1.0075948522671623,0.8597053788390109,0.8814883428760307,-0.042223416015498456,0.9835229695719445,0.9787645741680325,0.9777540614860596,0.9298641481884515,1.1466770641038886,0.9773947541349265,0.893848753862191,0.8463248909180052,0.8992641084773536,0.8439908390339741,0.8914990458437148,0.9725135345224829,0.8955146321112392,0.9706238617228465,0.9529591797719293,0.9398672359597441,0.9841263675675309,0.9271120061021124,-1.742351734654569,0.999259959388871,0.9919236891754063,0.8594704579449689,0.9241452253022706,0.8965182733546518,0.9989445729964177,0.9715596972491075,0.8821856623814495,0.971247575762615,0.8908853244561565,0.9888814778670312,0.9534737374118031,0.8983000470298674,0.9689057171718128,0.9486657679786034,0.9950760495768495,0.8476873125326037,1.009728852747319,1.0081618701317447,1.0821816546711667,0.953717127974483,0.9980204709888171,0.9983953884807227,-0.24068642440915552,0.9683484167702556,1.1379626070942397,0.8598222916629231,0.8962809704968439,0.9260933460403099,0.8821804657115714,0.9510176403163931,0.9014451007017138,0.9726664888185135,0.9955751678500181,0.8938702763258369,0.9404462294094694,0.9682080849390333,0.897057686212308,0.9667471227019693,0.8965754414454216,0.8986522021702498,0.9490542984471033,0.9243870369127573,0.8585221051346267,0.9979474721952423,0.8990915317422528,0.9397400582090604,0.9942620295497812,0.9724008101503188,0.9722567404342224,1.392530268785132,0.8911094943914006,0.9543540487819522,0.9268858188585509,1.00883679491037,0.985464083346482,1.0103841117153998,0.9263725328055193,0.9419890500448698,0.9942515822459059,0.955131957088907,0.9426603216559798,-0.11066426808372769,0.9234157737900168,0.9886669432542615,0.8971502616476064
1114,1519075119,0.8287417030731506,0.998604115955232,0.9677584193338511,0.900408254472493,1.0082290314009186,0.9110289067002236,0.8274119857396026,0.9990008718526358,0.8561992979921728,0.9928318126597775,1.0008171523476452,0.993655571775207,0.9272842137663945,0.8285295316324186,0.9694387524911777,0.928853218396024,0.8670979809006076,0.9790503045217112,0.9059035451384209,0.930461144539738,0.9945325021781803,0.9697707756760139,-0.08572961197044983,0.9305808107770208,0.9746756262277879,1.0100400517273591,0.9743288287925039,0.8496531794777139,0.8282839612093251,1.177077211794308,0.9265300108562932,0.9996098763351822,0.8949710302416393,0.45720332066707287,0.9709054322476677,0.9977393152138814,0.9915805771090744,0.9000880934768737,0.9916838445615747,0.8870975513794572,1.8541266995044372,1.0093934110048841,0.8627104354568631,0.8852266116922348,-0.042223416015498456,0.9864201821908098,0.9811515476276094,0.979542833339941,0.9323875984012662,1.1466813937806037,0.9791869787004914,0.8976976836699058,0.8504799775991062,0.9032705314396566,0.8481731485638347,0.895359928130332,0.9750226344816595,0.8993793403339126,0.9726780951405917,0.9550539965595665,0.9429746742372519,0.9858635308939834,0.9302993118992933,-1.7457791399163036,1.0016079641293278,0.9934519487115442,0.8624743757414292,0.9272663223366572,0.9018751999882374,1.0006684720857704,0.9736247121152586,0.8858978516816965,0.9732496787271189,0.8941964425073369,0.9925089489011867,0.9555663592324464,0.9021557079471243,0.9715668515879442,0.9522392095560995,0.9968145340463491,0.8518646361267521,1.0120942144856395,1.0093631347216034,1.0823758231941734,0.9558076971037517,0.9997920214281903,1.000121510162381,-0.2292936667548025,0.9715336859669669,1.1379626070942397,0.8628198149766731,0.9002173306399587,0.9292633822770746,0.8866632175634638,0.9538699170503944,0.905799502711836,0.9747301752155298,0.9976131927586158,0.8977194552361063,0.9441883219548883,0.9708722931223006,0.900429387166647,0.9687252204370413,0.9005077144853082,0.9025998617952921,0.9540546827372639,0.9275061052894492,0.8615228220478964,1.0002491397134334,0.9024801002294589,0.9434717558638581,0.9953105480362454,0.9744518726402207,0.9742366646813241,1.3938029824242368,0.8949708526344075,0.9569692595147501,0.9300559981237335,1.0111975165860625,0.9872034827732848,1.0121540821363193,0.9301823137045927,0.9447638976701099,0.9962857668590717,0.95735345311733,0.946392331586064,-0.11066426808372769,0.9265324727875743,0.9916964948457486,0.9010872051435405
1115,1519075124,0.8350182416754471,1.002669274156894,0.9717187040043406,0.9054663787007635,1.01118295995214,0.9181902919181528,0.8336926738206415,1.0024562370270411,0.8617082113491853,0.9964683129355463,1.0067150358615113,0.9962679086839967,0.9317639140146545,0.8348094833752894,0.9738923949183139,0.9339430396900593,0.8751823693652799,0.983827835169751,0.9108934045780612,0.9342719221479384,0.9976790067879,0.9737237656707373,-0.08572961197044983,0.9356924253304277,0.9791330567262525,1.01304480775101,0.9792837872194671,0.8552152310690606,0.8345573341038577,1.1800525759101967,0.9321404725871316,1.0043165478196425,0.8999405081833428,0.1794196570202709,0.9762272871027085,0.9997739131643628,0.9958301426351754,0.9054415863172159,0.9956021340245435,0.8938196870940732,1.7569967596408576,1.0117914893218467,0.8687205486925674,0.8897125342716796,-0.042223416015498456,0.9910557223809942,0.9847320078169747,0.9849091489015851,0.9368036362736918,1.146690053134034,0.9827714278316212,0.903196154823784,0.8574051220676078,0.9086124287227273,0.8537495612703155,0.9008754742540709,0.9795390144081773,0.9037961497312539,0.9778136786849548,0.9592436301348406,0.9479465754812644,0.99049596643119,0.9366739234936551,-1.752633950439773,1.00747797598047,0.9959990479384406,0.8684822113343497,0.9316358581847984,0.907232126621823,1.004116270264476,0.9782709955640987,0.8918373545620919,0.9782549361383784,0.9002668256011677,0.9961364199353422,0.960274758328894,0.9071129862693116,0.9763568935369806,0.9565273394490948,1.0020299874548477,0.8588268421169997,1.0150509166585404,1.0129669284911798,1.0826185338479317,0.9610341199269233,1.0039256391200613,1.0041491274195837,-0.20985382848963735,0.9763115897620338,1.1379626070942397,0.8680654807757358,0.9047160279463756,0.9349694475032512,0.8911459694153561,0.9581483321513962,0.910153904721958,0.9804053128073248,1.0006702301215125,0.9021185168478427,0.9479304145003072,0.9756678678521817,0.9054869385981554,0.9731759403409538,0.9061252473994321,0.9088033269203586,0.9583407264145444,0.9324966146921562,0.8667740766461186,1.0048524747498155,0.9081277143748023,0.9472034535186558,0.9979318442524061,0.9806050601099268,0.9791864752990785,1.39523478526823,0.9004870786958458,0.9611535966872266,0.9344942490949891,1.012968057842832,0.9912620814358247,1.0139240525572386,0.933992094603666,0.9484636945037636,0.9983199514722374,0.9606856971599644,0.950746343171162,-0.11066426808372769,0.9321425309831778,0.9959378670738307,0.9055865691388937
1116,1519075130,0.8350182416754471,1.002669274156894,0.9717187040043406,0.9054663787007635,1.01118295995214,0.9181902919181528,0.8343905280518681,1.0024562370270411,0.8617082113491853,0.9964683129355463,1.0067150358615113,0.9962679086839967,0.9325485089136273,0.8348094833752894,0.9738923949183139,0.9339430396900593,0.8751823693652799,0.983827835169751,0.9108934045780612,0.9342719221479384,0.9976790067879,0.9737237656707373,-0.08572961197044983,0.9356924253304277,0.9791330567262525,1.01304480775101,0.9792837872194671,0.8552152310690606,0.8345573341038577,1.1800525759101967,0.9321404725871316,1.0043165478196425,0.8999405081833428,0.6238735188551541,0.9762272871027085,0.9997739131643628,0.9958301426351754,0.9054415863172159,0.9956021340245435,0.8938196870940732,1.850657773080738,1.0117914893218467,0.8687205486925674,0.8897125342716796,-0.042223416015498456,0.9910557223809942,0.9847320078169747,0.9849091489015851,0.9368036362736918,1.146690053134034,0.9827714278316212,0.903196154823784,0.8574051220676078,0.9086124287227273,0.8537495612703155,0.9008754742540709,0.9795390144081773,0.9037961497312539,0.9778136786849548,0.9592436301348406,0.9479465754812644,0.99049596643119,0.9366739234936551,-1.752633950439773,1.00747797598047,0.9959990479384406,0.8684822113343497,0.9316358581847984,0.907232126621823,1.004116270264476,0.9782709955640987,0.8918373545620919,0.9782549361383784,0.9002668256011677,0.9967409984410347,0.960274758328894,0.9071129862693116,0.9763568935369806,0.9565273394490948,1.0020299874548477,0.8588268421169997,1.0150509166585404,1.0129669284911798,1.0826185338479317,0.9610341199269233,1.0039256391200613,1.0041491274195837,-0.2066041578308242,0.9768424679614857,1.1379626070942397,0.8680654807757358,0.9047160279463756,0.9349694475032512,0.8911459694153561,0.9581483321513962,0.910153904721958,0.9804053128073248,1.0006702301215125,0.9021185168478427,0.9479304145003072,0.9756678678521817,0.9054869385981554,0.9731759403409538,0.9061252473994321,0.9088033269203586,0.9583407264145444,0.9324966146921562,0.8682744351027535,1.0048524747498155,0.9081277143748023,0.9472034535186558,0.9979318442524061,0.9806050601099268,0.9791864752990785,1.39523478526823,0.9010387013019896,0.9611535966872266,0.9344942490949891,1.012968057842832,0.9912620814358247,1.0139240525572386,0.933992094603666,0.9484636945037636,0.9983199514722374,0.9606856971599644,0.950746343171162,-0.11066426808372769,0.9327658707826894,0.9959378670738307,0.9055865691388937
1117,1519075135,0.8378078143875789,1.0044114848147492,0.9746889175072077,0.9082764477164695,1.0117737456623843,0.9217709845271175,0.8371819449767743,1.0059116022014465,0.8658398963669447,0.9982865630734307,1.0090741892670578,0.9973128434475127,0.9351560569772099,0.8376005730387874,0.9763666407111674,0.936487950337077,0.8792245635976161,0.985619409162766,0.9136655487111948,0.9368124405534053,0.9987278416578065,0.9771826319161202,-0.08572961197044983,0.9376092807879554,0.9811141369477924,1.0136457589557402,0.9812657705902523,0.8579962568647339,0.837345499834761,1.1825320460067708,0.9346340111341709,1.0078465514329877,0.9027013292620669,0.6794302515845145,0.9788882145302289,1.001299861627224,0.9982584657929474,0.9094567059474726,0.998051064938899,0.8960603989989452,1.850657773080738,1.012990528480328,0.8709743411559566,0.8927031493246429,-0.042223416015498456,0.9927940499523134,0.9871189812765516,0.9866979207554665,0.9399579490397101,1.1466929395851775,0.9845636523971861,0.9053955432853353,0.8601751798550084,0.9126188516850303,0.8572348192118661,0.9030816927035664,0.9815462943755185,0.9071087567792598,0.9808950288115726,0.9613384469224776,0.949811038447769,0.9922331297576424,0.9385863069719635,-1.7560613557015077,1.0092389795358125,0.9970178876291992,0.8707351496816949,0.9341327358123077,0.9105802057678138,1.0075640684431812,0.9813685178633254,0.8940646681422402,0.9802570391028823,0.9030260906438179,0.9985547339581125,0.9623673801495373,0.9098670297816379,0.9784858010698857,0.960100781026591,1.0037684719243474,0.8616117245130986,1.0162335975277006,1.0135675607861092,1.082715618109435,0.963124689056192,1.0074687399988078,1.0064506229951282,-0.1952579487266422,0.9789659807592932,1.1379626070942397,0.8703136232610483,0.906965376599584,0.937505476492663,0.8933873453413023,0.9617136780688977,0.9137825730637265,0.9829849208035952,1.0016892425758115,0.904867930355178,0.951048824954823,0.978332076035449,0.9077347392343814,0.9756485625097939,0.9089340138564941,0.9110591324203827,0.9604837482531846,0.9343680557181714,0.8705249727877058,1.0071541422680068,0.9103867600329397,0.9496912519551876,0.9989803627388704,0.9826561225998287,0.9811663995461802,1.3961893204975586,0.9037968143327089,0.9637688074200244,0.9363963566540986,1.0141484186806784,0.9930014808626276,1.0156940229781581,0.9358969850532026,0.9517010167332104,0.9993370437788203,0.964017941202599,0.9532343497912181,-0.11066426808372769,0.9352592299807353,0.9983615083470204,0.9083986716359894
1118,1519075141,0.8405973870997107,1.0078959061304595,0.9766690598424524,0.9105245029290342,1.0135461027931172,0.9239194000924962,0.8406712161329071,1.007639284788649,0.868594353045451,1.0013169799699047,1.0108435543212175,0.9983577782110286,0.9378361088598395,0.84108943511816,0.9788408865040208,0.9383966333223402,0.8819193597525069,0.987410983155781,0.9158832640177016,0.9387178293575054,0.9997766765277131,0.9796532506628223,-0.08572961197044983,0.9408040398838348,0.9835904872247172,1.0148476613652004,0.983743249803734,0.8607772826604072,0.8408307069983902,1.1840197280647151,0.9377509343179701,1.0096115532396606,0.9054621503407911,0.7349869843138749,0.9810169564722453,1.0023171606024646,1.0000797081612764,0.9128026389726865,1.0000102096703833,0.8983011109038171,1.850657773080738,1.0135900480595685,0.8739793977738087,0.8956937643776061,-0.042223416015498456,0.9951118200474055,0.9889092113712342,0.989082949893975,0.9418505366993211,1.1466972692618929,0.9881481015283159,0.9081447788622744,0.862945237642409,0.9166252746473332,0.8607200771534166,0.9058394657654358,0.9850590343183657,0.9093171614779304,0.9829492622293179,0.9644806721039333,0.9529184767252767,0.9951284019683966,0.9404986904502721,-1.7594887609632424,1.0109999830911551,0.9985461471653371,0.8729880880290399,0.9366296134398169,0.9139282849138048,1.0104372335921024,0.9834335327294765,0.8962919817223884,0.983260193549638,0.9063372086949983,1.0003684694751902,0.9644600019701807,0.912070264591499,0.9811469354860171,0.9629595342885879,1.0060864512170133,0.8643966069091976,1.017416278396861,1.014768825375968,1.0828127023709384,0.9657379004677777,1.009240290438181,1.0081767446767864,-0.18390592105368883,0.9810894935571007,1.1379626070942397,0.8733111465747984,0.9097770624160946,0.9394074982347218,0.8956287212672484,0.9652790239863992,0.9159597740687876,0.9850486072006116,1.0027082550301103,0.9070674611610462,0.9529198712275324,0.9804634425820629,0.9105444900296639,0.9776266602448661,0.9111810270221437,0.913314937920407,0.9633411107047049,0.9368633104195249,0.8727755104726581,1.0094558097861979,0.9132105671056114,0.9515571007825864,1.0000288812253346,0.9847071850897308,0.9836413048550574,1.3968256773171113,0.906554927363428,0.9658609760062626,0.9395665359192812,1.0147385990996016,0.9953206800983647,1.016874003258771,0.9384368389859182,0.9535509151500372,1.0003541360854031,0.9656840632239162,0.9551003547562602,-0.11066426808372769,0.9377525891787812,1.0001792393019129,0.910648353633666
1119,1519075147,0.8433869598118424,1.0102188536742664,0.9791442377615083,0.912772558141599,1.0147276742136058,0.926067815657875,0.8441604872890398,1.0093669673758516,0.8720374238935837,1.0037413134870838,1.0126129193753775,0.9994027129745445,0.9404048155917898,0.8438805247816581,0.9813151322968743,0.9403053163076035,0.8846141559073977,0.9915913224728159,0.9181009793242084,0.9437988661684392,1.0008255113976197,0.9826179931588648,-0.08572961197044983,0.9427208953413624,0.9860668375016419,1.0160495637746607,0.9867162248599118,0.8635583084560806,0.8436188727292936,1.1860033041419744,0.9396210882282495,1.0113765550463332,0.9087751356352601,0.7349869843138749,0.9842100693852698,1.004351758552946,1.0025080313190484,0.9154793853928577,1.0024591405847387,0.9027825347135612,1.84025099380964,1.0147890872180498,0.8762331902371979,0.8979367256673285,-0.042223416015498456,0.9985884751900438,0.9924896715605995,0.9926604936017378,0.943743124358932,1.146700877325822,0.9917325506594458,0.9108940144392135,0.8657152954298096,0.9199639604492524,0.863508283506657,0.9085972388273053,0.9875681342775423,0.9120776673512687,0.9850034956470631,0.9686703056792074,0.955404427347283,0.9968655652948492,0.9430485350880168,-1.7594887609632424,1.0127609866464977,0.9995649868560956,0.8752410263763851,0.9403749298810808,0.9172763640597958,1.0133103987410235,0.9854985475956276,0.8985192953025367,0.9852622965141419,0.9085446207291186,1.0046005190150382,0.9686452456114674,0.9148243081038253,0.9838080699021484,0.9651035992350857,1.007824935686513,0.8692701511023708,1.018007618831441,1.0159700899658268,1.0830068708939453,0.9693963964439979,1.0110118408775544,1.011053614146217,-0.17260044193090646,0.9848056409532638,1.1379626070942397,0.8755592890601109,0.9142757597225115,0.9432115417188395,0.8978700971931945,0.9688443699039008,0.919588442410556,0.987112293597628,1.003727267484409,0.9098168746683815,0.955414599591145,0.9831276507653302,0.9150400913021157,0.9805938068474743,0.9151133000620303,0.9161346947954372,0.9669128137691053,0.9399823787962168,0.8757762273859279,1.011757477304389,0.9154696127637488,0.9540448992191181,1.001077399711799,0.9867582475796327,0.9856212291021592,1.3974620341366637,0.9087614177880033,0.9695222710321796,0.9433707510375003,1.017099320775294,0.9982196791430361,1.0186439736796904,0.9428815833681704,0.9554008135668639,1.0018797745452774,0.9673501852452335,0.9575883613763162,-0.11066426808372769,0.9396226085773157,1.0038147012116974,0.9151477176290193
1120,1519075152,0.8475713188800401,1.0125418012180731,0.9816194156805642,0.9150206133541637,1.0165000313443384,0.9296485082668395,0.8483476126763991,1.0122464383545229,0.8747918805720901,1.0049534802456734,1.0155618611323103,1.0009701151198185,0.9421449072489174,0.8480671592769052,0.9837893780897277,0.9422139992928668,0.8886563501397338,0.9933828964658309,0.920873123457342,0.9457042549725393,1.0023987637024794,0.9845944881562265,-0.08572961197044983,0.94463775079889,0.9890384578339517,1.0178524173888512,0.9896891999160898,0.8677298471495906,0.8484981627583744,1.1879868802192335,0.9414912421385291,1.0137298907885632,0.9109837924982395,0.1238629242909105,0.9863388113272861,1.0053690575281868,1.0043292736873775,0.9188253184180716,1.0053978576819653,0.9050232466184331,1.8298442145385423,1.016587645955772,0.87923824685505,0.9016749944835325,-0.042223416015498456,1.000906245285136,0.9954733883850706,0.9950455227402464,0.9468974371249503,1.1467044853897514,0.9935247752250106,0.9136432500161527,0.8691778676640605,0.9226349090907877,0.8669935414482075,0.9113550118891748,0.9895754142448836,0.9148381732246069,0.9880848457736809,0.9707651224668444,0.9572688903137877,0.9991817830634524,0.9455983797257616,-1.7594887609632424,1.016282993757183,1.0010932463922335,0.8782449441728454,0.9428718075085901,0.9206244432057867,1.0150342978303764,0.9885960698948544,0.9022314846027838,0.9877649252197717,0.9107520327632388,1.0070188330378085,0.9707378674321107,0.9175783516161515,0.9859369774350535,0.9679623524970826,1.0107224098023455,0.8720550334984698,1.0191902997006015,1.0177719868506148,1.0831524972862003,0.9720096078555838,1.0139644249431765,1.0139304836156475,-0.16154516126529322,0.9874600319505232,1.1379626070942397,0.8808049548591734,0.91652510837572,0.9463815779556042,0.9016057237364381,0.9709835774544017,0.9217656434156171,0.9902078231931525,1.0047462799387081,0.9120164054742497,0.9579093279547577,0.985259017311944,0.9172878919383417,0.9830664290163145,0.9179220665190923,0.9189544516704674,0.9697701762206256,0.9424776334975703,0.8795271235275152,1.0140591448225802,0.9177286584218862,0.9559107480465169,1.0026501774414953,0.9903476069369612,0.9885911154728119,1.3982574801611043,0.9115195308187225,0.9721374817649774,0.9452728585966098,1.0182796816131405,1.0005388783787732,1.0198239539603036,0.9447864738177071,0.9572507119836907,1.0034054130051517,0.9690163072665507,0.9600763679963723,-0.11066426808372769,0.9427393075748732,1.0056324321665897,0.9173973996266959
1121,1519075158,0.8531504643043036,1.01486474876188,0.9845896291834313,0.9195167237792932,1.0182723884750713,0.9339453393975972,0.8539304465262115,1.0145500151374596,0.8803007939291027,1.0085899805214422,1.0185108028892433,1.003582452028608,0.9449621985033145,0.8536493386039014,0.9867584730411518,0.9460313652633933,0.8933722434107927,0.9969660444518609,0.9253085540703556,0.9482447733780063,1.0050208508772458,0.987559230652269,-0.08572961197044983,0.9484714617139453,0.9920100781662615,1.0196552710030418,0.9926621749722677,0.8739871551898556,0.8526804113547295,1.1904663503158075,0.9458549345958479,1.0172598944019087,0.9148489420084532,-0.04280727389717069,0.9905962952113188,1.007403655478668,1.0085788392134785,0.923509624653371,1.008336574779192,0.9109984783647584,1.7292453482512633,1.019585243851975,0.8852483600907544,0.9061609170629774,-0.042223416015498456,1.0038034579040012,0.9978603618446475,0.998026809163382,0.9506826124441723,1.1467088150664666,0.9971092243561405,0.9180420269392552,0.8754104976857119,0.9266413320530907,0.8725699541546883,0.9157674487881658,0.9925863341958955,0.9187028814472805,0.9916797542547351,0.9744310518452093,0.9616193039022987,1.0020770552742067,0.9500606078418148,-1.7629161662249768,1.0198050008678683,1.0031309257737506,0.8835018003166508,0.9459929045429767,0.924642138180976,1.0173328299495132,0.9922098459106188,0.9074285496231298,0.9912686054076534,0.9151668568314794,1.0112508825776567,0.9743999556182366,0.9219848212358737,0.9901947925008636,0.972250482390078,1.0136198839181783,0.8783210188896926,1.0221470018735024,1.0207751483252618,1.0833952079399587,0.9751454615494868,1.017507525821923,1.0168073530850779,-0.15009421792322647,0.9917070575461383,1.1379626070942397,0.8838024781729236,0.9198991313555327,0.948917606945016,0.9075827262056279,0.9738358541884029,0.9261200454257392,0.993819274387931,1.0072938110744554,0.915865584384519,0.9610277384092735,0.9895217504051717,0.9212215430517372,0.9865281000526908,0.9212925862675666,0.9240300140455218,0.9733418792850259,0.9462205155496006,0.8855285573540547,1.016936229220319,0.9222467497381611,0.9590204960921817,1.0047472144144238,0.9939369662942897,0.9915610018434644,1.399212015390433,0.9159325116678732,0.9752757346443347,0.949077073714829,1.0206404032888332,1.0034378774234447,1.0215939243812229,0.9479612912336015,0.9600255596089309,1.0054395976183172,0.9712378032949738,0.9644303795814704,-0.11066426808372769,0.9464793463719422,1.0092678940763744,0.9207719226232107
1122,1519075164,0.8573348233725013,1.0166069594197353,0.9880548782701096,0.9223267927949991,1.0194539598955599,0.9360937549629759,0.8567218634511177,1.0185812745075993,0.8830552506076089,1.0110143140386216,1.0208699562947898,1.005149854173882,0.947225353426424,0.8564404282673995,0.9892327188340053,0.9492125035721654,0.8960670395656835,0.9987576184448759,0.9280806982034892,0.9501501621821064,1.0060696857471523,0.9900298493989711,-0.08572961197044983,0.9503883171714729,0.9939911583878013,1.0220590758219625,0.994644158343053,0.8767681809855289,0.8554685770856328,1.1924499263930666,0.9471017038693675,1.0196132301441387,0.9170575988714326,0.2905331224789917,0.992192851667831,1.0089296039415292,1.0116142431606934,0.9261863710735422,1.0107855056935473,0.9132391902696304,1.8471888466570388,1.0213838025896969,0.8875021525541436,0.9091515321159406,-0.042223416015498456,1.0055417854753204,0.9996505919393301,0.9998155810172634,0.9532060626569869,1.14671170151761,0.9989014489217054,0.9202414154008065,0.8788730699199627,0.9293122806946261,0.8760552120962388,0.9174221126252875,0.9945936141632368,0.9220154884952864,0.9937339876724803,0.9765258686328464,0.9634837668688033,1.0038142186006591,0.9519729913201233,-1.7629161662249768,1.0209790032380965,1.0041497654645093,0.8880076770113412,0.9478655627636087,0.9273206014977687,1.0202059950984343,0.9937586070602322,0.9103983010633274,0.9932707083721573,0.9168224158570695,1.0124600395890417,0.97649257743888,0.9247388647482,0.9923237000337688,0.9743945473365757,1.015358368387678,0.8811059012857916,1.0233296827426626,1.0219764129151205,1.083492292201462,0.9772360306787554,1.0186885594481718,1.0185334747667363,-0.13887892661640042,0.9932996921444939,1.1379626070942397,0.886050620658236,0.9221484800087412,0.9508196286870748,0.909824102131574,0.9759750617389039,0.9282972464308002,0.9958829607849474,1.0088223297559036,0.9186149978918543,0.9647698309546924,0.9921859585884389,0.9234693436879632,0.9885061977877629,0.9235395994332162,0.9262858195455459,0.9754849011236661,0.9474681429002774,0.8877790950390071,1.0192378967385103,0.9250705568108328,0.9621302441378463,1.0063199921441204,0.9954752631617163,0.9935409260905662,1.4000074614148736,0.9175873794863046,0.977367903230573,0.9509791812739385,1.0212305837077562,1.0051772768502476,1.0233638948021424,0.9498661816831382,0.962800407234171,1.0064566899249001,0.9745700473376082,0.9669183862015265,-0.11066426808372769,0.9477260259709652,1.0110856250312665,0.9230216046208873
1123,1519075169,0.8615191824406989,1.0195106438494939,0.9910250917729767,0.9245748480075638,1.0212263170262927,0.9396744475719405,0.860908988838477,1.020884851290536,0.8871869356253683,1.0146508143143904,1.0238188980517229,1.0061947889373979,0.9499830879723182,0.8606270627626466,0.9922018137854294,0.9511211865574286,0.9001092337980195,1.0011463837688959,0.9302984135099959,0.95332581018894,1.0071185206170588,0.9929945918950136,-0.08572961197044983,0.9535830762673522,0.9964675086647261,1.0226600270266928,0.9966261417138382,0.8795492067812023,0.8610449085474395,1.1939376084510112,0.9502186270531666,1.0225548998219265,0.9203705841659016,-0.4872611357320539,0.9953859645808555,1.0104555524043903,1.0140425663184656,0.9308706773088417,1.0127446504250317,0.9154799021745024,1.6182397026928865,1.0219833221689376,0.8905072091719957,0.911394493405663,-0.042223416015498456,1.0072801130466396,1.0026343087638012,1.0022006101557719,0.9550986503165979,1.1467160311943252,1.0030833062413569,0.9240903452085213,0.8816431277073633,0.933986440817313,0.8788434184494792,0.9207314402995308,0.998106354106084,0.9253280955432923,0.9973288961535345,0.9807155022081205,0.9672126928018127,1.0067094908114131,0.9538853747984318,-1.7629161662249768,1.0233270079785535,1.0056780250006472,0.8917625742569164,0.950362440391118,0.9313382964729578,1.0225045272175712,0.9973723830759966,0.9126256146434757,0.996273862818913,0.9201335339082499,1.0148783536118122,0.979631510169845,0.9274929082605262,0.9960492882163526,0.9786826772295711,1.0182558425035104,0.8838907836818906,1.024512363611823,1.02257704521005,1.0838806292474754,0.9803718843726583,1.0222316603269184,1.0214103442361668,-0.12743671112749072,0.9964849613412052,1.1379626070942397,0.8912962864572986,0.9255225029885538,0.9539896649238396,0.9120654780575203,0.9802534768399057,0.9319259147725687,0.9994944119797261,1.0098413422102026,0.9219142941006566,0.9678882414092081,0.9953830084083596,0.9274029948013586,0.9914733443903712,0.9269101191816904,0.9285416250455701,0.9783422635751865,0.9505872112769692,0.8907798119522768,1.022114981136249,0.9278943638835045,0.9652399921835111,1.0073685106305845,0.9985518568965692,0.9965108124612189,1.4011210858490903,0.9208971151231677,0.9805061561099303,0.9547833963921576,1.0230011249645257,1.0074964760859846,1.0257238553633683,0.9524060356158537,0.9692750516930648,1.0079823283847744,0.9806791614157715,0.9694063928215826,-0.11066426808372769,0.9508427249685227,1.0135092663044565,0.9263961276174023
1124,1519075175,0.8629139687967649,1.0218335913933008,0.9920151629405991,0.9268229032201286,1.0224078884467813,0.9403905860937334,0.8623046973009302,1.0220366396820044,0.889252778134248,1.0164690644522747,1.024998474754496,1.0072397237009139,0.9527201071413419,0.8620226075943956,0.9931915121025708,0.9530298695426919,0.901456631875465,1.0029379577619109,0.9325161288165027,0.9552311989930402,1.0081673554869655,0.9939828393936945,-0.08572961197044983,0.9554999317248798,0.998448588886266,1.023861929436153,0.9986081250846235,0.8823302325768756,0.8624389914128912,1.1954252905089555,0.9514653963266864,1.0237315676930416,0.9225792410288809,0.6794302515845145,0.9975147065228719,1.011472851379631,1.0152567278973514,0.93287823712397,1.014703795156516,0.9177206140793743,1.8575956259281365,1.0231823613274187,0.8920097374809218,0.9136374546953855,-0.042223416015498456,1.0090184406179588,1.0044245388584838,1.0033931247250263,0.9569912379762089,1.1467181960326829,1.0036807144298785,0.9257398865546848,0.884413185494764,0.9359896522984644,0.8816316248027197,0.9223861041366525,0.9996118140815899,0.9269843990672952,0.9988695712168434,0.981762910601939,0.9690771557683173,1.0084466541378656,0.9557977582767403,-1.7629161662249768,1.0256750127190102,1.0066968646914058,0.8925135537060315,0.9528593180186271,0.9333471439605524,1.0236537932771397,0.9989211442256101,0.914852928223624,0.9972749143011649,0.92178909293384,1.0172966676345825,0.9812009765353275,0.9296961430703873,0.9976459688660314,0.9801120538605695,1.018835337326677,0.8866756660779895,1.0262863849155635,1.0237783097999087,1.0840262556397304,0.9814171689372927,1.0234126939531671,1.021985718130053,-0.11610795772962285,0.9986084741390128,1.1379626070942397,0.8920456672857362,0.9272095144784601,0.9546236721711926,0.9143068539834663,0.9823926843904066,0.9341031157776298,1.0010421767774884,1.0113698608916508,0.9235639422050578,0.9691356055910144,0.99698153331832,0.9285268951194716,0.9924623932579073,0.9280336257645152,0.9307974305455943,0.9804852854138267,0.9518348386276461,0.8922801704089117,1.0226903980157969,0.9301534095416419,0.9664838914017769,1.008417029117049,1.0006029193864712,0.9984907367083206,1.4014392642588667,0.9225519829415992,0.982075282549609,0.955417432245194,1.0241814858023721,1.0092358755127875,1.0263138455036747,0.9543109260653904,0.970662475505685,1.0089994206913573,0.981789909429983,0.9712723977866247,-0.11066426808372769,0.9520894045675456,1.0159329075776462,0.9280833891156598
1125,1519075181,0.8670983278649624,1.0253180127090111,0.9959754476110886,0.9318810274483993,1.0253618169980028,0.9454035557462839,0.8664918226882894,1.0254920048564098,0.8933844631520074,1.0201055647280435,1.0285372048628156,1.0098520606097037,0.9553768542249921,0.8669070145055173,0.997645154529707,0.9581196908367272,0.9061725251465238,1.0071182970789456,0.9380604170827698,0.9590419766012405,1.0107894426617317,0.9979358293884178,-0.08572961197044983,0.959333642639935,1.0024107493293457,1.0274676366645341,1.0030675876688904,0.8885875406171406,0.8666212400092462,1.1993924426634737,0.9552057041472453,1.0266732373708294,0.9253400621076051,-0.15392073935589148,1.0017721904069046,1.0135074493301124,1.0188992126340095,0.9375625433592695,1.019111870802356,0.9222020378891184,1.6772114518957744,1.026179959223622,0.8965173224077,0.9196186848013119,-0.042223416015498456,1.01307453828437,1.0080049990478492,1.0075669257174162,0.9620381384018382,1.1467239689349698,1.0072651635610081,0.9301386634777874,0.8906458155164154,0.9406638124211513,0.8879050890975106,0.9262469864232697,1.0036263740162723,0.9314012084646365,1.0024644796978976,0.9859525441772131,0.9728060817013267,1.0130790896750723,0.9596225252333573,-1.7663435714867115,1.0309580233850382,1.0092439639183022,0.8962684509516068,0.9553561956461364,0.9393736864233362,1.0271015914558452,1.0035674276744502,0.9207924311040193,1.0022801717124246,0.9256520639935505,1.020924138668738,0.985909375631775,0.9346534213925747,1.0019037839318417,0.9836854954380657,1.0240507907351757,0.8922454308701876,1.0292430870884643,1.0267814712745555,1.0842204241627373,0.9861209494781472,1.027546311645038,1.0265887092811417,-0.10471229079088415,1.0023246215351758,1.1379626070942397,0.8957925714279238,0.9322705489481792,0.9590617229026632,0.9195367311440075,0.9859580303079082,0.9377317841193983,1.0046536279722669,1.013917392027398,0.9290627692197283,0.9728776981364333,1.0007114247748943,0.9330224963919235,0.9969131131618196,0.9330894053872267,0.9353090415456426,0.9854856697039873,0.9555777206796763,0.8952808873221815,1.0272937330521792,0.9346715008579167,0.9714594882748405,1.0115625845764415,1.0057305756112263,1.0029455662642994,1.4025528886930834,0.9269649637907499,0.9862596197220855,0.9592216473634132,1.0271323878969878,1.012714674366393,1.0286738060649006,0.9587556704476426,0.9734373231309251,1.0115421514578145,0.9845667794655119,0.9756264093717227,-0.11066426808372769,0.9564527831641262,1.0195683694874307,0.932582753111013
1126,1519075186,0.872677473289226,1.0276409602528178,0.9979555899463333,0.934129082660964,1.025952602708247,0.9482681098334556,0.8713768023068753,1.0272196874436124,0.8975161481697669,1.021923814865928,1.0314861466197487,1.0119419301367354,0.9580776214844923,0.8710936490007644,0.9996245511639897,0.9600283738219905,0.9102147193788599,1.0101042537339706,0.9402781323892766,0.9609473654053406,1.0118382775316384,0.9999123243857795,-0.08572961197044983,0.9631673535549903,1.0048870996062704,1.0280685878692644,1.005545066882372,0.8913685664128139,0.8708034886056012,1.2008801247214183,0.9589460119678043,1.0302032409841746,0.9292052116178189,-0.04280727389717069,1.004433117834425,1.0145247483053532,1.0207204550023385,0.9402392897794406,1.0215608017167115,0.925189653762281,1.6321154083876837,1.0279785179613439,0.8995223790255522,0.9218616460910343,-0.042223416015498456,1.0159717509032353,1.0097952291425318,1.0093556975712976,0.9639307260614491,1.1467275769988992,1.0090573881265732,0.9323380519393386,0.893415873303816,0.9433347610626865,0.890693295450751,0.9301078687098869,1.006135473975449,0.933609613163307,1.0055458298245155,0.9880473609648502,0.9746705446678313,1.0148162530015248,0.9640847533494106,-1.7663435714867115,1.0333060281254949,1.0102628036090608,0.9007743276462972,0.9584772926805231,0.942052149740129,1.028825490545198,1.006148696257139,0.9230197446841676,1.0042822746769282,0.930066888061791,1.0227378741858157,0.9885251529075793,0.9368566562024357,1.004564918347973,0.9858295603845634,1.0257892752046753,0.8957265338653113,1.0310171083922048,1.027382103569485,1.0843175084242407,0.9882115186074159,1.0299083788975358,1.0283148309627999,-0.09334862598038803,1.0049790125324354,1.1379626070942397,0.8987900947416738,0.9345198976013877,0.960963744644722,0.9217781070699536,0.9880972378584091,0.940634718792813,1.0077491575677915,1.0154459107088465,0.9312623000255965,0.9747487444091428,1.0033756329581616,0.935832247187206,0.9988912108968917,0.9353364185528763,0.9386927497956788,0.9876286915426276,0.9586967890563682,0.8997819626920862,1.0290199836908225,0.9386248307596572,0.9733253371022393,1.012611103062906,1.0082944037236037,1.0049254905114013,1.4035074239224121,0.9302746994276129,0.9883517883083237,0.9623918266285958,1.0283127487348342,1.0156136734110646,1.0292637962052071,0.9606605608971792,0.9762121707561653,1.0125592437643973,0.9867882754939348,0.9774924143367648,-0.11066426808372769,0.9589461423621721,1.0219920107606204,0.9348324351086896
1127,1519075192,0.872677473289226,1.0288024340247213,0.9989456611139557,0.9346910964641052,1.025952602708247,0.9497003868770414,0.8713768023068753,1.0277955816393467,0.89889337650902,1.0231359816245176,1.0326657233225218,1.0119419301367354,0.9607291897239248,0.8710936490007644,1.0006142494811312,0.9606646014837449,0.9115621174563053,1.0107014450649756,0.9408325612159033,0.9615824950067073,1.0118382775316384,1.0009005718844604,-0.08572961197044983,0.9631673535549903,1.0048870996062704,1.0280685878692644,1.005545066882372,0.8913685664128139,0.8708034886056012,1.2008801247214183,0.9595693966045641,1.0307915749197323,0.9297573758335638,1.0683273806900373,1.004965303319929,1.0150333977929735,1.0225416973706676,0.941577662989526,1.0215608017167115,0.925189653762281,1.8957538165888286,1.0279785179613439,0.8995223790255522,0.9218616460910343,-0.042223416015498456,1.0159717509032353,1.0103919725074262,1.0105482121405518,0.9651924511678565,1.1467290202244709,1.0102522045036164,0.9328878990547265,0.893415873303816,0.9446702353834543,0.890693295450751,0.9312109779346347,1.0071391139591197,0.9341617143379747,1.0060593881789517,0.9890947693586688,0.9746705446678313,1.0148162530015248,0.9640847533494106,-1.7663435714867115,1.0333060281254949,1.0102628036090608,0.9007743276462972,0.9591015120874004,0.9433913813985253,1.0294001235749821,1.006148696257139,0.9230197446841676,1.0052833261591803,0.930618741070321,1.0233424526915083,0.989571463817901,0.937407464904901,1.0056293721144256,0.9872589370155619,1.0269482648510082,0.8957265338653113,1.0310171083922048,1.027382103569485,1.0843175084242407,0.9892568031720501,1.0299083788975358,1.0288902048566861,-0.08206060256391978,1.0055098907318871,1.1379626070942397,0.8987900947416738,0.9356445719279919,0.9634997736341339,0.9217781070699536,0.9888103070419094,0.9420861861295203,1.0082650791670456,1.0154459107088465,0.9323620654285306,0.975372426500046,1.0044413162314685,0.936956147505319,0.9998802597644278,0.9370216784271135,0.9386927497956788,0.9890573727683877,0.959944416407045,0.8997819626920862,1.0295954005703702,0.9386248307596572,0.9745692363205052,1.012611103062906,1.0082944037236037,1.0049254905114013,1.4038256023321884,0.9308263220337567,0.9893978726014429,0.9630258624816322,1.0283127487348342,1.0156136734110646,1.03044377648582,0.9619304878635371,0.9771371199645786,1.0125592437643973,0.9878990235081463,0.9781144159917788,-0.11066426808372769,0.9595694821616836,1.022597921078918,0.9359572761075279
1128,1519075197,0.8768618323574237,1.0305446446825766,1.0014208390330115,0.93693915167667,1.0271341741287354,0.9518488024424202,0.8755639276942346,1.0306750526180177,0.9016478331875263,1.0261663985209917,1.0344350883766817,1.0129868649002514,0.9632383397473723,0.8752802834960115,1.0030884952739845,0.9625732844690081,0.9142569136111961,1.0124930190579906,0.9430502765224101,0.964758143013541,1.0128871124015448,1.0033711906311624,-0.08572961197044983,0.9663621126508697,1.0078587199385802,1.0292704902787246,1.00851804193855,0.8941495922084873,0.8756827786346821,1.203855488837307,0.9614395505148435,1.0331449106619623,0.9319660326965431,0.9572139152313165,1.0070940452619455,1.0160506967682144,1.0243629397389964,0.9455927826197827,1.024989304996809,0.927430365667153,1.8888159637414301,1.0291775571198252,0.9032786997978675,0.9248522611439975,-0.042223416015498456,1.0182895209983274,1.0121822026021088,1.0129332412790604,0.9670850388274674,1.1467319066756143,1.012641837257703,0.9350872875162778,0.8961859310912167,0.9480089211853734,0.8941785533923016,0.9339687509965041,1.0091463939264609,0.936922220211313,1.0086271799511333,0.9917132903432151,0.976535007634336,1.0188696340965806,0.9659971368277191,-1.7663435714867115,1.0350670316808375,1.0112816432998195,0.9045292248918725,0.9609741703080322,0.9460698447153181,1.0322732887239032,1.0097624722729035,0.9252470582643159,1.0072854291236841,0.9328261531044414,1.0257607667142785,0.9916640856385442,0.9401615084172272,1.008290506530557,0.9915470669085573,1.0286867493205079,0.8985114162614103,1.032199789261365,1.0285833681593437,1.084414592685744,0.991870014583636,1.0340419965894068,1.0306163265383443,-0.07075512344113741,1.0081642817291465,1.1379626070942397,0.9032863797122989,0.9378939205812004,0.9654017953761926,0.9240194829958998,0.992375652959411,0.9442633871345815,1.010844687163316,1.0164649231631453,0.9345615962343988,0.9778671548636586,1.0065726827780823,0.9397658983006014,1.0018583574995,0.9392686915927629,0.9409485552957031,0.9912003946070279,0.9624396711083985,0.9035328588336734,1.0324724849681093,0.9414486378323289,0.976435085147904,1.0136596215493703,1.0108582318359813,1.0088853390056047,1.4044619591517409,0.9341360576706197,0.9914900411876811,0.9661960417468148,1.0289029291537573,1.0179328726468018,1.031623756766433,0.9638353783130738,0.9794494929856121,1.0135763360709802,0.9901205195365693,0.9806024226118348,-0.11066426808372769,0.9633095209587526,1.0244156520338101,0.9387693786046236
1129,1519075203,0.8796514050695554,1.0340290659982867,1.0043910525358786,0.940311234495517,1.0289065312594683,0.9539972180077989,0.8783553446191408,1.0329786294009546,0.9050909040356591,1.0291968154174655,1.0379738184850014,1.015076734427283,0.9657474897708197,0.8780713731595097,1.0060575902254087,0.9657544227777802,0.9169517097660869,1.0154789757130156,0.9463768494821704,0.9685689206217413,1.014984782141358,1.0068300568765454,-0.08572961197044983,0.9695568717467491,1.0113256103262749,1.0310733438929152,1.0114910169947278,0.8983211309019973,0.8791679857983112,1.206334958933881,0.9645564736986427,1.03608658033975,0.9347268537752672,0.901657182501956,1.01028715817497,1.0180852947186958,1.0267912628967686,0.9482695290399539,1.0279280220940357,0.9311648855086063,1.8784091844703321,1.030976115857547,0.9055324922612565,0.9285905299602015,-0.042223416015498456,1.0211867336171927,1.0151659194265799,1.015914527702196,0.9696084890402821,1.1467362363523295,1.0168236945773543,0.9383863702086047,0.9010335322191678,0.9506798698269088,0.8983608629221621,0.9367265240583735,1.012659133869308,0.9396827260846512,1.011708530077751,0.9959029239184892,0.9802639335673454,1.021185851865184,0.9685469814654638,-1.7663435714867115,1.0380020376064085,1.0133193226813366,0.9067821632392177,0.9640952673424189,0.9494179238613091,1.0357210869026088,1.0128599945721302,0.9289592475645629,1.0107891093115657,0.9355854181470916,1.028179080737049,0.9948030183695094,0.9423647432270883,1.0120160947131407,0.993691131855055,1.0315842234363404,0.9026887398555589,1.0339738105651055,1.0303852650441319,1.0846573033395024,0.9950058682775389,1.0364040638419045,1.033493196007775,-0.059452553602740724,1.0113495509258579,1.1379626070942397,0.9070332838544864,0.9407056063977108,0.9673038171182515,0.9277551095391433,0.9945148605099119,0.9464405881396425,1.0144561383580946,1.0185029480717431,0.936761127040267,0.9803618832272711,1.009769732598003,0.9425756490958839,1.0048255041021081,0.9415157047584125,0.9443322635457393,0.9947720976714283,0.964934925809752,0.9057833965186257,1.0347741524863003,0.944837206319535,0.9783009339753028,1.0157566585222988,1.0139348255708343,1.0118552253762574,1.4050983159712933,0.9363425480951951,0.9946282940670385,0.9687321851589609,1.0324440116672964,1.0214116715004073,1.0333937271873523,0.9670101957289682,0.9812993914024389,1.0166276129907288,0.9917866415578865,0.9824684275768769,-0.11066426808372769,0.965179540357287,1.0268392933069999,0.9421439016011386
1130,1519075209,0.884533157315786,1.035771276656142,1.0068662304549345,0.9436833173143642,1.0300881026799569,0.9568617720949706,0.8825424700065001,1.0358581003796257,0.9099112032230451,1.03101506555535,1.039743183539161,1.016644136572557,0.9683420907238582,0.8822580076547567,1.0080369868596915,0.9682993334247979,0.9209939039984231,1.0184649323680406,0.9497034224419306,0.971744568628575,1.0160336170112645,1.008806551873907,-0.08572961197044983,0.9721126790234526,1.0133066905478147,1.0322752463023754,1.0139684962082094,0.9031879260444257,0.8833502343946663,1.2088144290304548,0.9670500122456821,1.0378515821464227,0.9385920032854811,0.901657182501956,1.0134802710879944,1.0191025936939364,1.0286125052650974,0.9522846486702106,1.0308667391912623,0.9356463093183502,1.874940258046633,1.032774674595269,0.9085375488791088,0.9315811450131648,-0.042223416015498456,1.0235045037122847,1.0193431229808394,1.0177032995560773,0.9727628018063004,1.1467398444162589,1.0186159191429194,0.9422353000163195,0.9051886189002688,0.9553540299495956,0.9025431724520228,0.9405874063449908,1.0146664138366492,0.9435474343073248,1.0137627634954964,0.9979977407061263,0.9833713718448531,1.0229230151916364,0.9717342872626448,-1.7663435714867115,1.0397630411617513,1.014338162372095,0.9105370604847929,0.9672163643768055,0.9541052346656964,1.0374449859919614,1.0149250094382813,0.93267143686481,1.0127912122760696,0.9388965361982721,1.0312019732655118,0.9979419511004743,0.9462204041443452,1.0141450022460459,0.9965498851170519,1.03332270790584,0.9075622840487321,1.035156491434266,1.0315865296339906,1.0848029297317574,0.9970964374068075,1.0381756142812777,1.0357946915833192,-0.04814125591118698,1.0140039419231173,1.1379626070942397,0.9100308071682365,0.9452043037041278,0.9711078606023692,0.9322378613910357,0.9987932756109137,0.9507949901497647,1.016519824755111,1.019521960526042,0.9406103059505364,0.9841039757726902,1.011901099144617,0.9459473500502229,1.0072981262709484,0.9454479777982993,0.9477159717957756,0.9990581413487087,0.9686778078617823,0.9087841134318956,1.0365004031249436,0.9482257748067411,0.9820326316301006,1.016805177008763,1.0159858880607362,1.013835149623359,1.406052851200622,0.9396522837320581,0.9982895890929554,0.971268328571107,1.0336243725051426,1.0231510709272102,1.0345737074679653,0.9708199766280414,0.9840742390276791,1.0176447052973117,0.9945635115934154,0.9862004375069611,-0.11066426808372769,0.9676728995553331,1.0304747552167846,0.9460808450970726
1131,1519075214,0.8908096959180825,1.0392556979718524,1.0113215507092352,0.9481794277394936,1.0330420312311783,0.9633070187911069,0.8895210123187657,1.0398893597497652,0.9161087307496841,1.0352576492104137,1.0438717019988673,1.0197789408631048,0.9725499016506921,0.8899335042293764,1.0124906292868276,0.9721166993953244,0.9277308943856499,1.0232424630160804,0.954693281881571,0.9755553462367752,1.0191801216209841,1.013253665617971,-0.08572961197044983,0.9759463899385078,1.0177641210462793,1.0352800023260265,1.01793246294978,0.9094452340846906,0.8896236072891989,1.2117897931463437,0.9726604739765206,1.0419699196953256,0.9435614812271845,0.2905331224789917,1.0188021259430353,1.0211371916444179,1.0340762323700845,0.9589765147206384,1.034785028654231,0.940874637096385,1.7153696425564664,1.0369713116499535,0.9160501904237391,0.9375623751190912,-0.042223416015498456,1.0269811588549231,1.0229235831702046,1.0224733578330945,0.9771788396787261,1.1467456173185457,1.022200368274049,0.9471839240548099,0.9121137633687704,0.9620314015534339,0.9088166367468137,0.9461029524687297,1.0186809737713318,0.9485163448793337,1.0188983470398594,1.0021873742814005,0.9883432730888656,1.0263973418445413,0.9761965153786979,-1.7663435714867115,1.044459050642665,1.0168852615989916,0.9165448960777134,0.9715859002249466,0.959462161299282,1.041467417200451,1.0195712928871214,0.9393533776052547,1.0172959439462033,0.9444150662835726,1.0360386013110525,1.002650350196922,0.9511776824665324,1.0189350441950822,1.0022673916410458,1.0379586664911722,0.9138282694399548,1.0381131936071666,1.0357909556984963,1.0850456403855158,1.0023228602299792,1.0423092319731486,1.0409730566282942,-0.030281159067450235,1.019312723917636,1.1379626070942397,0.9160258537957366,0.9497030010105447,0.9755459113338398,0.9374677385515767,1.0044978290789162,0.9566008594965941,1.0211631191483979,1.0220694916617892,0.9455592502637399,0.9884697504090122,1.0172295155111515,0.9510049014817312,1.012243370608629,0.9505037574210107,0.95279153417083,1.0033441850259892,0.9742921309398277,0.9155357264867525,1.041103738161326,0.9527438661230159,0.9863862788940312,1.0194264732249236,1.0211135442854913,1.0177949981175627,1.407484654044615,0.9451685097934964,1.0024739262654319,0.9763406153953991,1.035394913761912,1.0272096695897501,1.0363436778888848,0.9746297575271148,0.9877740358613327,1.0196788899104772,0.9978957556360498,0.9905544490920591,-0.11066426808372769,0.972659617951425,1.035322037763164,0.9505802090924258
1132,1519075220,0.8908096959180825,1.0392556979718524,1.0113215507092352,0.9481794277394936,1.0330420312311783,0.9633070187911069,0.8895210123187657,1.0398893597497652,0.9161087307496841,1.0352576492104137,1.0444614903502538,1.0197789408631048,0.9737746983081643,0.8899335042293764,1.0124906292868276,0.9721166993953244,0.9277308943856499,1.0232424630160804,0.954693281881571,0.9755553462367752,1.0191801216209841,1.013253665617971,-0.08572961197044983,0.9759463899385078,1.0177641210462793,1.0352800023260265,1.01793246294978,0.9094452340846906,0.8896236072891989,1.2117897931463437,0.9726604739765206,1.0419699196953256,0.9435614812271845,1.0127706479606768,1.0188021259430353,1.0216458411320382,1.0340762323700845,0.9596457013256812,1.034785028654231,0.940874637096385,1.8680024051992343,1.0369713116499535,0.9160501904237391,0.9375623751190912,-0.042223416015498456,1.0269811588549231,1.0229235831702046,1.0224733578330945,0.9771788396787261,1.1467456173185457,1.022200368274049,0.9471839240548099,0.9121137633687704,0.9626991387138177,0.9088166367468137,0.9461029524687297,1.0186809737713318,0.9485163448793337,1.0188983470398594,1.0021873742814005,0.9883432730888656,1.0263973418445413,0.9761965153786979,-1.7663435714867115,1.044459050642665,1.0168852615989916,0.9165448960777134,0.9715859002249466,0.9601317771284802,1.041467417200451,1.0195712928871214,0.9393533776052547,1.0172959439462033,0.9444150662835726,1.0360386013110525,1.002650350196922,0.9511776824665324,1.0189350441950822,1.002982079956545,1.0379586664911722,0.9138282694399548,1.0381131936071666,1.0357909556984963,1.0850456403855158,1.0023228602299792,1.0423092319731486,1.0409730566282942,-0.02537028702440941,1.019312723917636,1.1379626070942397,0.9160258537957366,0.9497030010105447,0.9755459113338398,0.9374677385515767,1.0052108982624166,0.9566008594965941,1.021679040747652,1.0220694916617892,0.9455592502637399,0.9884697504090122,1.0172295155111515,0.9510049014817312,1.012243370608629,0.9505037574210107,0.95279153417083,1.0040585256388692,0.9742921309398277,0.9155357264867525,1.041103738161326,0.9527438661230159,0.9863862788940312,1.0194264732249236,1.0211135442854913,1.0177949981175627,1.407484654044615,0.9451685097934964,1.0024739262654319,0.9763406153953991,1.035394913761912,1.0272096695897501,1.0369336680291914,0.9746297575271148,0.9877740358613327,1.0196788899104772,0.9978957556360498,0.9905544490920591,-0.11066426808372769,0.972659617951425,1.035322037763164,0.9505802090924258
1133,1519075226,0.897086234520379,1.0427401192875625,1.015776870963536,0.9537995657709054,1.0348143883619112,0.9676038499218644,0.8951038461685781,1.0439206191199046,0.9223062582763233,1.0407123996240668,1.0480002204585734,1.0218688103901366,0.9766023472509968,0.8955156835563727,1.0169442717139638,0.9778427483511142,0.9331204866954315,1.0268256110021103,0.9591287124945846,0.9793661238449756,1.0218022087957506,1.0177007793620347,-0.08572961197044983,0.9804190526727389,1.021726281489359,1.0382847583496773,1.0218964296913506,0.9150072856760373,0.8958969801837314,1.2147651572622324,0.9764007817970795,1.046676591179786,0.9490831233846329,-0.2094774720852519,1.023059609827068,1.0241890885701401,1.0395399594750716,0.9656683807710662,1.0387033181171998,0.9453560609061289,1.5037651307108106,1.0387698703876753,0.9205577753505174,0.9427959514617769,-0.042223416015498456,1.0304578139975613,1.02650404335957,1.0260509015408572,0.980964014997948,1.1467513902208326,1.0269796337822221,0.9521325480933003,0.9176538789435716,0.9687087731572722,0.9150901010416046,0.9505153893677207,1.0226955337060144,0.9540373566260102,1.023520372229786,1.0069007120535838,0.9926936866773766,1.031029777381748,0.980021282335315,-1.7663435714867115,1.0479810577533502,1.0189229409805087,0.9218017522215188,0.9765796554799652,0.9661583195912639,1.046064481438725,1.0247338300524993,0.9438080047655513,1.021800675616337,0.9488298903518132,1.0396660723452078,1.0068355938382085,0.9561349607887198,1.024257313027345,1.0086995864805388,1.0420151302533378,0.9193980342321528,1.039887214910907,1.038193484878214,1.0852398089085225,1.0065039984885165,1.047033366478144,1.0444252999916108,-0.013890250838485777,1.0235597495132511,1.1379626070942397,0.9212715195947992,0.9542016983169617,0.9793499548179575,0.941950490403469,1.010915451730419,0.96168099517507,1.0258064135416847,1.024107516570387,0.9516079599798775,0.9940828892271405,1.0230907735143395,0.9555005027541832,1.016199566078773,0.9549977837523098,0.9573031451708783,1.0083445693161497,0.978035012991858,0.9200368018566573,1.0451316563181603,0.957826718853825,0.9926057749853605,1.0220477694410843,1.0252156692652954,1.0222498276735417,1.4089164568886081,0.9495814906426471,1.0066582634379084,0.9801448305136182,1.0371654550186815,1.030688468443356,1.0398836187307237,0.9784395384261881,0.9923987819033996,1.021713074523643,1.0028941217000016,0.9955304623321712,-0.11066426808372769,0.976399656748494,1.0389574996729487,0.955079573087779
1134,1519075231,0.897086234520379,1.0433208561735143,1.0162719065473471,0.9543615795740467,1.0359959597823998,0.9690361269654503,0.8951038461685781,1.044496513315639,0.9236834866155764,1.0413184830033617,1.0480002204585734,1.0218688103901366,0.9786687060938358,0.8955156835563727,1.0174391208725346,0.9784789760128686,0.9344678847728769,1.0268256110021103,0.9591287124945846,0.9793661238449756,1.0218022087957506,1.018194903111375,-0.08572961197044983,0.9804190526727389,1.022221551544744,1.0382847583496773,1.0218964296913506,0.9150072856760373,0.8958969801837314,1.2147651572622324,0.9770241664338393,1.046676591179786,0.9496352876003777,0.7905437170432352,1.023591795312572,1.0241890885701401,1.0401470402645145,0.966337567376109,1.0387033181171998,0.9453560609061289,1.8680024051992343,1.0387698703876753,0.9205577753505174,0.9427959514617769,-0.042223416015498456,1.0304578139975613,1.02650404335957,1.0260509015408572,0.980964014997948,1.1467528334464043,1.0269796337822221,0.9521325480933003,0.9176538789435716,0.969376510317656,0.9150901010416046,0.9510669439800946,1.023699173689685,0.9540373566260102,1.023520372229786,1.0069007120535838,0.9926936866773766,1.031029777381748,0.980021282335315,-1.7663435714867115,1.0479810577533502,1.0194323608258882,0.9218017522215188,0.9772038748868425,0.9668279354204621,1.046064481438725,1.0247338300524993,0.9438080047655513,1.0228017270985887,0.9493817433603432,1.0402706508509005,1.0068355938382085,0.9561349607887198,1.0247895399105713,1.0094142747960382,1.0425946250765044,0.9193980342321528,1.039887214910907,1.038193484878214,1.0855310616930327,1.0065039984885165,1.047033366478144,1.045000673885497,-0.002770965916387418,1.0240906277127029,1.1379626070942397,0.9212715195947992,0.9542016983169617,0.9793499548179575,0.941950490403469,1.010915451730419,0.9624067288434237,1.0258064135416847,1.024107516570387,0.9516079599798775,0.9940828892271405,1.023623615150993,0.9555005027541832,1.0166940905125412,0.9549977837523098,0.9573031451708783,1.00905890992903,0.978035012991858,0.9200368018566573,1.0457070731977083,0.957826718853825,0.9926057749853605,1.0220477694410843,1.0252156692652954,1.0222498276735417,1.4092346352983844,0.9501331132487909,1.0066582634379084,0.9801448305136182,1.038345815856528,1.0318480680612243,1.0398836187307237,0.9784395384261881,0.993323731111813,1.0222216206769343,1.0040048697142132,0.9955304623321712,-0.11066426808372769,0.9770229965480055,1.039563409991246,0.955079573087779
1135,1519075237,0.8998758072325107,1.0468052774892247,1.0192421200502142,0.9566096347866114,1.0371775312028884,0.9711845425308291,0.8978952630934842,1.04737598429431,0.9271265574637093,1.043136733141246,1.0497695855127334,1.0229137451536525,0.981312506066942,0.8983067732198707,1.019913366665388,0.9803876589981319,0.9371626809277677,1.0298115676571353,0.9619008566277182,0.9831769014531758,1.022851043665657,1.0211596456074177,-0.08572961197044983,0.9823359081302665,1.0242026317662838,1.0394866607591375,1.024373908904832,0.9177883114717107,0.8986851459146348,1.2172446273588062,0.9788943203441188,1.0484415929864588,0.952396108679102,0.7905437170432352,1.0262527227400924,1.025715037033001,1.0419682826328436,0.9690143137962801,1.0411522490315552,0.9483436767792915,1.8610645523518359,1.0399689095461566,0.9228115678139065,0.9450389127514993,-0.042223416015498456,1.0333550266164266,1.0300845035489352,1.029032187963993,0.9834874652107627,1.1467564415103337,1.0293692665363088,0.9548817836702395,0.9204239367309722,0.9727151961195752,0.917878307394845,0.9532731624295901,1.026710093640697,0.9567978624993484,1.0255746056475314,1.0100429372350395,0.9951796372993827,1.0327669407082005,0.9819336658136235,-1.7663435714867115,1.0497420613086927,1.0204512005166466,0.924054690568864,0.9797007525143517,0.9695063987372549,1.048937646587646,1.0267988449186503,0.9460353183456995,1.0248038300630926,0.9515891553944635,1.0432935433793633,1.0104976820243345,0.9588890043010462,1.0269184474434763,1.0115583397425358,1.044333109546004,0.9228791372272765,1.0416612362146476,1.0387941171731432,1.0856766880852877,1.0096398521824195,1.0493954337306417,1.0473021694610412,0.00856360605025183,1.0267450187099623,1.1379626070942397,0.9235196620801118,0.9587003956233785,0.9818859838073692,0.9441918663294152,1.0137677284644202,0.9660353971851922,1.027870099938701,1.0256360352518354,0.9543573734872127,0.99595393549985,1.0257549816976068,0.9588722037085222,1.0196612371151494,0.9583683035007842,0.9595589506709025,1.0112019317676701,0.9799064540178731,0.9222873395416096,1.0474333238363516,0.9600857645119624,0.9950935734218923,1.0236205471707809,1.0272667317551973,1.0242297519206434,1.410030081322825,0.9523396036733663,1.0103195584638254,0.9826809739257643,1.038935996275451,1.0335874674880272,1.0416535891516432,0.9828842828084403,0.99794847715388,1.0232387129835172,1.0073371137568476,0.9973964672972133,-0.11066426808372769,0.97889301594654,1.0425929615827334,0.9590165165837131
1136,1519075242,0.9040601663007084,1.0485474881470798,1.021222262385459,0.9599817176054585,1.0395406740438653,0.9740490966180008,0.9020823884808435,1.0491036668815128,0.9298810141422156,1.0449549832791305,1.0521287389182798,1.0244811472989264,0.9840262204369862,0.9031911801309924,1.0223876124582414,0.9835687973069039,0.9405311761213812,1.0316031416501503,0.9652274295874784,0.9857174198586428,1.02494871340547,1.0231361406047792,-0.08572961197044983,0.9855306672261459,1.0271742520985936,1.0418904655780583,1.02734688396101,0.922655106614139,0.9028673945109897,1.2192282034360655,0.9807644742543983,1.0502065947931314,0.9546047655420813,0.901657182501956,1.0283814646821088,1.0267323360082419,1.0437895250011726,0.9716910602164512,1.0440909661287818,0.9505843886841635,1.8645334787755352,1.0417674682838785,0.9280704168951478,0.9472818740412218,-0.042223416015498456,1.035672796711519,1.0324714770085122,1.0314172171025013,0.9872726405299846,1.1467593279614772,1.0311614911018736,0.9570811721317907,0.9238865089652231,0.9753861447611106,0.9206665137480854,0.9560309354914597,1.0292191935998736,0.959006267198019,1.028142397419713,1.0121377540226766,0.9970441002658874,1.0362412673611054,0.9844835104513683,-1.7663435714867115,1.0538510696044923,1.022488879898164,0.9278095878144392,0.9815734107349837,0.9728544778832459,1.0506615456769988,1.0293801135013392,0.9490050697858973,1.0278069845098483,0.9537965674285838,1.045107278896441,1.0125903038449777,0.9610922391109071,1.0290473549763814,1.0137024046890335,1.047810078485003,0.9256640196233755,1.042843917083808,1.0417972786477903,1.085773772346791,1.0122530635940052,1.0511669841700149,1.0501790389304717,0.019930180145133643,1.02886853150777,1.1379626070942397,0.9272665662222993,0.960949744276587,0.9850560200441341,0.9494217434899562,1.015906936014921,0.9682125981902532,1.0304497079349713,1.0266550477061342,0.9565569042930809,0.9978249817725595,1.0278863482442206,0.9611200043447481,1.0221338592839895,0.9611770699578461,0.9623787075459327,1.0147736348320704,0.9830255223945651,0.9260382356831968,1.0503104082340904,0.9629095715846342,0.9969594222492911,1.0257175841437094,1.0308560911125257,1.0276946193530714,1.4109846165521538,0.9550977167040855,1.012934769196623,0.9845830814848738,1.0418868983700669,1.0359066667237644,1.0428335694322561,0.984789173257977,0.9997983755707068,1.025272897596683,1.0090032357781649,0.9992624722622554,-0.11066426808372769,0.9820097149440975,1.0444106925376255,0.9618286190808089
1137,1519075248,0.908941918546939,1.0526126463487417,1.024192475888326,0.9650398418337292,1.0413130311745982,0.9776297892269653,0.9069673680994295,1.0514072436644495,0.9347013133296015,1.0479854001756046,1.056257257377986,1.026571016825958,0.9866078742794806,0.9073778146262395,1.0253567074096657,0.9880223909391849,0.9445733703537172,1.0351862896361803,0.969662860200492,0.9882579382641097,1.0275708005802364,1.0261008831008218,-0.08572961197044983,0.990003329960377,1.0306411424862882,1.044294270396979,1.0308153548598844,0.9282171582054857,0.9077466845400706,1.2217076735326395,0.9845047820749573,1.054324932342034,0.9584699150522951,0.45720332066707287,1.0321067630806373,1.0292755834463436,1.0468249289483875,0.9757061798467079,1.0470296832260084,0.9565596204304888,1.7569967596408576,1.0435660270216005,0.931075473513,0.9517677966206666,-0.042223416015498456,1.0397288943779301,1.0360519371978774,1.0349947608102643,0.9910578158492066,1.1467643792509783,1.0341485320444819,0.9609301019395055,0.9294266245400243,0.9793925677234135,0.9262429264545662,0.9598918177780769,1.0327319335427207,0.9628709754206926,1.0322508642552035,1.015279979204132,1.0001515385433952,1.0391365395718595,0.99085812204573,-1.7663435714867115,1.0567860755300633,1.024526559279681,0.9323154645091296,0.9846945077693703,0.976872172858435,1.0529600777961357,1.0329938895171038,0.9534596969461937,1.0308101389566042,0.9582113914968242,1.048130171424904,1.0162523920311037,0.964947900028164,1.0327729431589654,1.0165611579510303,1.0507075526008358,0.9319300050145983,1.0458006192567089,1.0441998078275077,1.0859679408697978,1.0159115595702255,1.054119568235637,1.0530559083999023,0.03130548209317252,1.032584678903933,1.1379626070942397,0.9310134703644869,0.9643237672563997,0.9875920490335458,0.9539044953418485,1.0187592127489224,0.9725670002003753,1.034577080729004,1.0292025788418815,0.9604060832033503,1.0015670743179783,1.0316162397007949,0.9650536554581436,1.0251010058865977,0.9645475897063204,0.9680182212959931,1.0176309972835909,0.9861445907712569,0.9305393110531015,1.0526120757522817,0.9679924243154433,1.0000691702949558,1.027814621116638,1.0344454504698544,1.030664505723724,1.4119391517814823,0.9589590749470923,1.01659606422254,0.9883872966030929,1.0436574396268363,1.03938546557737,1.045193529993482,0.9879639906738714,1.0030356978001536,1.0273070822098487,1.0117801058136937,1.0029944821923396,-0.11066426808372769,0.9851264139416549,1.0474402441291129,0.9652031420773238
1138,1519075254,0.9117314912590707,1.054354857006597,1.026667653807382,0.9678499108494351,1.0424946025950868,0.9797782047923441,0.9097587850243356,1.0542867146431207,0.9374557700081078,1.0491975669341942,1.0586164107835323,1.027615951589474,0.9889668378206165,0.9101689042897376,1.0273361040439484,0.991203529247957,0.947268166508608,1.0369778636291953,0.9724350043336255,0.9901633270682098,1.028619635450143,1.0285715018475239,-0.08572961197044983,0.9919201854179046,1.032622222707828,1.0448952216017091,1.0327973382306697,0.9316934404500773,0.9105348502709739,1.2241871436292135,0.9863749359852367,1.0566782680842643,0.9601264076995296,0.7349869843138749,1.0342355050226537,1.0302928824215845,1.0492532521061595,0.9790521128719218,1.049478614140364,0.9588003323353608,1.8680024051992343,1.0447650661800816,0.9333292659763891,0.9555060654368706,-0.042223416015498456,1.0414672219492493,1.0378421672925602,1.0367835326641457,0.9935812660620212,1.1467672657021217,1.0359407566100467,0.9631294904010568,0.9328891967742751,0.9820635163649489,0.9297281843961167,0.9615464816151985,1.034739213510062,0.9656314812940308,1.0343050976729486,1.0173747959917692,1.0020160015099,1.040873702898312,0.9927705055240386,-1.7663435714867115,1.058547079085406,1.0255453989704395,0.9345684028564748,0.9865671659900023,0.9795506361752278,1.055833242945057,1.0355751580997927,0.9564294483863914,1.032812241921108,0.9604188035309446,1.0493393284362893,1.0183450138517471,0.9677019435404903,1.0343696238086442,1.0194199112130273,1.0524460370703352,0.9347148874106973,1.046983300125869,1.0448004401224371,1.086065025131301,1.018002128699494,1.0576626691143836,1.0547820300815605,0.04251786411561289,1.0341773135022887,1.1379626070942397,0.9332616128497995,0.9665731159096081,0.9907620852703105,0.9568929965764434,1.0208984202994233,0.9747442012054364,1.0366407671260205,1.03073109752333,0.9631554967106856,1.004061802681591,1.0337476062474087,0.9673014560943696,1.027573628055438,0.9673563561633823,0.9702740267960174,1.019774019122231,0.9873922181219337,0.9327898487380538,1.054338326390925,0.9702514699735807,1.0025569687314877,1.028863139603102,1.0359837473372808,1.0326444299708257,1.412575508601035,0.9606139427655238,1.0186882328087783,0.9902894041622025,1.0448378004646826,1.041124865004173,1.046373510274095,0.9898688811234081,1.005348070821187,1.028832720669723,1.0145569758492223,1.0054824888123957,-0.11066426808372769,0.9863730935406779,1.0492579750840052,0.9674528240750004
1139,1519075259,0.9145210639712025,1.056097067664452,1.0286477961426266,0.970659979865141,1.0436761740155753,0.9819266203577228,0.9125502019492419,1.0560143972303233,0.9402102266866141,1.052227983830668,1.0603857758376922,1.02866088635299,0.991170436035223,0.9136577663691102,1.0303051989953724,0.9937484398949746,0.9499629626634988,1.0387694376222103,0.9746527196401323,0.9920687158723099,1.0301928877550028,1.0305479968448856,-0.08572961197044983,0.995114944513784,1.0350985729847528,1.0460971240111696,1.034779321601455,0.9344744662457507,0.9133230160018774,1.225674825687158,0.9901152438057957,1.0590316038264946,0.9628872287782537,0.45720332066707287,1.0368964324501742,1.031310181396825,1.0510744944744885,0.9823980458971358,1.0514377588718484,0.9610410442402328,1.8575956259281365,1.0453645857593223,0.9363343225942413,0.9584966804898338,-0.042223416015498456,1.0432055495205685,1.0396323973872428,1.0397648190872812,0.9954738537216322,1.1467701521532652,1.038927797552655,0.9658787259779958,0.9356592545616758,0.985402202166868,0.9332134423376672,0.9643042546770679,1.036746493477403,0.9678398859927014,1.0368728894451302,1.0199933169763156,1.0051234397874078,1.0437689751090662,0.994682889002347,-1.7663435714867115,1.0603080826407485,1.0270736585065774,0.93682134120382,0.9884398242106343,0.9828987153212188,1.0575571420344096,1.0386726803990194,0.9586567619665397,1.0348143448856117,0.9637299215821249,1.0517576424590596,1.0204376356723903,0.9704559870528165,1.0375629851080017,1.0222786644750244,1.0541845215398349,0.9374997698067963,1.0481659809950294,1.0466023370072253,1.0861621093928044,1.02061534011108,1.0606152531800057,1.0565081517632189,0.053759338981910126,1.036831704499548,1.1379626070942397,0.935509755335112,0.9693848017261187,0.9926641070123694,0.9591343725023896,1.024463766216925,0.9769214022104975,1.0392203751222908,1.0317501099776287,0.9659049102180208,1.0059328489543005,1.036411814430676,0.970111206889652,1.0295517257905102,0.9696033693290319,0.9725298322960415,1.0226313815737513,0.9898874728232873,0.9350403864230061,1.0577908276682115,0.9730752770462524,1.0050447671680194,1.0299116580895664,1.0385475754496583,1.0356143163414784,1.4132118654205874,0.9639236784023868,1.0207804013950166,0.9934595834273849,1.046018161302529,1.04344406423991,1.047553490554708,0.9924087350561236,1.007197969238014,1.0298498129763058,1.0162230978705398,1.0079704954324515,-0.11066426808372769,0.9901131323377469,1.051681616357195,0.969702506072677
1140,1519075265,0.9173106366833342,1.058420015208259,1.0306279384778714,0.9729080350777057,1.044857745436064,0.9840750359231016,0.915341618874148,1.0577420798175259,0.9443419117043735,1.0546523173478473,1.062155140891852,1.029705821116506,0.9933636765613942,0.9164488560326083,1.0322845956296551,0.9956571228802379,0.9526577588183895,1.041755394277235,0.9768704349466392,0.996514623081877,1.0312417226249093,1.033512739340928,-0.08572961197044983,0.9970317999713116,1.0375749232616778,1.0472990264206299,1.0367613049722402,0.937255492041424,0.9168082231655065,1.2271625077451023,0.9919853977160752,1.0607966056331672,0.9662002140727227,0.2349763897496313,1.0395573598776946,1.032327480372066,1.0528957368428176,0.9850747923173069,1.0533969036033328,0.9632817561451048,1.8541266995044372,1.0465636249178036,0.9385881150576304,0.9607396417795563,-0.042223416015498456,1.0449438770918875,1.0420193708468197,1.0415535909411626,0.9973664413812432,1.1467737602171946,1.0413174303067414,0.9680781144395472,0.9384293123490763,0.989408625129171,0.9360016486909076,0.9665104731265635,1.0392555934365797,0.970048290691372,1.0389271228628754,1.0226118379608617,1.0069879027539124,1.0455061384355187,0.9965952724806556,-1.7663435714867115,1.062069086196091,1.028092498197336,0.9390742795511652,0.9928093600587754,0.9869164102964079,1.061004940213115,1.0407376952651706,0.960884075546688,1.0373169735912415,0.9659373336162451,1.0541759564818298,1.0230534129481945,0.9726592218626776,1.039691892640907,1.024422729421522,1.0565025008325009,0.9402846522028953,1.0493486618641898,1.047803601597084,1.0863077357850595,1.0227059092403485,1.0623868036193789,1.0593850212326492,0.06500954170136443,1.0394860954968075,1.1379626070942397,0.9392566594772995,0.9721964875426293,0.9945661287544282,0.9613757484283357,1.0280291121344265,0.980550070552266,1.0412840615193073,1.0327691224319275,0.968104441023889,1.0078038952270099,1.0385431809772898,0.972359007525878,1.0320243479593503,0.9718503824946815,0.9747856377960658,1.0262030846381516,0.9917589138493024,0.9372909241079584,1.059517078306855,0.9753343227043898,1.0069106159954182,1.0309601765760308,1.0405986379395602,1.03759424058858,1.4138482222401398,0.9661301688269621,1.0233956121278145,0.9953616909864945,1.0477887025592985,1.0463430632845814,1.0481434806950143,0.9955835524720181,1.0090478676548407,1.0313754514361801,1.017889219891857,1.0098365003974936,-0.11066426808372769,0.9919831517362814,1.0541052576303847,0.9730770290691919
1141,1519075271,0.920100209395466,1.0613236996380175,1.0335981519807385,0.9751560902902705,1.0466301025667968,0.9869395900102733,0.9181330357990543,1.0606215507961971,0.9484735967221329,1.0558644841064369,1.0645142942973984,1.0312732232617798,0.9956734410824625,0.9199377181119809,1.0347588414225086,0.9975658058655011,0.9566999530507257,1.04354696827025,0.9796425790797727,0.9984200118859772,1.0322905574948158,1.03598335808763,-0.08572961197044983,0.9989486554288393,1.0400512735386025,1.0497028312395507,1.0392387841857218,0.9407317742860156,0.9202934303291357,1.2291460838223613,0.9938555516263547,1.0625616074398399,0.968408870935702,0.1794196570202709,1.0416861018197108,1.0333447793473065,1.0547169792111466,0.9890899119475635,1.0558458345176882,0.9662693720182675,1.850657773080738,1.0483621836555255,0.9415931716754826,0.9644779105957603,-0.042223416015498456,1.0472616471869798,1.0450030876712908,1.043342362795044,1.0005207541472614,1.1467780898939097,1.0431096548723064,0.9702775029010985,0.941199370136477,0.9927473109310903,0.9401839582207683,0.9698198008008068,1.0422665133875917,0.9722566953900427,1.0409813562806207,1.0247066547484989,1.0088523657204171,1.0472433017619711,0.9985076559589641,-1.7663435714867115,1.0650040921216621,1.029620757733474,0.9413272178985104,0.9946820182794074,0.9902644894423989,1.0627288393024676,1.0428027101313218,0.9631113891268361,1.0408206537791234,0.9681447456503653,1.0559896919989076,1.025146034768838,0.9748624566725387,1.0418208001738118,1.0287108593145173,1.0593999749483336,0.943765755198019,1.04994000229877,1.0484042338920134,1.0864048200465628,1.0247964783696173,1.0641583540587523,1.0616865168081937,0.0762684722739758,1.041609608294615,1.1379626070942397,0.9430035636194871,0.9744458361958378,0.99710215774384,0.9643642496629307,1.0308813888684276,0.9841787388940344,1.0438636695155776,1.0337881348862266,0.9703039718297573,1.0096749414997193,1.0406745475239036,0.974606808162104,1.0344969701281905,0.9746591489517433,0.9770414432960899,1.029774787702552,0.9955017959013327,0.9395414617929108,1.061818745825046,0.9775933683625272,1.008776464822817,1.0330572135489593,1.0431624660519379,1.039574164835682,1.4148027574694686,0.9683366592515374,1.0260108228606122,0.9972637985456041,1.0489690633971447,1.0486622625203186,1.0493234609756272,0.9974884429215547,1.011822715280081,1.0323925437427628,1.0206660899273856,1.0117025053625357,-0.13442998157004796,0.9938531711348159,1.055922988585277,0.9753267110668685
1142,1519075276,0.9270741411757955,1.0636466471818244,1.0370634010674167,0.9796522007153999,1.048993245407774,0.9926686981846167,0.9265072865737729,1.0635010217748682,0.9532938959095189,1.0595009843822059,1.068053024405718,1.0338855601705697,0.9980790142215571,0.9276132146866006,1.0387176346910743,1.0013831718360275,0.9620895453605073,1.047727307587285,0.9846324385194131,1.0022307894941775,1.0354370621045355,1.039442224333013,-0.08572961197044983,1.0027823663438944,1.0440134339816822,1.0521066360584712,1.0441937426126848,0.9469890823262807,0.9258697617909424,1.232617341957565,0.9982192440836735,1.066091611053185,0.9733783488774056,-0.8206015321082163,1.0464757711892476,1.0358880267854083,1.0601807063161337,0.9937742181828629,1.060253910163528,0.9722446037645928,1.5939572177269916,1.0513597815517286,0.949105813220113,0.9689638331752051,-0.042223416015498456,1.051897187377164,1.0491802912255503,1.0481124210720612,1.004936792019687,1.1467824195706249,1.046694104003436,0.9752261269395889,0.9481245146049786,0.9974214710537771,0.9457603709272491,0.9742322376997979,1.0452774333386035,0.9766735047873838,1.0450898231161112,1.0288962883237731,1.0138242669644295,1.050717628414876,1.0029698840750174,-1.7663435714867115,1.0691131004174617,1.0321678569603705,0.9473350534914308,0.9990515541275485,0.9949518002467862,1.0661766374811732,1.046932739863624,0.969793329867281,1.044324333967005,0.9731114227271359,1.0608263200444483,1.0298544338652855,0.9798197349947261,1.046078615239622,1.0322843008920135,1.0634564387104992,0.9500317405892418,1.0528967044716706,1.052608659956519,1.0866475307003214,1.0300229011927888,1.0677014549374988,1.0657141340653964,0.08760886280938643,1.046387512089682,1.1379626070942397,0.9474998485901123,0.9789445335022546,1.0015402084753107,0.9703412521321204,1.0344467347859292,0.9885331409041564,1.0479910423096104,1.0363356660219738,0.9747030334414937,1.0134170340451383,1.046002963890438,0.9796643595936124,1.038453165598335,0.9797149285744549,0.9821170056711442,1.0333464907669525,0.9992446779533629,0.9477934333044027,1.0652712471023327,0.982111459678802,1.0125081624776147,1.03567850976512,1.0477773566542172,1.0435340133298854,1.4159163819036853,0.973301262706832,1.0307182021796484,1.0017020495168596,1.0507396046539141,1.0521410613739242,1.0522734116771597,1.001298223820628,1.014597562905321,1.0344267283559285,1.0228875859558086,1.016678518602648,-0.11066426808372769,0.9982165497313964,1.0607702711316565,0.980388495561641
1143,1519075282,0.9277715343538284,1.064808120953728,1.0380534722350392,0.9802142145185412,1.048993245407774,0.9933848367064096,0.9265072865737729,1.0646528101663366,0.954671124248772,1.0601070677615005,1.0692326011084912,1.0338855601705697,1.0008341593453425,0.9276132146866006,1.0402021821667862,1.002019399497782,0.9634369434379526,1.048921690249295,0.9846324385194131,1.003501048696911,1.0354370621045355,1.0409245955810345,-0.08572961197044983,1.0027823663438944,1.0440134339816822,1.0521066360584712,1.0441937426126848,0.9469890823262807,0.9258697617909424,1.232617341957565,0.9988426287204333,1.0678566128598577,0.9739305130931504,0.45720332066707287,1.0470079566747517,1.0358880267854083,1.0613948678950196,0.9951125913929485,1.060253910163528,0.9722446037645928,1.8680024051992343,1.0513597815517286,0.949105813220113,0.9689638331752051,-0.042223416015498456,1.051897187377164,1.0497770345904445,1.0493049356413153,1.004936792019687,1.1467838627961966,1.0472915121919577,0.9757759740549767,0.9481245146049786,0.9987569453745447,0.9457603709272491,0.9747837923121718,1.0462810733222743,0.9777777071367191,1.0461169398249837,1.0299436967175915,1.0138242669644295,1.050717628414876,1.0029698840750174,-1.7663435714867115,1.0691131004174617,1.0321678569603705,0.9488370123896609,0.9990515541275485,0.9969606477343808,1.0673259035407416,1.046932739863624,0.969793329867281,1.045325385449257,0.973663275735666,1.0614308985501408,1.0309007447756071,0.9803705436971912,1.0466108421228484,1.033713677523012,1.0640359335336658,0.9500317405892418,1.0528967044716706,1.052608659956519,1.0866475307003214,1.031068185757423,1.0677014549374988,1.0662895079592825,0.0989376162072543,1.0469183902891337,1.1379626070942397,0.9474998485901123,0.9800692078288589,1.0028082229700166,0.9703412521321204,1.0358728731529299,0.9892588745725102,1.0485069639088644,1.0363356660219738,0.9758027988444278,1.0152880803178477,1.047068647163745,0.9807882599117254,1.0394422144658708,0.9808384351572796,0.9821170056711442,1.0354895126055927,0.9998684916287013,0.9477934333044027,1.0669974977409762,0.982111459678802,1.0143740113050135,1.03567850976512,1.0477773566542172,1.0435340133298854,1.4162345603134616,0.9738528853129759,1.0317642864727674,1.0029701212229327,1.0507396046539141,1.0521410613739242,1.0522734116771597,1.002568150786986,1.0155225121137343,1.0344267283559285,1.0239983339700203,1.017300520257662,-0.13442998157004796,0.9988398895309079,1.0613761814499538,0.9815133365604792
1144,1519075288,0.9333506797780919,1.0688732791553899,1.0430038280731508,0.9847103249436706,1.0525379596692395,0.9976816678371672,0.9320901204235853,1.0692599637322102,0.9601800376057846,1.0667739849337434,1.0733611195681974,1.0359754296976014,1.0033070574592664,0.9331953940135967,1.0441609754353518,1.0058367654683085,0.9688265357477341,1.052504838235325,0.9890678691324267,1.0073118263051113,1.0375347318443486,1.0448775855757577,-0.08572961197044983,1.0072550290781255,1.0484708644801468,1.055111392082122,1.0481577093542556,0.9532463903665457,0.9328401761182008,1.2355927060734537,1.0025829365409924,1.071386616473203,0.978347826819109,-1.042828463025658,1.0512654405587842,1.0394485731987508,1.0650373526316776,1.0018044574433764,1.0641721996264968,0.9774729315426274,1.4898894250160135,1.0537578598686912,0.9536133981468913,0.9756927170443723,-0.042223416015498456,1.0553738425198025,1.0533574947798099,1.052882479349078,1.008721967338909,1.1467896356984835,1.0520707777001308,0.9807245980934671,0.95435714462663,1.0047665798179992,0.9527308868103501,0.9791962292111629,1.050797453248792,0.982746617708728,1.0507389650149106,1.034657034489775,1.018796168208442,1.0559291183942336,1.0067946510316343,-1.7663435714867115,1.073222108713261,1.035224376032646,0.9533428890843513,1.0027968705688124,1.0023175743679664,1.070773701719447,1.0520952770290017,0.9749903948876268,1.0493295913782648,0.9780780998039065,1.0650583695842963,1.035085988416894,0.9853278220193786,1.0524653378383373,1.0394311840470059,1.0675129024726648,0.9562977259804645,1.0552620662099914,1.0544105568413071,1.087132952007838,1.0352493240159606,1.072425589442494,1.0703171252164851,0.11032164600845024,1.0511654158847488,1.1379626070942397,0.9534948952176123,0.9845679051352758,1.0072462737014871,0.9755711292926614,1.0415774266209323,0.9936132765826323,1.0531502583021513,1.038883197157721,0.9807517431576313,1.0196538549541698,1.0513313802569726,0.9858458113432338,1.0438929343697834,0.9858942147799912,0.9866286166711926,1.0397755562828732,1.0036113736807315,0.9522945086743074,1.0704499990182628,0.9871943124096112,1.0187276585689442,1.0382998059812807,1.0523922472564968,1.0484838239476397,1.4176663631574546,0.9782658661621265,1.035948623645244,1.0074083721941882,1.054280687167453,1.0561996600364643,1.0564033426593051,1.0063779316860593,1.0229221057810416,1.0374780052756771,1.0306628220552891,1.02165453184276,-0.11066426808372769,1.0025799283279768,1.0650116433597385,0.9860127005558325
1145,1519075293,0.9361402524902237,1.0700347529272933,1.0439938992407733,0.9869583801562354,1.053719531089728,0.999113944880753,0.9348815373484914,1.0704117521236787,0.9622458801146643,1.067380068313038,1.0739509079195841,1.0370203644611173,1.0060052352966578,0.9359864836770948,1.0451506737524932,1.0077454484535717,0.9701739338251796,1.05310202956633,0.9912855844389336,1.0092172151092114,1.0385835667142551,1.0458658330744386,-0.08572961197044983,1.0091718845356532,1.0504519447016867,1.0563132944915825,1.0501396927250408,0.956027416162219,0.9356283418491042,1.237080388131398,1.003829705814512,1.0725632843443182,0.9794521552505987,0.6238735188551541,1.0528619970152966,1.0404658721739917,1.0662515142105635,1.003142830653462,1.0661313443579812,0.9797136434474993,1.8645334787755352,1.054357379447932,0.9558671906102805,0.9779356783340948,-0.042223416015498456,1.0571121700911217,1.0551477248744925,1.0534787366337053,1.0106145549985202,1.1467910789240552,1.0532655940771742,0.9818242923242428,0.9571272024140307,1.0061020541387669,0.9555190931635905,0.9802993384359107,1.0518010932324626,0.9838508200580632,1.051766081723783,1.0357044428835935,1.0194176558639436,1.057666281720686,1.008707034509943,-1.7663435714867115,1.0743961110834894,1.0362432157234047,0.9555958274316965,1.0040453093825672,1.0036568060263626,1.0719229677790154,1.0531277844620774,0.9772177084677751,1.0503306428605166,0.9791818058209667,1.0656629480899888,1.0361322993272155,0.9864294394243092,1.0535297916047899,1.040145872362505,1.068671892118998,0.9590826083765636,1.0564447470791516,1.055611821431166,1.0872300362693414,1.0362946085805949,1.0730161062556185,1.0708924991103712,0.12162421584684692,1.0522271722836525,1.1379626070942397,0.9557430377029249,0.98569257946188,1.00788028094884,0.9778125052186076,1.0422904958044326,0.9957904775876933,1.0541821015006594,1.0399022096120198,0.9818515085605654,1.020901219135976,1.0523970635302795,0.9869697116613468,1.0448819832373193,0.9870177213628158,0.9888844221712167,1.0404898968957532,1.0048590010314085,0.9545450463592597,1.0710254158978105,0.9894533580677486,1.019349608178077,1.0393483244677448,1.0534177785014478,1.0504637481947416,1.417984541567231,0.9793691113744142,1.0375177500849226,1.0086764439002613,1.0554610480052995,1.057939059463267,1.057583322939918,1.007012895169238,1.023847054989455,1.03849509758226,1.0317735700695008,1.022898535152788,-0.11066426808372769,1.0038266079269997,1.0668293743146307,0.9876999620540899
1146,1519075299,0.9403246115584213,1.0729384373570519,1.0474591483274516,0.9897684491719413,1.055491888220461,1.0048430530550965,0.9397665169670774,1.0732912231023497,0.9663775651324237,1.0704104852095122,1.076899849676517,1.0385877666063912,1.0085635843401728,0.9408708905882165,1.0491094670210586,1.0109265867623438,0.9762372251736838,1.056087986221355,0.9940577285720671,1.012392863116045,1.040156819019115,1.0488305755704812,-0.08572961197044983,1.0110887399931807,1.0539188350893813,1.058116148105773,1.0541036594666113,0.9595036984068107,0.9398105904454591,1.2400557522472868,1.006946628998311,1.0749166200865483,0.9833173047608126,-0.653931333920135,1.0565872954138251,1.0414831711492323,1.0692869181577787,1.0071579502837187,1.069559847638079,0.9819543553523713,1.5488611742189011,1.0561559381856538,0.9603747755370587,0.9801786396238172,-0.042223416015498456,1.061168267757533,1.0581314416989636,1.057056280341468,1.0131380052113348,1.146797573439128,1.0556552268312607,0.9851233750165698,0.9605897746482814,1.01010847710107,0.9583072995168309,0.9847117753349017,1.0553138331753098,0.9871634271060692,1.0548474318504009,1.038846668065049,1.0225250941414514,1.061140608373591,1.0112568791476877,-1.7663435714867115,1.078505119379289,1.0377714752595426,0.9593507246772718,1.007790625823831,1.0090137326599482,1.0742214998981523,1.056225306761304,0.9809298977680223,1.0543348487895243,0.9830447768806772,1.0698949976298369,1.0392712320581805,0.9897342916391008,1.0572553797873738,1.0437193139400012,1.0727283558811636,0.9618674907726625,1.058218768382892,1.0574137183159542,1.0874242047923481,1.039953104556815,1.0759686903212407,1.0743447424736878,0.13302570135435698,1.0564741978792676,1.1379626070942397,0.9594899418451125,0.990191276768297,1.0123183316803108,0.9808010064532025,1.0458558417219341,0.9994191459294618,1.057277631096184,1.0414307282934683,0.9851508047693677,1.0233959474995888,1.0561269549868537,0.9903414126156858,1.0483436542736957,0.9909499944027026,0.991704179046247,1.0454902811859137,1.009225696758777,0.9590461217291644,1.075053334054645,0.991712403725886,1.0224593562237418,1.0409211021974412,1.057519903481252,1.0539286156271697,1.4192572552063358,0.9837820922235648,1.04065600296428,1.0112125873124074,1.0578217696809922,1.0614178583168727,1.0581733130802244,1.0114576395514903,1.0270843772189018,1.0405292821954257,1.0345504401050296,1.025386541772844,-0.11066426808372769,1.0081899865235802,1.069858925906118,0.9910744850506048
1147,1519075304,0.945206363804652,1.0775843324446657,1.0504293618303187,0.9942645595970707,1.057855031061438,1.008423745664061,0.9446514965856632,1.076170694081021,0.9705092501501831,1.074046985485281,1.08161815648761,1.041200103515181,1.012113682051366,0.9450575250834636,1.0520785619724828,1.0147439527328703,0.9809531184447426,1.0596711342073848,0.9984931591850807,1.014933381521512,1.0427789061938812,1.0517953180665236,-0.08572961197044983,1.0168393063657637,1.057385725477076,1.0599190017199636,1.0575721303654855,0.9650657499981573,0.9446898804745401,1.2425352223438608,1.0113103214556298,1.0790349576354512,0.9877346184867712,-0.2094774720852519,1.0603125938123539,1.044026418587334,1.0729294028944367,1.0111730699139754,1.0724985647353056,0.987182683130406,1.6078329234217887,1.059153536081857,0.9633798321549109,0.984664562203262,-0.042223416015498456,1.0646449229001713,1.0605184151585403,1.060633824049231,1.0169231805305567,1.146803346341415,1.058642267773869,0.9895221519396723,0.9668224046699329,1.014114900063373,0.9638837122233118,0.988572657621519,1.0593283931099924,0.9910281353287428,1.0589558986858914,1.0419888932465047,1.0262540200744608,1.064035880584345,1.0176314907420494,-1.7663435714867115,1.0814401253048598,1.0398091546410597,0.9638566013719622,1.011535942265095,1.0130314276351373,1.0770946650470736,1.0598390827770685,0.9861269627883682,1.05733800323628,0.9874596009489176,1.0735224686639924,1.0429333202443065,0.9935899525563575,1.0609809679699576,1.0465780672019982,1.0756258299969963,0.9681334761638852,1.061766810990373,1.060416879790601,1.0876669154461065,1.0436116005330351,1.0789212743868628,1.0772216119431184,0.14765358324559472,1.0601903452754307,1.1379626070942397,0.9632368459873,0.9935652997481096,1.0154883679170754,0.9852837583050948,1.0487081184559353,1.0023220806028765,1.0619209254894708,1.044487765656365,0.988999983679637,1.0265143579541045,1.059856846443428,0.9942750637290811,1.051310800876304,0.9948822674425893,0.9979076441713135,1.0483476436374342,1.012344765135469,0.9635471970990691,1.077930418452384,0.9973600178712294,1.0255691042694066,1.04301813917037,1.0611092628385803,1.0573934830595977,1.4202117904356646,0.9876434504665718,1.0437942558436373,1.0150168024306265,1.0595923109377616,1.0648966571704783,1.061123263781757,1.0146324569673848,1.029859224844142,1.0425634668085915,1.0373273101405582,1.0291185517029282,-0.11066426808372769,1.0113066855211377,1.072888477497605,0.9944490080471198
1148,1519075310,0.945206363804652,1.0775843324446657,1.0504293618303187,0.994826573400212,1.057855031061438,1.008423745664061,0.9446514965856632,1.076170694081021,0.9705092501501831,1.074046985485281,1.0822079448389965,1.041200103515181,1.0129008663724477,0.9450575250834636,1.0520785619724828,1.0153801803946247,0.9809531184447426,1.0596711342073848,0.9984931591850807,1.014933381521512,1.0427789061938812,1.0517953180665236,-0.08572961197044983,1.0168393063657637,1.057385725477076,1.0599190017199636,1.0575721303654855,0.9650657499981573,0.9446898804745401,1.2430311163631755,1.0113103214556298,1.0790349576354512,0.9877346184867712,0.1794196570202709,1.0603125938123539,1.044026418587334,1.0729294028944367,1.011842256519018,1.0729883509181766,0.987182683130406,1.8680024051992343,1.059153536081857,0.9633798321549109,0.984664562203262,-0.042223416015498456,1.0646449229001713,1.0605184151585403,1.060633824049231,1.0169231805305567,1.146803346341415,1.058642267773869,0.9895221519396723,0.9668224046699329,1.0147826372237567,0.9638837122233118,0.988572657621519,1.0593283931099924,0.9910281353287428,1.0589558986858914,1.0419888932465047,1.0262540200744608,1.064035880584345,1.0176314907420494,-1.7663435714867115,1.0814401253048598,1.0398091546410597,0.9638566013719622,1.011535942265095,1.0137010434643356,1.0770946650470736,1.0598390827770685,0.9861269627883682,1.05733800323628,0.9874596009489176,1.0735224686639924,1.0429333202443065,0.9935899525563575,1.0609809679699576,1.0472927555174973,1.0756258299969963,0.9681334761638852,1.061766810990373,1.060416879790601,1.0876669154461065,1.0436116005330351,1.0789212743868628,1.0772216119431184,0.15534864044573865,1.0601903452754307,1.1379626070942397,0.9632368459873,0.9935652997481096,1.0154883679170754,0.9852837583050948,1.0494211876394357,1.0023220806028765,1.0624368470887249,1.044487765656365,0.988999983679637,1.0265143579541045,1.059856846443428,0.9942750637290811,1.051310800876304,0.9948822674425893,0.9979076441713135,1.0490619842503142,1.012344765135469,0.9635471970990691,1.077930418452384,0.9973600178712294,1.0255691042694066,1.04301813917037,1.0611092628385803,1.0573934830595977,1.4202117904356646,0.9876434504665718,1.0437942558436373,1.0150168024306265,1.0595923109377616,1.0648966571704783,1.061123263781757,1.0146324569673848,1.029859224844142,1.0425634668085915,1.0373273101405582,1.0291185517029282,-0.11066426808372769,1.0113066855211377,1.072888477497605,0.9944490080471198
1149,1519075316,0.9479959365167837,1.0799072799884726,1.0533995753331857,0.9970746286127767,1.0584458167716824,1.0127205767948184,0.9474429135105694,1.079050165059692,0.9746409351679425,1.0758652356231655,1.0839773098931562,1.0422450382786967,1.0153556385316098,0.9478486147469617,1.054552807765336,1.017288863379888,0.9856690117158015,1.0614627082003998,1.0012653033182142,1.0174738999269788,1.043827741063788,1.0552541843119065,-0.08572961197044983,1.0193951136424673,1.0593668056986159,1.0611209041294238,1.0595541137362707,0.9678467757938307,0.9474780462054434,1.2450146924404348,1.0138038600026693,1.0825649612487964,0.9899432753497506,0.1794196570202709,1.062973521239874,1.0450437175625749,1.0753577260522087,1.0151881895442318,1.075437281832532,0.989423395035278,1.8610645523518359,1.0597530556610977,0.9656336246183,0.9876551772562253,-0.042223416015498456,1.0663832504714903,1.0629053886181172,1.0624225959031124,1.020077493296575,1.146808397630916,1.0604344923394338,0.9922713875166115,0.9695924624573335,1.0181213230256758,0.9673689701648623,0.9907788760710146,1.0623393130610044,0.9943407423767486,1.0620372488125092,1.0440837100341418,1.028739970696467,1.0657730439107975,1.019543874220358,-1.7663435714867115,1.0837881300453167,1.0408279943318184,0.9653585602701922,1.0134086004857268,1.0163795067811283,1.080542463225779,1.0629366050762952,0.9883542763685165,1.0603411576830357,0.9902188659915679,1.0753362041810701,1.04502594206495,0.9968948047711491,1.0631098755028627,1.0508661970949935,1.0779438092896623,0.9709183585599842,1.0629494918595335,1.0610175120855303,1.0877639997076098,1.0457021696623037,1.0824643752656093,1.0795231075186629,0.16662502672466414,1.06284473627269,1.1379626070942397,0.9654849884726125,0.9958146484013181,1.0180243969064873,0.9875251342310409,1.0522734643734368,1.005950748944645,1.0645005334857411,1.0455067781106637,0.9917493971869723,1.0302564504995235,1.0625210546266952,0.9970848145243636,1.053783423045144,0.9976910338996513,1.0001634496713376,1.0512050060889544,1.0142162061614841,0.9657977347840214,1.0796566690910274,1.0001838249439012,1.0286788523150712,1.044066657656834,1.0636730909509577,1.0593734073066994,1.4213254148698815,0.9909531861034347,1.0464094665764352,1.0181869816958091,1.0607726717756079,1.0666360565972812,1.0623032440623699,1.0165373474169213,1.0330965470735889,1.0435805591151743,1.040659554183193,1.0322285599779983,-0.11066426808372769,1.0144233845186952,1.0753121187707948,0.9972611105442155
1150,1519075321,0.9507855092289155,1.0816494906463276,1.0558747532522417,0.9993226838253414,1.0602181739024152,1.0148689923601972,0.9516300388979287,1.081353741842629,0.9773953918464487,1.0788956525196394,1.0857466749473161,1.0432899730422127,1.018002027926825,0.9513374768263343,1.0575219027167604,1.0191975463651513,0.9883638078706922,1.0632542821934148,1.003483018624721,1.0193792887310789,1.0448765759336944,1.0587130505572895,-0.08572961197044983,1.0213119690999948,1.0623384260309257,1.0623228065388841,1.0625270887924487,0.970627801589504,0.9509632533690725,1.2465023744983792,1.0169207831864684,1.0843299630554692,0.9927040964284747,0.2905331224789917,1.0656344486673945,1.046569666025436,1.0777860492099807,1.0185341225694458,1.0773964265640164,0.9939048188450219,1.8575956259281365,1.0609520948195788,0.9686386812361522,0.9906457923091885,-0.042223416015498456,1.0692804630903556,1.0646956187127998,1.0648076250416207,1.021970080956186,1.1468112840820595,1.0640189414705636,0.9950206230935505,0.9723625202447341,1.022127745987979,0.9708542281064128,0.993536649132884,1.0643465930283456,0.9965491470754193,1.0640914822302545,1.0472259352155973,1.0318474089739746,1.0686683161215518,1.0214562576986663,-1.7663435714867115,1.0855491336006593,1.0423562538679563,0.9683624780666524,1.0159054781132362,1.0197275859271193,1.0845648944342685,1.065517873658984,0.9905815899486647,1.0623432606475396,0.9935299840427483,1.0777545182038404,1.047118563885593,0.9990980395810102,1.0663032368022203,1.0537249503569905,1.079682293759162,0.9750956821541328,1.0635408322941136,1.0622187766753892,1.0878610839691134,1.0483153810738897,1.0854169593312313,1.081249229200321,0.17799160081954596,1.0654991272699494,1.1379626070942397,0.9684825117863626,0.9986263342178286,1.0199264186485462,0.9897665101569871,1.0558388102909384,1.008127949949706,1.0665642198827576,1.0465257905649628,0.9939489279928405,1.032127496772233,1.0651852628099625,0.9993326151605896,1.0562560452139842,0.9999380470653008,1.0024192551713618,1.0540623685404746,1.0167114608628376,0.9687984516972912,1.083109170368314,1.0024428706020385,1.03054470114247,1.0451151761432984,1.06572415344086,1.0618483126155767,1.421961771689434,0.9937112991341539,1.0485016351626735,1.0200890892549186,1.0625432130323773,1.0695350556419527,1.0634832243429828,1.019077201349637,1.0349464454904156,1.0451061975750486,1.04232567620451,1.0340945649430404,-0.11066426808372769,1.0169167437167412,1.0777357600439845,0.9995107925418921
1151,1519075327,0.9535750819410472,1.0839724381901346,1.0578548955874865,1.0015707390379063,1.0608089596126595,1.017017407925576,0.9544214558228349,1.0830814244298315,0.9808384626945816,1.0807139026575239,1.0881058283528624,1.0443349078057287,1.0206225231009516,0.9541285664898324,1.059501299351043,1.0211062293504145,0.991058604025583,1.0674346215104498,1.0057007339312278,1.0244603255420128,1.045925410803601,1.0606895455546512,-0.08572961197044983,1.0232288245575223,1.0643195062524655,1.0629237577436144,1.0650045680059304,0.9741040838340956,0.9537514190999759,1.2489818445949532,1.0187909370967478,1.0860949648621419,0.9960170817229437,0.4016465879377125,1.068295376094915,1.0475869650006766,1.0796072915783097,1.0212108689896169,1.079845357478372,0.9968924347181846,1.8471888466570388,1.06215113397806,0.9708924736995413,0.9928887535989109,-0.042223416015498456,1.0721776757092207,1.0682760789021652,1.0683851687493837,1.023862668615797,1.1468148921459889,1.0670059824131717,0.9977698586704897,0.9751325780321348,1.025466431789898,0.9736424344596533,0.9962944221947534,1.0668556929875221,0.9993096529487575,1.066659274002436,1.0508918645939622,1.0337118719404794,1.0704054794480042,1.024006102336411,-1.7663435714867115,1.0878971383411162,1.0433750935587147,0.9698644369648826,1.0196507945545001,1.0237452809023084,1.0862887935236214,1.068099142241673,0.992808903528813,1.0643453636120435,0.9957373960768685,1.0813819892379959,1.05130380752688,1.0018520830933364,1.0684321443351255,1.0558690153034882,1.0814207782286613,0.9785767851492565,1.064723513163274,1.063420041265248,1.08805525249212,1.0519738770501097,1.0871885097706047,1.0841260986697516,0.18933490063934227,1.0686843964666608,1.1379626070942397,0.9707306542716752,1.0031250315242455,1.0237304621326637,0.9935021367002307,1.05940415620844,1.0110308846231209,1.069143827879028,1.0475448030192616,0.9966983415001758,1.0346222251358455,1.0673166293565763,1.003266266273985,1.0587286673828245,1.0038703201051875,1.005239012046392,1.058348412217755,1.019206715564191,0.9710489893822435,1.0848354210069573,1.004701916260176,1.033032499579002,1.0461636946297626,1.0682879815532373,1.0638282368626784,1.4225981285089864,0.9959177895587292,1.0521629301885904,1.0232592685201012,1.0637235738702238,1.0712744550687554,1.0646632046235958,1.0235219457318891,1.0367963439072425,1.0461232898816313,1.0439917982258273,1.0365825715630963,-0.11066426808372769,1.0187867631152756,1.0807653116354718,1.0040101565372452
1152,1519075333,0.9577594410092448,1.0857146488479898,1.0603300735065424,1.0038187942504708,1.0631721024536365,1.0198819620127477,0.9586085812101942,1.0853850012127684,0.9835929193730879,1.0825321527954082,1.090464981758409,1.0459023099510025,1.0234009730237164,0.959012973400954,1.0619755451438966,1.0230149123356778,0.9944270992191965,1.0692261955034648,1.0084728780643615,1.026365714346113,1.048023080543414,1.0626660405520127,-0.08572961197044983,1.02514568001505,1.0672911265847753,1.0653275625625351,1.0679775430621083,0.9775803660786874,0.9586307091290568,1.2509654206722123,1.0206610910070273,1.088448300604372,0.998225738585923,0.6238735188551541,1.0704241180369314,1.0491129134635377,1.0814285339466387,1.0245568020148308,1.0827840745755986,0.9998800505913472,1.850657773080738,1.063949692715782,0.9761513227807825,0.9966270224151149,-0.042223416015498456,1.074495445804313,1.0712597957266363,1.070770197887892,1.0263861188286116,1.1468177785971323,1.0693956151672583,1.000519094247429,0.9785951502663857,1.0281373804314333,0.9771276924012037,0.9990521952566228,1.0688629729548633,1.0020701588220957,1.0692270657746177,1.0535103855785086,1.0361978225624857,1.0727216972166076,1.0265559469741559,-1.7663435714867115,1.0908321442666873,1.0449033530948526,0.9736193342104579,1.021523452775132,1.0264237442191013,1.088012692612974,1.0701641571078242,0.9957786549690106,1.0668479923176732,0.9979448081109888,1.0844048817664589,1.0533964293475233,1.0046061266056627,1.0705610518680304,1.058727768565485,1.084318252344494,0.9820578881443802,1.0659061940324344,1.0658225704449655,1.0882008788843751,1.0545870884616955,1.0889600602099778,1.0870029681391822,0.2007189304405382,1.0718696656633722,1.1379626070942397,0.9759763200707378,1.005374380177454,1.0269004983694285,0.9964906379348256,1.0615433637589409,1.013208085628182,1.0717234358752985,1.0485638154735604,0.998897872306044,1.0371169534994582,1.0694479959031902,1.0060760170692675,1.0612012895516647,1.0066790865622495,1.0080587689214222,1.0604914340563953,1.022325783940883,0.9747998855238308,1.0871370885251486,1.0069609619183133,1.0348983484064007,1.047736472359459,1.0713645752880903,1.066798123233331,1.423393574533427,0.9992275251955922,1.054778140921388,1.0257954119322472,1.06490393470807,1.074173454113427,1.066433175044515,1.0254268361814258,1.0386462423240692,1.0476489283415056,1.0456579202471445,1.0390705781831524,-0.11066426808372769,1.0225268019123446,1.082583042590364,1.006259838534922
1153,1519075338,0.9633385864335083,1.0886183332777484,1.0633002870094095,1.0083149046756004,1.0649444595843693,1.0248949316652982,0.9641914150600066,1.0882644721914394,0.9891018327301004,1.0855625696918823,1.094593500218115,1.0485146468597923,1.0262234431223312,0.9638973803120757,1.0649446400953206,1.0268322783062043,0.999816691528978,1.0728093434894947,1.0129083086773751,1.0289062327515799,1.050120750283227,1.0656307830480554,-0.08572961197044983,1.0289793909301053,1.070262746917085,1.0671304161767257,1.0709505181182861,0.9838376741189524,0.9628129577254118,1.2534448907687863,1.0250247834643462,1.0919783042177174,1.0026430523118817,0.4016465879377125,1.074681601920964,1.0516561609016395,1.0862851802621827,1.0292411082501303,1.0857227916728251,1.0058552823376725,1.760465686064557,1.0669472906119852,0.9799076435530978,1.0011129449945597,-0.042223416015498456,1.0773926584231783,1.0736467691862133,1.0737514843110278,1.0301712941478336,1.1468221082738475,1.0729800642983882,1.0049178711705313,0.9855202947348872,1.0321438033937365,0.9827041051076846,1.00291307754324,1.0718738929058753,1.0059348670447694,1.0728219742556717,1.0571763149568734,1.0405482361509966,1.0756169694273616,1.031018175090209,-1.7663435714867115,1.0943541513773725,1.04694103247637,0.9788761903542633,1.025268769216396,1.0304414391942904,1.090311224732111,1.0737779331235886,1.0024605957094554,1.0703516725055549,1.0023596321792294,1.0880323528006144,1.057058517533649,1.0090125962253849,1.0742866400506144,1.0623012101429812,1.0872157264603266,0.988323873535603,1.068862896205335,1.068225099624683,1.0884435895381335,1.0577229421555985,1.0925031610887244,1.0898798376086125,0.21216987378260496,1.0755858130595353,1.1379626070942397,0.9789738433844878,1.0087484031572667,1.0294365273588404,1.0017205150953667,1.064395640492942,1.0182882213066577,1.075850808669331,1.0516208528364572,1.0027470512163135,1.0402353639539739,1.0742435706330713,1.010009668182663,1.0646629605880409,1.0100496063107238,1.0131343312964767,1.0640631371207958,1.025444852317575,0.9800511401220529,1.0900141729228874,1.011479053234588,1.0380080964520655,1.0498335093323876,1.0749539346454189,1.0697680096039837,1.4243481097627557,1.0030888834385991,1.0579163938007454,1.0295996270504664,1.0672646563837627,1.076492653349164,1.0687931356057412,1.0286016535973201,1.0414210899493095,1.0496831129546713,1.0478794162755676,1.0434245897682506,-0.11066426808372769,1.025643500909902,1.0862185045001487,1.009634361531437
1154,1519075344,0.967522945501706,1.0903605439356034,1.0657754649284654,1.0111249736913064,1.066126031004858,1.027043347230677,0.9669828319849129,1.0911439431701104,0.9918562894086067,1.0879869032090614,1.096362865272275,1.0500820490050662,1.0289759988240077,0.9666884699755738,1.0669240367296033,1.0300134166149764,1.0025114876838688,1.0746009174825095,1.015126023983882,1.03081162155568,1.0511695851531337,1.0681014017947574,-0.08572961197044983,1.0315351982068088,1.0722438271386248,1.0689332697909162,1.0729325014890714,0.9866186999146257,0.9656011234563151,1.2554284668460454,1.0262715527378659,1.0943316399599474,1.004299544959116,1.0127706479606768,1.0762781583774763,1.0526734598768803,1.0887135034199547,1.0319178546703014,1.0881717225871805,1.0080959942425445,1.8680024051992343,1.0681463297704665,0.98291270017095,1.004103560047523,-0.042223416015498456,1.0791309859944973,1.0754369992808959,1.0755402561649092,1.0320638818074446,1.1468249947249909,1.074772288863953,1.0071172596320828,0.9882903525222878,1.0348147520352717,0.9861893630492351,1.0045677413803618,1.0738811728732165,1.0092474740927753,1.0753897660278533,1.0592711317445105,1.0424126991175013,1.077354132753814,1.0329305585685176,-1.7663435714867115,1.096115154932715,1.0479598721671284,0.9833820670489536,1.0271414274370279,1.033119902511083,1.093184389881032,1.0763592017062775,1.0046879092896037,1.0723537754700587,1.0040151912048194,1.0892415098119994,1.0591511393542925,1.0117666397377112,1.0764155475835195,1.064445275089479,1.0889542109298262,0.991108755931702,1.0700455770744954,1.0688257319196124,1.0885406737996368,1.0598135112848672,1.0948652283412221,1.091605959290271,0.22350153646485854,1.077178447657891,1.1379626070942397,0.9812219858698004,1.0109977518104751,1.0313385491008993,1.0039618910213128,1.0665348480434431,1.0204654223117189,1.0779144950663475,1.052639865290756,1.0054964647236486,1.0439774564993929,1.0763749371796851,1.012257468818889,1.066641058323113,1.0122966194763734,1.0153901367965008,1.066206158959436,1.0266924796682517,0.9823016778070053,1.0917404235615307,1.01430286030726,1.04111784449773,1.051406287062084,1.0770049971353208,1.0717479338510854,1.4251435557871963,1.0047437512570305,1.0600085623869837,1.0315017346095758,1.067854836802686,1.0782320527759668,1.0699731158863541,1.0305065440468568,1.0446584121787563,1.0507002052612542,1.051211660318202,1.0459125963883067,-0.11066426808372769,1.0268901805089252,1.088036235455041,1.0118840435291134
1155,1519075350,0.9703125182138378,1.0938449652513138,1.0687456784313325,1.0133730289038712,1.0678983881355908,1.0306240398396416,0.969774248909819,1.0934475199530473,0.9959879744263661,1.0916234034848302,1.0981322303264347,1.0511269837685822,1.031705249726705,0.9694795596390718,1.0698931316810276,1.0319220996002396,1.0065536819162049,1.0769896828065295,1.0173437392903888,1.0346223991638803,1.0522184200230402,1.0710661442908,-0.08572961197044983,1.034729957302688,1.0747201774155497,1.0701351722003765,1.0749144848598566,0.989399725710299,0.9697833720526702,1.2569161489039897,1.029388475921665,1.0972733096377352,1.0076125302535852,0.1794196570202709,1.0794712712905008,1.0541994083397412,1.0911418265777266,1.0366021609056009,1.090130867318665,1.0103367061474164,1.6563978933535786,1.0693453689289478,0.9844152284798761,1.0063465213372456,-0.042223416015498456,1.0808693135658165,1.078420716105367,1.0779252853034178,1.0339564694670556,1.146830046014492,1.0789541461836045,1.0104163423244097,0.9910604103096885,1.0394889121579585,0.9889775694024755,1.007877069054605,1.0773939128160637,1.012560081140781,1.078471116154471,1.0634607653197845,1.0461416250505107,1.0802494049645683,1.0348429420468261,-1.7663435714867115,1.0978761584880576,1.0494881317032663,0.9856350053962988,1.029638305064537,1.0378072133154705,1.095482922000169,1.0789404702889664,1.006915222869752,1.0753569299168146,1.0073263092559999,1.09165982383477,1.0622900720852575,1.0145206832500375,1.0801411357661033,1.0694480932979735,1.0918516850456588,0.993893638327801,1.071819598378236,1.070026996509471,1.0889290108456502,1.0629493649787702,1.09722729559372,1.0939074548658152,0.23494375195376824,1.080363716854602,1.1379626070942397,0.984968890011988,1.0143717747902878,1.0345085853376639,1.006203266947259,1.070813263144445,1.0240940906534872,1.0804941030626178,1.0541683839722045,1.008795760932451,1.0470958669539085,1.0795719869996059,1.0161911199322844,1.0696082049257212,1.0156671392248477,1.017645942296525,1.0697778620238363,1.0298115480449437,0.9845522154919576,1.094042091079722,1.0171266673799317,1.0442275925433948,1.0524548055485483,1.0795688252476983,1.074717820221738,1.426098091016525,1.0080534868938935,1.063146815266341,1.035305949727795,1.0702155584783783,1.0811310518206383,1.0717430863072734,1.0330463979795725,1.05113305663765,1.0522258437211285,1.0573207743963653,1.0484006030083628,-0.11066426808372769,1.0300068795064825,1.0904598767282307,1.0158209870250476
1156,1519075355,0.9731020909259696,1.0955871759091689,1.070230785182766,1.0156210841164357,1.0690799595560794,1.0313401783614344,0.9725656658347253,1.0951752025402501,0.9980538169352459,1.0934416536227147,1.0999015953805946,1.052171918532098,1.0344733419610344,0.9722706493025699,1.0713776791567395,1.0338307825855029,1.0079010799936503,1.0781840654685395,1.020670312250149,1.0358926583666137,1.0532672548929467,1.072054391789481,-0.08572961197044983,1.0366468127602158,1.0767012576370893,1.0713370746098367,1.076896468230642,0.9921807515059724,0.9725715377835735,1.258403830961934,1.0306352451951846,1.0984499775088503,1.0098211871165645,1.2349975788781185,1.0816000132325172,1.055216707314982,1.0923559881566127,1.0386097207207292,1.0920900120501493,1.0125774180522886,1.8818781108940315,1.0705444080874291,0.9874202850977283,1.0100847901534495,-0.042223416015498456,1.0826076411371357,1.0802109462000495,1.079117799872672,1.0377416447862775,1.1468322108528497,1.0795515543721261,1.012615730785961,0.9938304680970891,1.0414921236391101,0.992462827344026,1.0095317328917268,1.0788993727915697,1.014216384664784,1.08001179121778,1.064508173713603,1.0480060880170152,1.0819865682910208,1.0367553255251347,-1.7663435714867115,1.0996371620434002,1.050506971394025,0.987887943743644,1.0321351826920464,1.039816060803065,1.0966321880597376,1.08048923143858,1.0091425364499003,1.0763579813990665,1.00898186828159,1.0940781378575402,1.063336382995579,1.0161731093574333,1.0817378164157823,1.070877469928972,1.0924311798688253,0.9966785207239,1.0735936196819764,1.07122826109933,1.0890746372379052,1.0639946495434045,1.0984083292199687,1.0950582026535876,0.24627832392040747,1.0824872296524097,1.1379626070942397,0.9872170324973004,1.0160587862801942,1.0351425925850168,1.0084446428732052,1.0729524706949458,1.0262712916585484,1.0825577894596343,1.0556969026536527,1.0104454090368522,1.0483432311357148,1.0811705119095663,1.0173150202503973,1.0705972537932573,1.0167906458076725,1.0199017477965493,1.0719208838624765,1.0310591753956204,0.9868027531769099,1.0957683417183652,1.019385713038069,1.0454714917616608,1.0540275832782446,1.081107122115125,1.0766977444688397,1.4265753586311893,1.0097083547123251,1.06471594170602,1.0359399855808316,1.0708057388973016,1.0828704512474412,1.0729230665878864,1.034951288429109,1.0520580058460633,1.0532429360277114,1.058431522410577,1.0496446063183908,-0.11066426808372769,1.0312535591055056,1.0928835180014205,1.016945828023886
1157,1519075361,0.9758916636381013,1.0979101234529758,1.0727059631018219,1.0184311531321417,1.0696707452663237,1.035637009492192,0.9753570827596314,1.0969028851274527,1.0021855019530053,1.0952599037605992,1.1016709604347543,1.0537393206773717,1.0365500584923089,0.975061738966068,1.0743467741081638,1.037011920894275,1.0126169732647092,1.0799756394615545,1.0234424563832825,1.0377980471707138,1.0543160897628534,1.074525010536183,-0.08572961197044983,1.0385636682177433,1.0786823378586292,1.0737408794287575,1.0793739474441235,0.995657033750564,0.9753597035144769,1.2603874070391934,1.032505399105464,1.100214979315523,1.0120298439795439,0.7905437170432352,1.0837287551745334,1.0562340062902227,1.0941772305249418,1.0412864671409003,1.0945389429645047,1.0148181299571606,1.8714713316229337,1.072342966825151,0.9889228134066543,1.0123277514431719,-0.042223416015498456,1.084925411232228,1.0820011762947321,1.0809065717265534,1.0402650949990921,1.1468365405295649,1.081343778937691,1.014815119247512,0.9966005258844898,1.0441630722806454,0.9952510336972664,1.0128410605659701,1.0819102927425817,1.0164247893634546,1.0820660246355254,1.0666029905012402,1.04987055098352,1.0837237316174733,1.038667709003443,-1.7663435714867115,1.1025721679689713,1.0515258110847836,0.9901408820909892,1.0340078409126783,1.043164139949056,1.0989307201788745,1.082554246304731,1.0113698500300485,1.0793611358458222,1.0111892803157103,1.095891873374618,1.0654290048162225,1.0194779615722247,1.0843989508319134,1.0730215348754697,1.095328653984658,0.9994634031199989,1.0747763005511366,1.0718288933942592,1.0891717214994088,1.066085218672673,1.1001798796593418,1.0979350721230179,0.25747034095214805,1.0846107424502172,1.1379626070942397,0.989465174982613,1.0183081349334027,1.0376786215744287,1.0121802694164488,1.0750916782454467,1.0298999600003167,1.0846214758566506,1.0567159151079515,1.0126449398427204,1.0502142774084242,1.08330187845618,1.0195628208866234,1.0735644003958655,1.0195994122647343,1.0221575532965734,1.074778246313997,1.0341782437723122,0.9890532908618622,1.098645426116104,1.0216447586962065,1.0473373405890596,1.0556003610079412,1.0841837158499779,1.0786776687159416,1.427688983065406,1.0119148451369004,1.066808110292258,1.037842093139941,1.0731664605729943,1.0846098506742439,1.0741030468684993,1.0368561788786457,1.0548328534713036,1.0547685744875857,1.060653018439,1.0527546145934608,-0.11066426808372769,1.03312357850404,1.0947012489563128,1.0191955100215624
1158,1519075366,0.9828655954184308,1.1013945447686861,1.0761712121885003,1.0229272635572713,1.0726246738175451,1.0392177021011566,0.9816377708406704,1.100358250301858,1.0063171869707648,1.098896404036368,1.1075688439486204,1.0563516575861616,1.0385905231140595,0.9813416907089387,1.0778107182181587,1.0408292868648015,1.0166591674970453,1.0859475527716045,1.0278778869962961,1.0416088247789141,1.0569381769376196,1.077983876781566,-0.08572961197044983,1.0436752827711504,1.083139768357094,1.075543733042948,1.0838334100283904,1.0012190853419107,0.9809360349762836,1.2638586651743968,1.0374924761995428,1.1049216507999833,1.0164471577055025,-0.5983746011907747,1.0885184245440702,1.0587772537283244,1.0978197152615996,1.0466399599812426,1.0989470186103447,1.020046457735195,1.6147707762691874,1.0747410451421135,0.9949329266423587,1.0168136740226168,-0.042223416015498456,1.0895609514224123,1.0855816364840976,1.0850803727189433,1.044050270318314,1.146841591819066,1.0849282280688208,1.0192138961706148,1.0028331559061412,1.0488372324033322,1.0008274464037472,1.0172534974649612,1.0854230326854288,1.020841598760796,1.086688049825452,1.0707926240765144,1.0535994769165293,1.08835616715468,1.045042320597805,-1.7663435714867115,1.1078551786349993,1.05407291031168,0.9961487176839097,1.0377531573539422,1.0478514507534433,1.1018038853277956,1.087716783470109,1.0165669150503944,1.08336534177483,1.016707810401011,1.0995193444087734,1.0711837148229917,1.0238844311919468,1.0886567658977238,1.0773096647684652,1.0993851177468237,1.0057293885112217,1.0777330027240375,1.074832054868906,1.0893658900224155,1.0707889992135275,1.1049040141643374,1.1013873154863345,0.26873218080914507,1.0888577680458322,1.1379626070942397,0.993961459953238,1.0233691694031217,1.0414826650585463,1.016663021268341,1.0786570241629483,1.0328028946737315,1.0897806918491915,1.0592634462436987,1.018143766857391,1.0539563699538432,1.0875646115494078,1.0246203723181317,1.077026071432242,1.0240934385960334,1.0277970670466339,1.0783499493783972,1.0379211258243426,0.9950547246884018,1.1020979273933909,1.02729237284155,1.0523129374621232,1.0576973979808697,1.089311372074733,1.0831324982719206,1.4286435182947348,1.016879448592195,1.0709924474647345,1.042914379964233,1.0749370018297637,1.0892482491457183,1.0770529975700318,1.041300923260898,1.057607701096544,1.0568027591007514,1.0634298884745286,1.056486624523545,-0.11066426808372769,1.0374869571006207,1.098942621184395,1.0236948740169156
1159,1519075372,0.9828655954184308,1.1025560185405896,1.0776563189399337,1.0234892773604123,1.0726246738175451,1.0399338406229495,0.9816377708406704,1.1020859328890606,1.0076944153100178,1.0995024874156627,1.1075688439486204,1.0568741249679197,1.0412964692177773,0.9813416907089387,1.0788004165353,1.041465514526556,1.0180065655744908,1.0865447441026095,1.0284323158229227,1.0422439543802808,1.0569381769376196,1.0794662480295871,-0.08572961197044983,1.0443142345903262,1.083139768357094,1.075543733042948,1.0838334100283904,1.0012190853419107,0.9809360349762836,1.2638586651743968,1.0387392454730624,1.105509984735541,1.0169993219212474,0.6238735188551541,1.0890506100295743,1.0587772537283244,1.0996409576299286,1.0479783331913282,1.0989470186103447,1.020046457735195,1.8784091844703321,1.075340564721354,0.9949329266423587,1.0175613277858575,-0.042223416015498456,1.0895609514224123,1.0861783798489917,1.0862728872881975,1.0453119954247214,1.1468430350446377,1.086123044445864,1.0197637432860027,1.0028331559061412,1.0501727067240998,1.0015244979920572,1.017805052077335,1.0864266726690994,1.0224979022847989,1.0872016081798883,1.0718400324703328,1.0535994769165293,1.08835616715468,1.045042320597805,-1.7663435714867115,1.1078551786349993,1.05407291031168,0.9961487176839097,1.0383773767608195,1.0491906824118398,1.1035277844171483,1.087716783470109,1.0165669150503944,1.0843663932570817,1.017811516418071,1.100123922914466,1.0722300257333135,1.024435239894412,1.08918899278095,1.0787390413994635,1.1005441073931568,1.0057293885112217,1.0777330027240375,1.074832054868906,1.0893658900224155,1.0718342837781618,1.1049040141643374,1.1019626893802208,0.28003184136315606,1.0893886462452842,1.1379626070942397,0.993961459953238,1.024493843729726,1.044018694047958,1.016663021268341,1.0793700933464485,1.034254362010439,1.0897806918491915,1.0592634462436987,1.019243532260325,1.0558274162265526,1.0886302948227147,1.0257442726362447,1.0780151202997779,1.0257786984702706,1.0277970670466339,1.0797786306041575,1.0385449394996809,0.9950547246884018,1.1026733442729386,1.0278571342560843,1.053556836680389,1.0576973979808697,1.089311372074733,1.0831324982719206,1.4289616967045111,1.0174310711983388,1.0720385317578536,1.0435484158172696,1.0749370018297637,1.0892482491457183,1.0770529975700318,1.0425708502272557,1.0585326503049572,1.0568027591007514,1.0639852624816344,1.057108626178559,-0.11066426808372769,1.0381102969001321,1.0995485315026923,1.024819715015754
1160,1519075378,0.9870499544866284,1.1042982291984447,1.0796364612751785,1.025737332572977,1.0738062452380337,1.0420822561883283,0.9858248962280297,1.1038136154762632,1.010448871988524,1.1031389876914315,1.1093382090027801,1.0584415271131935,1.0437279365779601,0.9855283252041858,1.0812746623281533,1.0433741975118191,1.0207013617293814,1.0883363180956245,1.0306500311294295,1.0441493431843811,1.0579870118075263,1.0814427430269489,-0.08572961197044983,1.0475089936862056,1.0861113886894036,1.0767456354524083,1.0868063850845684,1.004000111137584,0.9858153250053644,1.2668340292902858,1.0406093993833418,1.107863320477771,1.0192079787842268,0.5683167861257937,1.0911793519715907,1.0597945527035653,1.1014621999982577,1.051324266216542,1.1023755218904423,1.022287169640067,1.874940258046633,1.077139123459076,0.9986892474146739,1.01980428907558,-0.042223416015498456,1.0918787215175045,1.0879686099436745,1.088657916426706,1.0472045830843324,1.1468459214957811,1.0891100853884723,1.021963131747554,1.0056032136935418,1.053511392526019,1.0043127043452977,1.0205628251392045,1.0884339526364406,1.0247063069834694,1.08976939995207,1.0749822576517885,1.0554639398830339,1.0924095482497358,1.0469547040761134,-1.7663435714867115,1.1096161821903419,1.0550917500024386,0.999903614929485,1.0402500349814514,1.0518691457286327,1.105251683506501,1.0913305594858733,1.0187942286305427,1.0863684962215856,1.0200189284521914,1.1025422369372362,1.074322647553957,1.0271892834067384,1.0923823540803075,1.0815977946614606,1.1022825918626562,1.0085142709073207,1.0783243431586176,1.076033319458765,1.0894629742839188,1.0744474951897478,1.1090376318562083,1.103688811061879,0.29138386903610947,1.0920430372425436,1.1379626070942397,0.9984577449238632,1.0267431923829344,1.045920715790017,1.0189043971942873,1.08293543926395,1.0364315630154999,1.092360299845462,1.0602824586979978,1.0214430630661933,1.0576984624992622,1.0907616613693285,1.0291159735905837,1.0799932180348502,1.0280257116359202,1.030052872546658,1.0819216524427977,1.0410401942010346,0.998805620829989,1.1055504286706774,1.030680941328756,1.0554226855077877,1.0587459164673338,1.0918752001871104,1.087092346766124,1.4295980535240636,1.0212924294413457,1.0741307003440919,1.0473526309354888,1.07611736266761,1.0915674483814553,1.0776429877103382,1.0444757406767924,1.0608450233259907,1.0578198514073343,1.0667621325171632,1.059596632798615,-0.11066426808372769,1.0424736754967125,1.1013662624575846,1.0270693970134306
1161,1519075383,0.991234313554826,1.107782650514155,1.0826066747780456,1.0302334429981066,1.0755786023687663,1.0456629487972928,0.990012021615389,1.1061171922592001,1.0159577853455366,1.1061694045879056,1.1128769391110997,1.0605313966402252,1.046449419214331,0.9897149596994329,1.0842437572795776,1.0471915634823457,1.0247435559617177,1.0913222747506495,1.0350854617424432,1.0492303799953149,1.0600846815473393,1.0849016092723318,-0.08572961197044983,1.051342704601261,1.0895782790770985,1.0785484890665988,1.0897793601407464,1.0095621627289306,0.9906946150344452,1.2693134993868596,1.0443497072039007,1.1108049901555588,1.0230731282944405,0.6794302515845145,1.0949046503701192,1.0618291506540467,1.1038905231560296,1.0553393858467988,1.105314238987669,1.0267685934498112,1.8714713316229337,1.078937682196798,1.0016943040325261,1.0242902116550248,-0.042223416015498456,1.0947759341363696,1.092145813497934,1.0916392028498418,1.0509897584035544,1.1468502511724963,1.092694534519602,1.0263619086706566,1.0111433292683432,1.057517815488322,1.0098891170517785,1.0249752620381956,1.0919466925792878,1.0280189140314753,1.0928507500786877,1.0786481870301534,1.059814353471545,1.094725766018339,1.0507794710327305,-1.7663435714867115,1.112551188115913,1.0571294293839557,1.0029075327259451,1.0439953514227154,1.0565564565330199,1.1086994816852065,1.0944280817851,1.0232488557908392,1.0898721764094674,1.0238818995119017,1.1061697079713917,1.077461580284922,1.03049413562153,1.0961079422628914,1.0851712362389567,1.105180065978489,1.0140840356995187,1.0806897048969384,1.0778352163435532,1.0896571428069255,1.0775833488836506,1.1113996991087058,1.1065656805313095,0.30277953597484814,1.0957591846387067,1.1379626070942397,1.0029540298944883,1.0312418896893514,1.0484567447794289,1.0233871490461794,1.0857877159979514,1.0407859650256222,1.0959717510402405,1.0623204836065956,1.0247423592749956,1.060816872953778,1.0939587111892493,1.0324876745449227,1.0829603646374584,1.0313962313843945,1.0345644835467063,1.0862076961200782,1.045406889928403,1.001806337743259,1.1078520961888687,1.0351990326450309,1.0585324335534525,1.0608429534402624,1.0949517939219633,1.0900622331367766,1.4305525887533923,1.0246021650782087,1.0777919953700088,1.0498887743476348,1.0784780843433026,1.095046247235061,1.080002948271564,1.0489204850590446,1.0636198709512308,1.0603625821737912,1.0689836285455863,1.0627066410736852,-0.11066426808372769,1.0449670346947586,1.1050017243673693,1.0315687610087838
1162,1519075389,0.9940238862669578,1.10952486117201,1.0850818526971016,1.0324814982106714,1.076760173789255,1.0478113643626716,0.9928034385402952,1.1089966632378712,1.0187122420240429,1.10798765472579,1.1152360925166462,1.062098798785499,1.049080272076893,0.9925060493629311,1.0862231539138603,1.049100246467609,1.0274383521166084,1.0943082314056742,1.03730317704895,1.0517708984007816,1.0611335164172457,1.0868781042696933,-0.08572961197044983,1.0532595600587884,1.0915593592986381,1.0803513426807894,1.0922568393542278,1.0130384449735224,0.9941798221980744,1.2712970754641189,1.0468432457509402,1.1125699919622314,1.0263861135889096,0.6794302515845145,1.0970333923121356,1.0628464496292873,1.1057117655243587,1.0580161322669699,1.1077631699020245,1.0305031132912643,1.850657773080738,1.0807362409345198,1.003948096495915,1.0265331729447473,-0.042223416015498456,1.097093704231462,1.0951295303224051,1.0934279747037232,1.0528823460631653,1.1468538592364257,1.094486759085167,1.0291111442475955,1.0139133870557437,1.0608565012902411,1.012677323405019,1.0282845897124389,1.0939539725466292,1.0307794199048137,1.0954185418508693,1.0807430038177903,1.062300304093551,1.0964629293447914,1.052691854511039,-1.7663435714867115,1.1148991928563696,1.0581482690747144,1.0051604710732904,1.047116448457102,1.0599045356790109,1.1104233807745592,1.097009350367789,1.0254761693709875,1.0918742793739713,1.0266411645545521,1.1079834434884694,1.0806005130158869,1.0332481791338564,1.0982368497957966,1.0873153011854544,1.1069185504479884,1.0175651386946425,1.0812810453315185,1.0790364809334119,1.0898513113299322,1.0796739180129193,1.1137617663612036,1.1088671761068538,0.31414320078534425,1.0978826974365141,1.1379626070942397,1.0059515532082384,1.034053575505862,1.0516267810161934,1.0271227755894232,1.089353061915453,1.042963166030683,1.098551359036511,1.0633394960608944,1.0274917727823307,1.0633116013173904,1.096090077735863,1.0347354751811486,1.0854329868062984,1.0342049978414565,1.0368202890467306,1.0897793991844786,1.048525958305095,1.004056875428211,1.109578346827512,1.0374580783031682,1.0603982823808513,1.062415731169959,1.097515622034341,1.0920421573838783,1.4311889455729447,1.027360278108928,1.0809302482493661,1.0517908819067443,1.079658445181149,1.0967856466618637,1.0805929384118707,1.0514603389917603,1.0654697693680577,1.061379674480374,1.0706497505669035,1.0645726460387273,-0.11066426808372769,1.0474603938928044,1.1068194553222614,1.0343808635058795
1163,1519075394,1.0009978180472872,1.1130092824877205,1.089537172951402,1.037539622438942,1.0797141023404764,1.0542566110588079,0.9997819808525608,1.1130279226080109,1.024909769550682,1.1122302383808536,1.1193646109763524,1.0647111356942889,1.0525293823258424,0.9994837735216763,1.0906767963409965,1.0541900677616443,1.0341753425038354,1.0990857620537142,1.0422930364885905,1.0562168056103487,1.0642800210269654,1.0913252180137571,-0.08572961197044983,1.0570932709738436,1.0955215197417179,1.0827551474997101,1.0962208060957985,1.0192957530137874,0.9997561536598811,1.2747683335993223,1.0518303228450188,1.1166883295111343,1.0308034273148683,-0.26503420481461226,1.1028874326526805,1.0653896970673893,1.1111754926293458,1.064038811712355,1.1121712455478643,1.035731441069299,1.5904882913032925,1.083733838830723,1.0107094738860827,1.0325144030506737,-0.042223416015498456,1.1005703593741,1.0987099905117703,1.0981980329807401,1.057298383935591,1.1468596321387126,1.098071208216297,1.0340597682860861,1.0215310459710956,1.0668661357336957,1.0189507876998098,1.033248581223804,1.0979685324813115,1.0357483304768225,1.100040567040796,1.0849326373930646,1.0672722053375636,1.0999372559976965,1.0571540826270922,-1.7663435714867115,1.1190082011521691,1.0606953683016107,1.0119192861153259,1.0508617648983658,1.0652614623125964,1.1144458119830487,1.1011393801000913,1.033642985831531,1.0963790110441047,1.0316078416313226,1.1128200715340102,1.0853089121123345,1.0382054574560438,1.103026891744833,1.092318119393949,1.1115545090333205,1.0238311240858653,1.0842377475044194,1.0826402747029882,1.0900940219836905,1.0849003408360909,1.1173048672399502,1.1140455411518289,0.3286518020167688,1.103191479431033,1.1379626070942397,1.0104478381788633,1.0385522728122787,1.0554308245003112,1.0323526527499642,1.094344546199955,1.0487690353775128,1.1031946534297978,1.0658870271966416,1.0318908343940671,1.0670536938628095,1.1014184941023977,1.0397930266126572,1.090378231143979,1.039260777464168,1.0418958514217849,1.094065442861759,1.0528926540324637,1.0108084884830681,1.1141816818638943,1.041976169619443,1.064129980035649,1.0645127681428874,1.1021305126366203,1.096002005878082,1.4326207484169378,1.0323248815642223,1.0851145854218427,1.0568631687310366,1.0814289864379185,1.1002644455154695,1.083542889113403,1.0552701198908334,1.069169566201711,1.0634138590935398,1.073981994609538,1.0695486592788392,-0.11066426808372769,1.0518237724893849,1.1122726481869385,1.039442648000652
1164,1519075400,1.0009978180472872,1.1130092824877205,1.089537172951402,1.037539622438942,1.0797141023404764,1.0542566110588079,0.9997819808525608,1.1130279226080109,1.024909769550682,1.1122302383808536,1.1193646109763524,1.0647111356942889,1.0544947537064373,0.9994837735216763,1.0906767963409965,1.0541900677616443,1.0341753425038354,1.0990857620537142,1.0422930364885905,1.0562168056103487,1.0642800210269654,1.0913252180137571,-0.08572961197044983,1.0570932709738436,1.0955215197417179,1.0827551474997101,1.0962208060957985,1.0192957530137874,0.9997561536598811,1.2747683335993223,1.0518303228450188,1.1166883295111343,1.0308034273148683,0.9572139152313165,1.1028874326526805,1.0653896970673893,1.1111754926293458,1.0653771849224405,1.1121712455478643,1.035731441069299,1.8680024051992343,1.083733838830723,1.0107094738860827,1.0325144030506737,-0.042223416015498456,1.1005703593741,1.0987099905117703,1.0981980329807401,1.057298383935591,1.1468596321387126,1.098071208216297,1.0340597682860861,1.0215310459710956,1.0675338728940795,1.0189507876998098,1.033248581223804,1.0979685324813115,1.0357483304768225,1.100040567040796,1.0849326373930646,1.0672722053375636,1.0999372559976965,1.0571540826270922,-1.7663435714867115,1.1190082011521691,1.0606953683016107,1.0119192861153259,1.0508617648983658,1.0659310781417946,1.1144458119830487,1.1011393801000913,1.033642985831531,1.0963790110441047,1.0316078416313226,1.1128200715340102,1.0853089121123345,1.0382054574560438,1.103026891744833,1.0937474960249476,1.1115545090333205,1.0238311240858653,1.0842377475044194,1.0826402747029882,1.0900940219836905,1.0849003408360909,1.1173048672399502,1.114620915045715,0.3368821675438793,1.103191479431033,1.1379626070942397,1.0104478381788633,1.0385522728122787,1.0554308245003112,1.0323526527499642,1.0950576153834553,1.0487690353775128,1.1031946534297978,1.0658870271966416,1.0324407170955343,1.0670536938628095,1.1014184941023977,1.0397930266126572,1.0908727555777469,1.039260777464168,1.0418958514217849,1.094065442861759,1.0528926540324637,1.0108084884830681,1.1141816818638943,1.041976169619443,1.065373879253915,1.0645127681428874,1.1021305126366203,1.096002005878082,1.4326207484169378,1.0323248815642223,1.0851145854218427,1.0568631687310366,1.0814289864379185,1.1002644455154695,1.083542889113403,1.0552701198908334,1.069169566201711,1.0634138590935398,1.073981994609538,1.0695486592788392,-0.11066426808372769,1.0518237724893849,1.1122726481869385,1.039442648000652
1165,1519075406,1.004484783937452,1.1153322300315274,1.0925073864542691,1.0397876776515067,1.0803048880507207,1.0578373036677726,1.002573397777467,1.115907393586682,1.029730068738068,1.1158667386566223,1.1211339760305121,1.0657560704578048,1.056120910790777,1.0029726356010489,1.09315104213385,1.0560987507469075,1.0382175367361715,1.1008773360467292,1.0445107517950973,1.058122194414449,1.065328855896872,1.0942899605097998,-0.08572961197044983,1.0596490782505472,1.0979978700186428,1.0845580011139007,1.0982027894665838,1.0220767788094607,1.0025443193907846,1.2762560156572667,1.0537004767552982,1.119629999188922,1.0330120841778476,0.2349763897496313,1.105016174594697,1.06640699604263,1.1136038157871178,1.0687231179476544,1.1141303902793487,1.037972152974171,1.850657773080738,1.0849328779892042,1.0137145305039348,1.035505018103637,-0.042223416015498456,1.1023086869454193,1.100500220606453,1.0999868048346215,1.059190971595202,1.1468639618154277,1.0998634327818617,1.0362591567476374,1.0243011037584961,1.0708725586959986,1.0224360456413604,1.0354547996732995,1.1009794524323235,1.0390609375248283,1.1026083588129776,1.0870274541807017,1.0691366683040682,1.1028325282084506,1.0590664661054008,-1.7663435714867115,1.1207692047075117,1.0617142079923694,1.0149232039117861,1.052734423118998,1.0686095414585874,1.11731897713197,1.1037206486827802,1.0358702994116793,1.0998826912319866,1.033815253665443,1.114633807051088,1.0874015339329777,1.0409595009683699,1.1062202530441907,1.0973209376024438,1.1144519831491533,1.0266160064819643,1.0854204283735795,1.0838415392928469,1.0901911062451939,1.0869909099653596,1.1202574513055723,1.1169224106212592,0.34790544608124996,1.1053149922288406,1.1379626070942397,1.0134453614926136,1.0408016214654872,1.0573328462423701,1.0345940286759103,1.0979098921174566,1.052397703719281,1.105258339826814,1.0669060396509404,1.0357400133043366,1.0714194684991316,1.104082702285665,1.042040827248883,1.0933453777465871,1.0415077906298176,1.044151656921809,1.0962084647003993,1.054764095058479,1.0130590261680206,1.1164833493820854,1.0447999766921148,1.0691055769087126,1.0660855458725838,1.1041815751265225,1.098476911186959,1.4337343728511547,1.0345313719887976,1.087206754008081,1.058765276290146,1.0826093472757647,1.1025836447512067,1.084722869394016,1.05717501034037,1.0724068884311582,1.0644309514001227,1.0778696126592782,1.0726586675539094,-0.11066426808372769,1.0536937918879195,1.1140903791418308,1.0416923299983285
1166,1519075411,1.0072743566495836,1.1188166513472377,1.094982564373325,1.0425977466672127,1.0826680308916978,1.0599857192331514,1.005364814702373,1.1182109703696188,1.0324845254165742,1.1182910721738015,1.1234931294360586,1.0668010052213208,1.0588760559145622,1.0057637252645468,1.096120137085274,1.0586436613939252,1.0409123328910623,1.1038632927017542,1.0467284671016042,1.0619329720226494,1.0669021082017318,1.0967605792565018,-0.08572961197044983,1.0615659337080747,1.1004742202955675,1.085158952318631,1.100184772837369,1.024857804605134,1.0060295265544137,1.277743697715211,1.0561940153023377,1.1213950009955946,1.0368772336880614,0.1794196570202709,1.1076771020222174,1.067932944505491,1.1172463005237758,1.0720690509728683,1.116089535010833,1.040212864879043,1.7916860238778503,1.0861319171476855,1.015968322967324,1.0377479793933593,-0.042223416015498456,1.1040470145167385,1.1028871940660299,1.1035643485423845,1.061083559254813,1.1468668482665711,1.1034478819129916,1.0395582394399643,1.0270711615458967,1.0748789816583018,1.0252242519946009,1.0382125727351688,1.1039903723833355,1.0418214433981667,1.1051761505851592,1.0906933835590664,1.072244106581576,1.104569691534903,1.0609788495837094,-1.7663435714867115,1.1231172094479684,1.0632424675285073,1.0171761422591312,1.0564797395602616,1.0726272364337766,1.119617509251107,1.1068181709820069,1.0380976129918276,1.1018847941964904,1.0365745187080933,1.1170521210738582,1.0910636221191037,1.0437135444806962,1.1088813874603218,1.0994650025489414,1.116190467618653,1.0294008888780632,1.08660310924274,1.085643436177635,1.0905794432912075,1.0906494059415799,1.1226195185580699,1.1186485323029176,0.3593302058638455,1.1079693832261,1.1379626070942397,1.0164428848063636,1.044737981608602,1.0605028824791347,1.0368354046018564,1.1014752380349582,1.0545749047243422,1.1078379478230846,1.0679250521052395,1.039039309513139,1.073290514771841,1.1078125937422392,1.045412528203222,1.0958179999154274,1.0448783103782917,1.0464074624218334,1.0997801677647996,1.0572593497598324,1.0153095638529728,1.1187850169002764,1.047059022350252,1.0715933753452442,1.0671340643590481,1.1067454032389,1.100456835434061,1.4345298188755953,1.037289485019517,1.0903450068874383,1.061301419702292,1.0843798885325342,1.105482643795878,1.0864928398149354,1.0609847912394434,1.0774941090774317,1.065956589859997,1.0823126047161242,1.0745246725189515,-0.11066426808372769,1.0561871510859655,1.1165140204150206,1.0456292734942627
1167,1519075417,1.0100639293617155,1.1205588620050928,1.097457742292381,1.0448458018797775,1.0832588166019421,1.06213413479853,1.0081562316272794,1.1205145471525557,1.0359275962647072,1.120109322311686,1.1252624944902185,1.0683684073665947,1.061470656867601,1.008554814928045,1.0980995337195567,1.0605523443791884,1.043607129045953,1.1056548666947692,1.0495006112347376,1.0638383608267494,1.0679509430716383,1.099231198003204,-0.08572961197044983,1.0634827891656025,1.1024553005171074,1.0869618059328214,1.1026622520508507,1.0290293432986442,1.0095147337180428,1.280223167811785,1.0580641692126171,1.1231600028022672,1.0396380547667856,0.5127600533964333,1.1103380294497376,1.0689502434807316,1.1190675428921049,1.0747457973930394,1.1185384659251885,1.042453576783915,1.8541266995044372,1.0879304758854074,1.018222115430713,1.0399909406830818,-0.042223416015498456,1.1069442271356036,1.105870910890501,1.1053531203962659,1.0636070094676275,1.1468704563305006,1.1052401064785564,1.0417576279015155,1.0298412193332973,1.0782176674602209,1.0280124583478412,1.0404187911846645,1.1064994723425121,1.0440298480968373,1.1072303840029043,1.0927882003467035,1.0741085695480808,1.1063068548613555,1.062891233062018,-1.7663435714867115,1.1248782130033113,1.0642613072192657,1.0194290806064765,1.058976617187771,1.0759753155797676,1.1219160413702438,1.108883185848158,1.0403249265719758,1.1038868971609943,1.0387819307422135,1.120075013602321,1.093156243939747,1.0459167792905573,1.111010294993227,1.101609067495439,1.1179289520881524,1.0321857712741622,1.0883771305464804,1.0862440684725645,1.0907250696834625,1.0927399750708484,1.1243910689974432,1.1203746539845758,0.3706298664178565,1.1106237742233593,1.1379626070942397,1.0194404081201136,1.0475496674251126,1.0624049042211936,1.0413181564537488,1.1043275147689593,1.0582035730661106,1.109901634220101,1.0694535707866877,1.0412388403190072,1.0751615610445504,1.109943960288853,1.047660328839448,1.0977960976504995,1.0471253235439413,1.0486632679218575,1.1033518708292,1.0591307907858476,1.0175601015379252,1.12051126753892,1.0493180680083896,1.073459224172643,1.0687068420887444,1.1087964657288019,1.1024367596811626,1.4353252649000359,1.0394959754440922,1.0929602176202362,1.0632035272614015,1.0855602493703806,1.107222043222681,1.0876728200955483,1.063524645172159,1.0793440074942584,1.0669736821665798,1.0839787267374414,1.0763906774839935,-0.11066426808372769,1.0580571704844999,1.1195435720065077,1.0478789554919392
1168,1519075423,1.014248288429913,1.1234625464348513,1.100427955795248,1.0504659399111893,1.0862127451531636,1.0664309659292877,1.0137390654770917,1.1228181239354924,1.0400592812824665,1.1225336558288652,1.1276216478957648,1.0704582768936264,1.0642594644788008,1.0148347666709157,1.1005737795124102,1.0656421656732238,1.048323022317012,1.1092380146807992,1.0550448995010047,1.0663788792322164,1.071097447681358,1.1012076930005656,-0.08572961197044983,1.0673165000806577,1.106417460960187,1.0905675131612025,1.1066262187924212,1.0325056255432357,1.0150910651798495,1.2822067438890443,1.0599343231228966,1.126101672480055,1.0429510400612545,0.45720332066707287,1.112466771391754,1.0704761919435928,1.1214958660498768,1.0774225438132106,1.121477183022415,1.0454411926570777,1.798623876725249,1.0897290346231294,1.0242322286664174,1.0422339019728042,-0.042223416015498456,1.110420882278242,1.108854627714972,1.1089306641040286,1.0692847724464605,1.1468747860072157,1.1082271474211647,1.0450567105938424,1.0333037915675483,1.0808886161017561,1.0308006647010817,1.0442796734712816,1.1095103922935239,1.0473424551448431,1.110311734129522,1.0959304255281592,1.076594520170087,1.1109392903985622,1.0667160000186349,-1.7663435714867115,1.129574222484225,1.066298986600783,1.0231839778520517,1.0620977142221575,1.0786537788965602,1.1236399404595965,1.1119807081473847,1.0432946780121735,1.1078911030900018,1.0409893427763337,1.1224933276250915,1.0968183321258729,1.0492216315053489,1.1142036562925846,1.1037531324419367,1.1225649106734845,1.0356668742692858,1.0895598114156406,1.0898478622421408,1.0909192382064692,1.0963984710470687,1.1273436530630652,1.1232515234540064,0.38207208190676617,1.1138090434200705,1.1379626070942397,1.0239366930907385,1.0509236904049253,1.0662089477053114,1.0443066576883437,1.1064667223194602,1.0611065077395254,1.1129971638156255,1.0704725832409867,1.0445381365278095,1.0782799714990663,1.1131410101087738,1.051032029793787,1.1002687198193397,1.051057596583828,1.0531748789219058,1.1054948926678403,1.0628736728378778,1.0220611769078298,1.1233883519366588,1.0538361593246643,1.0765689722183078,1.0718523975481373,1.112898590708606,1.1068915892371416,1.4364388893342526,1.0433573336870992,1.0960984704995935,1.0663737065265841,1.087920971046073,1.1107008420762865,1.0888528003761613,1.0666994625880535,1.0821188551194987,1.0690078667797456,1.0862002227658645,1.0795006857590637,-0.11066426808372769,1.0617972092815688,1.1213613029614,1.0512534784884542
1169,1519075428,1.0191300406761437,1.12636623086461,1.102408098130493,1.0538380227300364,1.0879851022838962,1.0685793814946665,1.0172283366332244,1.1245458065226952,1.0428137379609728,1.1249579893460444,1.131750166355471,1.0715032116571424,1.0665821761104133,1.0176258563344138,1.1035428744638345,1.0694595316437503,1.0510178184719026,1.111029588673814,1.0572626148075115,1.0689193976376832,1.0721462825512647,1.104172435496608,-0.08572961197044983,1.0705112591765371,1.1088938112371118,1.0911684643659325,1.1091036980059028,1.0387629335835007,1.017879230910753,1.284686213985618,1.0642980155802153,1.1290433421578427,1.0457118611399787,0.2349763897496313,1.1167242552757868,1.0730194393816945,1.1239241892076488,1.08210685004851,1.1244159001196417,1.051416424403403,1.7708724653356547,1.0909280737816107,1.0264860211298066,1.046719824552249,-0.042223416015498456,1.1133180948971073,1.1106448578096546,1.11071943595791,1.0711773601060715,1.1468783940711451,1.1100193719867295,1.0478059461707816,1.0388439071423494,1.0848950390640593,1.0363770774075625,1.0470374465331511,1.1120194922527005,1.0501029610181813,1.1133930842561401,1.0980252423157961,1.0790804707920931,1.1126764537250147,1.0718156892941244,-1.7663435714867115,1.1319222272246816,1.0683366659823001,1.027689854546742,1.0639703724427896,1.0826714738717496,1.1259384725787334,1.1145619767300736,1.04774930517247,1.1098932060545057,1.0459560198531044,1.1249116416478617,1.0989109539465163,1.0519756750176752,1.116864790708716,1.108041262334932,1.1243033951429842,1.0419328596605086,1.0919251731539614,1.0910491268319995,1.0910163224679725,1.0984890401763372,1.1291152035024385,1.126128392923437,0.3933397403325346,1.1164634344173299,1.1379626070942397,1.0261848355760512,1.0531730390581338,1.06811096944737,1.0495365348488848,1.1093189990534615,1.0632837087445866,1.116608615010404,1.073020114376734,1.0472875500351446,1.0807746998626788,1.115805218292041,1.0538417805890694,1.103730390855716,1.0533046097494776,1.057122538546948,1.1083522551193605,1.0653689275392313,1.0258120730494171,1.1256900194548498,1.056659966397336,1.0790567706548397,1.0729009160346015,1.1154624188209834,1.1088715134842433,1.4370752461538052,1.0461154467178182,1.0987136812323914,1.0689098499387302,1.0902816927217658,1.1130200413120237,1.0918027510776938,1.0686043530375902,1.0844312281405322,1.0715505975462027,1.0884217187942875,1.0819886923791195,-0.11066426808372769,1.064290568479615,1.1249967648711845,1.05406558098555
1170,1519075434,1.0219196133882755,1.1281084415224651,1.1048832760495488,1.0566480917457424,1.0891666737043848,1.070727797060045,1.0200197535581308,1.1274252775013662,1.0462568088091055,1.126170156104634,1.134699108112404,1.0725481464206583,1.0687650589481492,1.0211147184137863,1.1055222710981172,1.072004442290768,1.0537126146267934,1.112821162666829,1.0600347589406451,1.0708247864417832,1.0737195348561244,1.1066430542433103,-0.08572961197044983,1.0730670664532405,1.1113701615140366,1.092971317980123,1.111085681376688,1.041543959379174,1.0206673966416564,1.2866697900628774,1.065544784853735,1.1319850118356305,1.0473683537872132,0.4016465879377125,1.118320811732299,1.0740367383569354,1.1263525123654208,1.0847835964686812,1.126864831033997,1.053657136308275,1.8680024051992343,1.0915275933608513,1.0294910777476587,1.050458093368453,-0.042223416015498456,1.1150564224684263,1.113628574634126,1.1125082078117914,1.073700810318886,1.1468812805222885,1.1118115965522943,1.050005334632333,1.0423064793766001,1.0875659877055945,1.039862335349113,1.0486921103702727,1.1140267722200417,1.0528634668915196,1.1159608760283215,1.1001200591034332,1.080944933758598,1.1144136170514671,1.0737280727724328,-1.7663435714867115,1.1336832307800242,1.0693555056730588,1.0299427928940872,1.0658430306634215,1.0853499371885422,1.1288116377276547,1.1176594990293003,1.0507190566126676,1.1118953090190096,1.0476115788786946,1.126120798659247,1.1010035757671597,1.0552805272324668,1.118461471358395,1.11018532728143,1.1260418796124838,1.0447177420566076,1.093699194457702,1.0922503914218582,1.0911134067294759,1.100579609305606,1.1332488211943095,1.1278545146050951,0.4044997552360326,1.1180560690156855,1.1379626070942397,1.0284329780613637,1.0554223877113422,1.0712810056841349,1.0517779107748308,1.1114582066039624,1.066912377086355,1.1191882230066745,1.0745486330581822,1.05003696354248,1.0832694282262914,1.1179365848386549,1.0560895812252953,1.1057084885907882,1.0561133762065396,1.0593783440469722,1.1104952769580008,1.066616554889908,1.0280626107343693,1.1274162700934933,1.0594837734700078,1.0815445690913714,1.074473693764298,1.1175134813108853,1.110851437731345,1.4377116029733576,1.0477703145362498,1.1013288919651891,1.0708119574978399,1.0914620535596122,1.115339240547761,1.0929827313583067,1.0705092434871268,1.0867436011615657,1.0725676898527856,1.0911985888298164,1.0850987006541897,-0.11066426808372769,1.0655372480786378,1.1262085855077795,1.0563152629832264
1171,1519075439,1.0247091861004072,1.1298506521803204,1.1068634183847936,1.058896146958307,1.0903482451248734,1.0728762126254239,1.022811170483037,1.1291529600885688,1.049011265487612,1.129200573001108,1.136468473166564,1.073593081184174,1.0713363551022084,1.0239058080772845,1.1079965168909707,1.0739131252760312,1.056407410781684,1.114612736659844,1.062252474247152,1.0727301752458835,1.0747683697260308,1.1086195492406719,-0.08572961197044983,1.0762618255491199,1.1133512417355764,1.0941732203895835,1.1130676647474733,1.0443249851748475,1.0241526038052855,1.2886533661401365,1.069285092674294,1.1337500136423033,1.0501291748659374,0.45720332066707287,1.1209817391598194,1.075054037332176,1.1281737547337498,1.088129529493895,1.1288239757654814,1.055897848213147,1.8610645523518359,1.0927266325193326,1.0317448702110479,1.0534487084214164,-0.042223416015498456,1.1167947500397455,1.1154188047288085,1.1154894942349272,1.075593397978497,1.146884166973432,1.1147986374949026,1.052754570209272,1.045076537164001,1.0909046735075136,1.0433475932906635,1.0514498834321422,1.116034052187383,1.0550718715901903,1.1180151094460669,1.1027385800879796,1.0840523720361057,1.1167298348200705,1.0756404562507413,-1.7663435714867115,1.1354442343353668,1.0708837652091967,1.0321957312414325,1.0677156888840533,1.0880284005053351,1.1305355368170074,1.1197245138954515,1.052946370192816,1.1138974119835134,1.0509226969298748,1.1285391126820172,1.1030961975878029,1.0574837620423279,1.1216548326577525,1.1130440805434267,1.1277803640819832,1.0475026244527066,1.094881875326862,1.0934516560117171,1.0912104909909792,1.1031928207171917,1.1350203716336826,1.1295806362867535,0.4158459643402146,1.120710460012945,1.1379626070942397,1.0321798822035513,1.0582340735278528,1.0731830274261938,1.0540192867007772,1.115023552521464,1.069089578091416,1.1212519094036908,1.0755676455124812,1.0522364943483482,1.085140474499001,1.1206007930219222,1.0588993320205777,1.1076865863258603,1.0583603893721891,1.0616341495469965,1.112638298796641,1.0691118095912615,1.0303131484193218,1.1302933544912321,1.0623075805426796,1.0834104179187702,1.0755222122507622,1.1195645438007873,1.1133263430402223,1.43834795979291,1.0510800501731128,1.1034210605514274,1.0739821367630225,1.0926424143974585,1.1170786399745636,1.093572721498613,1.0730490974198423,1.0885934995783924,1.0735847821593683,1.0928647108511336,1.0869647056192318,-0.11066426808372769,1.0692772868757068,1.1286322267809692,1.0585649449809031
1172,1519075445,1.027498758812539,1.1321735997241271,1.1088435607200382,1.061706215974013,1.0921206022556063,1.0750246281908027,1.0263004416391697,1.1308806426757716,1.0524543363357448,1.1310188231389924,1.1382378382207237,1.07463801594769,1.0736849609549088,1.027394670156657,1.110470762683824,1.076458035923049,1.059102206936575,1.117598693314869,1.0644701895536586,1.076540952854084,1.0763416220308908,1.1115842917367145,-0.08572961197044983,1.0781786810066476,1.1163228620678862,1.0953751227990438,1.115545143960955,1.0471060109705208,1.0269407695361887,1.2906369422173958,1.0711552465845735,1.135515015448976,1.0534421601604063,0.3460898552083521,1.1236426665873398,1.0760713363074168,1.1299949971020788,1.091475462519109,1.131272906679837,1.0581385601180189,1.8610645523518359,1.0939256716778138,1.0339986626744369,1.0564393234743794,-0.042223416015498456,1.1191125201348378,1.1178057781883852,1.1172782660888085,1.077485985638108,1.1468877750373612,1.117188270248989,1.0549539586708234,1.0478465949514015,1.0949110964698168,1.046832851232214,1.0536561018816377,1.1185431521465596,1.057280276288861,1.120069342863812,1.1053571010725258,1.0859168350026103,1.1190460525886738,1.07755283972905,-1.7663435714867115,1.1372052378907096,1.0724120247453346,1.0344486695887776,1.0720852247321946,1.0927157113097223,1.1334087019659285,1.1223057824781404,1.0551736837729642,1.1164000406891432,1.053130108963995,1.1309574267047875,1.105711974863607,1.059686996852189,1.1237837401906574,1.1159028338054238,1.1300983433746494,1.0502875068488056,1.0954732157614424,1.0946529206015758,1.0913561173832342,1.1052833898464602,1.1373824388861804,1.1324575057561839,0.42711944133475443,1.1233648510102043,1.1379626070942397,1.0344280246888637,1.0610457593443634,1.0757190564156054,1.0562606626267232,1.1185888984389656,1.0719925127648307,1.1233155958007073,1.07658665796678,1.0549859078556834,1.0870115207717104,1.122732159568536,1.0611471326568038,1.1101592084947005,1.061169155829251,1.0638899550470207,1.1169243424739215,1.0709832506172767,1.0333138653325915,1.1325950220094232,1.0645666262008169,1.085898216355302,1.0765707307372265,1.1216156062906895,1.1158012483490993,1.4389843166124625,1.0532865405976881,1.106036271284225,1.075884244322132,1.094412955654228,1.1205574388281694,1.094752701779226,1.0762239148357369,1.0904433979952193,1.0751104206192426,1.0945308328724508,1.0888307105842738,-0.11066426808372769,1.0711473062742414,1.131055868054159,1.0619394679774181
1173,1519075451,1.0302883315246707,1.1350772841538859,1.1118137742229053,1.0639542711865777,1.0938929593863391,1.0793214593215603,1.0297897127953024,1.1337601136544426,1.0572746355231308,1.1328370732768769,1.1400072032748836,1.0762054180929639,1.076359833993321,1.0301857598201551,1.1134398576352482,1.0783667189083121,1.063818100207634,1.119390267307884,1.0677967625134188,1.078446341658184,1.0773904569007973,1.1140549104834165,-0.08572961197044983,1.080095536464175,1.118303942289426,1.0977789276179646,1.1180226231744366,1.0505822932151123,1.030425976699818,1.2921246242753401,1.073025400494853,1.137868351191206,1.0556508170233856,0.5127600533964333,1.1257714085293562,1.0770886352826574,1.1318162394704079,1.094821395544323,1.1332320514113214,1.0611261759911816,1.8575956259281365,1.0957242304155357,1.036252455137826,1.0594299385273427,-0.042223416015498456,1.1214302902299298,1.1207894950128565,1.11906703794269,1.08127116095733,1.1468921047140765,1.118980494814554,1.0571533471323746,1.0513091671856523,1.0982497822717359,1.0503181091737646,1.056965429555881,1.1215540720975714,1.0594886809875315,1.1226371346359936,1.107451917860163,1.087781297969115,1.1207832159151263,1.0794652232073585,-1.7663435714867115,1.1395532426311663,1.0739402842814725,1.0367016079361229,1.0739578829528267,1.0960637904557133,1.1357072340850654,1.1243707973442916,1.0588858730732114,1.1199037208770248,1.0553375209981153,1.1327711622218652,1.1078045966842505,1.0618902316620498,1.1259126477235626,1.11947627538292,1.132995817490482,1.0537686098439294,1.0966558966306026,1.0958541851914345,1.0914532016447376,1.107373958975729,1.1391539893255538,1.1353343752256144,0.43850056185156466,1.125488363808012,1.1379626070942397,1.037425548002614,1.0632951079975719,1.0782550854050172,1.0592491638613182,1.1214411751729667,1.076346914774953,1.1253792821977235,1.0776056704210788,1.0571854386615516,1.0888825670444198,1.1248635261151498,1.0639568834520863,1.1131263550973087,1.063977922286313,1.0661457605470448,1.120496045538322,1.074726132669307,1.0363145822458613,1.1354721064071622,1.0668256718589544,1.0877640651827007,1.078667767710155,1.124179434403067,1.1177811725962012,1.4400979410466794,1.0560446536284072,1.108651482017023,1.078420387734278,1.0955933164920741,1.1222968382549723,1.095932682059839,1.0781288052852736,1.0932182456204593,1.0761275129258254,1.0967523289008738,1.090696715549316,-0.13442998157004796,1.0736406654722872,1.1328735990090513,1.0641891499750946
1174,1519075456,1.0365648701269672,1.1374002316976928,1.1152790233095837,1.0690123954148483,1.095665316517072,1.0836182904523177,1.0367682551075679,1.1366395846331137,1.0620949347105166,1.1364735735526457,1.1441357217345898,1.0788177550017537,1.0790994425844533,1.0371634839789003,1.116903801745243,1.082820312540593,1.0685339934786926,1.123570606624919,1.0722321931264325,1.082892248867751,1.080536961510517,1.1175137767287995,-0.08572961197044983,1.0839292473792304,1.1222661027325056,1.099581781232155,1.121986589916007,1.0568396012553773,1.0360023081616248,1.2950999883912289,1.077389092952172,1.1413983548045514,1.0606202949650891,-0.32059093754397266,1.1305610778988928,1.0796318827207594,1.1372799665753948,1.0995057017796224,1.1371503408742902,1.067101407737507,1.611301849845488,1.0987218283117388,1.0437650966824565,1.0639158611067876,-0.042223416015498456,1.1249069453725682,1.1249666985671158,1.1238370962197068,1.085056336276552,1.1468964343907917,1.1225649439456837,1.062101971170865,1.0575417972073038,1.1029239423944226,1.0558945218802454,1.061377866454872,1.1245649920485834,1.0639054903848726,1.126745601471484,1.1116415514354372,1.0927531992131274,1.1242575425680312,1.0839274513234116,-1.7663435714867115,1.1436622509269658,1.0759779636629896,1.0419584640799282,1.0777031993940904,1.1007511012601006,1.1385803992339867,1.1285008270765937,1.0640829380935573,1.1234074010649067,1.060304198074886,1.137607790267406,1.112512995780698,1.0668475099842372,1.1301704627893727,1.1230497169604161,1.1370522812526476,1.0600345952351522,1.0996125988035035,1.1000586112559403,1.0916959122984962,1.1126003817989005,1.1426970902043,1.138211244695045,0.4499340494873173,1.1302662676030788,1.1379626070942397,1.041921832973239,1.0677938053039888,1.082693136136488,1.0652261663305078,1.1250065210904683,1.080701316785075,1.1300225765910104,1.080153201556826,1.061584500273288,1.0926246595898388,1.1301919424816844,1.0690144348835946,1.116588026133685,1.0690337019090244,1.0712213229220993,1.1240677486027222,1.0784690147213374,1.0430661953007183,1.138349190804901,1.0713437631752292,1.0914957628374984,1.0807648046830836,1.1287943250053465,1.1217410210904046,1.4410524762760082,1.060457634477558,1.113358861336059,1.08349267455857,1.0973638577488438,1.1257756371085779,1.0988826327613714,1.0819385861843467,1.0959930932456996,1.0781616975389912,1.0995291989364024,1.0956727287894281,-0.11066426808372769,1.0773807042693562,1.1377208815554307,1.069250934469867
1175,1519075462,1.0379596564830331,1.138561705469596,1.1167641300610172,1.0690123954148483,1.095665316517072,1.0843344289741106,1.0367682551075679,1.1383672672203164,1.0634721630497699,1.1370796569319406,1.1447255100859763,1.0788177550017537,1.0816655598942948,1.0371634839789003,1.1178935000623844,1.082820312540593,1.069881391556138,1.124764989286929,1.0722321931264325,1.0841625080704844,1.080536961510517,1.1189961479768207,-0.08572961197044983,1.0839292473792304,1.1222661027325056,1.099581781232155,1.121986589916007,1.0568396012553773,1.0360023081616248,1.2955958824105436,1.0780124775889317,1.1425750226756664,1.061172459180834,0.7349869843138749,1.1310932633843969,1.0796318827207594,1.1384941281542809,1.100844074989708,1.1376401270571612,1.067101407737507,1.8714713316229337,1.0987218283117388,1.0437650966824565,1.0654111686332692,-0.042223416015498456,1.1249069453725682,1.1255634419320102,1.1250296107889612,1.085056336276552,1.1468978776163634,1.1237597603227272,1.062651818286253,1.0575417972073038,1.1042594167151905,1.0565915734685554,1.061929421067246,1.125568632032254,1.0655617939088757,1.1277727181803567,1.1126889598292555,1.0927531992131274,1.1242575425680312,1.0839274513234116,-1.7663435714867115,1.14424925211208,1.0759779636629896,1.0442114024272735,1.0783274188009677,1.102090332918497,1.1403042983233393,1.1290170807931317,1.0640829380935573,1.1244084525471585,1.060856051083416,1.1382123687730985,1.1135593066910197,1.0679491273891677,1.1307026896725991,1.1237644052759153,1.1376317760758141,1.0600345952351522,1.0996125988035035,1.1000586112559403,1.0916959122984962,1.113645666363535,1.1426970902043,1.139361992482817,0.4612075264818571,1.1307971458025308,1.1379626070942397,1.041921832973239,1.068918479630593,1.0839611506311937,1.0652261663305078,1.126432659457469,1.0814270504534287,1.1305384981902644,1.080153201556826,1.062684265676222,1.0951193879534513,1.1312576257549913,1.0701383352017075,1.117577075001221,1.0701572084918491,1.0712213229220993,1.1254964298284824,1.0790928283966756,1.0430661953007183,1.1395000245639968,1.0713437631752292,1.0927396620557643,1.0807648046830836,1.129307090627822,1.1217410210904046,1.4413706546857843,1.0610092570837018,1.1144049456291782,1.0841267104116066,1.0973638577488438,1.1257756371085779,1.0988826327613714,1.0825735496675257,1.0973805170583197,1.0781616975389912,1.1011953209577199,1.096916732099456,-0.13442998157004796,1.0780040440688679,1.138326791873728,1.0703757754687053
1176,1519075468,1.0435388019072966,1.1426268636712582,1.121219450315318,1.0735085058399778,1.0992100307785377,1.0886312601048682,1.0423510889573804,1.142398526590456,1.069669690576409,1.1437465741041832,1.148264240194296,1.0809076245287854,1.0844906194150183,1.043443435721771,1.1223471424895206,1.0866376785111196,1.0752709838659196,1.1283481372729587,1.0766676237394461,1.0892435448814182,1.0826346312503299,1.1229491379715442,-0.08572961197044983,1.0884019101134614,1.1272188032863553,1.102586537255806,1.126446052500274,1.0630969092956424,1.0429727224888832,1.2985712465264325,1.0817527854094906,1.1461050262890118,1.0655897729067927,-0.5983746011907747,1.1353507472684297,1.0821751301588611,1.142136612890939,1.1075359410401355,1.14155841652013,1.0715828315472509,1.510702983558209,1.1005203870494609,1.0490239457636978,1.0706447449759549,-0.042223416015498456,1.1289630430389794,1.1303373888511639,1.128607154496724,1.088841511595774,1.1469036505186503,1.1279416176423784,1.0676004423247434,1.063774427228955,1.1102690511586448,1.0628650377633464,1.0663418579662371,1.1300850119587718,1.0699786033062169,1.1318811850158472,1.117402297601439,1.09772510045714,1.1294690325473886,1.0877522182800288,-1.7663435714867115,1.1477712592227651,1.0790344827352654,1.0487172791219637,1.0820727352422317,1.108116875381281,1.1437520965020447,1.1336633642419716,1.0692800031139031,1.1284126584761662,1.0652708751516564,1.141839839807254,1.1177445503323065,1.0723555970088898,1.136557185388088,1.1301966001154082,1.1411087450148134,1.0656043600273502,1.101977960541824,1.1018605081407284,1.0921813336060129,1.1178268046220723,1.1474212247092956,1.1433896097400198,0.4726701069614666,1.1350441713981456,1.1379626070942397,1.0486662604291765,1.0734171769370098,1.0877651941153115,1.0704560434910488,1.1321372129254714,1.0872329198002582,1.1346658709842972,1.0827007326925733,1.0676332099894257,1.0988614804988703,1.135520358848219,1.0746339364741595,1.1220277949051334,1.0746512348231483,1.0757329339221475,1.130496814118643,1.0828357104487059,1.047567270670623,1.1435279427208311,1.0764266159060383,1.097715258928828,1.0833861008992443,1.1334092156076259,1.126690831708159,1.4428024575297773,1.0654222379328524,1.1191123249482142,1.0879309255298257,1.1009049402623827,1.130414035580052,1.101832583462904,1.086383330566599,1.1043176361214202,1.0812129744587398,1.1073044350358832,1.10064874202954,-0.11066426808372769,1.0817440828659368,1.1419622537835128,1.0754375599634778
1177,1519075473,1.0463283746194285,1.1437883374431617,1.1222095214829402,1.0757565610525426,1.100391602199026,1.090779675670247,1.0451425058822865,1.1435503149819244,1.0710469189156622,1.1443526574834781,1.1488540285456825,1.0819525592923014,1.0872405856945861,1.0462345253852692,1.123336840806662,1.0885463614963828,1.0772920809820876,1.1289453286039637,1.078885339045953,1.089878674482785,1.0842078835551898,1.1239373854702248,-0.08572961197044983,1.0903187655709892,1.1291998835078951,1.1037884396652662,1.1284280358710592,1.0658779350913157,1.0457608882197864,1.3000589285843769,1.0829995546830102,1.147281694160127,1.0672462655540271,1.0683273806900373,1.1369473037249418,1.0831924291341017,1.1433507744698248,1.108874314250221,1.1435175612516144,1.0738235434521228,1.8784091844703321,1.1017194262079422,1.0512777382270868,1.0728877062656772,-0.042223416015498456,1.1307013706102986,1.1309341322160582,1.1292034117813512,1.090734099255385,1.1469065369697937,1.1291364340194219,1.0687001365555189,1.066544485016356,1.1116045254794125,1.0656532441165867,1.067444967190985,1.1310886519424423,1.0710828056555521,1.1329083017247197,1.1184497059952576,1.0983465881126415,1.131206195873841,1.0896646017583373,-1.7663435714867115,1.1489452615929936,1.0800533224260238,1.050970217469309,1.0839453934628636,1.1094561070396771,1.1449013625616131,1.1346958716750473,1.0715073166940514,1.129413709958418,1.0663745811687166,1.1436535753243318,1.118790861242628,1.0734572144138204,1.1376216391545406,1.1309112884309076,1.1422677346611463,1.0683892424234491,1.1031606414109845,1.1036624050255166,1.0922784178675162,1.1188720891867066,1.14801174152242,1.1439649836339059,0.4839930417905631,1.1366368059965013,1.1379626070942397,1.0509144029144892,1.0751041884269161,1.0883992013626644,1.0726974194169951,1.1328502821089717,1.0879586534686119,1.1356977141828053,1.0837197451468723,1.0687329753923598,1.0994851625897735,1.136586042121526,1.0757578367922727,1.1230168437726695,1.075774741405973,1.0779887394221717,1.1312111547315231,1.0834595241240443,1.0498178083555754,1.144103359600379,1.0786856615641756,1.0983372085379608,1.0844346193857086,1.1344347468525768,1.128670755955261,1.4431206359395536,1.06652548314514,1.1201584092413335,1.0891989972358986,1.1014951206813057,1.132153435006855,1.1024225736032103,1.0882882210161355,1.1052425853298335,1.0822300667653226,1.1078598090429888,1.1018927453395682,-0.11066426808372769,1.0823674226654483,1.1437799847384051,1.076562400962316
1178,1519075479,1.0491179473315602,1.1461112849869683,1.1246846994019961,1.0780046162651074,1.1009823879092704,1.0929280912356258,1.0479339228071927,1.145853891764861,1.0738013755941684,1.1461709076213626,1.151213181951229,1.0835199614375752,1.0899776048636098,1.0490256150487671,1.1258110865995155,1.090455044481646,1.0799868771369785,1.1307369025969787,1.0811030543524598,1.0917840632868852,1.0852567184250963,1.1259138804675866,-0.08572961197044983,1.0922356210285167,1.131180963729435,1.1055912932794567,1.1309055150845408,1.0693542173359074,1.0485490539506899,1.3025383986809507,1.0848697085932897,1.149635029902357,1.0694549224170065,1.1238841134193978,1.1396082311524622,1.0847183775969629,1.1451720168381538,1.1115510606703922,1.1459664921659698,1.0768111593252856,1.8784091844703321,1.103517984945664,1.053531530690476,1.0751306675553998,-0.042223416015498456,1.133598583229164,1.1327243623107408,1.1309921836352326,1.0926266869149959,1.1469094234209372,1.1309286585849867,1.0719992192478458,1.0693145428037565,1.1142754741209477,1.0684414504698272,1.0696511856404805,1.133597751901619,1.0738433115288903,1.1354760934969013,1.1205445227828947,1.1014540263901493,1.1329433592002935,1.092214446396082,-1.7663435714867115,1.1507062651483362,1.0810721621167825,1.053223155816654,1.0858180516834957,1.1134738020148662,1.1466252616509658,1.1372771402577362,1.0737346302741997,1.131415812922922,1.0691338462113669,1.1454673108414095,1.1208834830632715,1.0762112579261467,1.1397505466874456,1.1330553533774053,1.144006219130646,1.071870345418573,1.104934662714725,1.1042630373204458,1.092472586390523,1.1209626583159753,1.1503738087749176,1.1456911053155643,0.4953857994449161,1.138760318794309,1.1379626070942397,1.0531625453998017,1.0779158742434267,1.0915692375994293,1.0756859206515899,1.1349894896594726,1.090135854473673,1.1382773221790758,1.0852482638283205,1.071482388899695,1.101979890953386,1.1387174086681398,1.0780056374284985,1.1249949415077416,1.078583507863035,1.080808496297202,1.1347828577959234,1.0853309651500596,1.0520683460405278,1.1464050271185702,1.080944707222313,1.1008250069744927,1.086007397115405,1.1369985749649545,1.1306506802023626,1.443756992759106,1.0687319735697154,1.1222505778275715,1.0911011047950083,1.1044460227759216,1.1338928344336578,1.1041925440241298,1.09146303843203,1.107554958350867,1.0842642513784884,1.1100813050714118,1.1043807519596243,-0.11066426808372769,1.0842374420639826,1.1462036260115949,1.0788120829599925
1179,1519075485,1.0553944859338567,1.1507571800745822,1.1286449840724857,1.0836247542965192,1.1039363164604918,1.099373337931762,1.0549124651194584,1.1493092569392664,1.079310288951181,1.151019574655721,1.157111065465095,1.0856098309646072,1.0929295460676656,1.0553055667916378,1.1302647290266516,1.0961810934374359,1.087397566562928,1.1355144332450187,1.0860929137921003,1.0955948408950855,1.0878788055998627,1.12986687046231,-0.08572961197044983,1.0973472355819236,1.1356383942278996,1.1073941468936472,1.1358604735115039,1.074916268927254,1.0548224268452224,1.3060096568161543,1.0904801703241283,1.15375336745126,1.07442440035871,-0.32059093754397266,1.144397900521999,1.0872616250350646,1.148814501574812,1.1169045535107345,1.1503745678118098,1.0835332950399015,1.5662058063373976,1.1059160632626266,1.0587903797717173,1.0796165901348445,-0.042223416015498456,1.1382341234193483,1.136304822500106,1.1363584991968767,1.0970427247874215,1.1469173611615817,1.1345131077161166,1.0769478432863364,1.0755471728254078,1.1196173714040185,1.074017863176308,1.0757182863765933,1.138615951819972,1.0782601209262317,1.140098118686828,1.1247341563581688,1.1058044399786602,1.1375757947375003,1.0979515968310076,-1.7663435714867115,1.1559892758143642,1.083619261343679,1.0584800119604596,1.090187587531637,1.1188307286484518,1.1500730598296713,1.141923423706576,1.079674133154595,1.1364210703341815,1.0746523762966675,1.15030393888695,1.125591882159719,1.0806177275458688,1.1450728155197083,1.1373434832704006,1.1492216725391446,1.0788325514088204,1.1078913648876256,1.107266198795093,1.0926667549135296,1.1261890811391468,1.1545074264667887,1.150294096466653,0.5091088938922049,1.1440691007888277,1.1379626070942397,1.0584082111988642,1.0824145715498437,1.0960072883308998,1.0801686725034823,1.1392679047604746,1.094490256483795,1.1439524597708708,1.0877957949640678,1.0764313332128985,1.105721983498805,1.1435129833980209,1.083063188860007,1.129445661411654,1.0836392874857466,1.0864480100472624,1.1390689014732038,1.0915691019034433,1.0588199590953846,1.1510083621549523,1.0860275599531222,1.105800603847556,1.0881044340883335,1.1421262311897094,1.135600490820117,1.4455069740128754,1.0747998222372976,1.126434915000048,1.0955393557662638,1.106216564032691,1.138531232905132,1.107142494725662,1.0952728193311034,1.1112547551845204,1.086298435991654,1.1134135491140464,1.1081127618897084,-0.11066426808372769,1.0904708400590977,1.1498390879213796,1.0833114469553458
1180,1519075490,1.0553944859338567,1.1507571800745822,1.1286449840724857,1.0836247542965192,1.1039363164604918,1.099373337931762,1.0549124651194584,1.1493092569392664,1.079310288951181,1.151019574655721,1.157111065465095,1.0856098309646072,1.0950451039305722,1.0553055667916378,1.1302647290266516,1.0961810934374359,1.087397566562928,1.1355144332450187,1.0860929137921003,1.0955948408950855,1.0878788055998627,1.12986687046231,-0.08572961197044983,1.0973472355819236,1.1356383942278996,1.1073941468936472,1.1358604735115039,1.074916268927254,1.0548224268452224,1.3060096568161543,1.0904801703241283,1.154930035322375,1.07442440035871,0.9572139152313165,1.144397900521999,1.0872616250350646,1.1500286631536978,1.1175737401157773,1.1503745678118098,1.0835332950399015,1.8714713316229337,1.1059160632626266,1.0587903797717173,1.0796165901348445,-0.042223416015498456,1.1382341234193483,1.136304822500106,1.1363584991968767,1.0970427247874215,1.1469173611615817,1.1345131077161166,1.0769478432863364,1.0755471728254078,1.1202851085644023,1.074017863176308,1.0757182863765933,1.138615951819972,1.0782601209262317,1.1406116770412644,1.1247341563581688,1.1058044399786602,1.1375757947375003,1.0979515968310076,-1.7663435714867115,1.1559892758143642,1.083619261343679,1.0584800119604596,1.090187587531637,1.1195003444776501,1.1500730598296713,1.141923423706576,1.079674133154595,1.1364210703341815,1.0746523762966675,1.15030393888695,1.125591882159719,1.0806177275458688,1.1450728155197083,1.1380581715859,1.1492216725391446,1.0788325514088204,1.1078913648876256,1.107266198795093,1.0926667549135296,1.1261890811391468,1.1545074264667887,1.150294096466653,0.5179909391217095,1.1440691007888277,1.1379626070942397,1.0584082111988642,1.0824145715498437,1.0960072883308998,1.0801686725034823,1.1399809739439748,1.094490256483795,1.1439524597708708,1.0877957949640678,1.0764313332128985,1.105721983498805,1.1440458250346743,1.083063188860007,1.129445661411654,1.0836392874857466,1.0864480100472624,1.139783242086084,1.0915691019034433,1.0588199590953846,1.1510083621549523,1.0860275599531222,1.105800603847556,1.0881044340883335,1.1421262311897094,1.135600490820117,1.4455069740128754,1.0747998222372976,1.126434915000048,1.0955393557662638,1.106216564032691,1.138531232905132,1.107142494725662,1.0952728193311034,1.1112547551845204,1.086298435991654,1.1134135491140464,1.1081127618897084,-0.11066426808372769,1.0904708400590977,1.1498390879213796,1.0833114469553458
1181,1519075496,1.0581840586459883,1.1536608645043407,1.1316151975753528,1.085872809509084,1.1051178878809804,1.1029540305407266,1.0577038820443645,1.1521887279179375,1.0834419739689403,1.1534439081729002,1.1588804305192548,1.087177233109881,1.0978002490543577,1.058096656455136,1.132738974819505,1.0980897764226991,1.0921134598339868,1.1373060072380337,1.0888650579252337,1.0981353593005523,1.0889276404697692,1.133325736707693,-0.08572961197044983,1.100541994677803,1.1376194744494394,1.1085960493031075,1.1378424568822894,1.0776972947229275,1.0576105925761257,1.3079932328934134,1.0929737088711675,1.157283371064605,1.0766330572216893,1.0683273806900373,1.1470588279495195,1.0887875734979258,1.1524569863114698,1.1209196731409912,1.1528234987261652,1.0857740069447734,1.8680024051992343,1.1071151024211079,1.0610441722351065,1.0826072051878077,-0.042223416015498456,1.1399724509906675,1.138691795959683,1.138147271050758,1.1001970375534398,1.1469224124510828,1.136902740470203,1.0791472317478876,1.0790097450596587,1.1236237943663214,1.0775031211178585,1.0779245048260888,1.141626871770984,1.0815727279742375,1.1431794688134458,1.1273526773427152,1.107668902945165,1.1404710669482543,1.1005014414687522,-1.7663435714867115,1.1583372805548209,1.0846381010344375,1.0607329503078047,1.0920602457522688,1.1221788077944428,1.1535208580083767,1.145020946005803,1.0826438845947928,1.1394242247809374,1.077411641339318,1.1521176744040278,1.1276845039803625,1.0839225797606602,1.1477339499358397,1.1416316131633961,1.1515396518318108,1.0816174338049194,1.109074045756786,1.1084674633849516,1.0928123813057846,1.1282796502684156,1.158050527345535,1.1525955920421975,0.5293749689229055,1.1467234917860871,1.1379626070942397,1.0606563536841769,1.0846639202030521,1.0985433173203116,1.0824100484294283,1.142833250677976,1.0981189248255636,1.146016146167887,1.0893243136455162,1.0786308640187667,1.1094640760442238,1.1467100332179416,1.0858729396552895,1.1319182835804942,1.0864480539428085,1.0892677669222925,1.1419262639247243,1.0934405429294585,1.061070496780337,1.1527346127935956,1.0894161284403283,1.1076664526749551,1.0891529525747978,1.144690059302087,1.1380753961289942,1.4464615092422042,1.0781095578741606,1.129050125732846,1.0987095350314464,1.1073969248705373,1.140270632331935,1.1089124651465816,1.09717770978064,1.1144920774139675,1.0873155282982367,1.1167457931566809,1.1112227701647783,-0.11066426808372769,1.0935875390566552,1.1522627291945693,1.0861235494524417
1182,1519075501,1.0616710245361531,1.1559838120481476,1.1340903754944087,1.0881208647216487,1.106299459301469,1.1065347231496911,1.0611931532004972,1.1544923047008744,1.0861964306474465,1.1558682416900794,1.1606497955734145,1.088222167873397,1.1004647644043344,1.0615855185345087,1.1357080697709292,1.0999984594079624,1.0954819550276003,1.1390975812310487,1.0910827732317405,1.1006758777060193,1.0899764753396757,1.136784602953076,-0.08572961197044983,1.1024588501353307,1.1405910947817492,1.1091970005078378,1.1403199360957708,1.0804783205186008,1.0610957997397548,1.3094809149513578,1.0960906320549666,1.1590483728712777,1.0799460425161584,1.0683273806900373,1.14971975537704,1.090313521960787,1.154885309469242,1.124265606166205,1.1547826434576496,1.0880147188496454,1.8645334787755352,1.1083141415795892,1.0640492288529586,1.085597820240771,-0.042223416015498456,1.1422902210857595,1.1404820260543655,1.1411285574738939,1.1020896252130508,1.1469252989022263,1.1404871896013329,1.0818964673248268,1.0817798028470593,1.1276302173286246,1.080988379059409,1.0806822778879581,1.1441359717301607,1.083781132672908,1.1452337022311911,1.1304949025241706,1.1107763412226728,1.142208230274707,1.1024138249470607,-1.7663435714867115,1.1600982841101635,1.0861663605705754,1.063736868104265,1.0951813427866552,1.1255268869404338,1.1575432892168662,1.147085960871954,1.084871198174941,1.141426327745441,1.0807227593904982,1.154535988426798,1.1297771258010056,1.0861258145705213,1.150395084351971,1.1437756781098938,1.1532781363013103,1.0850985368000432,1.1102567266259464,1.1096687279748103,1.0929094655672882,1.1314155039623186,1.1598220777849084,1.1543217137238557,0.5407473615865586,1.1493778827833465,1.1379626070942397,1.063653876997927,1.0874756060195627,1.1010793463097235,1.0846514243553746,1.1463985965954775,1.1002961258306245,1.1480798325649035,1.090343326099815,1.080830394824635,1.1113351223169332,1.149374241401209,1.088682690450572,1.1343909057493344,1.0892568203998705,1.0915235724223167,1.1447836263762445,1.095935797630812,1.0633210344652895,1.1561871140708824,1.0916751740984656,1.109532301502354,1.090201471061262,1.146741121791989,1.140055320376096,1.4470978660617566,1.08086767090488,1.131142294319084,1.1012456784435924,1.109167466127307,1.1431696313766062,1.1100924454271945,1.0997175637133556,1.1163419758307942,1.088841166758111,1.118411915177998,1.1130887751298204,-0.11066426808372769,1.0960808982547012,1.154686370467759,1.0889356519495375
1183,1519075507,1.0644605972482848,1.1577260227060029,1.1360705178296533,1.0903689199342135,1.1074810307219576,1.10868313871507,1.06468242435663,1.1562199872880772,1.0896395014955795,1.157686491827964,1.163008948978961,1.0897895700186708,1.1032095518396845,1.0643766081980066,1.137687466405212,1.1019071423932256,1.0981767511824911,1.1432779205480836,1.0933004885382474,1.1051217849155863,1.0910253102095824,1.1387610979504375,-0.08572961197044983,1.1043757055928582,1.142572175003289,1.110398902917298,1.1432929111519488,1.0839546027631926,1.0638839654706582,1.3119603850479318,1.0979607859652463,1.1608133746779505,1.0832590278106273,1.1238841134193978,1.1523806828045604,1.0913308209360275,1.1567065518375708,1.1269423525863762,1.1572315743720052,1.0917492386910987,1.8610645523518359,1.110112700317311,1.0663030213163478,1.0878407815304934,-0.042223416015498456,1.145766876228398,1.144062486243731,1.1441098438970294,1.1039822128726617,1.1469289069661557,1.1428768223554193,1.0846457029017658,1.08454986063446,1.1309689031305437,1.0837765854126493,1.0834400509498276,1.1461432516975019,1.0865416385462463,1.1478014940033727,1.1336371277056263,1.1126408041891773,1.1439453936011594,1.1056011307442417,-1.7663435714867115,1.1624462888506204,1.087185200261334,1.0659898064516102,1.0989266592279192,1.129544581915623,1.159267188306219,1.1496672294546428,1.0870985117550893,1.143428430709945,1.0829301714246184,1.157558880955261,1.1339623694422925,1.0888798580828476,1.1525239918848762,1.1459197430563914,1.15501662077081,1.0885796397951668,1.1114394074951066,1.1102693602697398,1.0931521762210465,1.1345513576562214,1.1621841450374062,1.1571985831932863,0.5521488470940686,1.152032273780606,1.1379626070942397,1.0659020194832394,1.0919743033259797,1.104883389793841,1.0883870508986182,1.149963942512979,1.1031990605040394,1.1506594405611739,1.091362338554114,1.08357980833197,1.113829850680546,1.1515056079478228,1.0920543914049108,1.1368635279181745,1.093189093439757,1.094907280672353,1.149069670053525,1.0984310523321654,1.0663217513785592,1.1579133647095257,1.093934219756603,1.1120200999388856,1.0912499895477263,1.1493049499043664,1.1420352446231976,1.447734222881309,1.0830741613294552,1.134803589345001,1.1037818218557385,1.1103478269651532,1.1449090308034091,1.1112724257078075,1.1041623080956078,1.118191874247621,1.089858259064694,1.1200780371993153,1.1155767817498765,-0.11066426808372769,1.0979509176532356,1.1577159220592461,1.0928725954454714
1184,1519075513,1.0707371358505813,1.161210444021713,1.140525838083954,1.0948650303593428,1.110434959273179,1.1136961083676205,1.070963112437669,1.1602512466582167,1.096525643191845,1.1613229921037327,1.1665476790872806,1.0918794395457025,1.1059595181192523,1.0713543323567518,1.142141108832348,1.1057245083637521,1.1042400425309953,1.1468610685341134,1.0982903479778878,1.1089325625237867,1.094171814819302,1.142714087945161,-0.08572961197044983,1.1082094165079135,1.1465343354463686,1.113403658940949,1.1472568778935193,1.0902119108034574,1.0701573383651908,1.3149357491638205,1.1029478630593248,1.1649317122268532,1.087676341536586,-0.2094774720852519,1.157170352174097,1.0938740683741295,1.1603490365742288,1.133634218636804,1.1611498638349738,1.097724470437424,1.496827277863412,1.1119112590550329,1.0730643987065152,1.09382201163642,-0.042223416015498456,1.149243531371036,1.1476429464330962,1.1476873876047922,1.1083982507450874,1.1469354014812283,1.1464612714865492,1.0890444798248684,1.0921675195498117,1.1363108004136144,1.0900500497074403,1.0884040424611927,1.1501578116321844,1.0909584479435877,1.1519099608388632,1.1373030570839913,1.1169912177776884,1.1474197202540644,1.1100633588602948,-1.7663435714867115,1.167142298331534,1.0897322994882304,1.0719976420445305,1.1026719756691832,1.1349015085492085,1.1627149864849244,1.1532810054704075,1.0945228903555835,1.1484336881212045,1.0878968485013891,1.1630000875064943,1.1376244576284182,1.093837136405035,1.1567818069506863,1.1523519378958846,1.1602320741793086,1.0955418457854145,1.1143961096680075,1.1144737863342453,1.093394886874805,1.1382098536324416,1.1651367291030281,1.161801574344375,0.56357651616105,1.1578719339745764,1.1379626070942397,1.0718970661107394,1.0964730006323966,1.1086874332779588,1.0936169280591592,1.1542423576139809,1.1097306635192226,1.1547868133552066,1.0944193759170107,1.0874289872422396,1.1175719432259648,1.1557683410410504,1.0976738929954757,1.141808772255855,1.0976831197710561,1.0999828430474075,1.1533557137308055,1.1034215617348726,1.0723231852050987,1.1619412828663602,1.0984523110728779,1.1151298479845504,1.093871285763887,1.153919840506646,1.1459950931174012,1.449166025725302,1.0885903873908935,1.138464884370918,1.109488144533067,1.112708548640846,1.148387829657015,1.1136323862690334,1.1079720889946811,1.1218916710812745,1.092400989831151,1.12341028124195,1.1205527949899887,-0.11066426808372769,1.1029376360493277,1.1619572942873282,1.0973719594408247
1185,1519075518,1.0742241017407461,1.1623719177936165,1.1415159092515763,1.0976750993750488,1.1116165306936674,1.1158445239329993,1.0744523835938018,1.1614030350496851,1.0979028715310983,1.1625351588623223,1.1694966208442137,1.0934468416909764,1.1084531316100468,1.07414542202025,1.1431308071494894,1.1089056466725242,1.1062611396471633,1.1486526425271284,1.1005080632843947,1.1095676921251534,1.0952206496892085,1.1437023354438418,-0.08572961197044983,1.1101262719654412,1.1485154156679085,1.1146055613504093,1.1492388612643045,1.093688193048049,1.072945504096094,1.3169193252410798,1.1041946323328444,1.166696714033526,1.0893328341838204,0.7349869843138749,1.1587669086306094,1.0954000168369904,1.1627773597320008,1.1349725918468896,1.1635987947493294,1.099965182342296,1.7778103181830534,1.1143093373719954,1.0753181911699043,1.0960649729261422,-0.042223416015498456,1.1509818589423553,1.149433176527779,1.1494761594586735,1.1102908384046983,1.1469368447068,1.148253496052114,1.0917937154018076,1.0949375773372123,1.137646274734382,1.0928382560606809,1.0900587062983143,1.151161451615855,1.0931668526422582,1.1539641942566083,1.1393978738716282,1.1194771683996945,1.1491568835805168,1.1119757423386034,-1.7663435714867115,1.1689033018868766,1.090751139178989,1.0750015598409908,1.1039204144829378,1.136240740207605,1.1632896195147087,1.1553460203365586,1.0967502039357317,1.1494347396034565,1.0895524075269793,1.164813823023572,1.1397170794490616,1.096040371214896,1.158378487600365,1.1530666262113838,1.1608115690024752,1.0983267281815134,1.115578790537168,1.1150744186291748,1.0934919711363082,1.1403004227617102,1.1669082795424015,1.1629523221321472,0.5748703581462895,1.1594645685729321,1.1379626070942397,1.0741452085960521,1.0975976749590008,1.1099554477726645,1.0966054292937542,1.1549554267974813,1.1104563971875763,1.1573664213514772,1.0954383883713095,1.090178400749575,1.1194429894986744,1.1578997075876643,1.0987977933135888,1.142797821123391,1.098806626353881,1.1022386485474316,1.1547843949565655,1.1046691890855493,1.0753239021183685,1.1630921166254558,1.1007113567310152,1.117617646421082,1.0949198042503514,1.155970902996548,1.147975017364503,1.4494842041350784,1.090245255209325,1.1405570529571563,1.1101221803861037,1.113298729059769,1.1501272290838176,1.1154023566899527,1.109242015961039,1.1232790948938947,1.093418082137734,1.1250764032632672,1.1224187999550308,-0.11066426808372769,1.104807655447862,1.1631691149239232,1.098496800439663
1186,1519075524,1.0777110676309107,1.1641141284514718,1.1439910871706322,1.0999231545876136,1.1122073164039117,1.117992939498378,1.077243800518708,1.1637066118326218,1.1006573282096046,1.1649594923795015,1.1712659858983734,1.0950142438362502,1.1111435411811115,1.076936511683748,1.1451102037837722,1.1108143296577875,1.1089559358020542,1.1504442165201434,1.103280207417528,1.1114730809292535,1.096269484559115,1.1461729541905439,-0.08572961197044983,1.1126820792421446,1.1504964958894484,1.1164084149645999,1.1512208446350898,1.0964692188437224,1.0757336698269975,1.3184070072990242,1.105441401606364,1.1696383837113138,1.0915414910467998,1.179440846148758,1.1603634650871215,1.0964173158122312,1.165812763679216,1.1383185248721035,1.1655579394808138,1.102205894247168,1.8818781108940315,1.1155083765304767,1.0775719836332933,1.0990555879791055,-0.042223416015498456,1.1527201865136745,1.1512234066224616,1.151264931312555,1.1134451511707166,1.1469397311579437,1.150045720617679,1.0939931038633588,1.097707635124613,1.1403172233759173,1.0963235140022314,1.091713370135436,1.1531687315831962,1.0970315608649317,1.1570455443832262,1.1414926906592653,1.1213416313661992,1.1508940469069693,1.113888125816912,-1.7663435714867115,1.1706643054422192,1.0917699788697477,1.0787564570865662,1.1057930727035696,1.139588819353596,1.1661627846636298,1.1579272889192476,1.09897751751588,1.1514368425679604,1.0912079665525696,1.166022980034957,1.141809701269705,1.0987944147272224,1.16050739513327,1.15664006778888,1.1625500534719746,1.1011116105776124,1.116761471406328,1.1162756832190335,1.0935890553978116,1.142390991890979,1.1698608636080237,1.1646784438138056,0.5862020208285431,1.1610572031712878,1.1379626070942397,1.0763933510813646,1.0998470236122093,1.1118574695147234,1.0988468052197002,1.1570946343479822,1.1126335981926374,1.1594301077484934,1.0964574008256085,1.0923779315554432,1.1238087641349963,1.1605639157709315,1.1010455939498147,1.1447759188584632,1.1010536395195305,1.1044944540474557,1.157641757408086,1.105916816436226,1.077574439803321,1.164818367264099,1.103535163803687,1.119483495248481,1.0964925819800477,1.1580219654864499,1.1499549416116046,1.450279650159519,1.0919001230277565,1.1426492215433945,1.1120242879452134,1.1144790898976153,1.1518666285106205,1.1165823369705659,1.1111469064105757,1.1260539425191347,1.0944351744443168,1.1278532732987958,1.124906806575087,-0.11066426808372769,1.106054335046885,1.1649868458788153,1.1007464824373396
1187,1519075530,1.0805006403430426,1.1658563391093268,1.1469613006734993,1.1021712098001784,1.1133888878244003,1.1201413550637567,1.080035217443614,1.166586082811293,1.1034117848881109,1.1679899092759753,1.1730353509525333,1.0960591785997662,1.1138468978627205,1.079727601347246,1.147089600418055,1.1127230126430507,1.1116507319569449,1.1528329818441634,1.105497922724035,1.1152838585374538,1.0973183194290215,1.1481494491879054,-0.08572961197044983,1.115876838338024,1.152972846166373,1.1176103173740601,1.1532028280058753,1.0992502446393957,1.0799159184233524,1.3198946893569685,1.1079349401534033,1.1719917194535439,1.094302312125524,0.2905331224789917,1.163024392514642,1.0979432642750924,1.167634006047545,1.1409952712922746,1.1675170842122982,1.10444660615204,1.8714713316229337,1.116707415688958,1.0798257760966825,1.1012985492688279,-0.042223416015498456,1.1544585140849937,1.1548038668118268,1.1536499604510635,1.1153377388303276,1.1469426176090871,1.1548249861258522,1.0972921865556857,1.1004776929120137,1.1436559091778364,1.0991117203554717,1.0944711431973053,1.1551760115505376,1.09979206673827,1.1596133361554077,1.1462060284314486,1.1250705572992086,1.1537893191177235,1.1158005092952203,-1.7663435714867115,1.1724253089975618,1.0927888185605061,1.0810093954339113,1.108289950331079,1.1422672826703886,1.1678866837529824,1.1605085575019365,1.101204831096028,1.1534389455324643,1.0939672315952198,1.1684412940577276,1.14494863400067,1.1015484582395487,1.1637007564326278,1.1587841327353776,1.1642885379414742,1.1038964929737114,1.1173528118409084,1.1174769478088924,1.093977392443825,1.145526845584882,1.1722229308605212,1.1664045654954638,0.5975889599141248,1.1642424723679992,1.1379626070942397,1.0801402552235522,1.103221046592022,1.1143934985041353,1.1010881811456463,1.1606599802654838,1.1148107991976983,1.1620097157447637,1.0974764132799073,1.0956772277642455,1.1256798104077057,1.1632281239541988,1.10497924506321,1.1467540165935353,1.1044241592680049,1.10675025954748,1.1597847792467262,1.1084120711375796,1.079824977488273,1.1665446179027426,1.1063589708763586,1.1232151929032785,1.0975411004665119,1.1605857935988275,1.1529248279822573,1.4509160069790714,1.0952098586646195,1.1463105165693115,1.1158285030634323,1.1156594507354616,1.154765627555292,1.1183523073914852,1.1136867603432912,1.1283663155401682,1.0959608129041911,1.1306301433343247,1.1273948131951428,-0.11066426808372769,1.1091710340444425,1.1668045768337076,1.1046834259332736
1188,1519075535,1.0832902130551743,1.1693407604250372,1.148446407424933,1.104419265012743,1.1151612449551331,1.1222897706291355,1.0828266343685202,1.1677378712027615,1.1068548557362436,1.1704142427931548,1.174804716006693,1.0971041133632822,1.1165813276096355,1.0825186910107443,1.1500586953694791,1.114631695628314,1.1143455281118357,1.1546245558371784,1.1077156380305417,1.1159189881388205,1.0983671542989282,1.1506200679346077,-0.08572961197044983,1.1177936937955517,1.154953926387913,1.1182112685787904,1.1556803072193567,1.1020312704350692,1.082704084154256,1.3218782654342276,1.109805094063683,1.173168387324659,1.0970631332042482,1.2349975788781185,1.1656853199421624,1.098960563250333,1.169455248415874,1.1443412043174885,1.1699660151266535,1.106687318056912,1.8575956259281365,1.1173069352681986,1.0820795685600717,1.1035415105585502,-0.042223416015498456,1.1567762841800857,1.1559973535416153,1.154842475020318,1.1172303264899386,1.1469462256730163,1.1554223943143738,1.0989417279018492,1.1032477506994143,1.1469945949797558,1.1018999267087122,1.0972289162591748,1.1581869315015494,1.1014483702622728,1.1611540112187166,1.1472534368252671,1.1263135326102116,1.155526482444176,1.117712892773529,-1.7663435714867115,1.1747733137380187,1.094317078096644,1.0832623337812566,1.1114110473654655,1.1462849776455777,1.1701852158721195,1.1620573186515497,1.1034321446761763,1.155441048496968,1.09617464362934,1.1708596080804978,1.1465181003661526,1.1037516930494096,1.1663618908487592,1.1616428859973746,1.166027022410974,1.1066813753698104,1.119718173579229,1.1180775801038216,1.0941230188360802,1.1465721301495162,1.17340396448677,1.1687060610710083,0.6089991732747919,1.1663659851658066,1.1379626070942397,1.0823883977088646,1.1049080580819282,1.1156615129988412,1.1033295570715926,1.163512256999485,1.1184394675394669,1.1635574805425262,1.0990049319613557,1.0973268758686465,1.1275508566804153,1.1653594905008127,1.106103145381323,1.1492266387623755,1.1055476658508296,1.1090060650475042,1.1633564823111264,1.110907325838933,1.0820755151732255,1.1694217023004814,1.108618016534496,1.1244590921215445,1.0985896189529762,1.1626368560887295,1.154904752229359,1.451711453003512,1.0968647264830511,1.1473566008624305,1.1164625389164688,1.1180201724111543,1.1565050269820947,1.1195322876720981,1.1155916507928278,1.1329910615822352,1.0974864513640654,1.133962387376959,1.1292608181601849,-0.11066426808372769,1.1104177136434656,1.169834128425195,1.1058082669321119
1189,1519075541,1.0874745721233718,1.1728251817407476,1.1504265497601776,1.107229334028449,1.1181151735063546,1.1265866017598931,1.0870137597558795,1.169465553789964,1.1109865407540032,1.1740507430689235,1.176574081060853,1.098671515508556,1.119302810246006,1.0874030979218658,1.1540174886380445,1.117812833937086,1.1190614213828947,1.1564161298301934,1.111042210990302,1.1178243769429208,1.0994159891688347,1.1540789341799906,-0.08572961197044983,1.1197105492530792,1.1589160868309927,1.1206150733977112,1.1596442739609274,1.1068980655774974,1.0868863327506109,1.3248536295501165,1.1122986326107223,1.1749333891313316,1.0998239542829724,1.290554311607479,1.169410618340691,1.1009951612008144,1.1730977331525319,1.1476871373427024,1.1738843045896223,1.1104218378983652,1.6945560840142706,1.1197050135851612,1.087338417641313,1.1072797793747544,-0.042223416015498456,1.160252939322724,1.1577875836362979,1.1572275041588262,1.1203846392559569,1.1469519985753034,1.1572146188799386,1.1016909634787884,1.1080953518273653,1.1503332807816748,1.1060822362385727,1.1005382439334181,1.162201491436232,1.1036567749609436,1.163208244636462,1.1493482536129043,1.128799483232218,1.1601589179813825,1.1196252762518375,-1.7663435714867115,1.1771213184784755,1.0968641773235406,1.0862662515777166,1.1139079249929749,1.1496330567915687,1.1730583810210407,1.164122333517701,1.1078867718364729,1.1604463059082277,1.0989339086719905,1.1726733435975756,1.1486107221867958,1.1059549278592706,1.170087479031343,1.1637869509438723,1.1712424758194726,1.1108586989639588,1.1220835353175496,1.1192788446936806,1.0942201030975836,1.149185341561102,1.1751755149261434,1.172158304434325,0.6204501166168587,1.1684894979636142,1.1379626070942397,1.0861353018510522,1.1071574067351366,1.118197541988253,1.1078123089234848,1.1656514645499858,1.1213424022128815,1.1661370885387965,1.101552463097103,1.0995264066745147,1.1294219029531247,1.1690893819573869,1.1083509460175491,1.1531828342325199,1.1083564323078916,1.1112618705475283,1.166213844762647,1.114026394215625,1.0858264113148128,1.173449620457316,1.1108770621926336,1.1263249409489433,1.1006866559259048,1.165200684201107,1.159359581785338,1.452825077437729,1.0996228395137702,1.1494487694486688,1.1183646464755783,1.1209710745057702,1.1599838258357005,1.1213022580930176,1.1174965412423645,1.1362283838116822,1.1000291821305224,1.1372946314195937,1.131126823125227,-0.11066426808372769,1.1129110728415115,1.172863680016682,1.1080579489297886
1190,1519075546,1.0930537175476356,1.1751481292845545,1.153891798846856,1.1122874582567195,1.1192967449268432,1.1301672943688577,1.0918987393744655,1.1723450247686351,1.1151182257717625,1.1758689932068078,1.1824719645747188,1.1007613850355877,1.121128352832725,1.0915897324171129,1.1559968852723275,1.122266427569367,1.1231036156152308,1.1617908518092384,1.1154776416033156,1.121635154551121,1.102038076343601,1.1560554291773522,-0.08572961197044983,1.1241832119873103,1.1613924371079174,1.1230188782166317,1.1621217531744088,1.1110696042710075,1.0910685813469658,1.3268372056273756,1.116662325068041,1.179640060615792,1.1036891037931862,-0.32059093754397266,1.1726037312537154,1.1025211096636756,1.1749189755208609,1.152371443578002,1.176333235503978,1.1149032617081094,1.635584334811383,1.121503572322883,1.0903434742591651,1.1102703944277175,-0.042223416015498456,1.1631501519415892,1.1613680438256633,1.1608050478665892,1.1241698145751788,1.1469556066392326,1.1607990680110685,1.106089740401891,1.1122504385084664,1.1543397037439778,1.1102645457684333,1.1043991262200354,1.1647105913954086,1.1086256855329524,1.1678302698263887,1.1535378871881785,1.1325284091652272,1.161896081307835,1.1259998878461992,-1.7663435714867115,1.1824043291445034,1.097883017014299,1.0915231077215222,1.1170290220273613,1.1536507517667578,1.1747822801103933,1.1692848706830787,1.1108565232766707,1.1624484088727314,1.103900585748761,1.176300814631731,1.1538422767384042,1.110912206181458,1.1727486134474743,1.1680750808368676,1.172980960288972,1.1157322431571322,1.12385755662129,1.1222820061683274,1.0944142716205902,1.1533664798196392,1.1798996494311387,1.173884426115983,0.6315461272638715,1.172736523559229,1.1379626070942397,1.0891328251648023,1.1122184412048557,1.1220015854723706,1.1115479354667286,1.1692168104674874,1.12497107055465,1.1712963045313374,1.1030809817785512,1.1055751163906524,1.1337876775894469,1.1717535901406542,1.1134084974490575,1.155160931967592,1.1128504586391907,1.1169013842975888,1.1690712072141671,1.117145462592317,1.0903274866847175,1.1751758710959592,1.1159599149234427,1.1319224874311398,1.1027836928988333,1.170328340425862,1.1613395060324396,1.4537796126670575,1.1040358203629208,1.1536331066211454,1.1234369332998706,1.1215612549246932,1.1623030250714375,1.123072228513937,1.1219412856246167,1.1390032314369223,1.1010462744371052,1.1400715014551224,1.1354808347103251,-0.11066426808372769,1.1166511116385804,1.1758932316081692,1.1125573129251418
1191,1519075552,1.0930537175476356,1.175728866170506,1.1558719411821006,1.1122874582567195,1.1192967449268432,1.1308834328906505,1.0918987393744655,1.174648601551572,1.1164954541110157,1.1764750765861027,1.1824719645747188,1.1012838524173458,1.1238317095143338,1.0915897324171129,1.1569865835894688,1.122266427569367,1.1244510136926762,1.1623880431402431,1.1160320704299422,1.1229054137538546,1.102038076343601,1.1575378004253736,-0.08572961197044983,1.1248221638064861,1.1613924371079174,1.1230188782166317,1.1621217531744088,1.1110696042710075,1.0910685813469658,1.3268372056273756,1.1172857097048008,1.180816728486907,1.104241268008931,0.8461004497725957,1.1731359167392197,1.1025211096636756,1.17674021788919,1.1537098167880875,1.176333235503978,1.1149032617081094,1.8922848901651292,1.1221030919021238,1.0903434742591651,1.111765701954199,-0.042223416015498456,1.1631501519415892,1.1619647871905574,1.1619975624358434,1.1254315396815862,1.1469570498648043,1.1619938843881117,1.1066395875172788,1.1122504385084664,1.1556751780647454,1.1109615973567435,1.1049506808324092,1.1657142313790791,1.1097298878822877,1.1688573865352612,1.1545852955819969,1.1325284091652272,1.161896081307835,1.1259998878461992,-1.7663435714867115,1.1824043291445034,1.097883017014299,1.0915231077215222,1.1176532414342388,1.1549899834251542,1.176506179199746,1.1698011243996165,1.1108565232766707,1.1634494603549834,1.104452438757291,1.177509971643116,1.154888587648726,1.1120138235863886,1.1732808403307007,1.1695044574678661,1.1741399499353051,1.1157322431571322,1.12385755662129,1.1222820061683274,1.094462813751342,1.1544117643842737,1.1798996494311387,1.1750351739037554,0.6428806992305107,1.173798279958133,1.1379626070942397,1.0891328251648023,1.11334311553146,1.1245376144617825,1.1115479354667286,1.1699298796509878,1.1256968042230038,1.1718122261305914,1.1030809817785512,1.1061249990921194,1.1350350417712531,1.172819273413961,1.1145323977671706,1.156149980835128,1.114535718513428,1.1169013842975888,1.1704998884399274,1.1177692762676552,1.0903274866847175,1.175751287975507,1.116524676337977,1.1325444370402726,1.1027836928988333,1.1708411060483375,1.1613395060324396,1.4540977910768338,1.1056906881813524,1.1546791909142644,1.1240709691529072,1.1215612549246932,1.1623030250714375,1.123072228513937,1.1232112125909746,1.1403906552495424,1.1010462744371052,1.1417376234764398,1.1367248380203532,-0.11066426808372769,1.118521131037115,1.1764991419264668,1.11368215392398
1192,1519075558,1.0972380766158332,1.1774710768283612,1.1578520835173454,1.1145355134692843,1.1198875306370875,1.1330318484560293,1.0960858647618248,1.1763762841387746,1.119249910789522,1.1801115768618715,1.1842413296288787,1.1028512545626197,1.126330501849346,1.0957763669123601,1.159460829382322,1.1241751105546303,1.1271458098475668,1.1641796171332581,1.118249785736449,1.1248108025579546,1.1030869112135075,1.159514295422735,-0.08572961197044983,1.1286558747215414,1.1643640574402272,1.123619829421362,1.1650947282305868,1.1138506300666808,1.0959478713760467,1.3298125697432643,1.1197792482518403,1.1825817302935797,1.1064499248719104,0.7905437170432352,1.1752646586812359,1.1035384086389162,1.178561460257519,1.1570557498133014,1.1797617387840755,1.1171439736129813,1.8853470373177308,1.123302131060605,1.0940997950314804,1.1147563170071624,-0.042223416015498456,1.1654679220366815,1.1637550172852402,1.164382591574352,1.1273241273411971,1.1469599363159477,1.16498092533072,1.109388823094218,1.115020496295867,1.1590138638666647,1.114446855298294,1.1077084538942787,1.1677215113464205,1.1119382925809582,1.1709116199530065,1.1577275207634525,1.135635847442735,1.1659494624028908,1.1279122713245078,-1.7663435714867115,1.184165332699846,1.0989018567050577,1.0952780049670974,1.1195258996548707,1.1576684467419471,1.1782300782890986,1.1728986466988431,1.1130838368568188,1.1654515633194873,1.1072117037999414,1.1793237071601939,1.1569812094693694,1.1142170583962496,1.1764742016300582,1.172363210729863,1.1758784344048048,1.1185171255532311,1.1250402374904505,1.123483270758186,1.0945598980128453,1.1570249757958595,1.1840332671230096,1.1767612955854136,0.6542036340596072,1.1759217927559404,1.1379626070942397,1.0936291101354274,1.1155924641846684,1.1264396362038414,1.1137893113926747,1.1734952255684892,1.1278740052280647,1.173875912527608,1.10409999423285,1.1083245298979876,1.1369060880439625,1.174950639960575,1.1179040987215094,1.1581280785702002,1.1167827316790775,1.119157189797613,1.1726429102785676,1.1202645309690087,1.0940783828263048,1.1786283723732458,1.1199132448251832,1.1344102858676715,1.1038322113852976,1.1728921685382394,1.1652993545266432,1.4547341478963862,1.1084488012120715,1.1567713595005027,1.127875184271126,1.1227416157625396,1.165202024116109,1.12425220879455,1.125116103040511,1.1422405536663691,1.102063366743688,1.143403745497757,1.1385908429853953,-0.11066426808372769,1.1216378300346725,1.178316872881359,1.1159318359216568
1193,1519075563,1.1014224356840308,1.1815362350300234,1.1608222970202124,1.1190316238944138,1.1222506734780646,1.1366125410649939,1.1002729901491841,1.1792557551174458,1.1247588241465345,1.1831419937583456,1.1877800597371984,1.1049411240896514,1.1288085788074875,1.0999630014076072,1.1624299243337464,1.1279924765251568,1.131188004079903,1.1671655737882831,1.1226852163494627,1.1298918393688884,1.1051845809533207,1.162973161668118,-0.08572961197044983,1.1324895856365966,1.1678309478279219,1.1260236342402827,1.1680677032867648,1.1194126816580274,1.1008271614051277,1.3322920398398383,1.1235195560723992,1.18493506603581,1.110867238597869,0.6794302515845145,1.1789899570797646,1.1055730065893976,1.180989783415291,1.161070869443558,1.1827004558813021,1.1216253974227253,1.874940258046633,1.1257002093775674,1.0971048516493325,1.1192422395866073,-0.042223416015498456,1.1683651346555468,1.1673354774746054,1.1673638779974875,1.131109302660419,1.1469649876054488,1.1685653744618498,1.1132377529019326,1.1205606118706681,1.1630202868289676,1.1200232680047748,1.1121208907932698,1.1712342512892677,1.1152508996289643,1.1739929700796243,1.1613934501418175,1.1387432857202429,1.1682656801714941,1.131737038281125,-1.7663435714867115,1.187100338625417,1.1009395360865748,1.0982819227635576,1.123895435503012,1.1623557575463344,1.1816778764678042,1.1759961689980698,1.1175384640171153,1.168955243507369,1.1110746748596518,1.1829511781943494,1.1601201422003344,1.1175219106110412,1.1801997898126422,1.175936652307359,1.1787759085206373,1.124086890345429,1.126814258794191,1.1252851676429743,1.0948026086666036,1.1601608294897625,1.1863953343755074,1.1790627911609581,0.6655149317511609,1.1796379401521035,1.1379626070942397,1.0981253951060526,1.1200911614910853,1.128975665193253,1.118272063244567,1.1763475023024905,1.1329541409065407,1.1774873637223864,1.1061380191414478,1.11162382610679,1.139400816407575,1.1781476897804957,1.1212757996758485,1.1610952251728084,1.1201532514275516,1.1236688007976612,1.176928953955848,1.1240074130210391,1.0970790997395745,1.180930039891437,1.124431336141458,1.1368980843042034,1.1059292483582261,1.1759687622730925,1.168269240897296,1.455688683125715,1.1117585368489347,1.1604326545264196,1.1304113276832721,1.1256925178571553,1.1686808229697145,1.1260221792154694,1.1295608474227634,1.1450154012916094,1.1046060975101453,1.14562524152618,1.1410788496054514,-0.11066426808372769,1.1241311892327184,1.1819523347911436,1.12043119991701
1194,1519075569,1.1049094015741954,1.1832784456878784,1.1632974749392684,1.1212796791069786,1.122841459188309,1.1387609566303727,1.1030644070740903,1.1821352260961169,1.1275132808250408,1.18496024389623,1.1901392131427446,1.1065085262349252,1.1314808624237906,1.1027540910711053,1.164409320968029,1.12990115951042,1.1338828002347938,1.169554339112303,1.1254573604825964,1.1324323577743554,1.1062334158232272,1.1649496566654798,-0.08572961197044983,1.1344064410941244,1.1698120280494617,1.1278264878544733,1.1705451825002464,1.1228889639026192,1.103615327136031,1.3347715099364124,1.1253897099826786,1.18728840177804,1.1130758954608484,0.7905437170432352,1.1811186990217808,1.1065903055646384,1.18281102578362,1.1637476158637292,1.1856391729785287,1.1253599172641786,1.8714713316229337,1.1274987681152895,1.0993586441127217,1.1214852008763296,-0.042223416015498456,1.1706829047506389,1.1709159376639708,1.169152649851369,1.1336327528732337,1.1469678740565923,1.1703575990274147,1.1159869884788718,1.123330669658069,1.1663589726308867,1.122811474358015,1.1154302184675131,1.173241531256609,1.1180114055023025,1.176560761851806,1.1634882669294544,1.1412292363422492,1.1700028434979466,1.1336494217594333,-1.7663435714867115,1.1894483433658738,1.1019583757773335,1.1012858405600179,1.1257680937236438,1.1657038366923254,1.1834017755571569,1.1785774375807587,1.1197657775972636,1.1709573464718728,1.113282086893772,1.1847649137114271,1.1627359194761386,1.1202759541233676,1.1823286973455471,1.178080717253857,1.180514392990137,1.127567993340553,1.1279969396633511,1.1264864322328332,1.094899692928107,1.162251398619031,1.188757401628005,1.1825150345242748,0.6768844151304285,1.1817614529499112,1.1379626070942397,1.100373537591365,1.1223405101442938,1.1321457014300178,1.1212605644791618,1.179912848219992,1.1351313419116016,1.180066971718657,1.1071570315957469,1.1143732396141253,1.1418955447711878,1.1802790563271095,1.1235236003120743,1.1640623717754166,1.1229620178846136,1.1259246062976855,1.1797863164073683,1.1283741087484078,1.0993296374245267,1.1826562905300804,1.1266903817995952,1.139385882740735,1.1075020260879225,1.17853259038547,1.1702491651443976,1.4563250399452674,1.11396502727351,1.163570907405777,1.1323134352423818,1.1262826982760785,1.1704202223965174,1.1272021594960824,1.1314657378723,1.146865299708436,1.1056231898167281,1.1472913635474973,1.1435668562255072,-0.11066426808372769,1.126001208631253,1.183770065746036,1.1232433024141057
1195,1519075575,1.1111859401764919,1.1867628670035888,1.1677527951935691,1.1263378033352491,1.1257953877395301,1.1452062033265091,1.1100429493863557,1.1861664854662564,1.1337108083516798,1.1892028275512936,1.194267731602451,1.109643330525473,1.1340806422210468,1.1097318152298505,1.1688629633951653,1.1349909808044554,1.1406197906220208,1.174929061091348,1.12989279109561,1.1368782649839224,1.1093799204329469,1.1693967704095436,-0.08572961197044983,1.1382401520091796,1.1737741884925414,1.1296293414686638,1.174509149241817,1.1291462719428842,1.1098887000305635,1.337746874052301,1.1310001717135172,1.191406739326943,1.1180453734025517,-0.8206015321082163,1.1864405538768217,1.1091335530027402,1.187667672099164,1.170439481914157,1.1895574624414975,1.1305882450422131,1.5141719099819084,1.1310958855907332,1.106120021502889,1.1274664309822562,-0.042223416015498456,1.1741595598932772,1.174496397853336,1.173922708128386,1.1374179281924557,1.1469736469588792,1.1739420481585445,1.1209356125173622,1.1302558141265704,1.1730363442347251,1.1290849386528061,1.1203942099788782,1.1772560911912915,1.1229803160743113,1.1811827870417326,1.1676779005047286,1.1462011375862615,1.1734771701508515,1.1381116498754866,-1.7663435714867115,1.1935573516616733,1.10450547500423,1.1065426967038232,1.130137629571785,1.171060763325911,1.1874242067656464,1.182707467313061,1.1264477183377084,1.1754620781420064,1.1188006169790727,1.1896015417569679,1.167967474027747,1.1252332324455547,1.1871187392945837,1.1837982237778508,1.185150351575469,1.1338339787317755,1.130953641836252,1.1300902260024093,1.0951424035818653,1.1674778214422028,1.1923005025067515,1.1876933995692496,0.6893041501729292,1.18707023494443,1.1379626070942397,1.1056192033904277,1.1274015446140129,1.1359497449141356,1.1272375669483516,1.1856174016879946,1.1409372112584313,1.1847102661119437,1.109704562731494,1.1193221839273286,1.1462613194075097,1.185607472693644,1.1285811517435829,1.1690076161130971,1.1280177975073251,1.1310001686727398,1.1840723600846488,1.132116990800438,1.1060812504793838,1.1872596255664627,1.13120847311587,1.1443614796137986,1.1095990630608512,1.1831474809877494,1.1742090136386012,1.4577568427892604,1.1194812533349483,1.1677552445782535,1.1373857220666739,1.1286434199517712,1.1738990212501232,1.1301521101976146,1.1359104822545523,1.1505650965420897,1.1076573744298939,1.1506236075901317,1.1485428694656195,-0.11066426808372769,1.1309879270273449,1.1886173482924154,1.128305086908878
1196,1519075580,1.1118833333545248,1.1867628670035888,1.1677527951935691,1.1263378033352491,1.1257953877395301,1.1452062033265091,1.1100429493863557,1.1861664854662564,1.1337108083516798,1.1892028275512936,1.194267731602451,1.109643330525473,1.1354530359387218,1.110429587645725,1.169357812553736,1.1349909808044554,1.1406197906220208,1.174929061091348,1.12989279109561,1.1368782649839224,1.1093799204329469,1.1693967704095436,-0.08572961197044983,1.1382401520091796,1.1742694585479263,1.1296293414686638,1.174509149241817,1.1291462719428842,1.1098887000305635,1.337746874052301,1.1310001717135172,1.192583407198058,1.1180453734025517,-0.04280727389717069,1.1864405538768217,1.1091335530027402,1.18888183367805,1.1711086685191998,1.1895574624414975,1.1305882450422131,1.8541266995044372,1.1310958855907332,1.1068712856573522,1.1274664309822562,-0.042223416015498456,1.1741595598932772,1.174496397853336,1.173922708128386,1.1374179281924557,1.1469736469588792,1.1739420481585445,1.1209356125173622,1.1302558141265704,1.173704081395109,1.1290849386528061,1.1203942099788782,1.1772560911912915,1.1229803160743113,1.1816963453961689,1.1676779005047286,1.1462011375862615,1.1734771701508515,1.1381116498754866,-1.7663435714867115,1.1935573516616733,1.10450547500423,1.1080446556020533,1.130137629571785,1.171730379155109,1.1874242067656464,1.182707467313061,1.1264477183377084,1.1754620781420064,1.1188006169790727,1.1896015417569679,1.167967474027747,1.1252332324455547,1.1871187392945837,1.18451291209335,1.185150351575469,1.1338339787317755,1.130953641836252,1.1300902260024093,1.0951424035818653,1.1674778214422028,1.1923005025067515,1.1876933995692496,0.6992277192125099,1.18707023494443,1.1379626070942397,1.1056192033904277,1.1274015446140129,1.1359497449141356,1.1272375669483516,1.1863304708714948,1.1409372112584313,1.1847102661119437,1.109704562731494,1.1193221839273286,1.1462613194075097,1.1861403143302975,1.1285811517435829,1.1690076161130971,1.1280177975073251,1.1310001686727398,1.1847867006975288,1.132116990800438,1.1060812504793838,1.1878350424460105,1.13120847311587,1.1443614796137986,1.1095990630608512,1.1831474809877494,1.1742090136386012,1.4577568427892604,1.1194812533349483,1.1677552445782535,1.1373857220666739,1.1286434199517712,1.1744788210590575,1.1301521101976146,1.1359104822545523,1.1505650965420897,1.1076573744298939,1.1506236075901317,1.1485428694656195,-0.11066426808372769,1.1309879270273449,1.1886173482924154,1.128305086908878
1197,1519075586,1.1146729060666567,1.1890858145473957,1.1707230086964362,1.1291478723509552,1.1269769591600187,1.1487868959354737,1.112834366311262,1.1890459564449274,1.1385311075390658,1.1928393278270624,1.1960370966566107,1.110688265288989,1.1373200092791818,1.113220677309223,1.1713372091880188,1.137535891451473,1.1446619848543569,1.176720635084363,1.1321105064021169,1.1387836537880225,1.1109531727378066,1.172361512905586,-0.08572961197044983,1.140795959285883,1.1762505387694662,1.1320331462875843,1.1764911326126022,1.1319272977385575,1.1126768657614667,1.3392345561102454,1.1328703256237966,1.1943484090047307,1.1202540302655313,-0.37614767027333307,1.188569295818838,1.1101508519779808,1.190703076046379,1.1744546015444137,1.191516607172982,1.132828956947085,1.8437199202333394,1.1322949247492144,1.1091250781207411,1.1304570460352195,-0.042223416015498456,1.1758978874645964,1.1762866279480186,1.1757114799822674,1.1393105158520667,1.1469779766355945,1.1769290891011526,1.1231350009789136,1.1330258719139712,1.1763750300366442,1.1325701965943566,1.1226004284283737,1.1802670111423033,1.1262929231223173,1.1837505788139142,1.170296421489275,1.1480656005527663,1.1763724423616058,1.1400240333537952,-1.7663435714867115,1.195318355217016,1.1055243146949885,1.1102975939493986,1.132010287792417,1.174408842471902,1.1902973719145677,1.18528873589575,1.1286750319178567,1.178965758329888,1.121008029013193,1.1914152772740456,1.1700600958483902,1.127987275957881,1.1903121005939412,1.187371665355347,1.1880478256913016,1.1366188611278745,1.1321363227054124,1.1318921228871974,1.0952394878433687,1.1695683905714713,1.1952530865723736,1.1894195212509078,0.7103324577126798,1.1891937477422374,1.1379626070942397,1.1078673458757402,1.1296508932672213,1.1378517666561943,1.1294789428742977,1.1884696784219957,1.1445658796001996,1.18677395250896,1.110723575185793,1.122621480136131,1.1500034119529288,1.1882716808769114,1.1308289523798087,1.1714802382819371,1.1302648106729747,1.1332559741727641,1.186929722536169,1.1339884318264533,1.1083317881643362,1.1895612930846537,1.1340322801885419,1.1480931772685963,1.1111718407905475,1.1851985434776515,1.1766839189474783,1.4588704672234774,1.1216877437595236,1.1698474131644918,1.1392878296257833,1.1292336003706942,1.1762182204858602,1.1313320904782276,1.137815372704089,1.1538024187715366,1.1086744667364767,1.1539558516327661,1.1516528777406896,-0.13442998157004796,1.1328579464258794,1.1904350792473077,1.1305547689065547
1198,1519075591,1.1174624787787883,1.1919894989771542,1.1731981866154921,1.13139592756352,1.1293401020009959,1.1509353115008525,1.1170214916986214,1.1913495332278643,1.1419741783871986,1.1952636613442416,1.1983962500621572,1.1117332000525049,1.139790317970997,1.1174073118044703,1.1743063041394428,1.1394445744367363,1.1473567810092478,1.179109400408383,1.1348826505352503,1.1425944313962229,1.1120020076077133,1.1748321316522883,-0.08572961197044983,1.1427128147434107,1.1787268890463911,1.1332350486970448,1.1784731159833874,1.1347083235342308,1.116859114357822,1.3407222381681898,1.135363864170836,1.1961134108114033,1.124119179775745,-0.4872611357320539,1.1917624087318626,1.111676800440842,1.1943455607830369,1.1778005345696276,1.1934757519044663,1.1350696688519573,1.7847481710304518,1.1328944443284552,1.1128813988930564,1.1327000073249418,-0.042223416015498456,1.1776362150359154,1.179867088137384,1.178692766405403,1.1418339660648813,1.146980863086738,1.1793187218552392,1.1264340836712405,1.136488444148222,1.1803814529989474,1.135358402947597,1.125358201490243,1.1827761111014798,1.1290534289956555,1.1863183705860958,1.1734386466707305,1.151173038830274,1.1781096056880582,1.1425738779915398,-1.7663435714867115,1.1976663599574728,1.1075619940765056,1.1125505322967437,1.135755604233681,1.178426537447091,1.1925959040337046,1.1883862581949767,1.1316447833580543,1.180967861294392,1.1237672940558432,1.1950427483082011,1.1731990285793554,1.1312921281726727,1.1929732350100726,1.1902304186173438,1.1897863101608013,1.1394037435239737,1.1327276631399925,1.1324927551821269,1.0956278248893823,1.1727042442653743,1.1976151538248714,1.1917210168264523,0.7217630360640468,1.1923790169389488,1.1379626070942397,1.1116142500179278,1.1335872534103362,1.141021802892959,1.131720318800244,1.1920350243394973,1.1481945479419682,1.1893535605052306,1.1117425876400917,1.1259207763449333,1.1524981403165413,1.1920015723334856,1.1342006533341478,1.1739528604507774,1.133635330421449,1.1360757310477942,1.1905014256005695,1.1364836865278067,1.1120826843059233,1.1918629606028448,1.1362913258466791,1.150580975705128,1.1127446185202439,1.187762371590029,1.17866384319458,1.4595068240430298,1.1244458567902427,1.1735087081904088,1.1418239730379294,1.1315943220463869,1.1785374197215974,1.1331020608991471,1.141625153603162,1.1588896394178103,1.110200105196351,1.158954217696718,1.1547628860157597,-0.11066426808372769,1.1353513056239253,1.1934646308387948,1.1344917124024887
1199,1519075597,1.1202520514909202,1.1943124465209611,1.1751783289507367,1.1336439827760847,1.1305216734214845,1.153083727066231,1.1184172001610744,1.1930772158150669,1.1447286350657049,1.197081911482126,1.2007554034677035,1.1133006021977787,1.1419473065876447,1.1188028566362194,1.1762857007737255,1.1413532574219996,1.1500515771641384,1.1814981657324028,1.137100365841757,1.144499820200323,1.1130508424776198,1.1773027503989903,-0.08572961197044983,1.1446296702009382,1.1807079692679308,1.1350379023112354,1.180950595196869,1.1381846057788225,1.1196472800887252,1.3432017082647638,1.1372340180811153,1.197878412618076,1.1268800008544693,-0.32059093754397266,1.194423336159383,1.1126940994160828,1.196166803151366,1.1804772809897988,1.1959246828188217,1.1373103807568292,1.850657773080738,1.1352925226454178,1.1136326630475195,1.1349429686146641,-0.1840152110486936,1.1805334276547808,1.1816573182320667,1.1804815382592844,1.1437265537244923,1.1469844711506672,1.181110946420804,1.1286334721327917,1.1392585019356225,1.1837201388008665,1.1381466093008374,1.1275644199397385,1.1857870310524918,1.131261833694326,1.188372604003841,1.1755334634583676,1.1530375017967787,1.1798467690145107,1.1444862614698483,-1.7663435714867115,1.1994273635128154,1.1085808337672642,1.114803470644089,1.13825248186119,1.181774616593082,1.1948944361528415,1.1904512730611279,1.1338720969382026,1.1829699642588958,1.1259747060899634,1.1968564838252789,1.1758148058551596,1.1334953629825337,1.1951021425429778,1.1923744835638415,1.191524794630301,1.1421886259200726,1.135093024878313,1.1336940197719856,1.0957734512816373,1.174794813394643,1.1993867042642445,1.1934471385081105,0.7329201416831591,1.1945025297367562,1.399181654121611,1.1146117733316778,1.1363989392268468,1.1441918391297239,1.1347088200348387,1.1948873010734986,1.150371748947029,1.1919331685015009,1.1132711063215401,1.1281203071508015,1.154369186589251,1.1941329388800994,1.1364484539703736,1.1759309581858495,1.136444096878511,1.1383315365478184,1.1940731286649697,1.1383551275538217,1.1128328635342408,1.1935892112414883,1.1385503715048166,1.152446824532527,1.1143173962499404,1.189813434079931,1.1806437674416819,1.4604613592723585,1.1266523472148182,1.175600876776647,1.143726080597039,1.13218450246531,1.1808566189573346,1.1336920510394537,1.1441650075358778,1.160739537834637,1.111217197502934,1.1606203397180352,1.1566288909808016,-0.11066426808372769,1.1372213250224599,1.1964941824302822,1.1367413944001654
1200,1519075603,1.1258311969151837,1.1960546571788162,1.1771584712859815,1.138140093201214,1.133475601972706,1.1795808523725693,1.1226043255484337,1.1948048984022697,1.1481717059138379,1.1989001616200103,1.2025247685218634,1.1148680043430526,1.1446403055808183,1.12508280837909,1.1782650974080084,1.1642574532451586,1.1547674704351973,1.1838869310564228,1.140981367628144,1.1654590970454248,1.1156729296523862,1.1787851216470115,-0.08572961197044983,1.166354032052918,1.1831843195448557,1.137441707130156,1.1834280744103507,1.1437466573701691,1.1238295286850801,1.345185284342023,1.1578057110941897,1.1996434144247488,1.1296408219331933,-0.04280727389717069,1.1960198926158951,1.1142200478789437,1.197988045519695,1.1844924006200555,1.198373613733177,1.1649458275835836,1.850657773080738,1.1370910813831396,1.1429319650715781,1.162606157854574,-0.1840152110486936,1.182851197749873,1.1834475483267493,1.1840590819670473,1.1664376056398242,1.1469873576018108,1.1829031709863689,1.130832860594343,1.1441061030635737,1.1877265617631694,1.142328918830698,1.130873747613982,1.1872924910279978,1.1334702383929967,1.1899132790671498,1.1771045760490955,1.1729251067728286,1.1833210956674156,1.1661599408906784,-1.7663435714867115,1.2035363718086147,1.1106185131487813,1.1433406897104612,1.1588517222881416,1.1857923115682711,1.1966183352421942,1.1920000342107413,1.1628271734801299,1.1854725929645256,1.1287339711326139,1.1986702193423564,1.1779074276758028,1.13624940649486,1.1966988231926565,1.2188179512373132,1.1950017635693,1.146365949514221,1.1368670461820536,1.1366971812466327,1.1015499648410871,1.1774080248062289,1.201158254703618,1.196324007977541,0.744286715778041,1.1960951643351119,1.399181654121611,1.1423388639838659,1.1392106250433571,1.165748085539724,1.163846707072139,1.2212708608630098,1.1757724273394083,1.1934809332992633,1.1147996250029886,1.1303198379566697,1.174950695589055,1.1957314637900598,1.1398201549247127,1.1779090559209218,1.1398146166269854,1.1417152447978547,1.2197893907286526,1.1601886061906652,1.1405894949819864,1.1964662956392271,1.1419389399920226,1.172971161633914,1.116414433222869,1.192890027814784,1.1836136538123345,1.4614158945016873,1.1299620828516812,1.1771700032163257,1.1652832996002804,1.135725584978849,1.1831758181930716,1.135462021460373,1.165118802480781,1.1871005902744187,1.1142684744226823,1.1967196501799091,1.1765329439412502,-0.039367127624766934,1.1590382180053622,1.1983119133851743,1.1395534968972612
1201,1519075608,1.1307129491614143,1.2001198153804782,1.1801286847888486,1.1420741898232023,1.1358387448136829,1.1831615449815338,1.1295828678606992,1.1976843693809407,1.1529920051012237,1.2013244951371895,1.2072430753329562,1.1180028086336002,1.1472970526644686,1.129269442874337,1.1812341923594325,1.1680748192156851,1.159483363706256,1.1868728877114478,1.144862369414531,1.169269874653625,1.1188194342621056,1.181749864143054,-0.08572961197044983,1.1701877429679732,1.1861559398771655,1.141047414358537,1.1868965453092248,1.149308708961516,1.129405860146887,1.347664754438597,1.1621694035515087,1.2043500859092091,1.1335059714434073,-0.2094774720852519,1.199745191014424,1.1182892437799066,1.200416368677467,1.1885075202503121,1.2013123308304037,1.1701741553616183,1.760465686064557,1.1394891597001022,1.1466882858438934,1.1655967729075372,-0.1840152110486936,1.1869072954162843,1.1876247518810088,1.1864441111055557,1.1695919184058425,1.1469924088913117,1.1858902119289771,1.1352316375174456,1.1482611897446746,1.1917329847254725,1.1465112283605587,1.1347346299005991,1.190805230970845,1.137887047790338,1.1940217459026403,1.180246801230551,1.176654032705838,1.1862163678781699,1.1712596301661677,-1.7663435714867115,1.2064713777341858,1.1136750322210571,1.1478465664051516,1.1625970387294056,1.1898100065434603,1.198916867361331,1.195097556509968,1.1657969249203277,1.1884757474112813,1.1337006482093843,1.2010885333651269,1.181046360406768,1.140105067412117,1.199892184492014,1.22167670449931,1.1978992376851325,1.151935714306419,1.1404150887895346,1.1397003427212795,1.1018412176255974,1.1805438785001319,1.20411083876924,1.1986255035530855,0.7556591084416941,1.1992804335318232,1.399181654121611,1.146835148954491,1.143146985186472,1.1682841145291358,1.1683294589240312,1.2241231375970112,1.1801268293495304,1.1976083060932958,1.1183661685930346,1.1352687822698733,1.1786927881344738,1.1989285136099805,1.143753806038108,1.18087620252353,1.1431851363754595,1.146226855797903,1.223361093793053,1.163307674567357,1.1465909288085259,1.1987679631574182,1.145892269893763,1.1773248088978445,1.1200842479254938,1.195966621549637,1.186583540182987,1.462529518935904,1.133823441094688,1.181354340388802,1.1690875147184996,1.139266667492388,1.186074817237743,1.1401819425828248,1.1682936198966756,1.1908003871080723,1.1178282974957223,1.2006072682296494,1.1802649538713343,-0.039367127624766934,1.1621549170029197,1.2013414649766616,1.1440528608926144
1202,1519075614,1.1335025218735462,1.2012812891523816,1.1821088271240934,1.1448842588389083,1.1376111019444157,1.1853099605469126,1.1323742847856055,1.1999879461638776,1.1564350759493567,1.203142745275074,1.2084226520357295,1.119570210778874,1.1499745151249894,1.1327583049537098,1.1827187398351446,1.1706197298627028,1.162178159861147,1.1886644617044628,1.1476345135476644,1.1711752634577253,1.1209171040019188,1.1837263591404157,-0.08572961197044983,1.1733825020638526,1.1886322901540902,1.1428502679727275,1.1883830328373137,1.1520897347571892,1.1321940258777903,1.3496483305158562,1.164039557461788,1.2061150877158817,1.1357146283063866,0.4016465879377125,1.201341747470936,1.1198151922427677,1.202844691835239,1.1925226398805688,1.203271475561888,1.1724148672664902,1.8575956259281365,1.141287718437824,1.1496933424617455,1.1693350417237414,-0.1840152110486936,1.1880661804638304,1.1888182386107973,1.1882328829594373,1.1721153686186572,1.1469945737296694,1.187682436494542,1.1374310259789968,1.1517237619789253,1.1944039333670078,1.1499964863021093,1.1369408483500947,1.1923106909463508,1.1406475536636762,1.1955624209659492,1.1818179138212788,1.1785184956723427,1.1873744767624714,1.1731720136444763,-1.7663435714867115,1.2076453801044142,1.115203291757195,1.1500995047524967,1.1644696969500374,1.1924884698602531,1.2012153994804682,1.1976788250926569,1.1687666763605253,1.1899773246346592,1.1359080602435045,1.2029022688822046,1.1826158267722504,1.1428591109244433,1.201488865141693,1.2259648343923055,1.1996377221546322,1.154720596702518,1.142189110093275,1.142102871900997,1.1019868440178524,1.1821118053470834,1.207063422834862,1.2009269991286298,0.7669587689957051,1.2008730681301787,1.399181654121611,1.1490832914398035,1.1453963338396804,1.1714541507659004,1.1705708348499775,1.226262345147512,1.1830297640229452,1.1991560708910582,1.1204041935016325,1.1374683130757415,1.1811875164980865,1.2010598801565944,1.1460016066743342,1.182854300258602,1.1459939028325214,1.1484826612979273,1.2255041156316933,1.1651791155933722,1.1488414664934783,1.2004942137960617,1.1487160769664349,1.1791906577252433,1.1216570256551903,1.1975049184170634,1.1880684833683133,1.4631658757554566,1.1360299315192632,1.1829234668284807,1.170989622277609,1.1404470283302344,1.1889738162824144,1.1413619228634377,1.170198510346212,1.1931127601291058,1.1193539359555966,1.2033841382651782,1.1827529604913904,-0.06313284111108719,1.164024936401454,1.203159195931554,1.1463025428902909
1203,1519075620,1.1362920945856778,1.203023499810237,1.183593933875527,1.1476943278546141,1.1393834590751486,1.1874583761122914,1.1351657017105117,1.2017156287510802,1.159189532627863,1.2055670787922532,1.2101920170898892,1.1211376129241482,1.1527218919824482,1.1355493946172077,1.1846981364694273,1.1731646405097205,1.1648729560160376,1.1898588443664728,1.1498522288541713,1.1730806522618253,1.123014773741732,1.1857028541377774,-0.08572961197044983,1.175938309340556,1.19061337037563,1.144052170382188,1.1898695203654028,1.1548707605528625,1.1356792330414194,1.3506401185544856,1.1671564806455872,1.2078800895225543,1.137923285169366,0.5683167861257937,1.2029383039274484,1.1213411407056288,1.204665934203568,1.19519938630074,1.2047408341105015,1.1746555791713622,1.8541266995044372,1.1424867575963054,1.1519471349251347,1.1723256567767044,-0.1840152110486936,1.1898045080351496,1.1906084687054799,1.1906179120979457,1.1740079562782681,1.1469967385680269,1.1900720692486286,1.140180261555936,1.154493819766326,1.1984103563293107,1.1534817442436598,1.1391470667995902,1.1938161509218568,1.1428559583623468,1.1976166543836946,1.1839127306089159,1.1816259339498505,1.1902697489732255,1.175084397122785,-1.7663435714867115,1.2088193824746427,1.1172409711387121,1.152352443099842,1.1663423551706695,1.1951669331770458,1.203513931599605,1.19922758624227,1.1709939899406736,1.1914789018580372,1.138667325286155,1.2041114258935897,1.184185293137733,1.1450623457343043,1.203617772674598,1.2281088993388032,1.2007967118009653,1.157505479098617,1.1439631313970156,1.143904768785785,1.1021324704101074,1.184202374476352,1.2088349732742354,1.2020777469164021,0.7783195245218155,1.2024657027285344,1.399181654121611,1.1520808147535535,1.148208019656191,1.1733561725079593,1.1728122107759236,1.2298276910650137,1.1852069650280062,1.2007038356888204,1.1219327121830807,1.1396678438816097,1.183058562770796,1.2026584050665547,1.1488113574696166,1.1843378735599062,1.148240915998171,1.1507384667979514,1.2276471374703335,1.1670505566193874,1.1510920041784305,1.2027958813142527,1.1515398840391067,1.1810565065526424,1.1232298033848866,1.1990432152844899,1.1905433886771906,1.463802232575009,1.1387880445499825,1.1844925932681596,1.1741598015427916,1.1428077500059268,1.1907132157092173,1.1425419031440507,1.1733733277621066,1.1949626585459325,1.1213881205687624,1.2050502602864954,1.1846189654564325,-0.06313284111108719,1.1671416353990116,1.2043710165681487,1.1485522248879676
1204,1519075626,1.1390816672978097,1.2053464473540438,1.1850790406269605,1.1505043968703201,1.1411558162058815,1.1896067916776702,1.1379571186354178,1.2028674171425486,1.1626326034759957,1.2067792455508428,1.2113715937926623,1.122705015069422,1.1554407851967101,1.1383404842807059,1.18667753310371,1.1757095511567381,1.1675677521709285,1.1922476096904928,1.152069944160678,1.1768914298700257,1.1245880260465917,1.1876793491351392,-0.08572961197044983,1.1778551647980837,1.1920991805417849,1.1452540727916483,1.191851503736188,1.1576517863485358,1.1384673987723228,1.352623694631745,1.1690266345558666,1.209645091329227,1.1412362704638348,0.6794302515845145,1.2050670458694646,1.12286708916849,1.205880095782454,1.197876132720911,1.2066999788419859,1.1768962910762342,1.8541266995044372,1.1442853163340272,1.1542009273885239,1.174568618066427,-0.2903590573235899,1.1921222781302416,1.1929954421650568,1.1918104266672,1.1759005439378791,1.1469996250191705,1.192461702002715,1.1423796500174874,1.1572638775537267,1.2010813049708462,1.1562699505969,1.1413532852490857,1.1958234308891982,1.1450643630610173,1.1991573294470035,1.186007547396553,1.183490396916355,1.1920069122996781,1.1769967806010933,-1.7663435714867115,1.2105803860299853,1.11876923067485,1.154605381447187,1.1700876716119333,1.1998542439814333,1.205812463718742,1.2012926011084213,1.1732213035208219,1.192980479081415,1.1408747373202752,1.2065297399163601,1.1862779149583764,1.1472655805441652,1.2052144533242768,1.2302529642853008,1.2019557014472981,1.160290361494716,1.145145812266176,1.145106033375644,1.1023266389331141,1.1857703013233034,1.2106065237136086,1.2043792424919464,0.7896860986166974,1.204589215526342,1.416332399633509,1.154328957238866,1.1510197054727016,1.1752581942500182,1.1750535867018697,1.2319668986155146,1.188109899701421,1.2022516004865826,1.123461230864529,1.1424172573889448,1.1849296090435053,1.2042569299765151,1.151621108264899,1.1863159712949785,1.1504879291638206,1.1529942722979756,1.232647521760494,1.1689219976454024,1.153342541863383,1.204522131952896,1.153798929697244,1.183544304989174,1.124802581114583,1.2005815121519166,1.1920283318625169,1.4644385893945615,1.1409945349745578,1.1865847618543977,1.1766959449549377,1.1445782912626965,1.1924526151360202,1.1443118735649702,1.176548145178001,1.1968125569627592,1.1229137590286367,1.2067163823078126,1.1864849704214744,-0.08689855459740743,1.1690116547975462,1.2067946578413384,1.1519267478844823
1205,1519075631,1.1425686331879743,1.207088658011899,1.1875542185460164,1.1533144658860262,1.1447005304673472,1.1939036228084277,1.1414463897915506,1.2057468881212197,1.1667642884937552,1.209203579068022,1.2137307471982088,1.1253173519782116,1.1572585595171025,1.1432248911918275,1.1891517788965635,1.1782544618037558,1.1716099464032645,1.1946363750145128,1.1559509459470652,1.1794319482754927,1.1272101132213581,1.1896558441325007,-0.08572961197044983,1.1804109720747873,1.1945755308187096,1.1494607312247593,1.1938334871069733,1.1625185814909642,1.1426496473686778,1.354607270709004,1.171520173102906,1.2114100931358995,1.143997091542559,0.0683061915615501,1.207195787811481,1.1254103366065917,1.208308418940226,1.2018912523511676,1.2086591235734703,1.1813777148859783,1.812499582420046,1.1472829142302303,1.158708512315302,1.1798021944091126,-0.2903590573235899,1.1938606057015608,1.195979158989528,1.1953879703749628,1.1803165818103047,1.147002511470314,1.19425392656828,1.1451288855944264,1.1614189642348276,1.205087727933149,1.1611493117150709,1.145214167535703,1.1978307108565394,1.1478248689343555,1.2012115628647486,1.18810236418419,1.1884622981603676,1.1943231300682813,1.179546625238838,-1.7663435714867115,1.2135153919555564,1.1223351695925052,1.1576092992436473,1.1725845492394427,1.2032023231274243,1.2075363628080946,1.2033576159745725,1.1776759306811184,1.1964841592692967,1.1436340023629255,1.2089480539391304,1.1883705367790196,1.1500196240564915,1.207343360857182,1.2345410941782962,1.2065916600326305,1.1644676850888644,1.1475111740044965,1.1487098271452203,1.1030547708943894,1.1883835127348892,1.2129685909661063,1.207256111961377,0.800755925704239,1.2067127283241494,1.416332399633509,1.1588252422094911,1.1538313912892122,1.178428230486783,1.1802834638624107,1.2362453137165164,1.192464301711543,1.2043152868835991,1.1260087620002763,1.1451666708962802,1.1899190657707306,1.206388296523129,1.1544308590601815,1.1887885934638185,1.153858448912295,1.1558140291730057,1.2355048842120144,1.1739125070481096,1.1570934380049702,1.207399216350635,1.1566227367699158,1.1885199018622377,1.1279481365739759,1.203145340264294,1.1940082561096186,1.4653931246238903,1.1443042706114208,1.1891999725871956,1.179232088367084,1.146939012938389,1.1947718143717572,1.146671834126196,1.1790879991107166,1.2042121506300665,1.1254564897950938,1.212825496385976,1.1920829853166006,-0.08689855459740743,1.1727516935946152,1.2092182991145282,1.1547388503815783
1206,1519075637,1.1488451717902708,1.2099923424416574,1.1905244320488835,1.1583725901142967,1.1482452447288127,1.199632730982771,1.1491227863350426,1.208626359099891,1.1729618160203943,1.212233995964496,1.2172694773065285,1.1284521562687595,1.1600240623293232,1.1495048429346981,1.1921208738479876,1.1833442830977912,1.177673237751769,1.1982195230005426,1.1603863765600788,1.1832427258836928,1.130881035266031,1.1926205866285433,-0.08572961197044983,1.1842446829898425,1.1980424212064045,1.15186453604368,1.1977974538485439,1.1687758895312292,1.1482259788304845,1.357086740805578,1.1765072501969847,1.2155284306848024,1.1489665694842626,-0.5428178684614143,1.2109210862100095,1.129988181995175,1.211343822887441,1.2072447451915098,1.2115978406706966,1.1866060426640128,1.6147707762691874,1.1502805121264337,1.1647186255510065,1.1842881169885575,-0.2903590573235899,1.197916703367972,1.198962875813999,1.1977729995134714,1.1841017571295267,1.147006841147029,1.1972409675108882,1.1500775096329168,1.1676515942564791,1.2104296252162199,1.1667257244215516,1.149626604434694,1.2008416308075511,1.1522416783316969,1.2048064713458029,1.1912445893656456,1.19343419940438,1.1966393478368846,1.1846463145143273,-1.7663435714867115,1.2164503978811274,1.1264105283555395,1.1636171348365678,1.176954085087584,1.2085592497610098,1.210409527957016,1.2064551382737991,1.1836154335615137,1.1994873137160524,1.1486006794396961,1.212575524973286,1.1920326249651456,1.154976902378679,1.2105367221565395,1.2388292240712917,1.2089096393252965,1.1707336704800873,1.152241897481138,1.1523136209147966,1.1033945658096511,1.1915193664287922,1.2159211750317285,1.2101329814308075,0.8121719576336776,1.2104288757203125,1.416332399633509,1.1633215271801163,1.1583300885956291,1.1822322739709006,1.185513341022952,1.2405237288175182,1.197544437390019,1.2079267380783776,1.1305943180446214,1.1501156152094836,1.1936611583161494,1.2101181879797032,1.1594884104916898,1.1917557400664267,1.158352475243594,1.1608895915480602,1.2397909278892947,1.1776553891001398,1.1645952302881446,1.210276300748374,1.1611408280861906,1.193495498735301,1.1310936920333687,1.206221933999147,1.1969781424802712,1.4666658382629951,1.1487172514605715,1.1923382254665529,1.184304375191376,1.150480095451928,1.198250613225363,1.151391755248648,1.18289778000979,1.20791194746372,1.129524859021425,1.2161577404286106,1.1964369969016988,-0.08689855459740743,1.1764917323916841,1.2128537610243129,1.1592382143769315
1207,1519075642,1.1502399581463367,1.2099923424416574,1.1910194676326946,1.1583725901142967,1.1482452447288127,1.199632730982771,1.1491227863350426,1.2097781474913591,1.1729618160203943,1.212233995964496,1.2172694773065285,1.1289746236505174,1.16238043644835,1.1495048429346981,1.1921208738479876,1.1833442830977912,1.177673237751769,1.1982195230005426,1.1603863765600788,1.1832427258836928,1.130881035266031,1.1931147103778836,-0.08572961197044983,1.1842446829898425,1.1980424212064045,1.15186453604368,1.1977974538485439,1.1687758895312292,1.1482259788304845,1.3575826348248927,1.1765072501969847,1.2155284306848024,1.1489665694842626,0.4016465879377125,1.2109210862100095,1.129988181995175,1.213772146045213,1.2072447451915098,1.2120876268535679,1.1866060426640128,1.8610645523518359,1.1508800317056742,1.1647186255510065,1.1850357707517982,-0.2903590573235899,1.197916703367972,1.198962875813999,1.1983692567980984,1.1841017571295267,1.147006841147029,1.1972409675108882,1.1500775096329168,1.1676515942564791,1.2104296252162199,1.1674227760098617,1.149626604434694,1.2008416308075511,1.1533458806810322,1.2048064713458029,1.1912445893656456,1.19343419940438,1.1966393478368846,1.1846463145143273,-1.7663435714867115,1.2164503978811274,1.1264105283555395,1.165119093734798,1.176954085087584,1.2085592497610098,1.2115587940165844,1.2069713919903369,1.1836154335615137,1.1994873137160524,1.1486006794396961,1.212575524973286,1.1920326249651456,1.1555277110811442,1.2105367221565395,1.2388292240712917,1.2089096393252965,1.1707336704800873,1.152241897481138,1.1523136209147966,1.1033945658096511,1.1920420087111094,1.2165116918448529,1.2101329814308075,0.8233523375278754,1.2104288757203125,1.416332399633509,1.1633215271801163,1.1583300885956291,1.1828662812182535,1.185513341022952,1.2405237288175182,1.197544437390019,1.2079267380783776,1.1305943180446214,1.1501156152094836,1.195532204588859,1.21118387125301,1.1594884104916898,1.1917557400664267,1.1589142285350065,1.1608895915480602,1.2397909278892947,1.1776553891001398,1.1645952302881446,1.210276300748374,1.1611408280861906,1.193495498735301,1.1310936920333687,1.206221933999147,1.1969781424802712,1.4666658382629951,1.1487172514605715,1.1923382254665529,1.184304375191376,1.150480095451928,1.198250613225363,1.151391755248648,1.18289778000979,1.2083744220679267,1.129524859021425,1.2167131144357162,1.1976810002117269,-0.08689855459740743,1.1764917323916841,1.2128537610243129,1.1592382143769315
1208,1519075648,1.1565164967486332,1.2146382375292712,1.1944847167193728,1.1634307143425673,1.1535623161210113,1.2153877784622154,1.1554034744160817,1.2126576184700304,1.17984795771666,1.2170826629988545,1.220808207414848,1.1326318953228232,1.1649828056677152,1.1557847946775688,1.1960796671165532,1.196705063994634,1.183736529100273,1.2018026709865726,1.165376235999719,1.1984858363164943,1.134551957310704,1.1965735766232666,-0.08572961197044983,1.1989405748308875,1.202004581649484,1.1560711944767914,1.2012659247474182,1.1750331975714943,1.1558934345904688,1.3600621049214667,1.189598327568941,1.2184701003625902,1.1544882116417108,-0.9317149975669371,1.2151785700940423,1.1350746768713786,1.216807549992428,1.2146057978469804,1.2155161301336654,1.1963157942517915,1.5072340571345098,1.154477149181118,1.1812464369491933,1.1955029234371695,-0.2903590573235899,1.2013933585106105,1.2037368227331526,1.2019468005058613,1.1973498707468035,1.1470118924365302,1.2014228248305396,1.1561258279021829,1.1738842242781304,1.217106996820058,1.1743932918929627,1.1545905959460592,1.2053580107340691,1.158314791253041,1.208401379826857,1.1954342229409198,1.2083499031364173,1.2012717833740914,1.1980329988624872,-1.7663435714867115,1.2205594061769267,1.1320141466547118,1.1823916210644443,1.191311131445762,1.2152554080529916,1.2144319591655055,1.2105851680061015,1.1925246878821067,1.2029909939039343,1.1535673565164666,1.2174121530188264,1.1956947131512714,1.1604849894033316,1.215326764105576,1.2559817436432732,1.2123866082642956,1.17699965587131,1.156381280523199,1.1553167823894435,1.1061129251317452,1.1957005046873295,1.2200547927235994,1.2141605986880102,0.8347101837696,1.2146759013159276,1.4730617886344028,1.182056047891054,1.1639534602286503,1.1974484479073713,1.195225970035385,1.2576373892215256,1.2149620454305075,1.2115381892731563,1.1351798740889663,1.155614442224154,1.2092532105887284,1.2149137627095843,1.1645459619231984,1.195711935536571,1.1645317614491304,1.1659651539231146,1.2562207619855366,1.1907554762822459,1.1810991733111285,1.2143042189052085,1.166788442231534,1.2071783901362259,1.1352877659792258,1.210324058978951,1.2014329720362502,1.4682567303118763,1.153681854915866,1.197045604785589,1.1976191281051427,1.1563818996411597,1.2028890116968372,1.1561116763710997,1.1975019401229043,1.2287233046530213,1.1351188667076308,1.241704944755475,1.2107430349670212,-0.06313284111108719,1.1895818681814254,1.217095133252395,1.165424839870542
1209,1519075653,1.158608676282732,1.2157997113011747,1.1954747878869953,1.165116755751991,1.1553346732517442,1.2168200555058013,1.1574970371097613,1.2138094068614989,1.1819138002255396,1.218294829757444,1.2213979957662346,1.133676830086339,1.1676680363945624,1.1578781119251924,1.1975642145922651,1.1979775193181428,1.185757626216441,1.2023998623175776,1.1670395224795993,1.1997560955192277,1.1356007921806104,1.1975618241219474,-0.08572961197044983,1.2002184784692393,1.202995121760254,1.1572730968862517,1.2022569164328107,1.1771189669182491,1.1579845588886464,1.3610538929600964,1.1908450968424606,1.2196467682337053,1.1561447042889452,0.6794302515845145,1.2162429410650504,1.1366006253342396,1.2180217115713141,1.2166133576621088,1.2164957024994076,1.1978096021883728,1.8680024051992343,1.1550766687603586,1.1827489652581193,1.196998230963651,-0.042223416015498456,1.2019728010343835,1.204333566098047,1.2025430577904883,1.1986115958532109,1.1470140572748877,1.2026176412075829,1.1577753692483463,1.176654282065531,1.2191102083012095,1.176484446657893,1.1562452597831807,1.2063616507177397,1.1599710947770439,1.2094284965357296,1.1964816313347382,1.2095928784474206,1.202429892258393,1.1993079211813595,-1.7663435714867115,1.221146407362041,1.1335424061908497,1.1838935799626744,1.1925595702595166,1.2179338713697845,1.215581225225074,1.211617675439177,1.194752001462255,1.203992045386186,1.1552229155420568,1.2180167315245192,1.196741024061593,1.1621374155107274,1.2163912178720284,1.2574111202742717,1.2135455979106287,1.1790883176683842,1.1581553018269395,1.1565180469793022,1.1062585515240002,1.196745789251964,1.2206453095367238,1.2147359725818963,0.8459952979016827,1.2157376577148313,1.5891591428687901,1.1835548095479291,1.1656404717185567,1.1987164624020772,1.1967202206526826,1.2590635275885262,1.2164135127672149,1.2125700324716644,1.137217898997564,1.1572640903285554,1.2105005747705346,1.2159794459828912,1.1662318124003679,1.1967009844041072,1.1662170213233676,1.1676570080481328,1.2583637838241768,1.1920031036329226,1.1825995317677633,1.215455052664304,1.168482726475137,1.2090442389636247,1.1363362844656901,1.211349590223902,1.2024229341598012,1.4687339979265406,1.1553367227342974,1.198091689078708,1.1988871998112158,1.157562260479006,1.2034688115057715,1.1572916566517126,1.198771867089262,1.2301107284656414,1.1366445051675051,1.2428156927696865,1.2119870382770492,-0.06313284111108719,1.1908285477804486,1.2183069538889897,1.1671121013687995
1210,1519075659,1.1627930353509297,1.2181226588449816,1.1999301081412959,1.1696128661771203,1.1600609589336983,1.2318589644634526,1.1623820167283472,1.2178406662316383,1.1853568710736726,1.2213252466539182,1.2249367258745543,1.1373341017586447,1.1703299623224301,1.1634602912521885,1.2015230078608308,1.2062484789209502,1.1918209175649452,1.2059830103036075,1.171474953092613,1.2061073915328948,1.1392717142252833,1.2010206903673304,-0.08572961197044983,1.2072469484801738,1.2054714720371789,1.161479755319363,1.205725387331685,1.1833762749585142,1.1621668074850013,1.364029257075985,1.1977023278468188,1.222588437911493,1.1594576895834143,-0.4872611357320539,1.2194360539780749,1.141178470722823,1.220450034729086,1.2212976638974082,1.2194344195966342,1.2120007775858954,1.611301849845488,1.159273305815043,1.1985255125018432,1.2104559987019856,-0.042223416015498456,1.2060288987007948,1.207317282922518,1.2067168587828783,1.2068128090448584,1.1470183869516029,1.2050072739616695,1.1616242990560612,1.1815018831934823,1.2237843684238965,1.1806667561877537,1.160106142069798,1.2088707506769163,1.1638358029997176,1.2125098466623474,1.1991001523192846,1.2164292426579377,1.2059042189112978,1.2069574550945936,-1.7663435714867115,1.2264294180280688,1.1381271847992631,1.1974112100467453,1.19880176432829,1.22329079800337,1.2190290234037793,1.2147151977384036,1.2096007586632433,1.2074957255740677,1.1590858866017673,1.221039624052982,1.1998799567925582,1.1659930764279842,1.2190523522881598,1.270990198268757,1.2176020616727943,1.1839618618615575,1.1628860253035807,1.160722473043808,1.1089769108460943,1.200404285228184,1.2241884104154703,1.219338963732985,0.8573822369872642,1.2189229269115427,1.5891591428687901,1.1970436644598044,1.1690144946983694,1.2063245493703125,1.2124098521343056,1.272611842075032,1.2294767187975812,1.215665562067189,1.1418034550419092,1.1611132692388246,1.2173610777704693,1.2186436541661585,1.1696035133547067,1.2006571798742516,1.1707110476546665,1.172168619048181,1.2726505960817784,1.199488867736983,1.1968529371057948,1.2194829708211383,1.1724360563768774,1.215885684664087,1.140006099168315,1.2159644808261816,1.2053928205304536,1.4696885331558693,1.1597497035834483,1.2007068998115058,1.205227558341581,1.1628738842493143,1.206367810550443,1.1620115777741644,1.2051215019210508,1.2499971364465294,1.1417299667004193,1.2650306530539168,1.2188290564822033,-0.039367127624766934,1.198931965174098,1.221336505480477,1.1704866243653145
1211,1519075665,1.1690695739532262,1.2216070801606917,1.2024052860603518,1.1741089766022499,1.1630148874849198,1.237588072637796,1.168662704809386,1.2201442430145752,1.1908657844306851,1.224961746929687,1.2290652443342605,1.1399464386674345,1.172978941139754,1.1690424705791849,1.2039972536536843,1.2107020725532311,1.1985579079521722,1.2083717756276275,1.1753559548789998,1.2099181691410952,1.1418938014000497,1.2034913091140325,-0.08572961197044983,1.211719611214405,1.2084430923694884,1.1638835601382835,1.2091938582305592,1.1889383265498608,1.168440180379534,1.3670046211918738,1.2026894049408974,1.2261184415248383,1.163875003309373,-0.7094880666494955,1.2226291668910994,1.1452476666237859,1.223485438676301,1.2259819701327077,1.222862922876732,1.2172291053639301,1.496827277863412,1.1616713841320057,1.2030330974286216,1.2149419212814305,-0.042223416015498456,1.2100849963672062,1.209704256382095,1.2091018879213868,1.2099671218108767,1.1470248814666757,1.207396906715756,1.165473228863776,1.1877345132151336,1.2284585285465832,1.1862431688942345,1.165070133581163,1.2123834906197635,1.167700511222391,1.2155911967889652,1.201718673303831,1.2195366809354455,1.209378545564203,1.212057144370083,-1.7663435714867115,1.2287774227685258,1.1416931237169183,1.2026680661905509,1.2025470807695537,1.2279781088077573,1.2213275555229164,1.2172964663210926,1.21405538582354,1.2104988800208236,1.164052563678538,1.224062516581445,1.2024957340683624,1.1698487373452409,1.2233101673539701,1.2745636398462532,1.220499535788627,1.1895316266537554,1.167025408345642,1.1631250022235253,1.1092196214998529,1.2030174966397698,1.2265504776679679,1.2216404593085295,0.8687488110821461,1.222108196108254,1.5891591428687901,1.2022893302588669,1.1735131920047863,1.2101285928544303,1.216892603986198,1.2761771879925337,1.2338311208077033,1.2192770132619677,1.1463890110862542,1.165512330850561,1.220479488224985,1.2218407039860792,1.1740991146271587,1.2031298020430916,1.1746433206945532,1.1772441814232355,1.276936639759059,1.2038555634643517,1.2028543709323343,1.2223600552188774,1.1769541476931522,1.2196173823188847,1.1426273953844757,1.218528308938559,1.2088576879628818,1.4711203359998624,1.164162684432599,1.2033221105443037,1.2096658093128365,1.1658247863439302,1.20868700978618,1.1655515186160035,1.2089312828201242,1.2536969332801828,1.1452897897734593,1.2683628970965513,1.2219390647572734,-0.06313284111108719,1.202672003971167,1.224366057071964,1.1744235678612485
1212,1519075670,1.1690695739532262,1.2227685539325952,1.2029003216441632,1.1741089766022499,1.1630148874849198,1.237588072637796,1.168662704809386,1.2212960314060437,1.1908657844306851,1.224961746929687,1.2290652443342605,1.1399464386674345,1.17566676128871,1.1690424705791849,1.2039972536536843,1.2107020725532311,1.1985579079521722,1.2083717756276275,1.1753559548789998,1.2099181691410952,1.1418938014000497,1.2034913091140325,-0.08572961197044983,1.211719611214405,1.2089383624248735,1.1638835601382835,1.2091938582305592,1.1889383265498608,1.168440180379534,1.3670046211918738,1.2026894049408974,1.226706775460396,1.163875003309373,1.0127706479606768,1.2226291668910994,1.1452476666237859,1.224699600255187,1.2259819701327077,1.222862922876732,1.2172291053639301,1.8888159637414301,1.1616713841320057,1.2030330974286216,1.2156895750446712,-0.042223416015498456,1.2100849963672062,1.209704256382095,1.2091018879213868,1.2099671218108767,1.1470248814666757,1.207396906715756,1.165473228863776,1.1877345132151336,1.2284585285465832,1.1869402204825446,1.165070133581163,1.2128853106115989,1.167700511222391,1.2161047551434017,1.201718673303831,1.2195366809354455,1.209378545564203,1.212057144370083,-1.7663435714867115,1.2287774227685258,1.1416931237169183,1.2026680661905509,1.2025470807695537,1.2279781088077573,1.2213275555229164,1.2172964663210926,1.21405538582354,1.2104988800208236,1.164052563678538,1.224062516581445,1.2024957340683624,1.1703995460477061,1.2233101673539701,1.2745636398462532,1.220499535788627,1.1895316266537554,1.167025408345642,1.1631250022235253,1.1092196214998529,1.2030174966397698,1.2265504776679679,1.2216404593085295,0.8800513809205428,1.222108196108254,1.5891591428687901,1.2022893302588669,1.1735131920047863,1.2101285928544303,1.216892603986198,1.2761771879925337,1.2338311208077033,1.2192770132619677,1.1463890110862542,1.165512330850561,1.220479488224985,1.2223735456227327,1.1740991146271587,1.2031298020430916,1.1746433206945532,1.1772441814232355,1.276936639759059,1.2038555634643517,1.2028543709323343,1.2223600552188774,1.1769541476931522,1.2196173823188847,1.1426273953844757,1.218528308938559,1.2088576879628818,1.4711203359998624,1.164162684432599,1.2033221105443037,1.2096658093128365,1.1658247863439302,1.2098466094040485,1.1655515186160035,1.2089312828201242,1.2536969332801828,1.1452897897734593,1.2683628970965513,1.2231830680673015,-0.06313284111108719,1.202672003971167,1.224366057071964,1.1744235678612485
1213,1519075676,1.1718591466653578,1.2239300277044987,1.2043854283955966,1.1763570318148147,1.1647872446156526,1.2404526267249676,1.1714541217342924,1.222447819797512,1.1936202411091914,1.2273860804468661,1.2308346093884204,1.1420363081944662,1.1773524750815525,1.1718335602426828,1.2054818011293962,1.2126107555384944,1.2019264031457857,1.2101633496206425,1.1781280990121332,1.2124586875465622,1.1439914711398627,1.2059619278607345,-0.08572961197044983,1.2149143703102843,1.2104241725910283,1.165085462547744,1.2106803457586481,1.1917193523455343,1.1712283461104371,1.3689881972691331,1.2045595588511768,1.229060111202626,1.1666358243880972,0.2905331224789917,1.2242257233476117,1.1477909140618876,1.225913761834073,1.2293279031579216,1.2248220676082164,1.2202167212370927,1.8437199202333394,1.1640694624489683,1.2052868898920106,1.2179325363343938,-0.042223416015498456,1.2112438814147521,1.2114944864767776,1.2108906597752682,1.213121434576895,1.1470277679178191,1.2097865394698426,1.168222464440715,1.1905045710025344,1.2324649515088864,1.189728426835785,1.1672763520306586,1.2143907705871047,1.171013118270397,1.2181589885611468,1.203813490091468,1.2220226315574516,1.2116947633328061,1.2146069890078277,-1.7663435714867115,1.2311254275089825,1.1437308030984354,1.204921004537896,1.2050439583970631,1.2306565721245502,1.2242007206718375,1.2198777349037815,1.2162826994036882,1.2120004572442014,1.1662599757126582,1.2264808306042152,1.2040652004338448,1.1731535895600325,1.225439074886875,1.2781370814237494,1.2216585254349601,1.1930127296488793,1.1687994296493824,1.165527531403243,1.1094137900228596,1.2045854234867213,1.22950306173359,1.2227912070963016,0.8904520725993763,1.2242317089060615,1.6023520240317888,1.2045374727441795,1.1757625406579946,1.2126646218438422,1.2191339799121441,1.2804556030935355,1.2360083218127644,1.221340699658984,1.1484270359948519,1.1677118616564293,1.2235978986795009,1.223972070532693,1.176908865422441,1.2046133753443957,1.1774520871516152,1.1800639382982656,1.279079661597699,1.205727004490367,1.2051049086172867,1.2235108889779729,1.1803427161803584,1.2214832311462835,1.1442001731141722,1.220579371428461,1.2108376122099835,1.471756692819415,1.167472420069462,1.205414279130542,1.212835988578019,1.1675953276006996,1.2110062090219171,1.1685014693175357,1.2108361732696609,1.2560093063012163,1.147323974386625,1.2711397671320799,1.2256710746873576,-0.06313284111108719,1.2057887029687244,1.2261837880268565,1.1772356703583444
1214,1519075681,1.1753461125555225,1.2262529752483056,1.2058705351470302,1.1786050870273794,1.1671503874566298,1.2433171808121393,1.1749433928904252,1.2241755023847147,1.1970633119573242,1.2292043305847504,1.23260397444258,1.14360371033974,1.1802163759339084,1.174624649906181,1.2074611977636789,1.215155666185512,1.2052948983393992,1.2113577322826525,1.18034581431864,1.2162694651547625,1.1455647234447226,1.2084325466074368,-0.08572961197044983,1.2181091294061637,1.2124052528125682,1.1668883161619346,1.2126623291294334,1.1945003781412076,1.1747135532740665,1.3699799853077625,1.2095466359452556,1.2308251130092986,1.1693966454668212,0.5683167861257937,1.2274188362606362,1.1503341614999893,1.227735004202402,1.2320046495780927,1.2262914261568296,1.2344078966346153,1.8714713316229337,1.1652685016074495,1.2075406823553998,1.232137957835969,-0.042223416015498456,1.2129822089860713,1.2138814599363545,1.2138719461984038,1.2156448847897097,1.1470299327561768,1.2127735804124506,1.171521547133042,1.193274628789935,1.2351359001504216,1.1932136847773356,1.170034125092528,1.216398050554446,1.173773624143735,1.2207267803333284,1.2064320110760143,1.2263730451459627,1.212852872217108,1.2177942948050087,-1.7663435714867115,1.232886431064325,1.146277902325332,1.2079249223343562,1.2087892748383269,1.2333350354413428,1.2270738858207586,1.2219427497699327,1.2303890187446271,1.2135020344675793,1.1701229467723686,1.228294566121293,1.2056346667993274,1.1759076330723588,1.2275679824197803,1.280281146370247,1.2233970099044595,1.196493832644003,1.170573450953123,1.1667287959931016,1.110239006245638,1.2071986348983073,1.2312746121729634,1.2239419548840738,0.9024936006717377,1.226355221703869,1.6023520240317888,1.2075349960579296,1.1791365636378073,1.2164686653279597,1.232582235467821,1.2825948106440364,1.2389112564861793,1.2234043860560004,1.1504650609034497,1.1704612751637646,1.2273399912249197,1.226103437079307,1.1797186162177236,1.2060969486456998,1.1802608536086772,1.1823197437982897,1.2812226834363392,1.208846072867059,1.207355446302239,1.225812556496164,1.1826017618384959,1.2252149288010812,1.1457729508438685,1.222630433918363,1.2123225553953099,1.4725521388438556,1.170230533100181,1.2075064477167803,1.2160061678432017,1.1699560492763923,1.2133254082576543,1.1702714397384553,1.215915881135092,1.264333849176937,1.1498667051530822,1.2772488812102432,1.2287810829624277,-0.06313284111108719,1.2095287417657934,1.2292133396183436,1.1800477728554402
1215,1519075687,1.1781356852676543,1.227414449020209,1.2073556418984637,1.1808531422399442,1.1689227445873627,1.245465596377518,1.1784326640465579,1.2253272907761832,1.1998177686358305,1.231022580722635,1.23437333949674,1.145693579866772,1.1829430374144967,1.1781135119855535,1.208945745239391,1.2170643491707753,1.20798969449429,1.2143436889376775,1.1825635296251469,1.2188099835602293,1.1471379757495823,1.209914917855458,-0.08572961197044983,1.2200259848636914,1.214386333034108,1.169292120980855,1.215139808342915,1.1979766603857993,1.1775017190049697,1.3719635613850218,1.211416789855535,1.2325901148159715,1.1727096307612903,0.7349869843138749,1.2290153927171483,1.1523687594504708,1.229556246570731,1.2346813959982639,1.228250570888314,1.2381424164760686,1.8645334787755352,1.1676665799244121,1.210545738973252,1.2343809191256914,-0.042223416015498456,1.2158794216049367,1.2150749466661428,1.2150644607676582,1.2175374724493206,1.1470328192073203,1.2145658049780157,1.1737209355945932,1.1960446865773355,1.2384745859523407,1.1960018911305759,1.1727918981543974,1.217903510529952,1.1759820288424059,1.2222674553966373,1.2085268278636514,1.2282375081124672,1.2140109811014095,1.2203441394427532,-1.7663435714867115,1.2346474346196679,1.148315581706849,1.2101778606817015,1.2125345912795908,1.237352730416532,1.228223151880327,1.2240077646360839,1.2326163323247754,1.2150036116909573,1.1723303588064888,1.2307128801440632,1.2082504440751316,1.1786616765846851,1.229164663069459,1.282425211316745,1.2245559995507926,1.1999749356391267,1.1723474722568634,1.1679300605829606,1.1105302590301482,1.2087665617452585,1.2330461626123366,1.2262434504596182,0.9138572654822338,1.2284787345016766,1.6340149388229852,1.209783138543242,1.1819482494543179,1.2190046943173716,1.2363178620110649,1.2854470873780377,1.2410884574912402,1.2254680724530167,1.1525030858120475,1.1726608059696328,1.2292110374976293,1.2277019619892673,1.182528367013006,1.2080750463807721,1.1830696200657391,1.185703452048326,1.2855087271136196,1.2119651412437507,1.2103561632155089,1.2269633902552597,1.1848608074966331,1.22708077762848,1.147869987816797,1.224681496408265,1.2138074985806362,1.473188495663408,1.1724370235247563,1.209075574156459,1.2185423112553477,1.1717265905331617,1.2156446074933913,1.1726314002996812,1.2184557350678076,1.2661837475937636,1.151900889766248,1.2789150032315606,1.2312690895824838,-0.08689855459740743,1.2113987611643278,1.231031070573236,1.182859875352536
1216,1519075693,1.181622651157819,1.229737396564016,1.2098308198175196,1.18366321125565,1.1724674588488282,1.2490462889864826,1.1826197894339172,1.2282067617548542,1.20394945365359,1.2334469142398141,1.2373222812536728,1.1483059167755618,1.1856256787192352,1.1823001464808007,1.2114199910322445,1.2221541704648107,1.2120318887266261,1.2179268369237073,1.1858901025849071,1.2245261499725297,1.1508088977942552,1.2118914128528198,-0.08572961197044983,1.2251375994170983,1.216367413255648,1.1716959257997759,1.2171217917137003,1.2014529426303908,1.1816839676013247,1.373947137462281,1.2176506362231334,1.2355317844937592,1.1754704518400145,0.7905437170432352,1.2316763201446688,1.1549120068885725,1.231984569728503,1.2386965156285206,1.2302097156197984,1.2403831283809406,1.8645334787755352,1.1700646582413745,1.2143020597455672,1.2381191879418956,-0.042223416015498456,1.2181971917000287,1.2186554068555082,1.218642004475421,1.2238460979813572,1.1470357056584637,1.2175528459206237,1.1770200182869202,1.1995072588115863,1.24181327175426,1.1994871490721264,1.1761012258286407,1.2199107904972932,1.1792946358904117,1.225348805523255,1.2111453488481978,1.2338308970119813,1.2163271988700128,1.226081289877679,-1.7663435714867115,1.238169441730353,1.1513721007791249,1.2131817784781618,1.2175283465346094,1.240700809562523,1.230521683999464,1.2271052869353105,1.235586083764973,1.218006766137713,1.175641476857669,1.2343403511782187,1.2113893768060966,1.1814157200970115,1.231293570602364,1.2859986528942409,1.2280329684897917,1.2027598180352257,1.175304174429764,1.1727351189423956,1.11145255951443,1.2119024154391616,1.2365892634910831,1.2296956938229349,0.9252267488615012,1.2316640036983877,1.6340149388229852,1.2142794235138672,1.1847599352708285,1.224710759543548,1.2393063632456596,1.2882993641120388,1.2447171258330088,1.2285636020485413,1.1550506169477948,1.175410219476968,1.2348241763157575,1.2303661701725346,1.1853381178082885,1.2105476685496124,1.185878386522801,1.1885232089233564,1.2876517489522599,1.2182032779971346,1.2148572385854135,1.2304158915325463,1.187684614569305,1.2320563745015436,1.1504912840329578,1.227758090143118,1.2157874228277379,1.4741430308927368,1.1762983817677632,1.2122138270358163,1.2236145980796398,1.1752676730467007,1.2173840069201942,1.174991360860907,1.2235354429332386,1.274970765073691,1.1549521666859963,1.2855794913168295,1.2368671044776098,-0.06313284111108719,1.2176321591594428,1.2334547118464256,1.1856719778496316
1217,1519075698,1.1872017965820825,1.2320603441078228,1.2123059977365755,1.1881593216807795,1.1754213874000496,1.2540592586390331,1.1882026232837295,1.2310862327335252,1.2094583670106025,1.2358712477569933,1.2408610113619924,1.1509182536843514,1.1883911815314558,1.1878823258077968,1.2143890859836686,1.2266077640970916,1.2174214810364077,1.2203156022477273,1.1897711043712942,1.2277017979793634,1.1534309849690216,1.2143620315995218,-0.08572961197044983,1.2283323585129777,1.2188437635325726,1.1740997306186967,1.219599270927182,1.2077102506706558,1.1865632576304057,1.3759307135395402,1.2207675594069325,1.2390617881071044,1.1793356013502283,0.5683167861257937,1.2348694330576933,1.1594898522771557,1.236234135254604,1.24338082186382,1.2326586465341538,1.2463583601272659,1.7778103181830534,1.172462736558337,1.2195609088268085,1.2426051105213403,-0.042223416015498456,1.220514961795121,1.2210423803150852,1.2210270336139295,1.2270004107473755,1.1470400353351788,1.2199424786747104,1.1814187952100228,1.206432403280088,1.2464874318769468,1.2050635617786072,1.179962108115258,1.2224198904564698,1.1831593441130852,1.228430155649873,1.213763869832744,1.2381813106004922,1.2186434166386162,1.230543517993732,-1.7663435714867115,1.2405174464708097,1.1549380396967799,1.218438634621967,1.220649443568996,1.2453881203669104,1.232820216118601,1.2296865555179994,1.2422680245054178,1.2205093948433428,1.1795044479173795,1.236758665200989,1.2140051540819008,1.1858221897167336,1.2344869319017218,1.289572094471737,1.230350947782458,1.2097220240254734,1.1794435574718252,1.175137648122113,1.1117438122989403,1.2145156268507473,1.2389513307435809,1.2319971893984791,0.9366864200567251,1.234849272895099,1.6340149388229852,1.2180263276560548,1.1886962954139433,1.2278807957803128,1.2445362404062008,1.2918647100295404,1.2497972615114845,1.2316591316440657,1.1596361729921398,1.1798092810887044,1.2379425867702734,1.2340960616291088,1.1898337190807404,1.2130202907184524,1.1898106595626878,1.1930348199234047,1.2919377926295403,1.2213223463738265,1.2193583139553181,1.2332929759302853,1.1916379444710454,1.236410021765474,1.1531125802491184,1.2303219182554954,1.2182623281366152,1.4752566553269535,1.1801597400107702,1.2148290377686142,1.2280528490508955,1.1782185751413163,1.2197032061559314,1.1797112819833588,1.227345223832312,1.2782080873031378,1.1585119897590364,1.2889117353594641,1.240599114407694,-0.08689855459740743,1.2213721979565118,1.2364842634379127,1.1896089213455656
1218,1519075704,1.1913861556502803,1.233802554765678,1.2142861400718203,1.1904073768933443,1.1771937445307825,1.256207674204412,1.1909940402086359,1.2333898095164622,1.2122128236891088,1.2382955812741725,1.2420405880647658,1.1535305905931412,1.1911411478110236,1.190673415471295,1.2158736334593807,1.2285164470823549,1.2201162771912983,1.2215099849097373,1.191988819677801,1.2296071867834635,1.1550042372738814,1.2163385265968834,-0.08572961197044983,1.232166069428033,1.2203295736987276,1.1765035354376172,1.2210857584552708,1.2104912764663291,1.1900484647940348,1.3774183955974846,1.222637713317212,1.239650122042662,1.1820964224289525,1.0683273806900373,1.2359338040287016,1.1615244502276372,1.238662458412376,1.2473959414940767,1.2346177912656382,1.2485990720321378,1.874940258046633,1.1754603344545402,1.2218147012901976,1.2463433793375445,-0.042223416015498456,1.221673846842667,1.2228326104097678,1.2222195481831837,1.2288929984069865,1.1470422001735365,1.2211372950517536,1.183618183671574,1.2092024610674885,1.249158380518482,1.2085488197201577,1.1821683265647536,1.2239253504319758,1.1864719511610913,1.2294572723587456,1.2153349824234718,1.240045773566997,1.2203805799650687,1.2324559014720406,-1.7663435714867115,1.2416914488410382,1.156975719078297,1.2221935318675423,1.2231463211965052,1.248066583683703,1.235118748237738,1.2312353166676129,1.2444953380855661,1.2220109720667207,1.1817118599515,1.2385724007180667,1.2155746204473834,1.18857623322906,1.2360836125514005,1.2938602243647326,1.2320894322519576,1.2125069064215723,1.1812175787755657,1.1763389127119719,1.1118894386911953,1.2160835536976988,1.240722881182954,1.2337233110801376,0.94802390130775,1.2364419074934547,1.6340149388229852,1.2210238509698048,1.1909456440671518,1.2297828175223717,1.246777616332147,1.2940039175800413,1.2519744625165456,1.2326909748425738,1.1616741979007374,1.1820088118945726,1.2423083614065955,1.2362274281757226,1.1920815197169665,1.2149983884535247,1.1920576727283374,1.1952906254234288,1.2940808144681806,1.2231937873998415,1.2216088516402706,1.2344438096893808,1.1950265129582514,1.238275870592873,1.155209617222047,1.2313474495004466,1.2202422523837169,1.476052101351394,1.1823662304353455,1.2163981642082928,1.229954956610005,1.179989116398086,1.221442605582734,1.1808912622639718,1.2292501142818486,1.2814454095325847,1.160546174372202,1.2922439794020986,1.2437091226827641,-0.08689855459740743,1.2232422173550463,1.2376960840745077,1.1918586033432423
1219,1519075710,1.194175728362412,1.2361255023094848,1.2157712468232538,1.192655432105909,1.180147673082004,1.2583560897697907,1.193785457133542,1.2345415979079306,1.2156558945372415,1.2413259981706466,1.2438099531189255,1.155097992738415,1.1939066506232443,1.193464505134793,1.2173581809350928,1.2304251300676181,1.2228110733461892,1.2233015589027523,1.1947609638109344,1.2321477051889305,1.1565774895787413,1.2178208978449048,-0.08572961197044983,1.2340829248855605,1.2223106539202675,1.1783063890518077,1.22257224598336,1.2132723022620024,1.193533671957664,1.378906077655429,1.2245078672274914,1.2420034577848922,1.1848572435076767,0.2349763897496313,1.238594731456222,1.1640676976657391,1.240483700780705,1.2507418745192906,1.2360871498142516,1.2508397839370098,1.6668046726246766,1.1772588931922623,1.2240684937535868,1.2485863406272668,-0.042223416015498456,1.2234121744139863,1.2252195838693445,1.224008320037065,1.2320473111730048,1.14704508662468,1.2241243359943619,1.1863674192485132,1.2119725188548893,1.2524970663204014,1.2113370260733982,1.1849260996266229,1.2264344503911524,1.1892324570344295,1.2320250641309272,1.2179535034080182,1.2431532118445048,1.222696797733672,1.2343682849503492,-1.7663435714867115,1.2440394535814951,1.1595228183051935,1.2244464702148876,1.226267418230892,1.250745047000496,1.2362680142973064,1.2333003315337638,1.2467226516657144,1.2235125492900985,1.1839192719856202,1.2415952932465297,1.2171440868128658,1.191330276741386,1.239276973850758,1.2967189776267294,1.2332484218982904,1.2152917888176713,1.1841742809484666,1.17814080959676,1.1123263178679603,1.2176514805446503,1.2424944316223274,1.2348740588679097,0.9594893910717452,1.2390962984907141,1.6340149388229852,1.2240213742835548,1.1937573298836623,1.2316848392644306,1.249018992258093,1.2975692634975429,1.2548773971899603,1.2347546612395903,1.1642217290364847,1.184758225401908,1.244179407679305,1.2383587947223365,1.194891270512249,1.2164819617548288,1.1943046858939868,1.197546430923453,1.2962238363068208,1.2256890421011952,1.2238593893252228,1.2361700603280241,1.1972855586163889,1.2413856186385377,1.1567823949517433,1.233911277612824,1.2222221766308186,1.4768475473758347,1.1845727208599208,1.2184903327945311,1.232491100022151,1.1823498380737785,1.2237618048184713,1.1838412129655043,1.231789968214564,1.286995104783065,1.1630889051386593,1.2972423454660504,1.2461971293028202,-0.08689855459740743,1.2251122367535807,1.2407256356659948,1.194670705840338
1220,1519075715,1.1969653010745438,1.2378677129673399,1.2172563535746874,1.1949034873184738,1.1819200302127368,1.2605045053351693,1.1965768740584481,1.235693386299399,1.2184103512157478,1.2425381649292362,1.2449895298216989,1.157187862265447,1.196527145797371,1.1962555947982911,1.2188427284108048,1.2323338130528814,1.2255058695010799,1.2244959415647623,1.197533107944068,1.2340530939930305,1.158150741883601,1.219303269092926,-0.08572961197044983,1.2359997803430882,1.2237964640864223,1.1801092426659983,1.2245542293541452,1.216053328057676,1.1963218376885674,1.380889653732688,1.226378021137771,1.2437684595915648,1.187065900370656,1.179440846148758,1.2401912879127341,1.1661022956162206,1.2416978623595911,1.2534186209394618,1.238046294545736,1.2530804958418817,1.8888159637414301,1.1796569715092247,1.2263222862169758,1.2508293019169892,-0.042223416015498456,1.2257299445090784,1.226413070599133,1.2252008346063195,1.2345707613858194,1.1470472514630377,1.225319152371405,1.1885668077100646,1.21474257664229,1.2551680149619366,1.2141252324266385,1.1871323180761184,1.2279399103666582,1.1914408617331,1.233565739194236,1.219524615998746,1.2450176748110093,1.2244339610601245,1.2362806684286576,-1.7663435714867115,1.2452134559517234,1.1615604976867107,1.2266994085622327,1.2281400764515238,1.254093126146487,1.237991913386659,1.2348490926833773,1.2489499652458627,1.2250141265134764,1.1861266840197404,1.2428044502579148,1.2187135531783484,1.193533511551247,1.2408736545004369,1.298863042573227,1.23498690636779,1.2180766712137703,1.1865396426867871,1.1793420741866187,1.112520486390967,1.2192194073916018,1.2442659820617006,1.236600180549568,0.9707803237725992,1.2406889330890698,1.6340149388229852,1.2262695167688673,1.1960066785368708,1.2335868610064893,1.2512603681840393,1.2997084710480438,1.2570545981950214,1.2363024260373525,1.166769260172232,1.1869577562077762,1.2460504539520143,1.2399573196322966,1.1971390711484748,1.217965535056133,1.1965516990596363,1.1998022364234773,1.2990811987583413,1.2275604831272102,1.2261099270101752,1.2373208940871196,1.1995446042745261,1.2432514674659365,1.158879431924672,1.2354495744802505,1.2237071198161449,1.477483904195387,1.1867792112844961,1.2200594592342098,1.2343932075812607,1.184120379330548,1.22492140443634,1.1856111833864236,1.2336948586641008,1.288845003199892,1.165123089751825,1.2989084674873677,1.248063134267862,-0.08689855459740743,1.2269822561521153,1.2419374563025898,1.1969203878380146
1221,1519075721,1.1997548737866754,1.2390291867392433,1.2187414603261209,1.1977135563341796,1.1842831730537138,1.264085197944134,1.1993682909833543,1.2374210688866016,1.221164807894254,1.2443564150671207,1.2473486832272451,1.1587552644107209,1.1992538072779593,1.1997444568776636,1.2208221250450875,1.2355149513616535,1.2288743646946934,1.2262875155577773,1.2003052520772015,1.2359584827971308,1.1602484116234142,1.2207856403409472,-0.08572961197044983,1.2379166358006157,1.225282274252577,1.182513047484919,1.226040716882234,1.2195296103022675,1.1991100034194706,1.3818814417713177,1.2282481750480505,1.24494512746268,1.1892745572336354,1.2349975788781185,1.2417878443692465,1.168136893566702,1.2435191047279202,1.256095367359633,1.2395156530943492,1.255321207746754,1.8818781108940315,1.180856010667706,1.230078606989291,1.2530722632067117,-0.042223416015498456,1.2268888295566245,1.2282033006938158,1.2275858637448278,1.237094211598634,1.1470494163013951,1.22711137693697,1.1913160432870036,1.2182051488765406,1.257838963603472,1.216913438779879,1.189890091137988,1.2294453703421642,1.1936492664317706,1.235106414257545,1.2210957285894737,1.2475036254330156,1.225592069944426,1.2381930519069662,-1.7663435714867115,1.2475614606921803,1.1641075969136072,1.228952346909578,1.2300127346721557,1.2574412052924777,1.2391411794462275,1.2363978538329907,1.2519197166860603,1.2270162294779803,1.1883340960538606,1.2446181857749925,1.2202830195438308,1.1957367463611082,1.2424703351501158,1.301007107519725,1.237304885660456,1.2208615536098693,1.1883136639905276,1.1817446033663364,1.112666112783222,1.2213099765208706,1.2454470156879494,1.2389016761251124,0.9821556257206381,1.2422815676874253,1.6340149388229852,1.22851765925418,1.1982560271900793,1.2361228899959011,1.2549959947272828,1.3018476785985447,1.2592317992000825,1.238366112434369,1.1688072850808298,1.1891572870136444,1.2479215002247237,1.241555844542257,1.199386871784701,1.219943632791205,1.1993604655166983,1.2020580419235014,1.3019385612098615,1.2300557378285637,1.2283604646951274,1.2396225616053107,1.2018036499326636,1.2451173162933353,1.1609764688976005,1.2375006369701524,1.2251920630014712,1.4782793502198277,1.1900889469213591,1.2216285856738884,1.2362953151403702,1.1870712814251638,1.2266608038631428,1.187381153807343,1.2355997491136375,1.2906949016167186,1.1676658205182822,1.3005745895086849,1.2499291392329042,-0.11066426808372769,1.2300989551496726,1.2437551872574821,1.1991700698356913
1222,1519075726,1.206728805567005,1.241932871169002,1.2222067094127993,1.2027716805624504,1.1878278873151795,1.2683820290748915,1.2056489790643934,1.240876434061007,1.2266737212512666,1.2473868319635946,1.252066990038338,1.1618900687012685,1.2009239845381487,1.2053266362046597,1.2237912199965117,1.2399685449939344,1.2342639570044749,1.2310650462058172,1.2047406826902152,1.2397692604053312,1.1633949162331338,1.2237503828369898,-0.08572961197044983,1.2423892985348468,1.2282538945848869,1.1855178035085698,1.2295091877811084,1.2250916618936143,1.2046863348812773,1.3848568058872064,1.233235252142129,1.2484751310760251,1.193691870959594,-0.4872611357320539,1.245513142767775,1.1727147389552852,1.2471615894645782,1.2614488601999752,1.242944156374447,1.261296439493079,1.6251775555402852,1.1838536085639093,1.2345861919160694,1.2575581857861564,-0.042223416015498456,1.230944927223036,1.2305902741533925,1.2305671501679636,1.240879386917856,1.1470544675908962,1.2306958260680998,1.1957148202101062,1.223745264451342,1.2631808608865427,1.2224898514863598,1.194302528036979,1.2324562902931762,1.1986181770037796,1.2387013227385992,1.2247616579678386,1.251232551366025,1.2296454510394819,1.2439302023418919,-1.7663435714867115,1.2516704689879798,1.1681829556766414,1.2357111619516135,1.2337580511134196,1.2627981319260633,1.2420143445951488,1.2405278835652929,1.2563743438463568,1.2305199096658619,1.1938526261391613,1.2476410783034555,1.2249914186402784,1.2006940246832956,1.2456636964494734,1.3052952374127202,1.2407818545994553,1.227127539001092,1.193044387467169,1.1847477648409832,1.1129573655677323,1.2244458302147736,1.2495806333798203,1.242353919488429,0.9932370899457225,1.2454668368841366,1.6340149388229852,1.233013944224805,1.2033170616597983,1.239926933480019,1.259478746579175,1.3061260936995467,1.2635862012102046,1.2424934852284015,1.1733928411251748,1.195205996729782,1.252910956951949,1.2452857359988312,1.2044444232162093,1.2234053038275814,1.2038544918479974,1.2076975556735619,1.306224604887142,1.2337986198805941,1.2343618985216671,1.2424996460030497,1.2068865026634727,1.2507148627755318,1.1641220243569932,1.2416027619499566,1.2286569304338992,1.4795520638589328,1.1945019277705098,1.2247668385532458,1.2413676019646622,1.1906123639387027,1.2289800030988798,1.192101074929795,1.2400444934958899,1.2943946984503722,1.1717341897446134,1.3039068335513193,1.2542831508180023,-0.11066426808372769,1.2338389939467416,1.2467847388489692,1.2036694338310445
1223,1519075732,1.206728805567005,1.2430943449409055,1.2227017449966104,1.2027716805624504,1.1878278873151795,1.2683820290748915,1.2056489790643934,1.2414523282567411,1.2266737212512666,1.2479929153428895,1.252066990038338,1.1624125360830264,1.203477154737446,1.2053266362046597,1.2237912199965117,1.2399685449939344,1.2342639570044749,1.2310650462058172,1.205295111516842,1.2397692604053312,1.1633949162331338,1.22424450658633,-0.08572961197044983,1.2430282503540229,1.228749164640272,1.1855178035085698,1.2295091877811084,1.2250916618936143,1.2046863348812773,1.3848568058872064,1.233235252142129,1.2496517989471403,1.193691870959594,0.5683167861257937,1.245513142767775,1.1727147389552852,1.2471615894645782,1.2614488601999752,1.242944156374447,1.261296439493079,1.8784091844703321,1.1844531281431498,1.2345861919160694,1.2583058395493973,-0.042223416015498456,1.230944927223036,1.2305902741533925,1.2305671501679636,1.2421411120242634,1.1470544675908962,1.2306958260680998,1.1957148202101062,1.223745264451342,1.2631808608865427,1.22318690307467,1.194854082649353,1.2329581102850113,1.1991702781784472,1.2392148810930355,1.2247616579678386,1.251232551366025,1.2296454510394819,1.2439302023418919,-1.7663435714867115,1.2516704689879798,1.1681829556766414,1.2357111619516135,1.2337580511134196,1.2627981319260633,1.2431636106547173,1.2410441372818306,1.2563743438463568,1.2305199096658619,1.1938526261391613,1.2476410783034555,1.2249914186402784,1.2012448333857608,1.2461959233326996,1.3052952374127202,1.2407818545994553,1.227127539001092,1.193044387467169,1.1847477648409832,1.1129573655677323,1.2244458302147736,1.250171150192945,1.242353919488429,1.0044960205183338,1.2454668368841366,1.6340149388229852,1.233013944224805,1.2033170616597983,1.2411949479747246,1.259478746579175,1.3061260936995467,1.2635862012102046,1.2424934852284015,1.1733928411251748,1.195205996729782,1.2535346390428521,1.2452857359988312,1.2044444232162093,1.2234053038275814,1.2044162451394098,1.2076975556735619,1.306224604887142,1.2344224335559324,1.2343618985216671,1.2424996460030497,1.207451264078007,1.2507148627755318,1.1641220243569932,1.2416027619499566,1.2286569304338992,1.4795520638589328,1.1945019277705098,1.2247668385532458,1.2413676019646622,1.1906123639387027,1.2301396027167484,1.192101074929795,1.2400444934958899,1.2948571730545788,1.1717341897446134,1.305017581565531,1.2549051524730164,-0.11066426808372769,1.2338389939467416,1.2467847388489692,1.2036694338310445
1224,1519075738,1.2102157714571695,1.2448365555987606,1.224681887331855,1.2055817495781562,1.1901910301561567,1.2712465831620632,1.2091382502205261,1.243180010843944,1.2301167920993994,1.2504172488600687,1.2538363550924978,1.1650248729918162,1.2062452469717757,1.2088154982840325,1.2262654657893652,1.242513455640952,1.2376324521980884,1.232856620198832,1.2080672556499754,1.242309778810798,1.1654925859729468,1.2262210015836918,-0.08572961197044983,1.247500913088254,1.2307302448618116,1.1873206571227604,1.2314911711518937,1.2278726876892876,1.2081715420449066,1.3868403819644657,1.2357287906891683,1.251416800753813,1.196452692038318,0.7349869843138749,1.2476418847097914,1.175257986393387,1.248982831832907,1.2654639798302318,1.2453930872888024,1.2635371513979512,1.8714713316229337,1.1868512064601124,1.2368399843794584,1.2605488008391197,-0.042223416015498456,1.232683254794355,1.2329772476129695,1.2335484365910991,1.2440336996838743,1.1470573540420397,1.2336828670107078,1.1990139029024331,1.2265153222387426,1.2671872838488456,1.2259751094279103,1.1976118557112223,1.2349653902523527,1.2019307840517854,1.2412691145107806,1.227380178952385,1.2543399896435328,1.2319616688080852,1.2464800469796364,-1.7663435714867115,1.2534314725433224,1.170730054903538,1.2387150797480737,1.2356307093340515,1.2661462110720543,1.24488750974407,1.2436254058645195,1.258601657426505,1.2325220126303658,1.1966118911818115,1.2500593923262258,1.2270840404609218,1.2039988768980872,1.248857057748831,1.3088686789902164,1.2425203390689548,1.229912421397191,1.1948184087709095,1.1865496617257714,1.1132000762214906,1.2270590416263594,1.2531237342585668,1.2440800411700874,1.015894596741458,1.248121227881396,1.6340149388229852,1.2360114675385552,1.206128747476309,1.2437309769641365,1.2617201225051213,1.3096914396170483,1.2664891358836194,1.244557171625418,1.175940372260922,1.1979554102371173,1.2560293674064649,1.247417102545445,1.2078161241705483,1.2253834015626535,1.2072250115964718,1.210517312548592,1.3090819673386622,1.2369176882572859,1.2373626154349369,1.2453767304007886,1.2114045939797475,1.2532026612120637,1.166219061329922,1.2436538244398585,1.2311318357427765,1.4803475098833734,1.1983632860135167,1.226859007139484,1.2445377812298448,1.1929730856143954,1.2318790021435513,1.1938710453507142,1.2425843474286054,1.2971695460756123,1.1742769205110706,1.307239077593954,1.2573931590930725,-0.11066426808372769,1.2382023725433222,1.2486024698038616,1.2064815363281403
1225,1519075743,1.2144001305253673,1.2477402400285191,1.2266620296670998,1.2089538323970033,1.1925541729971338,1.2741111372492349,1.2133253756078854,1.2454835876268806,1.235625705456412,1.2528415823772479,1.2561955084980443,1.1671147425188482,1.208353036568356,1.2130021327792795,1.228244862423648,1.2450583662879697,1.2416746464304247,1.235245385522852,1.2113938286097357,1.2473908156217317,1.16759025571276,1.228691620330394,-0.08572961197044983,1.2500567203649573,1.2332065951387365,1.1891235107369509,1.2339686503653753,1.232739482831716,1.2137478735067133,1.3888239580417248,1.2394690985097274,1.2537701364960432,1.2008700057642767,0.4016465879377125,1.2503028121373119,1.1783098833191092,1.2514111549906792,1.2694790994604885,1.2473522320202868,1.2665247672711137,1.8610645523518359,1.1886497651978343,1.2405963051517737,1.2650347234185646,-0.042223416015498456,1.2355804674132203,1.2353642210725462,1.2353372084449807,1.2471880124498926,1.147060962105969,1.236669907953316,1.202862832710148,1.2306704089198435,1.2711937068111485,1.230854470546081,1.2020242926102134,1.2374744902115293,1.2052433910997913,1.243323347928526,1.2305224041338405,1.2574474279210406,1.2348569410188392,1.2490298916173812,-1.7663435714867115,1.2557794772837791,1.1737865739758138,1.241718997544534,1.24062446458907,1.2708335218764417,1.247760674892991,1.2456904207306707,1.262313846726752,1.2350246413359955,1.200474862241522,1.2530822848546888,1.2291766622815652,1.2073037291128788,1.2515181921649623,1.3124421205677126,1.244838318361621,1.2340897449913395,1.1977751109438102,1.1883515586105595,1.113442786875249,1.229149610755628,1.2548952846979402,1.2458061628517456,1.0271418901765268,1.2507756188786554,1.6340149388229852,1.2412571333376177,1.2106274447827257,1.2462670059535483,1.2654557490483649,1.3125437163510494,1.2715692715620952,1.2471367796216883,1.1789974096238187,1.2012547064459196,1.2585240957700774,1.2495484690920589,1.2117497752839437,1.2273614992977255,1.2105955313449461,1.2139010207986283,1.3133680110159427,1.2406605703093163,1.2403633323482066,1.247102981039432,1.2147931624669537,1.2556904596485954,1.1683160983028504,1.2457048869297604,1.2336067410516536,1.4813020451127021,1.2016730216503797,1.2294742178722817,1.2477079604950274,1.1965141681279343,1.2347780011882226,1.1968209960522467,1.2470290918108575,1.2999443937008526,1.1778367435841106,1.309460573622377,1.2598811657131286,-0.11066426808372769,1.240695731741368,1.2516320213953487,1.2109809003234935
1226,1519075749,1.218584489593565,1.2494824506863744,1.2296322431699669,1.2117639014127093,1.194917315838111,1.2776918298581996,1.2168146467640182,1.2483630586055519,1.239068776304545,1.2546598325151324,1.2573750852008174,1.169727079427638,1.2110822874710532,1.2164909948586522,1.2307191082165014,1.2476032769349874,1.2457168406627608,1.238231342177877,1.214720401569496,1.2505664636285654,1.1696879254525732,1.2306681153277557,-0.08572961197044983,1.2526125276416609,1.2351876753602764,1.1921282667606017,1.2359506337361605,1.236911021525226,1.2179301221030683,1.3913034281382988,1.2425860216935265,1.2549468043671583,1.203630826843001,0.5683167861257937,1.251899368593824,1.180853130757211,1.252625316569565,1.2728250324857024,1.2502909491175134,1.2710061910808577,1.8610645523518359,1.1916473630940374,1.243601361769626,1.2680253384715279,-0.042223416015498456,1.2373187949845394,1.2389446812619116,1.2371259802988621,1.250342325215911,1.1470638485571125,1.2390595407074028,1.205612068287087,1.2341329811540944,1.2752001297734517,1.2343397284876316,1.2058851748968307,1.2394817701788705,1.2080038969731295,1.2448640229918349,1.2326172209214776,1.2599333785430469,1.2365941043452917,1.251579736255126,-1.7663435714867115,1.258127482024236,1.17633367320271,1.2454738947901092,1.2431213422165794,1.2748512168516308,1.2494845739823437,1.2472391818802842,1.26528359816695,1.2370267443004994,1.2037859802927025,1.2542914418660738,1.2323155950125302,1.210057772625205,1.253114872814641,1.3153008738297094,1.2465768028311206,1.238267068585488,1.200140472682131,1.190754087790277,1.1136369553982557,1.2312401798848966,1.2566668351373134,1.2498337801089483,1.03851428284018,1.252368253477011,1.6340149388229852,1.2457534183082428,1.2140014677625384,1.250071049437666,1.2691913755916084,1.3168221314520512,1.27447220623551,1.2486845444194508,1.181544940759566,1.2040041199532547,1.26101882413369,1.2511469940020192,1.2145595260792261,1.2303286459003338,1.2139660510934205,1.2167207776736586,1.3176540546932232,1.245027266036685,1.2433640492614764,1.2499800654371709,1.2176169695396253,1.2581782580851273,1.1709373945190111,1.2477559494196626,1.2355866652987555,1.4822565803420307,1.2044311346810987,1.2326124707516393,1.2502441039071734,1.198874889803627,1.2365174006150255,1.1991809566134726,1.2502039092267518,1.302256766721886,1.1803794743505678,1.3116820696507998,1.2623691723331845,-0.11066426808372769,1.243189090939414,1.253449752350241,1.2143554233200085
1227,1519075755,1.2248610281958614,1.252386135116133,1.2330974922566453,1.2168220256409799,1.199643601520065,1.283420938032543,1.2237931890762836,1.2523943179756913,1.245266303831184,1.2576902494116062,1.2615036036605236,1.1728618837181857,1.2138555585496003,1.224166491433272,1.2336882031679255,1.2526930982290228,1.251780132011265,1.242411681494912,1.2191558321825096,1.2543772412367657,1.1738832649321993,1.2341269815731386,-0.08572961197044983,1.256446238556716,1.238654565747971,1.1951330227842527,1.2389236087923383,1.243168329565491,1.223506453564875,1.3937828982348728,1.2475730987876053,1.2596534758516187,1.2080481405689596,-0.8206015321082163,1.2561568524778568,1.1854309761457942,1.2568748820956661,1.2795168985361303,1.25322966621474,1.2762345188588924,1.472544792897517,1.194045441411,1.2511140033142563,1.2732589148142135,-0.042223416015498456,1.2402160076034046,1.2419283980863827,1.2412997812912518,1.2541275005351329,1.1470681782338277,1.2414491734614892,1.2105606923255774,1.2410581256225959,1.281209764216906,1.2406131927824224,1.2102976117958217,1.2424926901298823,1.2129728075451385,1.2494860481817616,1.2357594461029333,1.2649052797870592,1.239489376556046,1.2573168866900515,-1.7663435714867115,1.2610624879498071,1.1809184518111238,1.2507307509339147,1.2468666586578432,1.2802081434852164,1.252357739131265,1.2508529578960486,1.2719655389073945,1.240530424488381,1.208752657369473,1.258523491405922,1.235977683198656,1.2150150509473923,1.256840460997225,1.3210183803537034,1.2506332665932862,1.243836833377686,1.204279855724192,1.1955591461497121,1.1139767503135174,1.235421318143434,1.2596194192029355,1.2527106495783789,1.0499594076134753,1.2566152790726262,1.6340149388229852,1.2502497032788678,1.2185001650689553,1.2545091001691366,1.2751683780607983,1.3218136157365534,1.2795523419139858,1.2528119172134833,1.186130496803911,1.2095029469679253,1.265384598770012,1.255409727095247,1.2196170775107347,1.2337903169367102,1.2190218307161318,1.222360291423719,1.3219400983705036,1.2487701480887152,1.2501156623163334,1.252281732955362,1.2221350608559,1.2637758045673237,1.1740829499784038,1.251345308776991,1.2385565516694081,1.4835292939811358,1.2093957381363933,1.2357507236309966,1.2553163907314657,1.202415972317166,1.2399961994686313,1.203310887595618,1.2540136901258252,1.3059565635555397,1.184447843576899,1.3150143136934345,1.2673451855732967,-0.11066426808372769,1.2475524695359945,1.257691124578323,1.2188547873153617
1228,1519075760,1.2255584213738944,1.252386135116133,1.2330974922566453,1.2168220256409799,1.199643601520065,1.283420938032543,1.2237931890762836,1.2523943179756913,1.245266303831184,1.2576902494116062,1.2615036036605236,1.1733843510999435,1.2158778972165893,1.224166491433272,1.2336882031679255,1.2526930982290228,1.251780132011265,1.242411681494912,1.2191558321825096,1.2543772412367657,1.1738832649321993,1.234621105322479,-0.08572961197044983,1.256446238556716,1.238654565747971,1.1951330227842527,1.2389236087923383,1.243168329565491,1.223506453564875,1.3937828982348728,1.2475730987876053,1.2596534758516187,1.2080481405689596,0.4016465879377125,1.2561568524778568,1.1854309761457942,1.2580890436745522,1.2795168985361303,1.25322966621474,1.2762345188588924,1.8610645523518359,1.1952444805694813,1.2511140033142563,1.2747542223406951,-0.042223416015498456,1.2402160076034046,1.2419283980863827,1.2412997812912518,1.2541275005351329,1.1470681782338277,1.2414491734614892,1.2105606923255774,1.2410581256225959,1.281209764216906,1.2413102443707327,1.2102976117958217,1.2424926901298823,1.2135249087198061,1.2494860481817616,1.2357594461029333,1.2649052797870592,1.239489376556046,1.2573168866900515,-1.7663435714867115,1.2610624879498071,1.1809184518111238,1.2522327098321446,1.2468666586578432,1.2802081434852164,1.2535070051908335,1.2508529578960486,1.2719655389073945,1.240530424488381,1.208752657369473,1.258523491405922,1.235977683198656,1.2155658596498575,1.256840460997225,1.3210183803537034,1.2506332665932862,1.243836833377686,1.204279855724192,1.1955591461497121,1.1139767503135174,1.235421318143434,1.2596194192029355,1.2527106495783789,1.0610786925355737,1.2566152790726262,1.6340149388229852,1.2502497032788678,1.2185001650689553,1.2545091001691366,1.2751683780607983,1.3218136157365534,1.2795523419139858,1.2528119172134833,1.186130496803911,1.2095029469679253,1.2666319629518183,1.2559425687319004,1.2196170775107347,1.2337903169367102,1.2190218307161318,1.222360291423719,1.3219400983705036,1.2487701480887152,1.2501156623163334,1.252281732955362,1.2221350608559,1.2637758045673237,1.1740829499784038,1.251345308776991,1.2385565516694081,1.4835292939811358,1.2093957381363933,1.2357507236309966,1.2553163907314657,1.202415972317166,1.2399961994686313,1.203310887595618,1.2540136901258252,1.3059565635555397,1.184447843576899,1.3150143136934345,1.2679671872283107,-0.11066426808372769,1.2475524695359945,1.257691124578323,1.2188547873153617
1229,1519075766,1.228347994086026,1.2535476088880364,1.2345825990080788,1.2190700808535446,1.201415958650798,1.2855693535979218,1.2265846060011898,1.2535461063671598,1.2487093746793168,1.261326749687375,1.2632729687146835,1.1754742206269755,1.218573485631872,1.22695758109677,1.2351727506436376,1.254601781214286,1.2544749281661558,1.243606064156922,1.2213735474890164,1.2562826300408658,1.175456517237059,1.2361034765705003,-0.08572961197044983,1.2590020458334197,1.2401403759141258,1.1975368276031733,1.2404100963204274,1.2459493553611642,1.2262946192957784,1.3952705802928171,1.2494432526978847,1.2608301437227338,1.210256797431939,0.5683167861257937,1.257753408934369,1.1874655740962756,1.259303205253438,1.2828628315613442,1.2546990247633532,1.2784752307637643,1.8575956259281365,1.1976425588864439,1.2533677957776455,1.2769971836304175,-0.042223416015498456,1.2413748926509507,1.2431218848161711,1.2430885531451334,1.2560200881947439,1.1470703430721851,1.2438388062155759,1.2127600807871288,1.2438281834099965,1.2852161871792092,1.244098450723973,1.2125038302453173,1.2439981501053883,1.2162854145931443,1.2510267232450705,1.2378542628905702,1.266769742753564,1.2418055943246493,1.25922927016836,-1.7663435714867115,1.2628234915051497,1.1829561311926409,1.25448564817949,1.2487393168784753,1.282886606802009,1.254656271250402,1.2529179727621997,1.2741928524875428,1.242532527452885,1.2109600694035931,1.2603372269229998,1.2375471495641386,1.2177690944597186,1.2595015954133564,1.3245918219311996,1.2523717510627856,1.2466217157737849,1.2060538770279325,1.1967604107395708,1.1141223767057726,1.2369892449903854,1.2619814864554333,1.254436771260037,1.0724278109241414,1.2582079136709818,1.6340149388229852,1.2524978457641804,1.2207495137221638,1.2564111219111955,1.2774097539867444,1.3260920308375552,1.2824552765874004,1.2543596820112457,1.1881685217125086,1.2122523604752606,1.2691266913154309,1.2575410936418607,1.2218648781469605,1.2352738902380143,1.2212688438817814,1.2246160969237432,1.3240831202091439,1.2506415891147304,1.2523662000012858,1.2540079835940054,1.224958867928572,1.2662636030038554,1.1761799869513323,1.2528836056444175,1.2405364759165098,1.4843247400055763,1.2116022285609687,1.2373198500706752,1.2572184982905752,1.2041865135739354,1.2411557990864996,1.2050808580165373,1.2559185805753619,1.3082689365765732,1.1864820281900648,1.3172358097218575,1.2704551938483668,-0.11066426808372769,1.2494224889345291,1.2589029452149179,1.2211044693130382
1230,1519075771,1.231137566798158,1.2558705564318433,1.2360677057595124,1.2218801498692506,1.2049606729122637,1.2877177691633004,1.2300738771573227,1.2552737889543624,1.2521524455274498,1.2625389164459646,1.2644525454174567,1.1770416227722493,1.220769315580152,1.229748670760268,1.2371521472779203,1.2571466918613037,1.2571697243210465,1.245397638149937,1.2241456916221498,1.2594582780476995,1.1775541869768722,1.2375858478185215,-0.08572961197044983,1.2609189012909472,1.2421214561356657,1.1993396812173638,1.2418965838485163,1.2487303811568375,1.2297798264594075,1.3962623683314468,1.2513134066081641,1.2625951455294064,1.2141219469421527,0.0683061915615501,1.2598821508763853,1.1900088215343774,1.26173152841121,1.2855395779815153,1.2561683833119666,1.2807159426686363,1.7916860238778503,1.1988415980449252,1.2556215882410346,1.2792401449201398,-0.042223416015498456,1.2425337776984968,1.245508858275748,1.2442810677143876,1.2585435384075585,1.1470732295233288,1.2456310307811407,1.215509316364068,1.2465982411973973,1.2878871358207444,1.2468866570772135,1.2147100486948128,1.2460054300727297,1.2184938192918149,1.2525673983083794,1.239425375481298,1.26925569337557,1.2429637032089509,1.2611416536466686,-1.7663435714867115,1.2639974938753782,1.1860126502649166,1.256738586526835,1.252484633319739,1.286234685948,1.2563801703397546,1.254982987628351,1.276420166067691,1.2440341046762629,1.2131674814377136,1.26275554094577,1.239639771384782,1.2199723292695797,1.2610982760630352,1.3267358868776973,1.2541102355322853,1.2494065981698839,1.207827898331673,1.198562307624359,1.1146077980132894,1.238557171837337,1.2637530368948064,1.2555875190478094,1.083712925056224,1.2603314264687893,1.6340149388229852,1.2554953690779305,1.2241235367019765,1.2583131436532542,1.2796511299126905,1.3282312383880561,1.286083944929169,1.255907446809008,1.1902065466211065,1.2150017739825958,1.2709977375881405,1.260205301825128,1.2241126787831866,1.2367574635393184,1.223515857047431,1.2268719024237673,1.3269404826606641,1.2525130301407454,1.2553669169145556,1.2557342342326487,1.2272179135867094,1.2687514014403873,1.178277023924261,1.254421902511844,1.2420214191018362,1.4849610968251288,1.213808718985544,1.2394120186569135,1.2591206058496847,1.206547235249628,1.2434749983222368,1.2080308087180698,1.2590933979912564,1.3133561572228467,1.189024758956522,1.3222341757858092,1.2716991971583949,-0.11066426808372769,1.2512925083330635,1.2613265864881078,1.2244789923095531
1231,1519075777,1.2339271395102895,1.2581935039756502,1.2375528125109458,1.2241282050818154,1.2067330300429966,1.2898661847286792,1.232865294082229,1.2564255773458308,1.254906902205956,1.2643571665838491,1.2668116988230032,1.179131492299281,1.2232681079151642,1.2325397604237662,1.2386366947536325,1.259055374846567,1.2598645204759373,1.247189212142952,1.2263634069286566,1.2613636668517996,1.179127439281732,1.2390682190665427,-0.08572961197044983,1.262835756748475,1.2436072663018207,1.2023444372410148,1.2438785672193016,1.2522066634014293,1.2332650336230366,1.3982459444087059,1.2531835605184436,1.2637718134005214,1.216330603805132,0.3460898552083521,1.2620108928184017,1.1920434194848588,1.263552770779539,1.2882163244016864,1.258127528043451,1.2829566545735083,1.8575956259281365,1.2012396763618876,1.2578753807044236,1.2814831062098624,-0.042223416015498456,1.244851547793589,1.2472990883704307,1.246069839568269,1.2604361260671695,1.1470753943616863,1.246825847158184,1.2177087048256192,1.250060813431648,1.2905580844622797,1.2496748634304538,1.2169162671443083,1.2485145300319063,1.2207022239904854,1.2541080733716883,1.240996488072026,1.2711201563420749,1.2441218120932525,1.263054037124977,-1.7663435714867115,1.2651714962456064,1.1880503296464338,1.2589915248741803,1.2543572915403711,1.289582765093991,1.257529436399323,1.2565317487779641,1.2793899175078889,1.2455356818996408,1.2153748934718338,1.2639646979571553,1.2412092377502644,1.222726372781906,1.2626949567127141,1.328879951824195,1.2552692251786184,1.252191480565983,1.210784600504574,1.2003642045091472,1.1147534244055444,1.2401250986842884,1.2655245873341798,1.2567382668355815,1.0949893113351494,1.261924061067145,1.6340149388229852,1.2584928923916805,1.226372885355185,1.260849172642666,1.2826396311472854,1.330370445938557,1.2882611459342301,1.2579711332060242,1.1927540777568537,1.217201304788464,1.27286878386085,1.2618038267350884,1.2263604794194125,1.2382410368406225,1.226324623504493,1.2291277079237914,1.3297978451121846,1.2543844711667607,1.2576174545995078,1.2568850679917443,1.2294769592448467,1.2706172502677862,1.1808983201404217,1.2559601993792706,1.2435063622871625,1.4859156320544575,1.2160152094101193,1.2409811450965922,1.2610227134087943,1.2083177765063975,1.2452143977490397,1.209800779138989,1.260998288440793,1.3152060556396734,1.1910589435696877,1.3239002978071264,1.274809205433465,-0.11066426808372769,1.253162527731598,1.2637502277612975,1.2267286743072296
1232,1519075783,1.2381114985784873,1.2599357146335053,1.240523026013813,1.2286243155069447,1.210277744304462,1.2941630158594368,1.2370524194695882,1.2593050483245019,1.2597272013933418,1.2661754167217334,1.2691708522285494,1.1817438292080709,1.2259714645967732,1.2374241673348878,1.2416057897050565,1.2635089684788479,1.264580413746996,1.2501751687979767,1.2307988375416703,1.2645393148586332,1.1822739438914516,1.2420329615625854,-0.08572961197044983,1.266030515844354,1.2455883465233604,1.2047482420599354,1.2458605505900868,1.2577687149927759,1.2374472822193918,1.3997336264666502,1.2569238683390025,1.266713483078309,1.2196435890996011,0.2905331224789917,1.264139634760418,1.1956039658982014,1.2653740131478681,1.292900630636986,1.2600866727749354,1.2866911744149616,1.84025099380964,1.2036377546788501,1.262382965631202,1.2852213750260664,-0.042223416015498456,1.246589875364908,1.2496860618300074,1.2490511259914048,1.264852163939595,1.1470782808128297,1.2492154799122706,1.2215576346333339,1.2556009290064492,1.2958999817453505,1.2545542245486245,1.2207771494309256,1.2505218099992474,1.2245669322131592,1.2571894234983063,1.2436150090565723,1.2742275946195827,1.2470170843040067,1.2668788040815941,-1.7663435714867115,1.26986750572652,1.1921256884094682,1.2619954426706406,1.2574783885747576,1.2942700758983785,1.2604026015482441,1.259113017360653,1.2845869825282348,1.2485388363463965,1.2192378645315443,1.2663830119799255,1.2443481704812294,1.2265820336991629,1.264823864245619,1.332453393401691,1.2587461941176175,1.2570650247591562,1.214923983546635,1.203367365983794,1.1149961350593027,1.2432609523781915,1.2678866545866774,1.2601905101988982,1.1063471575768742,1.2645784520644043,1.6340149388229852,1.262239796533868,1.2303092454982998,1.2640192088794309,1.2871223829991778,1.334648861039559,1.2918898142759985,1.2605507412022947,1.1968301275740494,1.2210504836987335,1.2759871943153656,1.2639351932817022,1.2308560806918645,1.2412081834432307,1.2302568965443796,1.23363931892384,1.3333695481765848,1.2581273532187909,1.261368350741095,1.260337569269031,1.2334302891465871,1.2737269983134507,1.1835196163565824,1.259549558736599,1.2459812675960396,1.4870292564886742,1.22042819025927,1.24359635582939,1.2648269285270133,1.2130392198577828,1.2469537971758424,1.2127507298405216,1.2648080693398664,1.3179809032649137,1.1956358589493103,1.3261217938355494,1.277919213708535,-0.11066426808372769,1.2575259063281785,1.2655679587161897,1.2306656178031639
1233,1519075788,1.242993250824718,1.2622586621773122,1.2429982039328689,1.232558412128933,1.2126408871454393,1.2977437084684014,1.2419373990881741,1.262184519303173,1.2638588864111013,1.2685997502389128,1.272709582336869,1.1838336987351026,1.2286074963035527,1.2416108018301348,1.2435851863393392,1.2673263344493744,1.2686226079793324,1.2519667427909917,1.2341254105014305,1.267714962865467,1.184896031066218,1.2440094565599469,-0.08572961197044983,1.2698642267594094,1.2480646968002853,1.2071520468788561,1.2488335256462648,1.2619402536862858,1.2416295308157468,1.4017172025439095,1.2600407915228018,1.2696551527560969,1.22295657439407,0.2905331224789917,1.2673327476734424,1.199164512311544,1.2690164978845262,1.2962465636621996,1.2625356036892907,1.2911725982247055,1.774341391759354,1.2054363134165722,1.2653880222490541,1.2882119900790296,-0.042223416015498456,1.2500665305075465,1.2526697786544787,1.2508398978452862,1.2680064767056134,1.1470826104895449,1.2510077044778354,1.224306870210273,1.2590635012407,1.2992386675472696,1.258039482490175,1.224086477105169,1.253030909958424,1.2273274380864974,1.2597572152704877,1.2457098258442094,1.276713545241589,1.2499123565147607,1.270703571038211,-1.7663435714867115,1.2716285092818627,1.1946727876363648,1.266501319365331,1.259975266202267,1.2976181550443693,1.2621265006375968,1.2611780322268042,1.2875567339684324,1.2510414650520263,1.2231008355912547,1.2681967474970033,1.2464407923018728,1.2293360772114892,1.2674849986617505,1.335312146663688,1.2610641734102837,1.2619385689523295,1.2166980048503755,1.2057698951635116,1.1151903035823094,1.24535152150746,1.2696582050260508,1.2619166318805564,1.1177748266438554,1.2667019648622118,1.6340149388229852,1.2652373198476181,1.2331209313148104,1.2665552378688427,1.2908580095424214,1.33678806859006,1.295518482617767,1.2636462707978193,1.1993776587097966,1.2243497799075358,1.2784819226789783,1.267132243101623,1.233665831487147,1.2431862811783028,1.2330656630014416,1.237023027173876,1.3362269106281053,1.2612464215954828,1.2658694261109997,1.2620638199076744,1.2368188576337933,1.2774586959682483,1.186140912572743,1.261600621226501,1.2489511539666922,1.487983791718003,1.2231863032899892,1.2467346087087474,1.2673630719391593,1.2153999415334755,1.2492729964115796,1.2162906706823604,1.2667129597894031,1.3212182254943605,1.1981785897157675,1.3288986638710782,1.280407220328591,-0.11066426808372769,1.2600192655262246,1.268597510307677,1.2340401407996788
1234,1519075794,1.2457828235368495,1.264581609721119,1.2444833106843025,1.235368481144639,1.2144132442761721,1.2998921240337802,1.2447288160130803,1.2633363076946413,1.2666133430896076,1.271024083756092,1.274478947391029,1.1854011008803764,1.2313186212514882,1.2450996639095075,1.2450697338150514,1.269871245096392,1.271317404134223,1.2537583167840067,1.2368975546345642,1.269620351669567,1.1864692833710777,1.2459859515573086,-0.08572961197044983,1.2730589858552888,1.25054104707721,1.2083539492883164,1.2503200131743537,1.2654165359308776,1.24441769654665,1.4037007786211686,1.2619109454330812,1.2720084884983272,1.2251652312570493,0.7905437170432352,1.2689293041299547,1.2011991102620254,1.270230659463412,1.3002616832924563,1.2644947484207751,1.2934133101295775,1.8645334787755352,1.207234872154294,1.2683930788669062,1.2919502588952336,-0.042223416015498456,1.2518048580788657,1.253863265384267,1.2526286696991675,1.270529926918428,1.1470847753279025,1.2533973372319218,1.2265062586718243,1.2625260734749508,1.3019096161888049,1.2615247404317256,1.2262926955546645,1.2550381899257652,1.2300879439598356,1.261811448688233,1.2478046426318463,1.2785780082080935,1.252228574283364,1.2726159545165197,-1.7663435714867115,1.2728025116520911,1.1967104670178819,1.268754257712676,1.2618479244228988,1.3002966183611622,1.264425032756734,1.2637593008094932,1.29052648540863,1.2525430422754043,1.225308247625375,1.270010483014081,1.2480102586673554,1.2320901207238155,1.2696139061946556,1.338885588241184,1.262802657879783,1.2647234513484285,1.219063366588696,1.2075717920482998,1.1153359299745644,1.2469194483544115,1.2732013059047973,1.2636427535622148,1.1290861243354093,1.2682945994605674,1.6340149388229852,1.2674854623329306,1.2353702799680188,1.2697252741056073,1.2938465107770163,1.3389272761405608,1.297695683622828,1.2651940355955815,1.2019251898455439,1.226549310713404,1.281600333133494,1.2687307680115834,1.2359136321233728,1.245164378913375,1.2358744294585036,1.2392788326739004,1.3383699324667455,1.263117862621498,1.2681199637959522,1.2637900705463176,1.239642664706465,1.2793245447956472,1.1877136903024395,1.2631389180939276,1.2509310782137941,1.4886201485375554,1.2253927937145646,1.248303735148426,1.269265179498269,1.217760663209168,1.2521719954562511,1.21806064110328,1.2686178502389396,1.323530598515394,1.2007213204822247,1.331675533906607,1.282895226948647,-0.11066426808372769,1.261889284924759,1.2698093309442717,1.2362898227973553
1235,1519075800,1.2485723962489814,1.2669045572649258,1.245968417435736,1.238178550160345,1.2167763871171493,1.302040539599159,1.2475202329379864,1.2644880960861098,1.2693677997681139,1.2722362505146816,1.275658524093802,1.1869685030256505,1.2341074288626883,1.2478907535730057,1.247049130449334,1.2724161557434097,1.2740122002891139,1.2549526994460167,1.239115269941071,1.271525740473667,1.188566953110891,1.2479624465546704,-0.08572961197044983,1.2749758413128165,1.25252212729875,1.210156802902507,1.2518065007024426,1.2681975617265508,1.2479029037102793,1.4046925666597982,1.2650278686168803,1.2731851563694423,1.2273738881200287,0.9572139152313165,1.2705258605864669,1.2032337082125069,1.2714448210422982,1.3029384297126274,1.2659641069693883,1.2956540220344497,1.8680024051992343,1.2084339113127753,1.2706468713302954,1.294193220184956,-0.042223416015498456,1.2529637431264116,1.2556534954789498,1.255609956122303,1.272422514578039,1.1470869401662602,1.2551895617974869,1.2292554942487635,1.2652961312623514,1.305916039151108,1.265009998373276,1.22849891400416,1.2570454698931066,1.2322963486585061,1.263352123751542,1.2493757552225742,1.2816854464856013,1.2539657376098166,1.2745283379948282,-1.7663435714867115,1.2745635152074337,1.1992575662447782,1.271007196060021,1.263720582643531,1.3029750816779548,1.2667235648758708,1.2653080619591066,1.2927537989887783,1.254545145239908,1.2280675126680252,1.271219640025466,1.2495797250328378,1.2342933555336764,1.2712105868443344,1.3410296531876817,1.2645411423492827,1.2675083337445274,1.2208373878924366,1.209373688933088,1.1154815563668197,1.2495326597659973,1.274382339531046,1.265368875243873,1.1404876098429193,1.2698872340589231,1.6340149388229852,1.2712323664751182,1.2381819657845294,1.2716272958476662,1.2960878867029624,1.3432056912415626,1.299872884627889,1.2667418003933437,1.2039632147541415,1.2287488415192722,1.2834713794062036,1.2703292929215437,1.2387233829186552,1.2466479522146792,1.2381214426241531,1.2415346381739245,1.3405129543053858,1.264989303647513,1.2703705014809044,1.2660917380645087,1.2419017103646024,1.281190393623046,1.1892864680321358,1.264677214961354,1.2524160213991202,1.4892565053571079,1.2281509067452838,1.2498728615881047,1.2724353587634516,1.2201213848848607,1.254491194691988,1.2198306115241992,1.2717926676548341,1.325380496932221,1.2032640512486819,1.3333416559279243,1.2847612319136892,-0.11066426808372769,1.2650059839223164,1.271627061899164,1.238539504795032
1236,1519075805,1.251361968961113,1.268646767922781,1.2474535241871696,1.2409886191760509,1.2185487442478822,1.3041889551645376,1.2503116498628926,1.2662157786733126,1.2728108706162466,1.2740545006525659,1.2768381007965752,1.1890583725526822,1.2368884682075618,1.2506818432365037,1.2490285270836168,1.2749610663904274,1.2767069964440045,1.2573414647700367,1.2413329852475778,1.2753365180818674,1.1906646228507038,1.249938941552032,-0.08572961197044983,1.2775316485895198,1.2540079374649047,1.2113587053119674,1.2542839799159242,1.2716738439711426,1.2506910694411826,1.4066761427370573,1.2668980225271598,1.274950158176115,1.2306868734144978,1.0683273806900373,1.2726546025284833,1.2052683061629883,1.2732660634106272,1.3056151761327985,1.2679232517008727,1.2978947339393216,1.8610645523518359,1.210831989629738,1.2729006637936846,1.2964361814746783,-0.042223416015498456,1.255860955745277,1.2580404689385265,1.2568024706915575,1.27431510223765,1.1470898266174037,1.2575791945515733,1.231454882710315,1.2680661890497522,1.3085869877926433,1.2677982047265166,1.2307051324536555,1.2585509298686124,1.234504753357177,1.2648927988148508,1.2514705720102113,1.2835499094521061,1.2551238464941183,1.2764407214731368,-1.7663435714867115,1.2757375175776622,1.2012952456262955,1.2732601344073664,1.2674658990847947,1.3076623924823423,1.2690220969950077,1.2668568231087198,1.2949811125689266,1.2560467224632859,1.2302749247021454,1.2736379540482365,1.2516723468534812,1.2364965903435374,1.2728072674940132,1.3431737181341796,1.2662796268187824,1.2702932161406264,1.222611409196177,1.2111755858178759,1.1156757248898264,1.2511005866129488,1.2755633731572948,1.2676703708194175,1.151874548928501,1.2720107468567305,1.6340149388229852,1.2734805089604309,1.24099365160104,1.273529317589725,1.299823513246206,1.3453448987920635,1.3035015529696576,1.268289565191106,1.2060012396627393,1.2309483723251404,1.285342425678913,1.271927817831504,1.2409711835548813,1.2486260499497512,1.2403684557898027,1.2437904436739486,1.3455133385955462,1.2668607446735283,1.2726210391658568,1.2678179887031522,1.244725517437274,1.283056242450445,1.1908592457618323,1.2662155118287806,1.2539009645844466,1.4898928621766605,1.2303573971698591,1.251965030174343,1.274337466322561,1.2218919261416301,1.2556507943098567,1.2216005819451188,1.2749674850707287,1.3272303953490476,1.2052982358618476,1.3350077779492415,1.2866272368787313,-0.11066426808372769,1.266876003320851,1.2740507031723538,1.2419140277915468
1237,1519075811,1.254151541673245,1.2698082416946845,1.2494336665224142,1.2432366743886156,1.2215026727991034,1.3070535092517093,1.2538009210190253,1.2685193554562495,1.2762539414643796,1.2752666674111555,1.2786074658507351,1.190625774697956,1.239055814512645,1.254868477731751,1.2510079237178995,1.2768697493756906,1.280075491637618,1.2591330387630517,1.2441051293807113,1.2772419068859677,1.192762292590517,1.2514213128000533,-0.08572961197044983,1.2794485040470476,1.2559890176864446,1.213762510130888,1.2562659632867095,1.2744548697668159,1.254176276604812,1.4081638247950017,1.2687681764374392,1.27612682604723,1.2328955302774771,0.6794302515845145,1.2742511589849956,1.2073029041134697,1.2744802249895133,1.3089611091580124,1.2693926102494861,1.301629253780775,1.8575956259281365,1.212031028788219,1.2774082487204628,1.3009221040541232,-0.042223416015498456,1.257599283316596,1.2604274423981034,1.2591874998300658,1.2774694150036683,1.1470919914557611,1.2587740109286165,1.233654271171866,1.271528761284003,1.3119256735945624,1.2719805142563771,1.2340144601278988,1.2600563898441184,1.2367131580558475,1.2664334738781597,1.2530416846009391,1.2854143724186107,1.2568610098205708,1.2783531049514454,-1.7663435714867115,1.2780855223181191,1.2043517646985713,1.2755130727547115,1.2693385573054268,1.310340855799135,1.2701713630545761,1.268921837974871,1.2979508640091242,1.2585493511689156,1.2324823367362656,1.2748471110596216,1.2532418132189638,1.2386998251533985,1.274403948143692,1.3467471597116758,1.2691771009346149,1.2737743191357502,1.2243854304999175,1.2135781149975935,1.1158213512820814,1.2531911557422175,1.2779254404097926,1.2699718663949617,1.1631218423635696,1.2736033814550862,1.6340149388229852,1.2764780322741809,1.2432430002542483,1.2760653465791367,1.3020648891721522,1.3481971755260649,1.3056787539747186,1.2698373299888683,1.2080392645713371,1.2336977858324758,1.2872134719516224,1.2735263427414645,1.2432189841911072,1.2506041476848233,1.2431772222468644,1.2460462491739728,1.3476563604341865,1.2706036267255585,1.2756217560791265,1.2701196562213433,1.2469845630954115,1.2855440408869767,1.1929562827347608,1.2682665743186825,1.2553859077697729,1.490688308201101,1.2331155102005782,1.2540571987605813,1.2762395738816705,1.2236624673983996,1.2573901937366596,1.223370552366038,1.2768723755202651,1.3290802937658743,1.2073324204750133,1.3366738999705587,1.2884932418437733,-0.11066426808372769,1.2693693625188969,1.2752625238089488,1.2441637097892235
1238,1519075816,1.2604280802755414,1.273292663010395,1.2528989156090926,1.2482947986168862,1.2250473870605691,1.3127826174260526,1.2614773175625174,1.2719747206306546,1.2824514689910187,1.2782970843076296,1.2821461959590548,1.1937605789885037,1.2411014579786135,1.2611484294746216,1.2539770186693238,1.2813233430079716,1.2861387829861224,1.2627161867490817,1.2490949888203517,1.2810526844941679,1.19643321463519,1.2543860552960957,-0.08572961197044983,1.2832822149621028,1.2589606380187544,1.217368217359269,1.2597344341855838,1.280712177807081,1.2597526080666186,1.4106432948915757,1.2731318688947582,1.2802451635961327,1.2378650082191807,-0.5983746011907747,1.2779764573835242,1.211880749502053,1.2787297905156143,1.3143146019983547,1.2723313273467127,1.3068575815588095,1.6147707762691874,1.2150286266844224,1.282667097801704,1.3054080266335681,-0.042223416015498456,1.2610759384592343,1.2628144158576804,1.2621687862532016,1.281885452876094,1.1470963211324765,1.2617610518712248,1.2386028952103565,1.2777613913056542,1.3172675708776331,1.277556926962858,1.2384268970268901,1.2635691297869656,1.2416820686278562,1.270028382359214,1.2561839097823946,1.2897647860071215,1.2591772275891742,1.2828153330674985,-1.7663435714867115,1.2810205282436902,1.2084271234616055,1.281520908347632,1.2737080931535678,1.3156977824327205,1.2730445282034974,1.2720193602740977,1.3038903668895196,1.2615525056156713,1.2374490138130363,1.2790791605994696,1.2569039014050896,1.243657103475586,1.2775973094430495,1.3510352896046711,1.271495080227281,1.280040304526973,1.229116153976559,1.2177825410620993,1.116161146197343,1.2563270094361205,1.2808780244754148,1.2728487358643923,1.1743138593953102,1.2773195288512493,1.6340149388229852,1.2809743172448058,1.2477416975606652,1.2798693900632545,1.3072947663326933,1.3524755906270667,1.311484623321548,1.2734487811836468,1.2126248206156822,1.2386467301456792,1.2915792465879445,1.2777890758346921,1.2488384857816721,1.2535712942874317,1.2476712485781636,1.2511218115490272,1.351942404111467,1.274346508777589,1.2831235483623011,1.272996740619082,1.2515026544116863,1.2898976881509072,1.1966260974373857,1.2713431680535356,1.2583557941404255,1.491961021840206,1.2375284910497288,1.2571954516399386,1.2819458965589992,1.2272035499119387,1.260289192781331,1.2280904734884899,1.2806821564193385,1.332780090599528,1.2114007897013446,1.3400061440131932,1.2934692550838853,-0.11066426808372769,1.2731094013159658,1.2795038960370309,1.2486630737845767
1239,1519075822,1.264612439343739,1.2744541367822981,1.254384022360526,1.250542853829451,1.226819744191302,1.3149310329914314,1.2642687344874237,1.2737024032178574,1.285205925669525,1.2819335845833983,1.2839155610132145,1.1958504485155357,1.2437219531527401,1.2639395191381195,1.2554615661450357,1.2832320259932348,1.288833579141013,1.2639105694110917,1.2513127041268586,1.2835932028996349,1.1980064669400496,1.2563625502934574,-0.08572961197044983,1.2858380222388062,1.2604464481849091,1.2197720221781898,1.2612209217136727,1.2834932036027542,1.2632378152302477,1.41213097694952,1.2750020228050376,1.2814218314672479,1.24007366508216,-0.2094774720852519,1.2795730138400365,1.2139153474525344,1.2811581136733863,1.3176605350235686,1.2742904720781971,1.3090982934636815,1.6425221876587814,1.2174267050013847,1.2849208902650933,1.3083986416865314,-0.042223416015498456,1.2622348235067804,1.2652013893172571,1.263957558107083,1.2837780405357049,1.147098485970834,1.2641506846253114,1.2408022836719077,1.280531449093055,1.3206062566795522,1.2810421849044085,1.2406331154763857,1.2650745897624716,1.2444425745011944,1.271569057422523,1.2582787265700317,1.2916292489736263,1.2620724997999282,1.284727716545807,-1.7663435714867115,1.2821945306139184,1.2104648028431226,1.2852758055932074,1.2755807513742,1.3183762457495134,1.2753430603226343,1.2740843751402489,1.306117680469668,1.2630540828390493,1.2396564258471565,1.2802883176108548,1.2584733677705722,1.2464111469879122,1.2802584438591809,1.3538940428666681,1.2732335646967805,1.282825186923072,1.2308901752802992,1.218983805651958,1.116306772589598,1.258417578565389,1.282649574914788,1.2739994836521644,1.1856280663712495,1.278912163449605,1.6340149388229852,1.283971840558556,1.2499910462138737,1.2830394263000193,1.3095361422586393,1.3560409365445683,1.3136618243266092,1.2749965459814092,1.21466284552428,1.2408462609515474,1.2946976570424602,1.279920442381306,1.2510862864178982,1.2550548675887359,1.251041768326638,1.2533776170490514,1.3540854259501072,1.276217949803604,1.2853740860472533,1.2741475743781778,1.2543264614843581,1.291763536978306,1.1987231344103142,1.272881464920962,1.2608306994493028,1.4927564678646466,1.2397349814743042,1.259287620226177,1.2838480041181088,1.2289740911687081,1.2620285922081338,1.2298604439094094,1.2825870468688751,1.3350924636205614,1.2134349743145103,1.342783014048722,1.2959572617039414,-0.11066426808372769,1.2749794207145004,1.2807157166736256,1.2514751762816725
1240,1519075828,1.265309832521772,1.27503487366825,1.2548790579443372,1.2511048676325922,1.2274105299015463,1.3156471715132245,1.2649665887186503,1.2737024032178574,1.2858945398391515,1.2819335845833983,1.2839155610132145,1.1963729158972936,1.2461352945581612,1.264637291553994,1.2564512644621773,1.2838682536549892,1.2895072781797356,1.2645077607420967,1.2518671329534852,1.2842283325010015,1.198530884375003,1.2568566740427978,-0.08572961197044983,1.2864769740579822,1.261436988295679,1.22037297338292,1.261716417556369,1.2834932036027542,1.2646318980956994,1.4126268709688348,1.2756254074417974,1.2820101654028055,1.2406258292979049,0.5127600533964333,1.2801051993255406,1.214932646427775,1.2817651944628292,1.3189989082336542,1.2747802582610681,1.3090982934636815,1.8784091844703321,1.2180262245806255,1.2856721544195564,1.3083986416865314,-0.042223416015498456,1.2628142660305535,1.2652013893172571,1.2645538153917102,1.2837780405357049,1.14709920758362,1.264748092813833,1.2419019779026834,1.280531449093055,1.321273993839936,1.2810421849044085,1.2411846700887594,1.265576409754307,1.244994675675862,1.2720826157769591,1.258802430766941,1.2934937119401309,1.262651554242079,1.2853651777052433,-1.7663435714867115,1.2827815317990328,1.210974222688502,1.2860267850423224,1.2762049707810772,1.3197154774079098,1.2753430603226343,1.2746006288567866,1.306117680469668,1.2635546085801752,1.2402082788556865,1.2808928961165473,1.258996523225733,1.2469619556903775,1.2807906707424073,1.3553234194976664,1.273813059519947,1.282825186923072,1.2314815157148795,1.2195844379468874,1.1163553147203498,1.2589402208477063,1.2832400917279123,1.2751502314399368,1.196849176246847,1.279443041649057,1.6340149388229852,1.2862199830438685,1.2505533833771758,1.2836734335473723,1.3095361422586393,1.3567540057280685,1.3143875579949629,1.2755124675806633,1.2151723517514295,1.2419460263544815,1.2953213391333633,1.2804532840179594,1.2516482365769546,1.2560439164562718,1.2516035216180503,1.2539415684240574,1.3555141071758674,1.2768417634789424,1.2853740860472533,1.2752984081372734,1.2548912228988924,1.2936293858057049,1.1992473936535464,1.2733942305434376,1.2618206615728536,1.4929155570695347,1.240286604080448,1.2598106623727363,1.2838480041181088,1.2295642715876312,1.2631881918260024,1.2310404241900224,1.2825870468688751,1.3360174128289748,1.2139435204678017,1.3438937620629334,1.2965792633589555,-0.11066426808372769,1.275602760514012,1.2813216269919232,1.2520375967810915
1241,1519075833,1.2694941915899696,1.2779385580980085,1.2573542358633931,1.2544769504514393,1.230955244163012,1.319227864122189,1.2691537141060096,1.2760059800007941,1.2907148390265375,1.2843579181005775,1.286274714418761,1.1984627854243255,1.248639265737391,1.2688239260492413,1.25843066109646,1.286413164302007,1.2942231714507946,1.2662993347351117,1.2551937059132454,1.288039110109202,1.200628554114816,1.2588331690401595,-0.08572961197044983,1.2890327813346856,1.263913338572604,1.2221758269971106,1.264689392612547,1.2883599987451826,1.2688141466920544,1.4151063410654088,1.2781189459888367,1.2837751672094782,1.2444909788081187,0.5127600533964333,1.282766126753061,1.2179845433534973,1.2835864368311583,1.3230140278639109,1.2772291891754237,1.3128328133051348,1.8714713316229337,1.2198247833183473,1.2886772110374085,1.3121369105027354,-0.042223416015498456,1.2657114786494188,1.2681851061417282,1.2669388445302185,1.2869323533017234,1.147103537260335,1.2665403173793979,1.2452010605950103,1.285379050221006,1.3252804168022392,1.2859215460225792,1.2444939977630027,1.2680855097134835,1.2483072827238682,1.2741368491947043,1.260897247554578,1.2959796625621371,1.2649677720106824,1.2879150223429878,-1.7663435714867115,1.2845425353543753,1.214540161606157,1.2897816822878976,1.2799502872223412,1.323733172383099,1.2776415924417712,1.2766656437229378,1.309829869769915,1.265556711544679,1.243519396906867,1.2839157886450103,1.2610891450463764,1.250266807905169,1.2829195782753122,1.3581821727596635,1.2755515439894467,1.287698731116245,1.2338468774532,1.2213863348316756,1.1168892781586184,1.261030789976975,1.28560215898041,1.276876353121595,1.2081692017915577,1.2820974326463164,1.6340149388229852,1.2892175063576186,1.2544897435202906,1.286209462536784,1.3140188941105317,1.3596062824620698,1.318741960005085,1.2775761539776795,1.218229389114326,1.2452453225632838,1.297816067496976,1.2825846505645733,1.2550199375312936,1.258022014191344,1.2549740413665247,1.2573252766740937,1.3583714696273876,1.2793370181802959,1.2891249821888406,1.2770246587759166,1.2582797913860986,1.2961171842422368,1.201344430626475,1.2754452930333395,1.2638005858199555,1.4938700922988635,1.243596339717311,1.2624258731055342,1.2870181833832914,1.2331053541011703,1.2655073910617396,1.2339903748915548,1.2863968277679485,1.3415671080794551,1.2175033435408418,1.3483367541197795,1.2996892716340256,-0.11066426808372769,1.278096119712058,1.2843511785834103,1.2559745402770257
1242,1519075839,1.2729811574801344,1.2796807687558638,1.259334378198638,1.2572870194671453,1.2344999584244776,1.3235246952529465,1.2726429852621424,1.278309556783731,1.2941579098746703,1.2855700848591671,1.287454291121534,1.201075122333115,1.2512830657104972,1.2723127881286138,1.261399756047884,1.2889580749490246,1.2989390647218535,1.2686881000591315,1.2585202788730057,1.2905796285146687,1.2027262238546292,1.2608096640375213,-0.08572961197044983,1.2915885886113891,1.2658944187941439,1.2251805830207614,1.2666713759833323,1.293226793887611,1.2722993538556837,1.417089917142668,1.281235869172636,1.2855401690161508,1.2472517998868429,0.6238735188551541,1.2848948686950772,1.2210364402792193,1.2854076791994873,1.3263599608891248,1.28016790627265,1.3165673331465881,1.8714713316229337,1.2228223812145504,1.2916822676552606,1.3158751793189394,-0.042223416015498456,1.2680292487445108,1.2705720796013051,1.2687276163841001,1.2900866660677417,1.1471064237114785,1.2683325419449627,1.2479502961719495,1.2902266513489573,1.3286191026041583,1.2901038555524398,1.247803325437246,1.2700927896808247,1.2510677885972064,1.2756775242580132,1.262992064342215,1.2984656131841434,1.266704935337135,1.2904648669807326,-1.7663435714867115,1.286890540094832,1.218106100523812,1.2920346206352429,1.2824471648498503,1.3284204831874862,1.2793654915311239,1.2782144048725512,1.3142844969302114,1.2680593402503089,1.2468305149580474,1.2851249456563956,1.2631817668670196,1.2530208514174954,1.2845162589249912,1.3610409260216603,1.2784490181052792,1.2918760547103936,1.237394920060681,1.2231882317164637,1.117083446681625,1.2631213591062436,1.2867831926066589,1.2797532225910255,1.2195561408771394,1.283690067244672,1.6340149388229852,1.2922150296713686,1.2573014293368012,1.2900135060209017,1.318501645962424,1.362458559196071,1.3216448946784998,1.279123918775442,1.2217959327043721,1.2479947360706192,1.3003107958605886,1.2841831754745336,1.257829688326576,1.260494636360184,1.258344561114999,1.260145033549124,1.362657513304668,1.283079900232326,1.2921256991021104,1.2804771600532034,1.2611035984587702,1.2986049826787684,1.2039657268426356,1.2774963555232415,1.2657805100670572,1.494824627528192,1.246906075354174,1.2645180416917725,1.2895543267954375,1.2372366170336322,1.2672467904885423,1.2363503354527807,1.288936681700664,1.3438794811004886,1.2215717127671732,1.3505582501482025,1.3015552765990677,-0.11066426808372769,1.281836158509127,1.2861689095383027,1.2587866427741214
1243,1519075845,1.279257696082431,1.2837459269575258,1.2632946628691275,1.262907157498557,1.2380446726859433,1.328537664905497,1.2796215275744078,1.2823408161538705,1.2996668232316828,1.289206585134936,1.2927623862840136,1.204209926623663,1.2540097271910855,1.2785927398714845,1.264368850999308,1.2953203515665688,1.3050023560703576,1.2722712480451615,1.2629557094860193,1.294390406122869,1.2069215633342554,1.2642685302829042,-0.08572961197044983,1.296700203164796,1.2693613091818385,1.2275843878396822,1.2706353427249029,1.2980935890300394,1.2778756853174904,1.4195693872392419,1.2862229462667145,1.2896585065650537,1.2516691136128015,-0.8206015321082163,1.288620167093606,1.2256142856678027,1.2896572447255883,1.331713453729467,1.2831066233698767,1.3217956609246229,1.4829515721686148,1.2258199791107538,1.297692380890965,1.3203611018983843,-0.042223416015498456,1.2720853464109223,1.272959053060882,1.2729014173764899,1.2938718413869637,1.1471121966137654,1.271319582887571,1.25289892021044,1.2957667669237585,1.3339609998872288,1.2956802682589206,1.252767316948611,1.2741073496155073,1.2560366991692151,1.2797859910935037,1.2661342895236707,1.3028160267726543,1.2701792619900398,1.2968394785750943,-1.7663435714867115,1.29217355076086,1.2221814592868465,1.2980424562281634,1.2861924812911143,1.3337774098210717,1.2828132897098292,1.2818281808883156,1.318739124090508,1.2720635461793166,1.2517971920348179,1.2893569951962436,1.2668438550531456,1.2585289384421479,1.2887740739908013,1.3653290559146558,1.2825054818674448,1.2974458195025917,1.2427169839719026,1.2279932900758987,1.1174232415968868,1.2673024973647808,1.289735776672281,1.2820547181665698,1.2310012656504348,1.287937092840287,1.6340149388229852,1.2967113146419937,1.2618001266432182,1.2944515567523722,1.3222372725056677,1.3667369742970727,1.3259992966886218,1.2837672131687285,1.2268909949758666,1.2529436803838225,1.305300252587814,1.2884459085677613,1.2628872397580846,1.2634617829627923,1.2634003407377106,1.2663484986741904,1.3669435569819486,1.2868227822843565,1.29812713292865,1.2827788275713945,1.2661864511895793,1.303580579551832,1.2071112823020285,1.2826240117479966,1.2692453774994852,1.4962564303721853,1.2518706788094687,1.2676562945711298,1.293992577766693,1.2407776995471713,1.270725589342148,1.2410702565752325,1.2927464625997374,1.348041752538349,1.2256400819935045,1.3544458681979428,1.3071532914941937,-0.11066426808372769,1.2861995371057073,1.2891984611297898,1.2632860067694747
1244,1519075850,1.279257696082431,1.2843266638434774,1.2632946628691275,1.262907157498557,1.2380446726859433,1.328537664905497,1.2796215275744078,1.2823408161538705,1.2996668232316828,1.2904187518935255,1.2927623862840136,1.204209926623663,1.256661295430518,1.2785927398714845,1.264368850999308,1.2953203515665688,1.3050023560703576,1.2722712480451615,1.2629557094860193,1.294390406122869,1.2069215633342554,1.2647626540322445,-0.08572961197044983,1.296700203164796,1.2698565792372234,1.2275843878396822,1.2706353427249029,1.2980935890300394,1.2778756853174904,1.4195693872392419,1.2862229462667145,1.2902468405006111,1.2522212778285462,0.8461004497725957,1.288620167093606,1.2256142856678027,1.2896572447255883,1.331713453729467,1.2831066233698767,1.3217956609246229,1.874940258046633,1.2258199791107538,1.297692380890965,1.321856409424866,-0.042223416015498456,1.2720853464109223,1.272959053060882,1.2729014173764899,1.2938718413869637,1.1471121966137654,1.271319582887571,1.25289892021044,1.2957667669237585,1.3339609998872288,1.2963773198472308,1.252767316948611,1.2746091696073425,1.2560366991692151,1.28029954944794,1.2661342895236707,1.3028160267726543,1.2701792619900398,1.2968394785750943,-1.7663435714867115,1.29217355076086,1.2221814592868465,1.2980424562281634,1.2868167006979916,1.3337774098210717,1.2839625557693979,1.2818281808883156,1.318739124090508,1.2720635461793166,1.2517971920348179,1.2893569951962436,1.2668438550531456,1.2585289384421479,1.2893063008740275,1.3653290559146558,1.2825054818674448,1.2974458195025917,1.2427169839719026,1.2279932900758987,1.1174232415968868,1.2673024973647808,1.289735776672281,1.2820547181665698,1.2423242004795312,1.2884679710397389,1.6340149388229852,1.2967113146419937,1.2618001266432182,1.2944515567523722,1.3222372725056677,1.3667369742970727,1.3259992966886218,1.2837672131687285,1.2268909949758666,1.2529436803838225,1.305300252587814,1.2884459085677613,1.2628872397580846,1.2634617829627923,1.2634003407377106,1.2663484986741904,1.3669435569819486,1.2868227822843565,1.29812713292865,1.2827788275713945,1.2661864511895793,1.303580579551832,1.2071112823020285,1.2826240117479966,1.2692453774994852,1.4962564303721853,1.2524223014156124,1.2676562945711298,1.293992577766693,1.2407776995471713,1.2713053891510824,1.2410702565752325,1.2927464625997374,1.3485042271425556,1.2256400819935045,1.3550012422050486,1.3071532914941937,-0.11066426808372769,1.2868228769052188,1.2891984611297898,1.2632860067694747
1245,1519075856,1.2820472687945625,1.2860688745013327,1.264779769620561,1.2651552127111219,1.2404078155269205,1.3321183575144615,1.2831107987305406,1.283492604545339,1.302421279910189,1.292843085410705,1.2945317513381733,1.2062997961506947,1.2584790697509103,1.2820816019508572,1.2658533984750202,1.297229034551832,1.3090445503026937,1.2734656307071714,1.2657278536191527,1.2962957949269693,1.208494815639115,1.2667391490296063,-0.08572961197044983,1.2998949622606755,1.2713423894033784,1.2293872414538727,1.2726173260956881,1.3008746148257126,1.2813608924811195,1.4215529633165012,1.288093100176994,1.2920118423072837,1.2544299346915255,0.2905331224789917,1.290216723550118,1.2276488836182842,1.2908714063044742,1.335059386754681,1.285065768101361,1.3240363728294948,1.8610645523518359,1.2276185378484756,1.3006974375088172,1.324847024477829,-0.042223416015498456,1.2738236739822413,1.2747492831555647,1.2740939319457443,1.297026154152982,1.1471158046776948,1.2737092156416574,1.2561980029027668,1.298536824711159,1.337967422849532,1.2998625777887813,1.2549735353981066,1.2761146295828485,1.2582451038678857,1.281840224511249,1.2682291063113078,1.3065449527056636,1.2730745342007939,1.2987518620534029,-1.7663435714867115,1.2939345543162026,1.2247285585137428,1.3002953945755085,1.2886893589186235,1.3364558731378646,1.2856864548587505,1.2844094494710045,1.3209664376706562,1.2735651234026943,1.254004604068938,1.2911707307133213,1.268413321418628,1.260732173252009,1.2914352084069327,1.368902497492152,1.283664471513778,1.3002307018986907,1.244491005275643,1.2291945546657574,1.1175688679891418,1.2688704242117324,1.2932788775510276,1.2837808398482282,1.2534260296953155,1.2900606056380945,1.6340149388229852,1.2997088379557438,1.2640494752964266,1.296987585741784,1.3244786484316138,1.3710153893980748,1.328176497693683,1.285830899565745,1.2289290198844645,1.2551432111896907,1.3071712988605233,1.2900444334777217,1.265696990553367,1.2649453562640964,1.2662091071947725,1.2686043041742145,1.3690865788205888,1.2886942233103715,1.3011278498419196,1.2845050782100378,1.2695750196767854,1.304824478770098,1.2086840600317248,1.284162308615423,1.2717202828083625,1.4968927871917377,1.2551804144463317,1.2692254210108085,1.2971627570318756,1.2425482408039408,1.273044788577885,1.2428402269961518,1.294651353049274,1.3503541255593825,1.2276742666066702,1.3566673642263658,1.3090192964592358,-0.11066426808372769,1.2893162361032648,1.291016192084682,1.2655356887671512
1246,1519075862,1.2848368415066944,1.2883918220451396,1.2662648763719946,1.2674032679236866,1.2421801726576533,1.3342667730798403,1.2859022156554467,1.2852202871325418,1.305864350758322,1.2940552521692945,1.2957113280409467,1.2078671982959686,1.2608950005784403,1.2848726916143551,1.267832795109303,1.2991377175370953,1.3117393464575846,1.2752572047001864,1.2679455689256596,1.2994714429338028,1.210068067943975,1.268715644026968,-0.08572961197044983,1.3018118177182032,1.2733234696249183,1.230589143863333,1.274103813623777,1.303655640621386,1.2848460996447486,1.4230406453744455,1.2912100233607933,1.2937768441139565,1.2571907557702497,0.2349763897496313,1.2928776509776385,1.230192131056386,1.2926926486728032,1.337736133174852,1.2865351266499745,1.3270239887026574,1.8541266995044372,1.228817577006957,1.3029512299722064,1.3270899857675515,-0.042223416015498456,1.2755620015535605,1.2777329999800358,1.2770752183688798,1.298918741812593,1.1471186911288382,1.2766962565842657,1.258397391364318,1.3013068824985599,1.3406383714910672,1.3026507841420216,1.2571797538476022,1.2781219095501897,1.261005609741224,1.2838944579289941,1.270847627295854,1.3084094156721684,1.2748116975272463,1.3013017066911476,-1.7663435714867115,1.2956955578715452,1.2267662378952602,1.3025483329228538,1.2918104559530101,1.3391343364546573,1.2879849869778874,1.2859582106206178,1.3231937512508045,1.2750667006260723,1.2573157221201186,1.2935890447360916,1.2699827877841106,1.26293540806187,1.2930318890566115,1.3710465624386496,1.284823461160111,1.3037118048938143,1.2462650265793835,1.2309964515505456,1.1177630365121485,1.2714836356233181,1.2944599111772763,1.2849315876360003,1.2647169623961694,1.292184118435902,1.6340149388229852,1.3027063612694938,1.2679858354395415,1.299523614731196,1.3267200243575599,1.3731545969485757,1.3310794323670978,1.2873786643635072,1.2309670447930623,1.257342741995559,1.3090423451332327,1.291642958387682,1.2685067413486495,1.2664289295654005,1.2690178736518343,1.2714240610492449,1.371229600659229,1.2905656643363868,1.303378387526872,1.2868067457282288,1.271834065334923,1.3073122772066297,1.2102568377614213,1.286213371105325,1.2732052259936888,1.4975291440112901,1.257386904870907,1.2718406317436064,1.2996989004440216,1.2454991428985565,1.2753639878136223,1.2452001875573777,1.2997310609147052,1.3522040239762092,1.2302169973731274,1.358333486247683,1.3108853014242778,-0.11066426808372769,1.2911862555017992,1.2940457436761692,1.2689102117636661
1247,1519075867,1.287626414218826,1.2895532958170428,1.267749983123428,1.2696513231362514,1.2439525297883862,1.3364151886452191,1.2893914868115794,1.2863720755240102,1.3086188074368283,1.295267418927884,1.2974806930951064,1.2099570678230005,1.263499959219914,1.2883615536937278,1.269317342585015,1.3010464005223585,1.3144341426124753,1.2782431613552114,1.2701632842321664,1.3026470909406365,1.2116413202488348,1.2701980152749892,-0.08572961197044983,1.3037286731757307,1.275304549846458,1.2329929486822537,1.2765812928372586,1.3071319228659777,1.287634265375652,1.4250242214517046,1.2930801772710727,1.2949535119850715,1.259951576848974,0.3460898552083521,1.2944742074341509,1.2322267290068674,1.2939068102516893,1.3404128795950232,1.2884942713814589,1.3307585085441107,1.850657773080738,1.2312156553239195,1.3059562865900585,1.3285852932940332,-0.042223416015498456,1.2778797716486527,1.2789264867098242,1.2788639902227612,1.300811329472204,1.147120855967196,1.2784884811498305,1.2605967798258695,1.3040769402859604,1.3439770572929863,1.304741938906952,1.2604890815218455,1.2796273695256957,1.2632140144398947,1.285435132992303,1.272942444083491,1.310273878638673,1.2759698064115481,1.3038515513288924,-1.7663435714867115,1.2968695602417737,1.2288039172767773,1.3048012712701988,1.2943073335805193,1.3431520314298464,1.2891342530374559,1.288023225486769,1.3254210648309528,1.2765682778494503,1.2595231341542388,1.2947982017474768,1.2725985650599148,1.265138642871731,1.2946285697062903,1.3731906273851473,1.2865619456296107,1.3071929078889382,1.248039047883124,1.2321977161404043,1.118005747165907,1.2730515624702696,1.296821978429774,1.2872330832115448,1.2760457157940372,1.2937767530342577,1.6340149388229852,1.3049545037548063,1.270797521256052,1.3026936509679605,1.3304556509008036,1.3760068736825768,1.3332566333721587,1.2889264291612696,1.23300506970166,1.2595422728014272,1.3109133914059423,1.2932414832976424,1.271316492143932,1.2684070273004728,1.2718266401088962,1.274243817924275,1.3762299849493895,1.2949323600637554,1.3063791044401418,1.2879575794873246,1.2740931109930602,1.3085561764248956,1.2123538747343499,1.2877516679727516,1.2746901691790151,1.4981655008308425,1.2595933952954823,1.273409758183285,1.3022350438561678,1.247269684155326,1.2771033872404252,1.2469701579782972,1.301635951364242,1.354053922393036,1.2322511819862931,1.3599996082690005,1.31275130638932,-0.11066426808372769,1.2930562749003338,1.2952575643127642,1.2717223142607619
1248,1519075873,1.2918107732870239,1.291295506474898,1.270225161042484,1.2724613921519572,1.2474972440498517,1.3399958812541837,1.2935786121989388,1.2892515465026813,1.3120618782849611,1.2976917524450633,1.2998398465006529,1.2120469373500322,1.2659055323590085,1.2925481881889749,1.2717915883778685,1.3029550835076218,1.3184763368448116,1.2806319266792314,1.2734898571919266,1.3051876093461035,1.2147878248585544,1.272174510272351,-0.08572961197044983,1.3062844804524343,1.2772856300679978,1.2347958022964443,1.2785632762080439,1.309912948661651,1.291816513972007,1.4265119035096492,1.2968204850916316,1.296718513791744,1.2627123979276982,0.2349763897496313,1.296602949376167,1.2352786259325894,1.2957280526200183,1.34442799922528,1.2904534161129433,1.3329992204489827,1.836782067385941,1.233613733640882,1.3097126073623737,1.3323235621102372,-0.042223416015498456,1.280197541743745,1.2819102035342953,1.2812490193612698,1.3039656422382222,1.1471237424183394,1.2802807057153955,1.2638958625181964,1.3075395125202112,1.3473157430949056,1.3082271968485024,1.263246854583715,1.281634649493037,1.2659745203132329,1.2874893664100484,1.2750372608711282,1.3127598292606792,1.2777069697380006,1.3070388571260732,-1.7663435714867115,1.3003915673524589,1.231860436349053,1.308556168515774,1.2968042112080287,1.3465001105758374,1.2908581521268085,1.2900882403529201,1.3291332541312,1.27907090655508,1.2628342522054192,1.2984256727816321,1.275214342335719,1.2684434950865227,1.2967574772391954,1.3767640689626435,1.2888799249222767,1.3099777902850371,1.2509957500560247,1.2358015099099806,1.1182484578196654,1.2756647738818556,1.2985935288691473,1.2901099526809754,1.2873046463666487,1.296962022230969,1.6340149388229852,1.3094507887254314,1.2736092070725626,1.3052296799573724,1.3326970268267497,1.3788591504165781,1.3361595680455736,1.29150603715754,1.2360621070645568,1.2622916863087625,1.3134081197695548,1.2953728498442563,1.2746881930982707,1.270879649469313,1.2746354065659582,1.2776275261743113,1.3783730067880298,1.2968038010897704,1.3101300005817291,1.2908346638850634,1.276916918065732,1.3110439748614273,1.2144509117072784,1.2908282617076046,1.2766700934261168,1.4992791252650595,1.2634547535384892,1.2760249689160827,1.3054052231213502,1.2496304058310186,1.278842786667228,1.2499201086798297,1.3041758052969574,1.3563662954140694,1.2347939127527503,1.3622211042974233,1.315239313009376,-0.11066426808372769,1.2967963136974028,1.2970752952676565,1.2745344167578576
1249,1519075878,1.2973899187112874,1.293618454018705,1.273195374545351,1.2769575025770867,1.2504511726010732,1.3450088509067342,1.2991614460487513,1.2921310174813523,1.3182594058116002,1.3001160859622425,1.3033785766089725,1.214659274258822,1.2680469844430033,1.298130367515971,1.274265834170722,1.3074086771399027,1.3238659291545931,1.2830206920032514,1.2773708589783137,1.308363257352937,1.2174099120333208,1.2751392527683933,-0.08572961197044983,1.3094792395483137,1.2797619803449227,1.2371996071153648,1.2810407554215255,1.3168655131508342,1.2966958040010879,1.4284954795869083,1.2999374082754307,1.300836851340647,1.266577547437912,-0.2094774720852519,1.2997960622891915,1.2398564713211728,1.2993705373566762,1.3491123054605794,1.2929023470272987,1.3397213561635988,1.760465686064557,1.2360118119578445,1.314971456443615,1.3375571384529228,-0.042223416015498456,1.282515311838837,1.2842971769938722,1.2836340484997784,1.3071199550042405,1.1471273504822685,1.282670338469482,1.268294639441299,1.3144646569887128,1.3519899032175924,1.3145006611432934,1.267107736870332,1.2841437494522134,1.2709434308852419,1.2910842748911024,1.2776557818556746,1.31711024284919,1.280023187506604,1.3115010852421265,-1.7663435714867115,1.3027395720929158,1.235426375266708,1.3138130246595796,1.2999253082424151,1.3511874213802249,1.294305950305514,1.292669508935609,1.3350727570115952,1.2820740610018357,1.2666972232651297,1.3008439868044026,1.2778301196115232,1.27340077340871,1.2994186116553268,1.3803375105401396,1.2917773990381094,1.3169399962752846,1.2545437926635057,1.2382040390896982,1.1185397106041755,1.2782779852934414,1.300955596121645,1.2924114482565197,1.2985432119485603,1.2996164132282284,1.6340149388229852,1.313197692867619,1.2775455672156775,1.3083997161941372,1.3386740292959394,1.3824244963340797,1.341965437392403,1.2946015667530646,1.2401381568817522,1.266690747920499,1.3183975764967801,1.298569899664177,1.2786218442116664,1.2733522716381531,1.278567679605845,1.2821391371743596,1.3826590504653102,1.3005466831418009,1.3153812551799513,1.2931363314032545,1.2808702479674725,1.315397622125358,1.217072207923439,1.293392089819982,1.2791449987349939,1.5003927496992762,1.267316111781496,1.2786401796488807,1.3085754023865328,1.2531714883445575,1.281161985902965,1.254050039661975,1.3073506227128517,1.3596036176435162,1.2388622819790815,1.3649979743329521,1.3208373279045023,-0.11066426808372769,1.3005363524944717,1.300710757177441,1.2784713602537918
1250,1519075884,1.301574277779485,1.29536066467656,1.2746804812967847,1.2792055577896515,1.252223529731806,1.347157266472113,1.3019528629736574,1.2938587000685549,1.3210138624901064,1.3031465028587166,1.3045581533117456,1.2167491437858537,1.270626048863389,1.3009214571794692,1.275750381646434,1.309317360125166,1.3265607253094838,1.2848122659962662,1.2795885742848205,1.3102686461570372,1.2189831643381805,1.2766216240164148,-0.08572961197044983,1.3126739986441929,1.2812477905110775,1.2396034119342856,1.2825272429496144,1.3196465389465077,1.2994839697319913,1.4299831616448526,1.3018075621857104,1.3020135192117621,1.2687862043008913,0.2349763897496313,1.3013926187457039,1.2418910692716543,1.3017988605144484,1.353127425090836,1.294861491758783,1.3419620680684707,1.850657773080738,1.238409890274807,1.3172252489070042,1.3398000997426451,-0.042223416015498456,1.2836741968863832,1.2854906637236605,1.2854228203536597,1.3090125426638515,1.147130236933412,1.2850599712235686,1.2704940279028503,1.3172347147761134,1.3546608518591277,1.3172888674965337,1.2693139553198278,1.2856492094277194,1.27370393675858,1.2926249499544114,1.2797505986433115,1.3189747058156949,1.282339405275207,1.3134134687204349,-1.7663435714867115,1.303913574463144,1.2374640546482252,1.3175679219051548,1.3017979664630472,1.3538658846970175,1.2954552163650825,1.2947345238017602,1.3373000705917435,1.2835756382252137,1.26890463529925,1.3026577223214804,1.2793995859770055,1.275604008218571,1.302079746071458,1.384625640433135,1.2935158835076088,1.3197248786713835,1.2563178139672462,1.2400059359744864,1.1186853369964305,1.279845912140393,1.3033176633741426,1.294137569938178,1.3098225075118715,1.3017399260260358,1.6340149388229852,1.3154458353529315,1.2797949158688857,1.310301737936196,1.3409154052218857,1.3845637038845806,1.3441426383974642,1.2961493315508268,1.24217618179035,1.2688902787263672,1.3208923048603927,1.3007012662107909,1.2808696448478922,1.2753303693732254,1.2808146927714945,1.2843949426743837,1.3848020723039505,1.3024181241678159,1.3176317928649035,1.2942871651623502,1.283694055040144,1.3172634709527569,1.2191692448963676,1.2949303866874087,1.2811249229820958,1.5011881957237168,1.2695226022060713,1.2802093060885593,1.3104775099456425,1.254942029601327,1.282901385329768,1.2558200100828945,1.3092555131623884,1.3623784652687565,1.2408964665922473,1.3683302183755865,1.3227033328695441,-0.11066426808372769,1.3024063718930061,1.301922577814036,1.2807210422514683
1251,1519075890,1.3057586368476826,1.2982643491063186,1.2776506947996518,1.2825776406084985,1.2557682439932718,1.3507379590810775,1.3061399883610167,1.296738171047226,1.3258341616774925,1.3055708363758958,1.3069173067172921,1.2198839480764017,1.2732620805701687,1.3051080916747164,1.2782246274392874,1.312498498433938,1.3306029195418199,1.2872010313202862,1.2834695760712074,1.3140794237652373,1.221605251512947,1.2785981190137763,-0.08572961197044983,1.3158687577400723,1.2842194108433873,1.2426081679579364,1.2855002180057924,1.3217323082932626,1.305060301193798,1.4329585257607413,1.3043011007327496,1.3049551888895499,1.27320351802685,-0.653931333920135,1.3045857316587284,1.2454516156849966,1.3054413452511062,1.35647335811605,1.2978002088560097,1.3442027799733427,1.5870193648795932,1.2414074881710102,1.3202303055248563,1.3427907147956084,-0.042223416015498456,1.2871508520290216,1.289071123913026,1.2878078494921683,1.3127977179830734,1.1471345666101274,1.287449603977655,1.274342957710565,1.3193122581166639,1.3586672748214308,1.3207741254380843,1.2726232829940711,1.2886601293787314,1.2775686449812536,1.2957063000810294,1.282369119627858,1.3227036317487042,1.2852346774859613,1.3159633133581796,-1.7663435714867115,1.306848580388715,1.2410299935658802,1.3213228191507302,1.3061675023111883,1.3578835796722066,1.2971791154544352,1.2973157923844492,1.3395273841718918,1.2860782669308435,1.2722157533504301,1.3062851933556359,1.2820153632528097,1.2794596691358278,1.3047408804875893,1.3867697053796326,1.295833862800275,1.3232059816665074,1.258683175705567,1.2424084651542038,1.1192678425654508,1.2824591235519787,1.3056797306266403,1.2958636916198363,1.3212239930193814,1.3049251952227472,1.6340149388229852,1.3206915011519942,1.2837312760120005,1.3128377669256077,1.3431567811478318,1.3881290498020822,1.3484970404075862,1.2987289395470971,1.2447237129260973,1.2727394576366364,1.3246343974058117,1.304431157667365,1.2842413458022313,1.2773084671082975,1.2841852125199689,1.28777865092442,1.388373775368351,1.3049133788691696,1.3206325097781733,1.297164249560089,1.2876473849418846,1.3209951686075545,1.2223148003557605,1.2980069804222616,1.2840948093527484,1.5021427309530455,1.2728323378429343,1.2833475589679166,1.3130136533577885,1.2578929316959429,1.2858003843744394,1.2599499410650397,1.3130652940614618,1.369315584331857,1.2439477435119959,1.3744393324537498,1.3258133411446142,-0.11066426808372769,1.3048997310910522,1.3055580397238205,1.2846579857474025
1252,1519075895,1.3071534232037485,1.2988450859922704,1.278145730383463,1.283701668214781,1.2563590297035159,1.3514540976028706,1.30753569682347,1.2973140652429602,1.3272113900167457,1.3067830031344854,1.3080968834200652,1.2209288828399174,1.2752870086592667,1.3065036365064653,1.2792143257564288,1.3131347260956925,1.3319503176192653,1.2877982226512912,1.2845784337244608,1.3147145533666043,1.2221296689479002,1.2795863665124572,-0.08572961197044983,1.317146661378424,1.2847146808987722,1.244411021572127,1.2859957138484888,1.3252085905378543,1.3064543840592497,1.4329585257607413,1.3055478700062693,1.3055435228251073,1.2743078464583395,0.1238629242909105,1.3051179171442324,1.2464689146602375,1.3060484260405494,1.3584809179311783,1.2982899950388807,1.345696587909924,1.8610645523518359,1.2426065273294915,1.3217328338337824,1.34428602232209,-0.042223416015498456,1.2871508520290216,1.28966786727792,1.2884041067767953,1.313428580536277,1.147135288222913,1.2892418285432201,1.2759924990567286,1.3220823159040644,1.3606704863025822,1.3221682286147045,1.2742779468311927,1.2891619493705666,1.2786728473305888,1.2962198584354656,1.2839402322185858,1.3239466070597072,1.2858137319281122,1.317238235677052,-1.7663435714867115,1.3074355815738294,1.2420488332566388,1.3220737985998452,1.307415941124943,1.3605620429889995,1.2983283815140036,1.297832046100987,1.34175469775204,1.2865787926719694,1.2733194593674904,1.3068897718613284,1.2825385187079708,1.2805612865407583,1.3058053342540419,1.3889137703261305,1.2964133576234416,1.3245984228645569,1.2610485374438876,1.2430090974491332,1.1193163846962024,1.2829817658342957,1.3062702474397647,1.2970144394076084,1.3323200036663942,1.305456073422199,1.6340149388229852,1.3214408819804317,1.2848559503386048,1.3147397886676666,1.3461452823824267,1.390268257352583,1.34922277407594,1.2997607827456055,1.2467617378346951,1.2738392230395705,1.3252580794967148,1.3049639993040185,1.2859271962794008,1.2782975159758336,1.285870472394206,1.2889065536744322,1.3905167972069912,1.3067848198951846,1.3221328682348081,1.2977396664396368,1.2887769077709532,1.3222390678258202,1.2233633188422246,1.298519746044737,1.2845897904145238,1.5024609093628218,1.273935583055222,1.2838706011144763,1.314915760916898,1.259073292533789,1.2863801841833735,1.2605399312053462,1.3143352210278196,1.3702405335402703,1.2454733819718702,1.3755500804679615,1.3270573444546423,-0.11066426808372769,1.306146410690075,1.306163950042118,1.2857828267462408
1253,1519075901,1.313429961806045,1.3023295073079808,1.28111594388633,1.2887597924430516,1.2610853153854702,1.357183205777214,1.3131185306732822,1.3001935362216313,1.3327203033737582,1.3098134200309592,1.3104560368256117,1.224063687130465,1.27765115104462,1.312783588249336,1.2826782698664236,1.3182245473897278,1.3380136089677697,1.2913813706373212,1.2901227219907279,1.3185253309748044,1.225800590992573,1.2825511090084998,-0.08572961197044983,1.3209803722934792,1.287686301231082,1.2474157775957777,1.2889686889046665,1.330770642129201,1.3120307155210564,1.43593388987663,1.3105349471003478,1.3078968585673376,1.2787251601842982,-0.8206015321082163,1.308843215542761,1.2505381105612003,1.3090838299877643,1.3638344107715206,1.3017184983189785,1.3516718196562494,1.5904882913032925,1.2456041252256946,1.3277429470694868,1.348771944901535,-0.042223416015498456,1.2900480646478867,1.292054840737497,1.2919816504845583,1.31910634351511,1.1471396178996283,1.2922288694858282,1.280391275979831,1.328314945925716,1.3660123835856528,1.3277446413211853,1.2792419383425577,1.292674689313414,1.2830896567279302,1.2987876502076472,1.2870824574000415,1.3276755329927168,1.2892880585810171,1.3229753861119775,-1.7663435714867115,1.3115445898696287,1.2466336118650525,1.3273306547436505,1.3111612575662068,1.365918969622585,1.3012015466629248,1.3009295684002136,1.346951762772386,1.2905829986009771,1.278837989452791,1.3093080858840986,1.2862006068940965,1.2849677561604804,1.3089986955533996,1.3932019002191258,1.3010493162087737,1.3308644082557797,1.266370601355109,1.2466128912187096,1.1196561796114641,1.286640261810516,1.3092228315053869,1.300466682770925,1.3436545756330336,1.3081104644194583,1.6340149388229852,1.3259371669510567,1.2893546476450217,1.3185438321517844,1.3506280342343189,1.3945466724535849,1.353577176086062,1.3023403907418758,1.2518568001061896,1.2787881673527741,1.3290001720421336,1.3081610491239393,1.290984747710909,1.2817591870122098,1.2903644987255052,1.2945460674244926,1.3948028408842716,1.3111515156225533,1.326633943604713,1.3017675845964713,1.293294999087228,1.326592715089751,1.2265088743016175,1.3021091054020655,1.2880546578469518,1.504051801411703,1.2789001865105165,1.2870088539938336,1.31998804774119,1.2637947358851744,1.289279183228045,1.264079872047185,1.318145001926893,1.373940330373924,1.250050297351493,1.378882324510596,1.3307893543847265,-0.11066426808372769,1.3105097892866555,1.3091935016336052,1.290282190741594
1254,1519075906,1.3169169276962096,1.3034909810798843,1.2830960862215748,1.2915698614587576,1.262857672516203,1.3593316213425926,1.316607801829415,1.3024971130045682,1.3354747600522645,1.3110255867895488,1.3139947669339314,1.2256310892757392,1.280313076972488,1.3155746779128341,1.2841628173421358,1.3207694580367455,1.3407084051226603,1.2931729446303362,1.2923404372972347,1.3204307197789047,1.227373843297433,1.2845276040058613,-0.08572961197044983,1.3235361795701828,1.2891721113972368,1.2486176800052382,1.290950672275452,1.3335516679248742,1.3148188812519597,1.4374215719345744,1.3124051010106275,1.3108385282451254,1.2809338170472775,-0.5428178684614143,1.3104397719992733,1.253081357999302,1.3115121531455363,1.3671803437967345,1.3031878568675916,1.3539125315611213,1.6529289669298795,1.246803164384176,1.3299967395328758,1.351762559954498,-0.042223416015498456,1.292365834742979,1.2938450708321796,1.2931741650538124,1.320998931174721,1.1471425043507717,1.2934236858628714,1.2825906644413825,1.3310850037131166,1.3686833322271883,1.3312298992627358,1.2814481567920533,1.2941801492889198,1.2858501626012684,1.3013554419798288,1.288653569990769,1.3295399959592213,1.2910252219074696,1.324887769590286,-1.7663435714867115,1.3133055934249713,1.2486712912465696,1.331085551989226,1.313033915786839,1.3685974329393777,1.3035000787820616,1.3035108369829025,1.3491790763525342,1.2920845758243549,1.2810454014869113,1.3111218214011764,1.28829322871474,1.2877217996728068,1.3105953762030784,1.3960606534811228,1.3022083058551068,1.3336492906518786,1.2681446226588495,1.2478141558085682,1.1198018060037191,1.2882081886574674,1.3115848987578846,1.3021928044525835,1.35499787545283,1.310233977217266,1.6340149388229852,1.3281853094363694,1.2921663334615323,1.320445853893843,1.3528694101602652,1.3966858800040858,1.3557543770911231,1.3054359203374004,1.2538948250147872,1.2820874635615764,1.3321185824966495,1.310292415670553,1.293232548347135,1.283242760313514,1.2926115118911545,1.2968018729245168,1.3969458627229119,1.3130229566485685,1.3303848397463,1.3029184183555669,1.2961188061598998,1.3297024631354157,1.2280816520313138,1.3041601678919676,1.2895396010322782,1.5046881582312555,1.2816582995412358,1.2885779804335122,1.3218901553002997,1.265565277141944,1.2904387828459136,1.2670298227487176,1.3206848558596085,1.3757902287907506,1.2520844819646586,1.380548446531913,1.3332773610047826,-0.11066426808372769,1.3130031484847016,1.3110112325884975,1.2925318727392705
1255,1519075912,1.3169169276962096,1.3046524548517875,1.2830960862215748,1.2915698614587576,1.262857672516203,1.3593316213425926,1.316607801829415,1.3024971130045682,1.3354747600522645,1.3116316701688437,1.3139947669339314,1.226153556657497,1.2830526855636204,1.3155746779128341,1.2841628173421358,1.3207694580367455,1.3407084051226603,1.2931729446303362,1.2928948661238613,1.3204307197789047,1.227373843297433,1.2845276040058613,-0.08572961197044983,1.3241751313893586,1.2896673814526218,1.2486176800052382,1.290950672275452,1.3335516679248742,1.3148188812519597,1.4374215719345744,1.3124051010106275,1.3114268621806828,1.2809338170472775,0.6794302515845145,1.3104397719992733,1.253081357999302,1.3115121531455363,1.3678495304017773,1.3031878568675916,1.3539125315611213,1.902691669436227,1.2474026839634167,1.3299967395328758,1.351762559954498,-0.042223416015498456,1.292365834742979,1.2938450708321796,1.2931741650538124,1.3222606562811283,1.1471425043507717,1.2934236858628714,1.2825906644413825,1.3310850037131166,1.3686833322271883,1.3312298992627358,1.281999711404427,1.2946819692807552,1.2858501626012684,1.301869000334265,1.288653569990769,1.3295399959592213,1.2910252219074696,1.324887769590286,-1.7663435714867115,1.3138925946100857,1.2486712912465696,1.331085551989226,1.313033915786839,1.3685974329393777,1.3035000787820616,1.3040270906994402,1.3491790763525342,1.2920845758243549,1.2810454014869113,1.3111218214011764,1.28829322871474,1.288272608375272,1.3111276030863046,1.396775341796622,1.3022083058551068,1.3336492906518786,1.2681446226588495,1.2478141558085682,1.1198018060037191,1.2882081886574674,1.3127659323841334,1.3027681783464695,1.3663004452912266,1.310233977217266,1.6340149388229852,1.3281853094363694,1.2921663334615323,1.321713868388549,1.3528694101602652,1.3966858800040858,1.3557543770911231,1.3054359203374004,1.2538948250147872,1.2820874635615764,1.3321185824966495,1.310292415670553,1.293232548347135,1.283737284747282,1.293173265182567,1.2968018729245168,1.3969458627229119,1.3136467703239068,1.3303848397463,1.3029184183555669,1.2966835675744341,1.3297024631354157,1.2280816520313138,1.3046729335144431,1.2895396010322782,1.5046881582312555,1.2816582995412358,1.2885779804335122,1.3218901553002997,1.265565277141944,1.2915983824637822,1.2670298227487176,1.3206848558596085,1.3762527033949574,1.2520844819646586,1.381103820539019,1.3338993626597966,-0.11066426808372769,1.3130031484847016,1.3110112325884975,1.2925318727392705
1256,1519075918,1.3204038935863744,1.3063946655096428,1.2850762285568194,1.2943799304744634,1.2652208153571802,1.3621961754297642,1.3200970729855477,1.304224795591771,1.3396064450700238,1.3146620870653176,1.315764131988091,1.2282434261845288,1.2857948835768618,1.3190635399922068,1.2866370631349893,1.3233143686837632,1.3440769003162738,1.2961589012853612,1.295667010256995,1.3229712381843715,1.229471513037246,1.286504099003223,-0.08572961197044983,1.3280088423044139,1.2921437317295466,1.2504205336194287,1.2929326556462373,1.3363326937205477,1.3190011298483146,1.4394051480118337,1.3148986395576667,1.3137801979229131,1.2836946381260017,0.7905437170432352,1.3125685139412897,1.2556246054374038,1.3133333955138653,1.3711954634269912,1.3056367877819473,1.3561532434659933,1.8888159637414301,1.2492012427011385,1.332250531996265,1.3540055212442206,-0.042223416015498456,1.2941041623142981,1.2956353009268624,1.2961554514769482,1.3241532439407393,1.1471453908019154,1.2964107268054796,1.2858897471337094,1.3338550615005171,1.3726897551894912,1.3340181056159763,1.2847574844662966,1.2966892492480964,1.2891627696492742,1.3039232337520101,1.2912720909753155,1.3332689218922307,1.293341439676073,1.3268001530685947,-1.7663435714867115,1.3156535981654283,1.2512183904734662,1.333338490336571,1.3149065740074708,1.3719455120853687,1.3052239778714145,1.3066083592821292,1.3514063899326825,1.2945872045299847,1.2838046665295615,1.3135401354239467,1.2909090059905441,1.2910266518875984,1.313788737502436,1.3996340950586188,1.3045262851477728,1.3364341730479776,1.26991864396259,1.2496160526933564,1.1199959745267258,1.2908214000690532,1.3151279996366312,1.3044943000281277,1.3776786565236512,1.3128883682145254,1.6340149388229852,1.3326815944069943,1.294978019278043,1.3242498973779608,1.3551107860862113,1.4002512259215874,1.3593830454328917,1.3074996067344167,1.2564423561505345,1.2848368770689116,1.3352369929511652,1.312423782217167,1.296604249301474,1.2857153824823542,1.2959820316396289,1.2996216297995469,1.3998032251744321,1.3161420250252602,1.3326353774312525,1.3057955027533057,1.3000721360616403,1.3321902615719474,1.2301786890042425,1.306723996004345,1.2920145063411554,1.505483604255696,1.2855196577842425,1.2906701490197505,1.3250603345654823,1.2685161792365598,1.2944973815084535,1.2687997931696369,1.323224709792324,1.378565076415991,1.2551357588844072,1.383325316567442,1.3363873692798527,-0.11066426808372769,1.317366527081282,1.3128289635433898,1.2953439752363665
1257,1519075923,1.324588252654572,1.3092983499394013,1.2870563708920641,1.2977520132933105,1.2675839581981574,1.365060729516936,1.324284198372907,1.3059524781789735,1.3444267442574098,1.3164803372032021,1.3181232853936375,1.2308557630933186,1.2885552075448647,1.3232501744874539,1.288616459769272,1.3258592793307808,1.34811909454861,1.2979504752783761,1.2989935832167552,1.3280522749953052,1.2315691827770592,1.2889747177499251,-0.08572961197044983,1.3312036014002933,1.2941248119510864,1.2522233872336193,1.2954101348597187,1.341199488862976,1.3238804198773957,1.4418846181084077,1.3186389473782256,1.3155451997295857,1.2881119518519604,0.901657182501956,1.3152294413688101,1.2586765023631261,1.3151546378821943,1.3752105830572479,1.3080857186963026,1.3598877633074467,1.8853470373177308,1.2515993210181011,1.3360068527685802,1.3577437900604246,-0.042223416015498456,1.2970013749331633,1.2986190177513335,1.2979442233308296,1.3273075567067576,1.1471489988658445,1.2999951759366095,1.289738676941424,1.3387026626284684,1.3766961781517941,1.338897466734147,1.2880668121405399,1.299198349207273,1.29247537669728,1.3059774671697555,1.2944143161567712,1.3363763601697385,1.296236711886827,1.3299874588657756,-1.7663435714867115,1.318001602905885,1.254274909545742,1.3370933875821465,1.3199003292624893,1.3773024387189543,1.3080971430203356,1.3086733741482803,1.3551185792329297,1.2965893074944885,1.287667637589272,1.3165630279524096,1.2930016278111875,1.29433150410239,1.3159176450353411,1.403207536636115,1.3062647696172724,1.341307717241151,1.2728753461354907,1.252018581873074,1.1202386851804842,1.292911969198322,1.3174900668891287,1.3067957956036722,1.3890568677560757,1.3155427592117848,1.6340149388229852,1.3364284985491819,1.2994767165844598,1.3267859263673727,1.3588464126294548,1.4031035026555885,1.3637374474430137,1.3100792147306872,1.2594993935134313,1.288136173277714,1.3377317213147777,1.3145551487637808,1.3005379004148694,1.2876934802174262,1.2993525513881032,1.3030053380495832,1.4055179500774728,1.318637279726614,1.3363862735728398,1.3075217533919492,1.3040254659633808,1.334678060008479,1.232275725977171,1.308775058494247,1.2944894116500325,1.5064381394850248,1.2888293934211055,1.2932853597525484,1.328230513830665,1.2714670813311755,1.2962367809352564,1.2717497438711693,1.3276694541745762,1.381339924041231,1.2581870358041558,1.3861021866029708,1.3388753758999086,-0.11066426808372769,1.319859886279328,1.315858515134877,1.2998433392317195
1258,1519075929,1.3287726117227696,1.3110405605972566,1.2900265843949312,1.3005620823090165,1.271128672459623,1.3686414221259007,1.3277734695290397,1.309407843353379,1.3478698151055426,1.3182985873410866,1.3198926504477972,1.2339905673838663,1.291196418095862,1.3274368089827009,1.2910907055621255,1.3284041899777985,1.3521612887809462,1.3009364319334011,1.3023201561765154,1.3305927934007722,1.2336668525168721,1.2909512127472869,-0.08572961197044983,1.3337594086769968,1.2961058921726263,1.25522814325727,1.2973921182305042,1.345371027556486,1.3280626684737507,1.4438681941856668,1.3211324859252649,1.3167218676007009,1.2908727729306846,0.901657182501956,1.3168259978253223,1.2612197498012279,1.3163687994610802,1.3785565160824618,1.3105346496106582,1.3636222831488998,1.874940258046633,1.2551964384935448,1.3397631735408955,1.3607344051133878,-0.042223416015498456,1.2987397025044825,1.3016027345758046,1.3009255097539651,1.330461869472776,1.147151885316988,1.3017874005021743,1.2924879125183633,1.3428577493095692,1.3807026011140973,1.3423827246756974,1.292479249039531,1.3012056291746144,1.2952358825706185,1.3075181422330644,1.296509132944408,1.3388623107917448,1.2979738752132794,1.3325373035035202,-1.7663435714867115,1.320349607646342,1.2573314286180177,1.3400973053786067,1.3223972068899985,1.3806505178649453,1.3098210421096883,1.3102221352978938,1.359573206393226,1.2990919362001183,1.2904269026319224,1.317772184963795,1.2956174050869917,1.297085547614716,1.318046552568246,1.4053516015826129,1.309162243733105,1.3454850408352994,1.2752407078738115,1.2538204787578622,1.120432853703491,1.2955251806099077,1.3186711005153775,1.3102480389669888,1.400408895429029,1.3171353938101404,1.6340149388229852,1.3401754026913695,1.3022884024009704,1.3305899698514903,1.3633291644813472,1.4073819177565905,1.3666403821164286,1.3116269795284494,1.2620469246491786,1.2908855867850493,1.3402264496783904,1.3161536736737411,1.3033476512101518,1.2906606268200345,1.3027230711365776,1.3058250949246135,1.408375312528993,1.3236277891293209,1.3393869904861095,1.310398837789688,1.3068492730360524,1.337165858445011,1.2348970221933318,1.3108261209841492,1.2964693358971344,1.5073926747143533,1.2921391290579685,1.2964236126319058,1.330766657242811,1.2738278030068682,1.2979761803620593,1.2741097044323952,1.3302093081072917,1.3836522970622644,1.260729766570613,1.387768308624288,1.3413633825199647,-0.11066426808372769,1.3229765852768856,1.317070335771472,1.3032178622282344
1259,1519075935,1.335049150325066,1.3139442450270151,1.2934918334816095,1.305620206537287,1.2746733867210887,1.374370530300244,1.3354498660725318,1.312863208527784,1.3540673426321819,1.3219350876168554,1.3240211689075034,1.2371253716744142,1.2939748680186267,1.334414533141446,1.2940598005135495,1.3334940112718339,1.3582245801294504,1.305116771250436,1.306755586789529,1.3344035710089726,1.2378621919964983,1.2949042027420101,-0.08572961197044983,1.337593119592052,1.299572782560321,1.2582328992809209,1.300365093286682,1.351628335596751,1.3336389999355573,1.4463476642822408,1.3254961783825838,1.3214285390851612,1.2952900866566432,-0.5983746011907747,1.321083481709355,1.265797595189811,1.3212254457766244,1.3852483821328896,1.3134733667078846,1.369597514895225,1.4864204985923142,1.2581940363897481,1.3465245509310628,1.3689585965090367,-0.042223416015498456,1.3016369151233478,1.3045864514002756,1.304503053461728,1.3342470447919978,1.1471562149937031,1.3047744414447826,1.2974365365568536,1.3490903793312208,1.3867122355575516,1.3500502921471087,1.296891685938522,1.3042165491256261,1.300756894317295,1.312140167422991,1.2996513581258637,1.3438342120357571,1.3008691474240337,1.338274453938446,-1.7663435714867115,1.323284613571913,1.261406787381052,1.346105140971527,1.3261425233312625,1.3860074444985309,1.3138434733181779,1.3138359113136582,1.3655127092736215,1.302095090646874,1.2953935797086928,1.3226088130093354,1.2998026487282783,1.3025936346393687,1.32177214075083,1.4117837964221058,1.3120597178489377,1.3517510262265222,1.2793800909158726,1.2586255371172972,1.1207726486187528,1.2991836765861278,1.322214201394124,1.3131249084364194,1.4118656573398671,1.3213824194057553,1.6340149388229852,1.3446716876619946,1.3073494368706895,1.334394013335608,1.3685590416418882,1.4123734020410925,1.3717205177949043,1.3157543523224822,1.2666324806935234,1.2958345310982526,1.3458395884965189,1.3204164067669688,1.3084052026416604,1.2941222978564109,1.3077788507592891,1.311464608674674,1.4126613562062735,1.327370671181351,1.346888782769284,1.3132759221874268,1.3113673643523271,1.3421414553180746,1.2380425776527244,1.3144154803414776,1.2994392222677869,1.5086653883534584,1.2965521099071193,1.299561865511263,1.335838944067103,1.277368885520407,1.3014549792156649,1.2782396354145407,1.334654052489544,1.387352093895918,1.2647981357969442,1.3911005526669225,1.346961397415091,-0.11066426808372769,1.3267166240739545,1.3213117079995538,1.3077172262235877
1260,1519075940,1.335746543503099,1.3139442450270151,1.2934918334816095,1.305620206537287,1.2746733867210887,1.374370530300244,1.3354498660725318,1.312863208527784,1.3540673426321819,1.3219350876168554,1.3240211689075034,1.237647839056172,1.2966057208811888,1.334414533141446,1.2940598005135495,1.3334940112718339,1.3582245801294504,1.305116771250436,1.306755586789529,1.3344035710089726,1.2378621919964983,1.2949042027420101,-0.08572961197044983,1.337593119592052,1.299572782560321,1.2582328992809209,1.300365093286682,1.351628335596751,1.3336389999355573,1.4463476642822408,1.3254961783825838,1.3214285390851612,1.2952900866566432,1.0683273806900373,1.321083481709355,1.265797595189811,1.3218325265660673,1.3852483821328896,1.3134733667078846,1.369597514895225,1.874940258046633,1.2593930755482294,1.3465245509310628,1.3689585965090367,-0.042223416015498456,1.3016369151233478,1.3045864514002756,1.304503053461728,1.3342470447919978,1.1471562149937031,1.3047744414447826,1.2974365365568536,1.3490903793312208,1.3867122355575516,1.3500502921471087,1.297443240550896,1.3042165491256261,1.300756894317295,1.312140167422991,1.2996513581258637,1.3438342120357571,1.3008691474240337,1.338274453938446,-1.7663435714867115,1.323284613571913,1.261406787381052,1.3476070998697571,1.3261425233312625,1.3860074444985309,1.3138434733181779,1.3138359113136582,1.3655127092736215,1.302095090646874,1.2953935797086928,1.3226088130093354,1.2998026487282783,1.3025936346393687,1.32177214075083,1.4117837964221058,1.3120597178489377,1.3517510262265222,1.2793800909158726,1.2586255371172972,1.1207726486187528,1.2991836765861278,1.322214201394124,1.3131249084364194,1.423139134334407,1.3213824194057553,1.6340149388229852,1.3446716876619946,1.3073494368706895,1.334394013335608,1.3685590416418882,1.4123734020410925,1.3717205177949043,1.3157543523224822,1.2666324806935234,1.2958345310982526,1.3458395884965189,1.3209492484036223,1.3084052026416604,1.2941222978564109,1.3077788507592891,1.311464608674674,1.4126613562062735,1.3279944848566896,1.346888782769284,1.3132759221874268,1.3113673643523271,1.3421414553180746,1.2380425776527244,1.3144154803414776,1.2994392222677869,1.5086653883534584,1.2965521099071193,1.299561865511263,1.335838944067103,1.277368885520407,1.3014549792156649,1.2782396354145407,1.334654052489544,1.3878145685001249,1.2647981357969442,1.392211300681134,1.346961397415091,-0.11066426808372769,1.3267166240739545,1.3213117079995538,1.3077172262235877
1261,1519075946,1.338536116215231,1.3151057187989186,1.294976940233043,1.3078682617498518,1.2764457438518215,1.3765189458656228,1.3382412829974382,1.3140149969192525,1.3575104134803146,1.3249655045133293,1.3252007456102768,1.2392152412014459,1.2992443420100772,1.3372056228049443,1.2955443479892617,1.3354026942570971,1.3609193762843412,1.306311153912446,1.308973302096036,1.3363089598130726,1.2394354443013582,1.2963865739900315,-0.08572961197044983,1.3401489268687554,1.301058592726476,1.2606367040998416,1.301851580814771,1.3544093613924244,1.3364271656664606,1.4473394523208705,1.328613101566383,1.3231935408918338,1.2974987435196226,1.0683273806900373,1.3226800381658672,1.2678321931402925,1.3236537689343963,1.3885943151581033,1.314942725256498,1.3718382268000973,1.874940258046633,1.2605921147067105,1.348778343394452,1.371201557798759,-0.042223416015498456,1.3033752426946668,1.3063766814949582,1.3056955680309823,1.3361396324516088,1.1471583798320608,1.307164074198869,1.3001857721337928,1.3518604371186214,1.390050921359471,1.352838498500349,1.2996494590003915,1.3057220091011321,1.3035174001906331,1.3136808424863,1.3017461749135009,1.3463201626577634,1.303185365192637,1.339549376257318,-1.7663435714867115,1.3250456171272555,1.263444466762569,1.3498600382171024,1.3280151815518944,1.3886859078153235,1.3155673724075307,1.3159009261798094,1.3677400228537697,1.3040971936113779,1.2981528447513433,1.3238179700207207,1.301372115093761,1.3047968694492298,1.3244332751669614,1.4146425496841029,1.3137982023184371,1.3545359086226212,1.281154112219613,1.2598268017071559,1.1209182750110078,1.3007516034330793,1.3245762686466218,1.3148510301180776,1.4344737063010462,1.322975054004111,1.6340149388229852,1.346919830147307,1.309598785523898,1.336296035077667,1.3708004175678343,1.4152256787750939,1.374623452468319,1.3173021171202444,1.2686705056021212,1.299133827307055,1.3483343168601314,1.3225477733135826,1.3106530032778863,1.295605871157715,1.3100258639249387,1.313720414174698,1.4148043780449138,1.3298659258827048,1.3491393204542363,1.3144267559465226,1.314191171424999,1.3452512033637392,1.240139614625653,1.315953777208904,1.3014191465148888,1.509460834377899,1.2987586003316947,1.3011309919509417,1.3377410516262125,1.2791394267771765,1.3026145788335335,1.28000960583546,1.3365589429390807,1.3896644669169516,1.26683232041011,1.3938774227024513,1.348827402380133,-0.11066426808372769,1.328586643472489,1.3231294389544461,1.3099669082212644
1262,1519075952,1.3413256889273626,1.318009403228677,1.296957082568288,1.311240344568699,1.2788088866927987,1.3793834999527945,1.341730554153571,1.3163185737021894,1.3623307126677007,1.3267837546512138,1.3269701106644365,1.2413051107284778,1.3018182275862453,1.340694484884317,1.2975237446235444,1.3385838325658692,1.3642878714779545,1.308102727905461,1.3122998750557962,1.3407548670226397,1.2420575314761246,1.2978689452380527,-0.08572961197044983,1.342704734145459,1.3035349430034007,1.2630405089187624,1.3043290600282524,1.3571903871880977,1.3406094142628158,1.4488271343788148,1.3304832554766624,1.3249585426985064,1.3019160572455812,0.5127600533964333,1.3253409655933877,1.2703754405783942,1.3260820920921683,1.3912710615782744,1.3164120838051112,1.3740789387049692,1.760465686064557,1.2623906734444326,1.351032135857841,1.3734445190884814,-0.042223416015498456,1.305693012789759,1.3087636549545352,1.3074843398848637,1.3392939452176271,1.1471619878959902,1.3089562987644339,1.3029350077107318,1.355323009352872,1.3927218700010062,1.3556267048535895,1.302407232062261,1.3082311090603087,1.3062779060639713,1.3157350759040454,1.303840991701138,1.3488061132797697,1.3049225285190895,1.3420992208950628,-1.7663435714867115,1.3268066206825981,1.2659915659894656,1.3521129765644475,1.3323847174000356,1.3920339869613145,1.3167166384670992,1.3179659410459605,1.3707097742939673,1.3060992965758818,1.3009121097939935,1.3268408625491834,1.3034647369144043,1.3081017216640214,1.3265621826998664,1.4167866146306005,1.3155366867879368,1.3573207910187202,1.2829281335233536,1.2622293308868735,1.1214522384492762,1.302842172562348,1.3263478190859952,1.3160017779058497,1.4458344618271568,1.3256294450013704,1.6340149388229852,1.3514161151179322,1.3129728085037105,1.3388320640670786,1.3730417934937806,1.4173648863255948,1.379703588146795,1.3193658035172608,1.270708530510719,1.3018832408143903,1.350829045223744,1.3257448231335034,1.3134627540731687,1.297089444459019,1.3128346303820007,1.3165401710497282,1.416947399883554,1.3323611805840583,1.352140037367506,1.3161530065851659,1.3170149784976708,1.347739001800271,1.2427609108418136,1.318004839698806,1.3033990707619905,1.5102562804023396,1.3015167133624137,1.3037462026837396,1.3396431591853222,1.2815001484528692,1.305513577878205,1.2829595565369925,1.339733760354975,1.3952141621674319,1.2693750511765671,1.398875788766403,1.3519374106552031,-0.11066426808372769,1.331080002670535,1.3261589905459334,1.3139038517171984
1263,1519075957,1.3441152616394945,1.318590140114629,1.2979471537359102,1.3129263859781226,1.2811720295337756,1.3808157769963803,1.3438241168472504,1.3168944678979235,1.3643965551765804,1.3279959214098034,1.3281496873672096,1.2428725128737517,1.304397292006631,1.3427878021319404,1.2990082920992563,1.339856287889378,1.3663089685941228,1.3098943018984759,1.314517590362303,1.342025126225373,1.243106366346031,1.2998454402354145,-0.08572961197044983,1.3439826377838107,1.3045254831141706,1.264843362532953,1.3053200517136452,1.3613619258816076,1.3427005385609931,1.450810710456074,1.3323534093869418,1.3255468766340641,1.3035725498928157,1.0127706479606768,1.3264053365643957,1.2724100385288757,1.3272962536710544,1.3939478079984455,1.3183712285365956,1.3763196506098412,1.874940258046633,1.2641892321821544,1.3532859283212302,1.375687480378204,-0.042223416015498456,1.3068518978373052,1.3099571416843236,1.3086768544541179,1.3418173954304418,1.147163431121562,1.3101511151414773,1.3045845490568952,1.358093067140273,1.3967282929633091,1.3584149112068298,1.3046134505117566,1.3092347490439793,1.3079342095879745,1.3167621926129178,1.3048884000949563,1.3500490885907728,1.3055015829612402,1.3433741432139352,-1.7663435714867115,1.3273936218677125,1.2685386652163622,1.3543659149117928,1.3336331562137902,1.3953820661073055,1.3184405375564519,1.3195147021955738,1.3729370878741156,1.3071003480581338,1.3025676688195837,1.3274454410548762,1.3050342032798867,1.3097541477714172,1.327626636466319,1.4189306795770982,1.3166956764342699,1.3601056734148191,1.2858848356962542,1.2634305954767322,1.1215493227107796,1.3038874571269823,1.327528852712244,1.3183032734813942,1.4571253945280107,1.326691201400274,1.6340149388229852,1.3529148767748072,1.315222157156919,1.3413680930564904,1.3775245453456728,1.4209302322430963,1.3811550554835024,1.320397646715769,1.2732560616464663,1.3040827716202585,1.3520764094055504,1.3268105064068103,1.3151486045503382,1.2990675421940912,1.3150816435476502,1.3182320251747464,1.4205191029479542,1.3348564352854118,1.353640395824141,1.3178792572238092,1.3187092627412738,1.3496048506276699,1.2443336885715102,1.3190303709437572,1.3043890328855414,1.5107335480170039,1.3031715811808453,1.3047922869768587,1.3415452667444316,1.2832706897096386,1.306093377687139,1.2847295269579118,1.3416386508045117,1.396601585980052,1.2714092357897329,1.3999865367806146,1.353803415620245,-0.11066426808372769,1.3323266822695579,1.3267649008642308,1.3155911132154559
1264,1519075963,1.347602227529659,1.3214938245443875,1.3004223316549661,1.316860482600111,1.2847167437952414,1.3843964696053448,1.3473133880033832,1.3191980446808604,1.3678396260247132,1.3298141715476879,1.330508840772756,1.2449623824007834,1.306965998738581,1.3469744366271876,1.3014825378921098,1.3436736538599046,1.3703511628264589,1.3128802585535009,1.3172897344954364,1.3452007742322067,1.2457284535207975,1.301821935232776,-0.08572961197044983,1.3465384450605142,1.3065065633357105,1.2666462161471435,1.3073020350844304,1.364142951677281,1.3468827871573483,1.4522983925140183,1.335470332570741,1.3279002123762942,1.30633337097154,0.9572139152313165,1.3285340785064121,1.2749532859669777,1.3291174960393835,1.3972937410236594,1.32033037326808,1.3785603625147131,1.8680024051992343,1.266587310499117,1.3570422490935454,1.3779304416679263,-0.042223416015498456,1.3085902254086244,1.3123441151439004,1.3122543981618806,1.3437099830900527,1.1471670391854911,1.3119433397070421,1.3073337846338344,1.3615556393745236,1.4000669787652285,1.3612031175600703,1.307371223573626,1.3122456689949913,1.3106947154613127,1.3188164260306632,1.3069832168825934,1.352535039212779,1.3083968551719944,1.3471989101705524,-1.7663435714867115,1.3315026301635118,1.2715951842886377,1.356618853259138,1.3361300338412996,1.3987301452532965,1.3207390696755887,1.321579717061725,1.3759068393143132,1.3101035025048895,1.3058787868707642,1.329259176571954,1.307649980555691,1.3125081912837435,1.3297555439992241,1.4217894328390952,1.320172645373269,1.3628905558109181,1.2888415378691551,1.266433756951379,1.1217434912337865,1.3070233108208853,1.3293004031516171,1.3200293951630524,1.4684570572102642,1.3288147141980817,1.6340149388229852,1.3566617809169947,1.3180338429734295,1.3439041220459023,1.3797659212716191,1.4237825089770975,1.384057990156917,1.3229772547120393,1.276313099009363,1.3068321851275937,1.354571137769163,1.3289418729534241,1.3185203055046772,1.3010456399291634,1.317890410004712,1.3216157334247827,1.4233764653994747,1.336727876311427,1.3566411127374107,1.3201809247420002,1.3215330698139456,1.3520926490642016,1.2464307255444387,1.32210696467861,1.3068639381944185,1.512006261656109,1.3064813168177083,1.3074074977096566,1.3447154460096142,1.2862215918042545,1.3084125769228763,1.2870894875191377,1.3441785047372272,1.3989139590010855,1.2744605127094815,1.4022080328090376,1.355669420585287,-0.11066426808372769,1.3360667210666268,1.3285826318191232,1.3189656362119708
1265,1519075968,1.3531813729539226,1.3238167720881944,1.3033925451578332,1.3219186068283815,1.2876706723464628,1.3886933007361024,1.3528962218531957,1.3226534098552658,1.3726599252120992,1.332238505064867,1.3352271475838489,1.2475747193095732,1.3096486400433196,1.3518588435383092,1.3039567836849633,1.34876347515394,1.3750670560975176,1.3152690238775209,1.32172516510845,1.3483764222390404,1.2488749581305172,1.3047866777288186,-0.08572961197044983,1.3510111077947453,1.3089829136126352,1.2702519233755245,1.3102750101406084,1.370400259717546,1.3517620771864292,1.4542819685912776,1.3392106403913,1.330841882054082,1.3101985204817537,0.6238735188551541,1.3317271914194366,1.2795311313555608,1.3327599807760413,1.401978047258959,1.3227793041824356,1.3845355942610384,1.7847481710304518,1.2689853888160796,1.3607985698658607,1.383164018010612,-0.042223416015498456,1.3120668805512625,1.3147310886034773,1.3146394273003892,1.3474951584092747,1.1471713688622065,1.3143329724611288,1.3111827144415493,1.367788269396175,1.4047411388879152,1.367476581854861,1.3112321058602432,1.3147547689541677,1.3151115248586538,1.321897776157281,1.3096017378671398,1.3556424774902869,1.3107130729405978,1.3516611382866055,-1.7663435714867115,1.3338506349039687,1.275161123206293,1.3618757094029434,1.339251130875686,1.4034174560576838,1.3236122348245098,1.3241609856444139,1.3811039043346591,1.3126061312105193,1.3102936109390046,1.3322820691004167,1.3102657578314951,1.3169146609034657,1.3324166784153555,1.4253628744165914,1.3224906246659351,1.3698527618011656,1.292389580476636,1.2694369184260261,1.1219862018875448,1.309636522232471,1.331662470404115,1.3223308907385969,1.4798730891397027,1.3314691051953411,1.6340149388229852,1.3604086850591823,1.3219702031165443,1.3470741582826669,1.3849957984321601,1.427347854894599,1.3876866584986856,1.326588705906818,1.2803891488265584,1.3112312467393301,1.358936912405485,1.332138922773345,1.3224539566180726,1.3035182620980035,1.3218226830445987,1.326127344424831,1.426948168463875,1.3404707583634572,1.361892367335633,1.3230580091397393,1.3260511611302204,1.3564462963281323,1.2501005402470635,1.3246707927909875,1.3093388435032958,1.5131198860903257,1.3103426750607152,1.3100227084424543,1.3478856252747968,1.2903528547367165,1.3107317761586135,1.291219418501283,1.3473533221531218,1.4026137558347391,1.2785288819358127,1.405540276851672,1.3600234321703852,-0.11066426808372769,1.3391834200641843,1.3316121834106103,1.3229025797079048
1266,1519075974,1.3559709456660545,1.3261397196320013,1.3048776519092669,1.3247286758440875,1.29003381518744,1.3908417163014812,1.3556876387781018,1.3238051982467343,1.3754143818906055,1.3346628385820463,1.3364067242866222,1.249142121454847,1.3117253565745939,1.3546499332018074,1.3054413311606754,1.3513083858009576,1.3777618522524084,1.3164634065395309,1.3244973092415837,1.3502818110431405,1.2509726278703301,1.3067631727261804,-0.08572961197044983,1.3535669150714489,1.310963993834175,1.272054776989715,1.3117614976686973,1.3738765419621377,1.3545502429173324,1.4562655446685366,1.3410807943015794,1.3331952177963122,1.312407177344733,0.6238735188551541,1.333855933361453,1.2815657293060423,1.3339741423549274,1.4059931668892156,1.32473844891392,1.3867763061659104,1.8645334787755352,1.2701844279745609,1.3630523623292496,1.3861546330635752,-0.042223416015498456,1.3132257655988087,1.3159245753332658,1.3158319418696436,1.350649471175293,1.147173533700564,1.3167226052152152,1.3133821029031005,1.3705583271835757,1.4087475618502183,1.3709618397964116,1.3134383243097387,1.316762048921509,1.3173199295573244,1.3239520095750261,1.311696554654777,1.3575069404567914,1.3136083451513518,1.353573521764914,-1.7663435714867115,1.335024637274197,1.2777082224331893,1.3641286477502885,1.3411237890963181,1.4060959193744766,1.325910766943647,1.3267422542271028,1.3833312179148074,1.3146082341750231,1.3125010229731249,1.333491226111802,1.3118352241969777,1.3191178957133265,1.3345455859482604,1.4296510043095867,1.3248086039586011,1.3726376441972645,1.2941636017803766,1.2712388153108143,1.1221318282797998,1.3112044490794226,1.3352055712828614,1.3246323863141414,1.491038922611972,1.3330617397936968,1.6340149388229852,1.362656827544495,1.3242195517697528,1.3502441945194317,1.387984299666755,1.4316262699956008,1.3898638595037465,1.3281364707045802,1.2824271737351562,1.3134307775451983,1.3608079586781945,1.3337374476833053,1.3247017572542987,1.3054963598330758,1.3246314495016607,1.3283831499248553,1.4290911903025152,1.3423421993894724,1.364142905020585,1.3242088428988348,1.328874968202892,1.3583121451555311,1.25167331797676,1.326209089658414,1.3118137488121728,1.513756242909878,1.3125491654852905,1.311591834882133,1.3497877328339063,1.2921233959934861,1.3130509753943505,1.2929893889222024,1.3492582126026584,1.4049261288557726,1.2810716127022699,1.4083171468872009,1.3618894371354273,-0.11066426808372769,1.341053439462719,1.3340358246838,1.3251522617055815
1267,1519075980,1.3587605183781861,1.328462667175808,1.3063627586607003,1.3269767310566523,1.2918061723181729,1.39299013186686,1.3584790557030082,1.3255328808339368,1.3788574527387383,1.3364810887199305,1.3375863009893953,1.2507095236001209,1.3143613882813736,1.3581387952811799,1.307420727794958,1.3532170687862208,1.3804566484072993,1.3182549805325459,1.3267150245480905,1.3534574590499742,1.25254588017519,1.3082455439742016,-0.08572961197044983,1.3554837705289764,1.3134403441110998,1.2732566793991753,1.3132479851967862,1.376657567757811,1.3580354500809617,1.4572573327071663,1.3441977174853788,1.3355485535385423,1.3146158342077123,0.6794302515845145,1.3354524898179652,1.2836003272565237,1.3357953847232564,1.4086699133093867,1.3262078074625332,1.3890170180707824,1.8645334787755352,1.271383467133042,1.366057418947102,1.3883975943532976,-0.042223416015498456,1.3149640931701279,1.3183115487928425,1.318216971008152,1.352542058834904,1.1471756985389217,1.3179174215922584,1.3161313384800397,1.3733283849709763,1.4114185104917536,1.3737500461496521,1.3156445427592343,1.3187693288888502,1.3195283342559951,1.3260062429927715,1.3132676672455046,1.3606143787342992,1.3153455084778043,1.3554859052432227,-1.7663435714867115,1.3367856408295398,1.2797459018147066,1.3663815860976336,1.34299644731695,1.4087743826912693,1.3270600330032154,1.3282910153767162,1.3855585314949557,1.3161098113984009,1.315260288015775,1.334700383123187,1.3134046905624601,1.3213211305231876,1.3361422665979394,1.4317950692560844,1.3259675936049342,1.3754225265933635,1.295937623084117,1.272440079900673,1.1222774546720549,1.3132950182086913,1.3363866049091102,1.3257831341019135,1.502414224560011,1.3346543743920525,1.6340149388229852,1.3664037316866826,1.3270312375862634,1.3521462162614906,1.3902256755927012,1.4337654775461017,1.3927667941771613,1.3296842355023426,1.284465198643754,1.3156303083510665,1.3626790049509039,1.3353359725932656,1.3275115080495812,1.3069799331343799,1.3268784626673102,1.3306389554248794,1.4312342121411554,1.3442136404154874,1.3663934427055375,1.3265105104170258,1.3311340138610295,1.36017799398293,1.2532460957064564,1.3277473865258407,1.3132986919974992,1.5143925997294307,1.3153072785160096,1.3136840034683712,1.3529579120990889,1.2950742980881018,1.315949974439022,1.294759359343122,1.3524330300185528,1.4067760272725993,1.283614343468727,1.409983268908518,1.3637554421004694,-0.11066426808372769,1.3441701384602764,1.335247645320395,1.3279643642026773
1268,1519075985,1.361550091090318,1.3302048778336633,1.307847865412134,1.329786800072358,1.2935785294489055,1.3951385474322386,1.3612704726279143,1.3266846692254053,1.3816119094172445,1.3376932554785201,1.3393556660435553,1.2527993931271528,1.316987062299718,1.360929884944678,1.3094001244292408,1.3557619794332385,1.38315144456219,1.3206437458565656,1.3289327398545974,1.355997977455441,1.254643549915003,1.3102220389715633,-0.08572961197044983,1.3574006259865041,1.3149261542772548,1.275660484218096,1.3152299685675715,1.3801338500024027,1.360823615811865,1.4592409087844254,1.3460678713956582,1.3367252214096574,1.3179288195021814,0.7349869843138749,1.3375812317599816,1.2856349252070052,1.3370095463021423,1.4113466597295579,1.3281669521940176,1.3912577299756543,1.8575956259281365,1.2737815454500045,1.368311211410491,1.3906405556430201,-0.042223416015498456,1.31728186326522,1.3206985222524195,1.3200057428620333,1.354434646494515,1.147178584990065,1.320307054346345,1.318330726941591,1.376098442758377,1.4140894591332889,1.3765382525028924,1.3178507612087298,1.3202747888643562,1.3217367389546657,1.3275469180560804,1.3153624840331417,1.362478841700804,1.316503617362106,1.357398288721531,-1.7663435714867115,1.337959643199768,1.2817835811962237,1.368634524444979,1.346741763758214,1.4134616934956568,1.3293585651223523,1.3298397765263295,1.387785845075104,1.3176113886217788,1.3174677000498953,1.3371186971459574,1.3154973123831035,1.3235243653330486,1.3377389472476182,1.433939134202582,1.3277060780744336,1.3782074089894625,1.2977116443878576,1.2748426090803906,1.1224716231950616,1.3148629450556428,1.3381581553484836,1.3280846296774578,1.5137866172236643,1.33677788718986,1.6340149388229852,1.368651874171995,1.329842923402774,1.3546822452509022,1.3939613021359447,1.4359046850966026,1.3949439951822225,1.3312320003001048,1.286503223552352,1.3178298391569347,1.3645500512236133,1.336934497503226,1.329759308685807,1.308958030869452,1.3296872291243722,1.3328947609249036,1.4362345964313161,1.3460850814415026,1.36864398039049,1.3282367610556693,1.3333930595191668,1.3620438428103288,1.255343132679385,1.3292856833932671,1.3147836351828255,1.5150289565489832,1.317513768940585,1.3157761720546095,1.3548600196581986,1.2968448393448713,1.3171095740568906,1.2965293297640414,1.3556078474344473,1.408625925689426,1.2856485280818928,1.4116493909298353,1.3656214470655115,-0.11066426808372769,1.3460401578588108,1.3376712865935847,1.330776466699773
1269,1519075991,1.3643396638024496,1.3313663516055667,1.3098280077473785,1.3320348552849228,1.2959416722898827,1.3980031015194103,1.364759743784047,1.3289882460083422,1.3850549802653773,1.3395115056164046,1.3405352427463284,1.2543667952724267,1.3195609478758858,1.365116519439925,1.3113795210635235,1.3576706624185018,1.3865199397558035,1.3230325111805856,1.3317048839877308,1.3579033662595412,1.2567412196548162,1.3117044102195845,-0.08572961197044983,1.3593174814440316,1.3169072344987947,1.2774633378322866,1.317211951938357,1.382914875798076,1.364308822975494,1.4607285908423697,1.3479380253059376,1.33849022321633,1.3201374763651608,0.6794302515845145,1.339177788216494,1.2876695231574866,1.3382237078810284,1.4146925927547718,1.329636310742631,1.3949922498171077,1.850657773080738,1.2755801041877266,1.3720675321828062,1.3943788244592241,-0.042223416015498456,1.319020190836539,1.3230854957119964,1.322390772000542,1.3575889592605332,1.1471807498284228,1.32209927891191,1.3205301154031421,1.3795610149926278,1.417428144935208,1.380023510444443,1.321160088882973,1.3217802488398622,1.3239451436533363,1.3290875931193893,1.3169335966238696,1.3643433046673086,1.3182407806885585,1.3593106721998396,-1.7663435714867115,1.340307647940225,1.28433068042312,1.370887462792324,1.3486144219788458,1.4161401568124494,1.3305078311819207,1.3319047913924806,1.3914980343753511,1.3201140173274086,1.3196751120840158,1.3389324326630352,1.317589934203747,1.3257276001429097,1.339335627897297,1.436797887464579,1.3306035521902664,1.3816885119845863,1.299485665691598,1.277245138260108,1.1226172495873166,1.3169535141849114,1.3399297057878568,1.3303861252530023,1.5251182799059178,1.3383705217882156,1.6340149388229852,1.371649397485745,1.3320922720559825,1.356584266992961,1.396202678061891,1.438756961830604,1.397846929855637,1.332779765097867,1.2885412484609498,1.3205792526642701,1.366421097496323,1.3385330224131864,1.3325690594810895,1.310936128604524,1.3319342422900218,1.3351505664249277,1.4383776182699564,1.3498279634935328,1.3708945180754422,1.3305384285738604,1.3356521051773043,1.3645316412468604,1.2569159104090815,1.331336745883169,1.3162685783681518,1.5158244025734238,1.3202718819713042,1.3178683406408478,1.3573961630703446,1.2986153806016407,1.3188489734836932,1.2982993001849608,1.357512737883984,1.410475824106253,1.2876827126950585,1.4133155129511525,1.3674874520305533,-0.11066426808372769,1.3485335170568569,1.339489017548477,1.3330261486974495
1270,1519075997,1.3706162024047461,1.3348507729212769,1.313293256834057,1.3370929795131934,1.3000771722615927,1.403732209693754,1.3717382860963125,1.3324436111827476,1.3912525077920166,1.3419358391335838,1.3446637612060346,1.2575015995629744,1.322015720035048,1.3713964711827957,1.3143486160149478,1.3621242560507827,1.3925832311043076,1.3254212765046056,1.336694743427371,1.3617141438677416,1.2604121416994891,1.3151632764649674,-0.08572961197044983,1.3644290959974388,1.3198788548311042,1.2804680938559374,1.320680422837231,1.389172183838341,1.3698851544373007,1.4632080609389437,1.3523017177632564,1.3420202268296755,1.3245547900911194,-0.26503420481461226,1.3429030866150224,1.2922473685460698,1.3424732734071294,1.420046085595114,1.3325750278398574,1.4002205775951424,1.6251775555402852,1.2785777020839297,1.3780776454185106,1.4003600545651504,-0.042223416015498456,1.3224968459791775,1.3260692125364675,1.3253720584236777,1.3613741345797552,1.147185079505138,1.3244889116659966,1.3254787394416327,1.3857936450142792,1.4227700422182787,1.386994026327544,1.3255725257819642,1.3252929887827094,1.328914054225345,1.3326825016004435,1.3200758218053252,1.3686937182558196,1.320556998457162,1.363772900315893,-1.7663435714867115,1.343242653865796,1.2889154590315337,1.3768952983852445,1.3523597384201098,1.421497083446035,1.3345302623904103,1.3350023136917073,1.396695099395697,1.3231171717741643,1.3246417891607862,1.3425599036971907,1.320728866934712,1.3312356871675624,1.3425289891966545,1.4410860173575744,1.3329215314829324,1.3872582767767843,1.3042163891682392,1.2808489320296843,1.1229570445025785,1.3206120101611316,1.342882289853479,1.3332629947224328,1.5364673982944854,1.3420866691843787,1.6340149388229852,1.3761456824563703,1.3365909693623994,1.3610223177244318,1.401432555222432,1.4430353769316058,1.4036527992024666,1.3363912162926457,1.2931268045052946,1.3255281969774735,1.3707868721326448,1.3422629138697606,1.337626610912598,1.3139032752071325,1.3369900219127333,1.3402261287999822,1.4426636619472368,1.353570845545563,1.3783963103586168,1.3334155129715992,1.3407349579081134,1.368885288510791,1.2605857251117063,1.3344133396180222,1.3192384647388045,1.5170971162125286,1.3246848628204548,1.321006593520205,1.3624684498946367,1.3021564631151796,1.3217479725283647,1.3030192213074125,1.3613225187830573,1.4146380955441131,1.2917510819213898,1.4172031310008928,1.3730854669256796,-0.11066426808372769,1.3522735558539258,1.3431244794582615,1.3375255126928027
1271,1519076002,1.371313595582779,1.3348507729212769,1.313293256834057,1.3370929795131934,1.3000771722615927,1.403732209693754,1.3717382860963125,1.3324436111827476,1.3912525077920166,1.3419358391335838,1.3446637612060346,1.2580240669447322,1.3238024212901345,1.3713964711827957,1.3143486160149478,1.3621242560507827,1.3925832311043076,1.3254212765046056,1.336694743427371,1.3623492734691083,1.2604121416994891,1.3151632764649674,-0.08572961197044983,1.3650680478166146,1.3198788548311042,1.2804680938559374,1.320680422837231,1.389172183838341,1.3705821958700266,1.4632080609389437,1.3523017177632564,1.3420202268296755,1.3251069543068643,0.1794196570202709,1.3429030866150224,1.2922473685460698,1.3436874349860153,1.4207152722001568,1.3325750278398574,1.4002205775951424,1.8610645523518359,1.2791772216631703,1.3780776454185106,1.4003600545651504,-0.042223416015498456,1.3224968459791775,1.3266659559013616,1.3253720584236777,1.3613741345797552,1.147185079505138,1.3244889116659966,1.3254787394416327,1.3857936450142792,1.4227700422182787,1.386994026327544,1.3255725257819642,1.3252929887827094,1.3294661554000127,1.3326825016004435,1.3200758218053252,1.3686937182558196,1.3211360528993126,1.363772900315893,-1.7663435714867115,1.343242653865796,1.2889154590315337,1.3776462778343597,1.352983957826987,1.421497083446035,1.3345302623904103,1.335518567408245,1.396695099395697,1.3231171717741643,1.3246417891607862,1.3425599036971907,1.320728866934712,1.3312356871675624,1.3425289891966545,1.4425153939885729,1.3329215314829324,1.3872582767767843,1.3042163891682392,1.2808489320296843,1.1229570445025785,1.3206120101611316,1.3434728066666033,1.3332629947224328,1.54750813253817,1.3420866691843787,1.6340149388229852,1.3768950632848076,1.3365909693623994,1.3610223177244318,1.401432555222432,1.4430353769316058,1.4036527992024666,1.3363912162926457,1.2931268045052946,1.3255281969774735,1.372034236314451,1.3433285971430675,1.337626610912598,1.3139032752071325,1.3369900219127333,1.3402261287999822,1.4426636619472368,1.353570845545563,1.3783963103586168,1.3334155129715992,1.3412997193226477,1.368885288510791,1.2605857251117063,1.3344133396180222,1.3197334458005798,1.5170971162125286,1.3246848628204548,1.3215296356667647,1.3624684498946367,1.3027466435341029,1.3217479725283647,1.3030192213074125,1.3613225187830573,1.4146380955441131,1.2922596280746812,1.4172031310008928,1.3730854669256796,-0.11066426808372769,1.3522735558539258,1.3431244794582615,1.338087933192222
1272,1519076008,1.3775901341850756,1.3383351942369872,1.3167585059207352,1.341589089938323,1.3048034579435468,1.4087451793463042,1.377321119946125,1.3358989763571527,1.3974500353186556,1.3467845061679422,1.347022914611581,1.26115887123528,1.326542029881267,1.3769786505097918,1.3178125601249426,1.3659416220213092,1.398646522452812,1.3284072331596306,1.3411301740403847,1.367430310280042,1.2635586463092088,1.3181280189610098,-0.08572961197044983,1.3689017587316699,1.323345745218799,1.2846747522890485,1.3241488937361052,1.3947342354296877,1.3768555687645592,1.4661834250548325,1.3560420255838155,1.3449618965074632,1.3300764322485676,-1.042828463025658,1.346628385013551,1.296825213934653,1.3467228389332304,1.4267379516455418,1.3364933173028262,1.4039550974365957,1.5176408364056078,1.2821748195593734,1.3825852303452888,1.4048459771445954,-0.042223416015498456,1.3259735011218157,1.330246416090727,1.3283533448468132,1.3651593098989772,1.1471908524074248,1.3286707689856478,1.3304273634801231,1.3913337605890805,1.4287796766617331,1.3925704390340248,1.3299849626809555,1.3288057287255566,1.333882964797354,1.3357638517270614,1.32374175118369,1.373665619499832,1.3251894339943684,1.3675976672725099,-1.7663435714867115,1.346177659791367,1.2935002376399474,1.382903133978165,1.3579777130820057,1.4275236259088189,1.3368287945095474,1.338616089707472,1.4011497265559936,1.3261203262209202,1.3290566132290267,1.3467919532370387,1.323867799665677,1.3356421567872845,1.3467868042624647,1.4475182121970676,1.335819005598765,1.3921318209699576,1.3077644317757202,1.2838520935043312,1.1235880922023502,1.3237478638550346,1.3464253907322254,1.3367152380857494,1.5589387108895372,1.3458028165805418,1.6340149388229852,1.3828901099123079,1.3416520038321185,1.3654603684559024,1.4059153070743242,1.4487399303996082,1.4094586685492962,1.33948674588817,1.2972028543224903,1.330477141290677,1.3757763288598701,1.3465256469629883,1.34212221218505,1.3173649462435086,1.3420458015354446,1.3447377398000304,1.4476640462373973,1.3573137275975935,1.3828973857285214,1.336868014248886,1.3458178106389225,1.3738608853838545,1.2642555398143314,1.3374899333528751,1.323198313233008,1.5185289190565217,1.3290978436696055,1.3251909306926817,1.3662726650128558,1.3074680868854882,1.3252267713819703,1.307149152289558,1.3657672631653095,1.4215752146072136,1.296836543454304,1.423312245079056,1.3768174768557637,-0.11066426808372769,1.3560135946509948,1.3467599413680462,1.3431497176869944
1273,1519076013,1.3796823137191745,1.3394966680088907,1.3177485770883575,1.3432751313477465,1.3059850293640354,1.4101774563898901,1.3794146826398046,1.3370507647486212,1.3995158778275354,1.3479966729265318,1.3482024913143542,1.262726273380554,1.3292609230955288,1.3790719677574155,1.318802258442084,1.367214077344818,1.40066761956898,1.3296016158216406,1.342793460520265,1.3687005694827754,1.2646074811791153,1.3191162664596907,-0.08572961197044983,1.3701796623700215,1.324336285329569,1.2852757034937787,1.325139885421498,1.3968200047764427,1.3789466930627368,1.4681670011320918,1.3572887948573351,1.3455502304430207,1.3317329248958023,0.6238735188551541,1.347692755984559,1.2983511623975141,1.3479370005121163,1.4287455114606702,1.3379626758514396,1.405448905373177,1.874940258046633,1.2839733782970955,1.3840877586542149,1.406341284671077,-0.042223416015498456,1.3271323861693618,1.3314399028205155,1.3295458594160676,1.3670518975585881,1.1471922956329965,1.3292681771741697,1.3320769048262866,1.393411303929631,1.4307828881428848,1.3946615937989553,1.331639626518077,1.3298093687092272,1.335539268321357,1.3367909684359338,1.3247891595775085,1.374908594810835,1.3257684884365193,1.3688725895913822,-1.7663435714867115,1.3467646609764812,1.2950284971760853,1.3844050928763951,1.3592261518957602,1.4302020892256115,1.3379780605691158,1.3396485971405474,1.4026346022760925,1.327121377703172,1.330712172254617,1.3473965317427312,1.3249141105759987,1.3372945828946803,1.3478512580289173,1.4489475888280658,1.3369779952450982,1.393524262168007,1.3089471126448806,1.2844527257992606,1.1236851764638536,1.3247931484196689,1.3476064243584742,1.3372906119796355,1.5702616457186336,1.3468645729794455,1.6340149388229852,1.3843888715691828,1.3433390153220248,1.3667283829506083,1.4074095576916217,1.450166068766609,1.4109101358860034,1.3405185890866784,1.2987313730039385,1.3321267893950781,1.3770236930416764,1.3475913302362952,1.3438080626622193,1.3183539951110448,1.3437310614096818,1.3464295939250486,1.4505214086889175,1.3585613549482702,1.3843977441851563,1.3374434311284338,1.3475120948825257,1.3751047846021205,1.2653040583007955,1.338515464597826,1.3241882753565588,1.5190061866711861,1.330752711488037,1.3262370149858007,1.3675407367189287,1.3086484477233344,1.326386370999839,1.3089191227104773,1.3670371901316671,1.4229626384198337,1.2983621819141784,1.4249783671003733,1.3780614801657918,-0.11066426808372769,1.3572602742500177,1.347971762004641,1.3448369791852517
1274,1519076019,1.383169279609339,1.341238878666746,1.3197287194236023,1.3466472141665937,1.3095297436255011,1.4144742875206475,1.3829039537959373,1.338778447335824,1.4029589486756682,1.3498149230644163,1.349971856368514,1.2648161429075857,1.3318529346264585,1.383956374668537,1.321771353393508,1.3710314433153445,1.405383512840039,1.3325875724766656,1.3461200334800252,1.3712410878882424,1.2672295683538817,1.3215868852063928,-0.08572961197044983,1.372735469646725,1.3263173655511087,1.2882804595174295,1.3271218687922832,1.4016867999188711,1.3824319002263659,1.4696546831900361,1.3616524873146538,1.347903566185251,1.3350459101902712,-0.26503420481461226,1.3503536834120795,1.3014030593232362,1.3497582428804453,1.432091444485884,1.339921820582924,1.4091834252146302,1.6043639969980896,1.2857719370348173,1.3893466077354562,1.410079553487281,-0.042223416015498456,1.328870713740681,1.333230132915198,1.3325271458392032,1.3702062103246064,1.14719518208414,1.331657809928256,1.3353759875186135,1.398258905057582,1.4341215739448039,1.3988439033288158,1.3349489541923203,1.3318166486765686,1.3382997741946951,1.3388452018536792,1.3268839763651457,1.3780160330883429,1.3286637606472733,1.3720598953885632,-1.7663435714867115,1.3502866680871664,1.2985944360937403,1.3874090106728554,1.362347248930147,1.4342197842008007,1.3402765926882527,1.3417136120066986,1.4078316672964384,1.3301245321499278,1.3345751433143274,1.349210267259809,1.327529887851803,1.3400486264070064,1.3499801655618224,1.4518063420900629,1.3404549641840973,1.3977015857621555,1.3124951552523616,1.2874558872739075,1.123927887117612,1.3274063598312547,1.3493779747978476,1.340167481449066,1.5816485848042152,1.3489880857772532,1.6340149388229852,1.3873863948829328,1.3461507011385354,1.370532426434726,1.4126394348521627,1.45301834550061,1.4138130705594183,1.3425822754836947,1.3022979165939848,1.3348762029024135,1.3795184214052891,1.349722696782909,1.3466178134575018,1.3208266172798848,1.3471015811581561,1.3498133021750849,1.4533787711404378,1.3623042370003005,1.387398461098426,1.3408959324057206,1.3503359019551973,1.3775925830386522,1.2679253545169562,1.341592058332679,1.326663180665436,1.519960721900515,1.3340624471249,1.328329183572039,1.3700768801310748,1.3121895302368733,1.3281257704266418,1.3112790832717034,1.3695770440643829,1.4257374860450738,1.3019220049872184,1.4271998631287963,1.3805494867858479,-0.11066426808372769,1.3610003130470867,1.350395403277831,1.3476490816823474
1275,1519076025,1.3894458182116356,1.344723299982456,1.3236890040940916,1.3517053383948643,1.3130744578869669,1.419487257173198,1.3898824961082028,1.3428097067059634,1.4084678620326807,1.353451423340185,1.3546901631796069,1.2679509471981334,1.3338649156050124,1.3895385539955334,1.324740448344932,1.37612126460938,1.411446804188543,1.3349763378006856,1.3505554640930388,1.3750518654964425,1.270376072963601,1.3250457514517757,-0.08572961197044983,1.377847084200132,1.3297842559388036,1.2912852155410806,1.3310858355338537,1.4072488515102177,1.3880082316881726,1.4721341532866101,1.365392795135213,1.3514335697985962,1.3394632239162299,-1.0983851957550184,1.353546796325104,1.3059809047118196,1.3534007276171034,1.4374449373262264,1.3428605376801506,1.414411752992665,1.5002962042871113,1.2887695349310204,1.3938541926622345,1.4160607835932075,-0.042223416015498456,1.3329268114070922,1.3362138497396692,1.3355084322623387,1.3739913856438284,1.1472009549864268,1.3340474426823425,1.3397747644417162,1.4037990206323834,1.4394634712278744,1.4051173676236066,1.3399129457036854,1.3353293886194157,1.3432686847667041,1.3424401103347332,1.3300262015466011,1.3817449590213522,1.3315590328580276,1.3777970458234887,-1.7663435714867115,1.3543956763829659,1.3026697948567747,1.3934168462657759,1.3660925653714107,1.4395767108343862,1.3442990238967423,1.3448111343059252,1.412286294456735,1.3331276865966837,1.3389899673825678,1.3528377382939645,1.330668820582768,1.345556713431659,1.3537057537444062,1.4560944719830582,1.3433524382999298,1.4039675711533783,1.317225878729003,1.2904590487485545,1.1242191399021222,1.3310648558074747,1.3523305588634695,1.3430443509184964,1.5927882347170135,1.3527042331734163,1.6340149388229852,1.391882679853558,1.3506493984449521,1.3749704771661966,1.417122186704055,1.457296760601612,1.4181674725695403,1.3467096482777274,1.3068834726383298,1.3398251472156169,1.383884196041611,1.3534525882394832,1.3516753648890103,1.323793763882493,1.3521573607808677,1.3554528159251453,1.4576648148177183,1.3660471190523307,1.3933998949249655,1.3437730168034594,1.3554187546860064,1.381946230302583,1.271070909976349,1.3456941833124831,1.3296330670360887,1.521392524744508,1.3390270505801944,1.3314674364513963,1.3745151311023305,1.3157306127504125,1.3316045692802476,1.3159990043941552,1.3733868249634562,1.4298997574829342,1.3059903742135497,1.4316428551856424,1.386147501680974,-0.11066426808372769,1.3653636916436673,1.353424954869318,1.3521484456777006
1276,1519076030,1.3894458182116356,1.3458847737543596,1.3236890040940916,1.3517053383948643,1.3130744578869669,1.419487257173198,1.3898824961082028,1.3428097067059634,1.4084678620326807,1.353451423340185,1.3546901631796069,1.2679509471981334,1.336441390603289,1.3895385539955334,1.324740448344932,1.37612126460938,1.411446804188543,1.3349763378006856,1.3505554640930388,1.3750518654964425,1.270376072963601,1.3250457514517757,-0.08572961197044983,1.377847084200132,1.3302795259941884,1.2912852155410806,1.3310858355338537,1.4072488515102177,1.3880082316881726,1.4721341532866101,1.365392795135213,1.3526102376697113,1.3394632239162299,0.45720332066707287,1.353546796325104,1.3059809047118196,1.3534007276171034,1.4374449373262264,1.3428605376801506,1.414411752992665,1.8853470373177308,1.2887695349310204,1.3938541926622345,1.4160607835932075,-0.042223416015498456,1.3329268114070922,1.3362138497396692,1.3355084322623387,1.3739913856438284,1.1472009549864268,1.3340474426823425,1.3397747644417162,1.4037990206323834,1.4394634712278744,1.4051173676236066,1.3399129457036854,1.335831208611251,1.3432686847667041,1.3429536686891697,1.3300262015466011,1.3817449590213522,1.3315590328580276,1.3777970458234887,-1.7663435714867115,1.3543956763829659,1.3026697948567747,1.3934168462657759,1.3660925653714107,1.4395767108343862,1.3442990238967423,1.3448111343059252,1.412286294456735,1.3331276865966837,1.3389899673825678,1.353442316799657,1.330668820582768,1.345556713431659,1.3537057537444062,1.4560944719830582,1.3433524382999298,1.4039675711533783,1.317225878729003,1.2904590487485545,1.1242191399021222,1.3310648558074747,1.3523305588634695,1.3430443509184964,1.6040995324085672,1.3532351113728682,1.6340149388229852,1.391882679853558,1.3512117356082542,1.3749704771661966,1.417122186704055,1.457296760601612,1.4181674725695403,1.3467096482777274,1.3068834726383298,1.3398251472156169,1.383884196041611,1.3534525882394832,1.3516753648890103,1.323793763882493,1.3521573607808677,1.3554528159251453,1.4576648148177183,1.3660471190523307,1.3933998949249655,1.3437730168034594,1.3554187546860064,1.381946230302583,1.271070909976349,1.3456941833124831,1.3296330670360887,1.521392524744508,1.3395786731863384,1.3314674364513963,1.3745151311023305,1.3157306127504125,1.332764168898116,1.3159990043941552,1.374021788446635,1.4298997574829342,1.3059903742135497,1.4316428551856424,1.386147501680974,-0.11066426808372769,1.3659870314431788,1.353424954869318,1.3521484456777006
1277,1519076036,1.3922353909237672,1.347046247526263,1.3251741108455253,1.353953393607429,1.315437600727944,1.4230679497821628,1.3926739130331092,1.343961495097432,1.411222318711187,1.3558757568573643,1.3564595282337666,1.2700408167251653,1.3389350040940835,1.3923296436590313,1.3262249958206442,1.3780299475946431,1.4154889984208792,1.3367679117937006,1.3533276082261723,1.3769572543005428,1.271949325268461,1.3270222464491375,-0.08572961197044983,1.3810418432960114,1.3317653361603434,1.2924871179505408,1.3325723230619426,1.410029877305891,1.3914934388518019,1.4741177293638692,1.3672629490454924,1.354375239476384,1.3416718807792092,0.45720332066707287,1.3551433527816164,1.308015502662301,1.3552219699854324,1.4407908703514403,1.344819682411635,1.416652464897537,1.8784091844703321,1.2905680936687425,1.3961079851256237,1.4183037448829299,-0.042223416015498456,1.3346651389784114,1.3374073364694576,1.3372972041162203,1.3771456984098467,1.1472045630503562,1.3364370754364292,1.3425240000186551,1.407261592866634,1.4434698941901776,1.4086026255651571,1.3421191641531809,1.337336668586757,1.3460291906400423,1.3450079021069148,1.3321210183342382,1.38485239729886,1.3344543050687816,1.3797094293017973,-1.7663435714867115,1.3561566799383085,1.305216894083671,1.395669784613121,1.3679652235920428,1.442255174151179,1.3460229229860952,1.3473924028886142,1.4152560458969325,1.3346292638200614,1.341197379416688,1.3546514738110422,1.3322382869482503,1.3477599482415201,1.3558346612773113,1.4589532252450552,1.3445114279462629,1.4067524535494773,1.3195912404673236,1.2916603133384132,1.1243647662943772,1.3326327826544262,1.3552831429290917,1.3441950987062687,1.6154108301001209,1.3548277459712237,1.6340149388229852,1.394880203167308,1.3534610842614627,1.3775065061556084,1.4193635626300012,1.4608621065191134,1.4203446735746015,1.3482574130754896,1.309431003774077,1.342024678021485,1.3863789244052238,1.3550511131494436,1.3544851156842928,1.3252773371837971,1.3549661272379296,1.3577086214251695,1.4598078366563585,1.367918560078346,1.395650432609918,1.344923850562555,1.3588073231732125,1.3838120791299817,1.2726436877060454,1.3472324801799096,1.3321079723449658,1.5221879707689485,1.3423367862170577,1.333036562891075,1.377685310367513,1.317501154007182,1.3339237685159846,1.3177689748150745,1.3759266788961717,1.4317496558997609,1.3080245588267154,1.4333089772069596,1.388013506646016,-0.11066426808372769,1.3684803906412246,1.3546367755059128,1.3543981276753774
1278,1519076042,1.395722356813932,1.34936919507007,1.326659217596959,1.3562014488199938,1.3172099578586767,1.4252163653475414,1.396163184189242,1.3456891776846345,1.4146653895593198,1.3576940069952488,1.3582288932879265,1.2716082188704392,1.3416953280620867,1.3951207333225295,1.328204392454927,1.3799386305799064,1.41818379457577,1.3385594857867154,1.355545323532679,1.3801329023073765,1.2735225775733208,1.3289987414464992,-0.08572961197044983,1.382958698753539,1.333746416381883,1.2942899715647314,1.3350498022754242,1.4128109031015643,1.394978646015431,1.4751095174024988,1.3703798722292915,1.355551907347499,1.3444327018579334,0.6238735188551541,1.3578042802091368,1.3105587501004028,1.3564361315643185,1.4434676167716114,1.3462890409602482,1.4196400807706995,1.874940258046633,1.2923666524064643,1.3983617775890127,1.4205467061726522,-0.042223416015498456,1.3375623515972765,1.3403910532939287,1.3402784905393559,1.3790382860694577,1.1472074495014997,1.3388267081905156,1.3452732355955943,1.4100316506540347,1.4461408428317128,1.4113908319183976,1.3443253826026764,1.339343948554098,1.348237595338713,1.3465485771702237,1.3342158351218754,1.3873383479208663,1.3356124139530834,1.382896735098978,-1.7663435714867115,1.357330682308537,1.3072545734651884,1.3986737024095812,1.370462101219552,1.4449336374679718,1.348321455105232,1.3489411640382276,1.4174833594770808,1.3361308410434394,1.3445084974678685,1.3570697878338125,1.3343309087688937,1.3499631830513812,1.3579635688102165,1.4610972901915529,1.3462499124157625,1.4102335565446011,1.321365261771064,1.2934622102232014,1.1246560190788872,1.3352459940660122,1.357054693368465,1.345921220387927,1.626829771313945,1.3569512587690313,1.6340149388229852,1.397877726481058,1.3573974444045775,1.3800425351450203,1.4216049385559475,1.4630013140696145,1.4232476082480163,1.3503210994725061,1.3114690286826747,1.3442242088273533,1.3882499706779332,1.356649638059404,1.3567329163205186,1.3267609104851013,1.3577748936949916,1.3610923296752058,1.4619508584949987,1.369790001104361,1.3986511495231877,1.3472255180807462,1.36106636883135,1.3856779279573805,1.274216465435742,1.348770777047336,1.3335929155302921,1.522824327588501,1.344543276641633,1.3356517736238729,1.3795874179266225,1.3204520561017976,1.3362429677517218,1.3201289353763004,1.3803714232784239,1.4335995543165878,1.3105672895931726,1.4349750992282768,1.389879511611058,-0.11066426808372769,1.3703504100397592,1.3576663270974,1.3577726506718923
1279,1519076047,1.3985119295260637,1.3505306688419734,1.3281443243483924,1.3584495040325586,1.3189823149894095,1.4273647809129202,1.3996524553453746,1.346840966076103,1.417419846237826,1.359512257133133,1.3594084699906996,1.273698088397471,1.3443857376331516,1.398609595401902,1.329688939930639,1.3818473135651697,1.4208785907306607,1.3409482511107353,1.3583174676658127,1.38330855031421,1.275620247313134,1.3304811126945204,-0.08572961197044983,1.3848755542110667,1.335727496603423,1.2966937763836521,1.3370317856462095,1.416287185346156,1.3977668117463344,1.477093093479758,1.372250026139571,1.3573169091541717,1.3471935229366576,0.7349869843138749,1.359400836665649,1.3125933480508842,1.3582573739326473,1.4461443631917825,1.3482481856917325,1.4233746006121528,1.8714713316229337,1.294764730723427,1.401366834206865,1.4227896674623748,-0.042223416015498456,1.3393006791685957,1.3415845400237172,1.34147100510861,1.3815617362822723,1.1472096143398574,1.3412163409446023,1.3474726240571455,1.4128017084414353,1.449479528633632,1.4141790382716382,1.3476347102769197,1.340849408529604,1.3504460000373835,1.3480892522335326,1.3368343561064218,1.389202810887371,1.336770522837385,1.3854465797367228,-1.7663435714867115,1.3596786870489936,1.3092922528467055,1.4009266407569263,1.3735831982539386,1.4489513324431609,1.3500453541945847,1.3504899251878408,1.419710673057229,1.3376324182668173,1.3467159095019887,1.3588835233508902,1.3364235305895371,1.3521664178612423,1.3595602494598953,1.4632413551380505,1.3474089020620956,1.4137146595397247,1.3231392830748046,1.2952641071079896,1.124850187601894,1.3368139209129637,1.3582357269947138,1.3487980898573575,1.638205073261984,1.358543893367387,1.6340149388229852,1.4001258689663707,1.359646793057786,1.3832125713817849,1.4245934397905422,1.4665666599871159,1.4254248092530772,1.3518688642702683,1.3135070535912725,1.3464237396332215,1.3901210169506426,1.3582481629693643,1.3601046172748577,1.3292335326539415,1.3605836601520536,1.3639120865502359,1.4669512427851594,1.3741566968317298,1.4016518664364574,1.3489517687193895,1.3633254144894873,1.3875437767847794,1.2763135024086705,1.3508218395372382,1.3350778587156185,1.5236197736129415,1.3467497670662083,1.3372209000635515,1.3827575971918051,1.322222597358567,1.3379823671785247,1.32189890579722,1.3822763137279606,1.4354494527334145,1.3126014742063383,1.4366412212495943,1.3917455165761001,-0.11066426808372769,1.3722204294382936,1.3594840580522924,1.360584753168988
1280,1519076053,1.4019988954162286,1.3522728794998284,1.3311145378512594,1.3612595730482644,1.3225270292508753,1.4309454735218847,1.403839580732734,1.3502963312505083,1.420862917085959,1.3613305072710176,1.3617676233962461,1.2757879579245028,1.3465919252698668,1.4027962298971492,1.3326580348820631,1.383755996550433,1.424920784962997,1.3439342077657603,1.3610896117989462,1.3852139391183103,1.2787667519228536,1.3324576076918822,-0.08572961197044983,1.38743136148777,1.3377085768249628,1.2984966299978427,1.339013769016995,1.4190682111418293,1.4019490603426894,1.4785807755377023,1.37599033396013,1.3590819109608443,1.3499543440153818,0.45720332066707287,1.3615295786076653,1.3156452449766063,1.3600786163009764,1.4501594828220392,1.350207330423217,1.4248684085487342,1.8575956259281365,1.2965632894611487,1.40512315497918,1.4265279362785788,-0.042223416015498456,1.341039006739915,1.3445682568481883,1.3444522915317458,1.384085186495087,1.1472125007910008,1.3436059736986887,1.3507717067494724,1.4162642806756862,1.4528182144355513,1.4176642962131885,1.3503924833387893,1.3428566884969455,1.3532065059107217,1.350143485651278,1.3389291728940587,1.3916887615093771,1.3390867406059883,1.3886338855339038,-1.7663435714867115,1.3620266917894506,1.3123487719189812,1.4039305585533866,1.3760800758814478,1.4522994115891519,1.3517692532839374,1.3530711937705298,1.4226804244974267,1.3401350469724471,1.3500270275531692,1.3619064158793532,1.3390393078653413,1.3554712700760339,1.3616891569928002,1.467529485031046,1.3503063761779281,1.415803321336799,1.3260959852477052,1.299468533172495,1.1250443561249006,1.3394271323245495,1.361188311060336,1.3505242115390157,1.6494203645688101,1.3617291625640982,1.6340149388229852,1.4046221539369956,1.3624584788742966,1.3857486003711967,1.4268348157164885,1.4694189367211172,1.428327743926492,1.3544484722665386,1.3165640909541692,1.3491731531405569,1.3926157453142551,1.3603795295159782,1.3634763182291967,1.3312116303890138,1.3633924266091155,1.3672957948002722,1.4690942646237997,1.3760281378577448,1.4054027625780448,1.3518288531171283,1.3661492215621591,1.390031575221311,1.278410539381599,1.3533856676496157,1.3370577829627202,1.5244152196373821,1.350611125309215,1.3398361107963495,1.3859277764569877,1.3245833190342597,1.3403015664142617,1.3248488564987522,1.384816167660676,1.437761825754448,1.3151442049727955,1.438862717278017,1.3942335231961562,-0.11066426808372769,1.3759604682353626,1.3613017890071846,1.3633968556660838
1281,1519076058,1.407578040840492,1.3545958270436353,1.3340847513541265,1.365755683473394,1.3254809578020967,1.4359584431744352,1.4094224145825462,1.3537516964249134,1.427060444612598,1.3637548407881968,1.3653063535045658,1.2784002948332924,1.3482154929320975,1.4083784092241454,1.3351322806749166,1.3882095901827138,1.4303103772727785,1.3463229730897803,1.3649706135853332,1.3890247167265104,1.28138883909762,1.3354223501879245,-0.08572961197044983,1.3906261205836494,1.3401849271018875,1.3009004348167632,1.3414912482304764,1.4260207756310128,1.4068283503717702,1.4805643516149616,1.3791072571439291,1.3626119145741897,1.3538194935255956,-0.43170440300269347,1.3647226915206898,1.3202230903651897,1.3637211010376344,1.4555129756623815,1.3526562613375723,1.4308436402950595,1.7708724653356547,1.2989613677781113,1.4103820040604214,1.4325091663845053,-0.042223416015498456,1.3433567768350072,1.346955230307765,1.3468373206702544,1.3872394992611052,1.147216830467716,1.3459956064527754,1.355170483672575,1.4231894251441877,1.457492374558238,1.4239377605079795,1.3542533656254063,1.3453657884561219,1.3581754164827307,1.353738394132332,1.341547693878605,1.3960391750978882,1.3414029583745917,1.3918211913310845,-1.7663435714867115,1.3643746965299073,1.3159147108366362,1.409187414697192,1.3792011729158344,1.4569867223935393,1.3546424184328585,1.3556524623532187,1.4293623652378715,1.3431382014192028,1.3538899986128796,1.3643247299021235,1.3416550851411455,1.3604285483982212,1.3643502914089316,1.4718176149240414,1.3532038502937607,1.4227655273270465,1.3302353682897665,1.3018710623522127,1.1253356089094106,1.3420403437361352,1.3635503783128335,1.3534010810084462,1.6605047380782803,1.3643835535613575,1.6340149388229852,1.4083690580791832,1.3663948390174114,1.3889186366079616,1.433558943494327,1.4729842826386188,1.4341336132733216,1.3575440018620633,1.3211496469985142,1.3535722147522933,1.3976052020414804,1.3641094209725524,1.367409969342592,1.334178776991622,1.367324699649002,1.3712434544253145,1.4733803083010801,1.3797710199097752,1.410654017176267,1.3541305206353196,1.3701025514638996,1.3943852224852418,1.2810318355977597,1.355949495761993,1.3395326882715974,1.5255288440715988,1.354472483552222,1.3424513215291471,1.3890979557221703,1.3281244015477986,1.3426207656499989,1.3289787874808976,1.3879909850765706,1.4414616225881016,1.3192125741991267,1.4421949613206517,1.3998315380912822,-0.11066426808372769,1.3797005070324315,1.364331340598672,1.3673337991620178
1282,1519076064,1.4117623999086897,1.3563380377014906,1.3355698581055602,1.3680037386859587,1.3272533149328296,1.438106858739814,1.4122138315074526,1.354903484816382,1.4298149012911043,1.3673913410639655,1.3664859302073389,1.2804901643603244,1.3508877765484006,1.4111694988876435,1.3366168281506288,1.390118273167977,1.4330051734276692,1.3475173557517903,1.3671883288918398,1.3909301055306107,1.2829620914024797,1.336904721435946,-0.08572961197044983,1.3938208796795288,1.3416707372680425,1.303304239635684,1.3429777357585655,1.4288018014266861,1.4096165161026737,1.482052033672906,1.3809774110542086,1.3643769163808623,1.3565803146043198,0.1238629242909105,1.3663192479772022,1.3222576883156711,1.3667565049848494,1.4588589086875954,1.3546154060690567,1.4345781601365128,1.8575956259281365,1.301359446095074,1.4126357965238105,1.4347521276742277,-0.042223416015498456,1.3445156618825531,1.3487454604024478,1.3480298352395086,1.3891320869207162,1.1472189953060736,1.3489826473953834,1.3573698721341265,1.4259594829315885,1.460831060360157,1.42672596686122,1.3564595840749019,1.3468712484316279,1.3609359223560689,1.355279069195641,1.3441662148631515,1.3979036380643928,1.3437191761431948,1.3943710359688293,-1.7663435714867115,1.36613570008525,1.3179523902181534,1.4129423119427673,1.3816980505433436,1.4603348015395303,1.3563663175222114,1.3577174772193699,1.4315896788180198,1.3446397786425806,1.3560974106469998,1.3661384654192013,1.343224551506628,1.362631783208082,1.367011425825063,1.4753910565015376,1.3543628399400938,1.4262466303221704,1.332009389593507,1.3030723269420714,1.1254812353016659,1.3436082705830867,1.3659124455653313,1.3551272026901044,1.6718218543386052,1.3659761881597132,1.6340149388229852,1.410617200564496,1.36864418767062,1.3908206583500202,1.435800319420273,1.4765496285561204,1.4363108142783827,1.3590917666598255,1.323187671907112,1.3557717455581615,1.4000999304050932,1.3667736291558197,1.369657769978818,1.3356623502929261,1.3695717128146516,1.3734992599253386,1.4762376707526004,1.3816424609357902,1.4129045548612191,1.3558567712739629,1.3729263585365712,1.3962510713126406,1.2831288725706882,1.3574877926294195,1.3415126125186991,1.5263242900960394,1.3566789739767973,1.3440204479688258,1.3910000632812798,1.329894942804568,1.3437803652678675,1.3307487579018171,1.3898958755261073,1.443773995609135,1.3212467588122925,1.4444164573490748,1.4016975430563243,-0.11066426808372769,1.3815705264309661,1.3661490715535642,1.3695834811596945
1283,1519076070,1.4145519726208216,1.3586609852452973,1.3370549648569936,1.3702517938985235,1.3296164577738065,1.4402552743051928,1.4150052484323588,1.3566311674035847,1.4332579721392371,1.3686035078225551,1.3682552952614986,1.2831025012691142,1.353588543807901,1.4139605885511415,1.3381013756263407,1.3920269561532403,1.43569996958256,1.3493089297448053,1.3699604730249735,1.3934706239360775,1.2845353437073395,1.3383870926839672,-0.08572961197044983,1.3963766869562324,1.3436518174895824,1.3051070932498745,1.3449597191293508,1.4315828272223594,1.4137987646990287,1.484035609750165,1.382847564964488,1.366141918187535,1.3593411356830438,-0.5983746011907747,1.3684479899192183,1.324800935753773,1.3685777473531784,1.4615356551077665,1.3565745508005411,1.4368188720413848,1.6633357462009772,1.304357043991277,1.4148895889871997,1.43699508896395,-0.042223416015498456,1.3468334319776454,1.3511324338620245,1.34981860709339,1.3916555371335309,1.147221881757217,1.3501774637724269,1.3601191077110655,1.428729540718989,1.4635020090016926,1.4295141732144603,1.3586658025243974,1.3488785283989693,1.363696428229407,1.3573333026133863,1.345737327453879,1.4010110763419006,1.3454563394696475,1.3956459582877017,-1.7663435714867115,1.3678967036405927,1.32049948944505,1.4151952502901126,1.3848191475777303,1.463682880685521,1.3575155835817798,1.359266238368983,1.433816992398168,1.3461413558659585,1.35830482268112,1.369161357947664,1.3447940178721105,1.3653858267204084,1.3686081064747417,1.4775351214480352,1.3561013244095934,1.4290315127182693,1.3337834108972475,1.3048742238268596,1.1260151987399343,1.3451761974300382,1.36709347919158,1.3562779504778768,1.6832582512587435,1.3686305791569726,1.6340149388229852,1.4143641047066835,1.3714558734871305,1.3927226800920791,1.4380416953462192,1.4786888361066213,1.4392137489517973,1.3606395314575879,1.32522569681571,1.3585211590654969,1.4025946587687057,1.36837215406578,1.371905570615044,1.3371459235942302,1.3718187259803012,1.375755065425363,1.4790950332041206,1.3835139019618055,1.4151550925461716,1.3570076050330584,1.375750165609243,1.3993608193583051,1.2852259095436167,1.3595388551193217,1.343492536765801,1.526960646915592,1.3594370870075165,1.346112616555064,1.3929021708403893,1.3322556644802608,1.3460995645036045,1.3336987086033494,1.3930706929420016,1.449786165463822,1.3237894895787496,1.450525571427238,1.4041855496763804,-0.11066426808372769,1.3834405458295005,1.368572712826754,1.3723955836567903
1284,1519076075,1.4173415453329532,1.3604031959031526,1.3385400716084273,1.3724998491110882,1.3313888149045394,1.4424036898705717,1.417796665357265,1.3577829557950531,1.4360124288177434,1.3698156745811447,1.369434871964272,1.284669903414388,1.3562142178262453,1.4167516782146397,1.3395859231020528,1.3939356391385036,1.4383947657374507,1.3505033124068153,1.3721781883314803,1.3953760127401778,1.2861085960121994,1.3398694639319884,-0.08572961197044983,1.39829354241376,1.3451376276557372,1.3075108980687953,1.3464462066574396,1.4350591094669511,1.416586930429932,1.4855232918081094,1.3847177188747675,1.36731858605865,1.3615497925460232,0.5127600533964333,1.3700445463757307,1.3268355337042543,1.3697919089320645,1.4642124015279376,1.3580439093491545,1.4390595839462568,1.8714713316229337,1.3055560831497584,1.417143381450589,1.4392380502536726,-0.042223416015498456,1.3485717595489646,1.352325920591813,1.3510111216626444,1.3935481247931418,1.1472240465955745,1.3519696883379917,1.362318496172617,1.4314995985063896,1.4661729576432279,1.4323023795677008,1.3608720209738931,1.3508858083663104,1.3659048329280776,1.3588739776766952,1.347308440044607,1.4028755393084054,1.346614448353949,1.3981958029254464,-1.7663435714867115,1.369070706010821,1.322537168826567,1.4174481886374577,1.3860675863914849,1.466361344002314,1.3592394826711325,1.3608149995185965,1.4360443059783163,1.3476429330893365,1.3605122347152403,1.3703705149590493,1.3463634842375931,1.3675890615302695,1.3702047871244207,1.4796791863945329,1.3572603140559265,1.4318163951143683,1.3367401130701482,1.3060754884167185,1.1261608251321893,1.3467441242769898,1.3682745128178289,1.357428698265649,1.6945404561064406,1.3702232137553283,1.6340149388229852,1.416612247191996,1.373705222140339,1.395258709081491,1.441030196580814,1.4808280436571222,1.4413909499568585,1.36218729625535,1.327773227951457,1.360720689871365,1.404465705041415,1.3699706789757404,1.37415337125127,1.3386294968955343,1.3746274924373632,1.378010870925387,1.4812380550427608,1.3853853429878207,1.4174056302311238,1.3587338556717017,1.3780092112673803,1.4012266681857042,1.2873229465165452,1.3610771519867482,1.3449774799511272,1.5277560929400327,1.361091954825948,1.3476817429947427,1.394804278399499,1.3340262057370302,1.347259164121473,1.335468679024269,1.3949755833915383,1.451636063880649,1.3258236741919154,1.4521916934485553,1.4060515546414225,-0.11066426808372769,1.385310565228035,1.3697845334633487,1.3746452656544668
1285,1519076081,1.420131118045085,1.3621454065610077,1.3400251783598607,1.375309918126794,1.3343427434557609,1.4459843824795362,1.4205880822821713,1.3589347441865214,1.4387668854962496,1.372240008098324,1.3712042370184316,1.2862373055596619,1.3585032669704429,1.4202405402940121,1.3415653197363355,1.3971167774472757,1.4417632609310642,1.3528920777308353,1.3749503324646137,1.3972814015442778,1.2882062657520124,1.3413518351800098,-0.08572961197044983,1.4002103978712876,1.3466234378218922,1.3087128004782556,1.3479326941855285,1.4378401352626244,1.4193750961608353,1.486515079846739,1.3865878727850471,1.3690835878653227,1.3637584494090025,0.3460898552083521,1.371641102832243,1.3288701316547358,1.3716131513003935,1.4675583345531515,1.3595132678977677,1.4413002958511287,1.8645334787755352,1.3073546418874802,1.420148438068441,1.441481011543395,-0.042223416015498456,1.3497306445965107,1.3535194073216015,1.3533961508011527,1.3967024375591601,1.1472262114339322,1.3537619129035565,1.3650677317495559,1.4349621707406404,1.4688439062847631,1.435090585920941,1.3641813486481364,1.3523912683418164,1.3681132376267484,1.360414652740004,1.349403256832244,1.40474000227491,1.3483516116804015,1.3994707252443186,-1.7663435714867115,1.3714187107512779,1.3250842680534636,1.4197011269848028,1.3885644640189942,1.4690398073191067,1.360388748730701,1.36236376066821,1.439014057418514,1.3496450360538403,1.3627196467493605,1.372184250476127,1.3484561060582363,1.3697922963401306,1.3723336946573257,1.48253793965653,1.3595782933485925,1.4346012775104673,1.3385141343738887,1.308478017596436,1.1263064515244443,1.3488346934062583,1.3700460632572022,1.3597301938411934,1.7057644752664236,1.371815848353684,1.6340149388229852,1.4188603896773084,1.3759545707935474,1.3971607308235499,1.4432715725067602,1.482967251207623,1.4435681509619196,1.3642509826523663,1.3298112528600547,1.3629202206772333,1.4063367513141245,1.3715692038857008,1.3769631220465524,1.3406075946306064,1.3768745056030127,1.3802666764254112,1.483381076881401,1.3885044113645124,1.4196561679160762,1.361035523189893,1.3802682569255178,1.403092517013103,1.2888957242462418,1.3631282144766501,1.3464624231364535,1.5285515389644733,1.364401690462811,1.3492508694344214,1.397340421811645,1.3369771078316461,1.348998563548276,1.3372386494451882,1.396880473841075,1.4534859622974756,1.3283664049583725,1.4538578154698725,1.4079175596064646,-0.11066426808372769,1.3884272642255926,1.371602264418241,1.3768949476521435
1286,1519076087,1.4271050498254143,1.3644683541048146,1.3434904274465391,1.3803680423550648,1.3378874577172266,1.4502812136102936,1.4268687703632101,1.362966003556661,1.4442757988532624,1.375270424994798,1.3759225438295246,1.2898945772319677,1.361261001516337,1.4258227196210085,1.3445344146877598,1.4015703710795566,1.4471528532408457,1.35707241704787,1.3799401919042542,1.4010921791524782,1.291352770361732,1.3448107014253927,-0.08572961197044983,1.4053220124246946,1.3495950581542018,1.3117175565019064,1.3514011650844029,1.443402186853971,1.424951427622642,1.4894904439626278,1.3915749498791257,1.372613591478668,1.3681757631349611,-0.37614767027333307,1.3753664012307716,1.333447977043319,1.3752556360370514,1.4729118273934938,1.3629417711778655,1.4465286236291635,1.635584334811383,1.3103522397836833,1.4246560229952192,1.4467145878860805,-0.042223416015498456,1.353786742262922,1.3565031241460725,1.3563774372242885,1.4011184754315857,1.1472312627234333,1.3567489538461648,1.3694665086726585,1.4405022863154417,1.474185803567834,1.441364050215732,1.3691453401595013,1.3554021882928282,1.3736342493734248,1.3640095612210583,1.3525454820136997,1.4084689282079192,1.3518259383333064,1.4058453368386805,-1.7663435714867115,1.3755277190470774,1.3291596268164978,1.4257089625777233,1.392309780460258,1.4743967339526922,1.3638365469094063,1.366493790400512,1.4434686845788105,1.353148716241722,1.3682381768346612,1.3746025644988973,1.352641349699523,1.374749574662318,1.3760592828399096,1.4868260695495252,1.3630552622875916,1.44086726290169,1.3426535174159497,1.3114811790710827,1.1265977043089543,1.3519705471001613,1.3735891641359488,1.3626070633106238,1.7172154186084903,1.3750011175503951,1.6340149388229852,1.4233566746479336,1.3810156052632665,1.4009647743076674,1.4477543243586526,1.4872456663086249,1.4479225529720416,1.368378355446399,1.3343968089043998,1.3689689303933708,1.411949890132253,1.375299095342275,1.382020673478061,1.3435747412332146,1.3813685319343119,1.3859061901754717,1.4876671205586816,1.392871107091881,1.4256576017426157,1.363337190708084,1.3859158710708612,1.4086900634952995,1.2920412797056344,1.3667175738339787,1.3499272905688817,1.5298242526035781,1.3688146713119616,1.352389122313779,1.402412708635937,1.340518190345185,1.3518975625929472,1.34195857056764,1.4013252182233271,1.4576482337353358,1.3324347741847038,1.4577454335196127,1.4122715711915628,-0.11066426808372769,1.3921673030226616,1.3746318160097282,1.3813943116474967
1287,1519076092,1.4271050498254143,1.365629827876718,1.3434904274465391,1.3803680423550648,1.3378874577172266,1.4502812136102936,1.4268687703632101,1.362966003556661,1.4442757988532624,1.375270424994798,1.3759225438295246,1.2898945772319677,1.3640368620169931,1.4258227196210085,1.3445344146877598,1.4015703710795566,1.4471528532408457,1.35707241704787,1.3804946207308808,1.4010921791524782,1.291352770361732,1.3448107014253927,-0.08572961197044983,1.4065999160630462,1.3500903282095869,1.3117175565019064,1.3514011650844029,1.443402186853971,1.424951427622642,1.4894904439626278,1.3915749498791257,1.373790259349783,1.3681757631349611,0.8461004497725957,1.3753664012307716,1.333447977043319,1.3752556360370514,1.4735810139985366,1.3629417711778655,1.4465286236291635,1.8853470373177308,1.3103522397836833,1.4246560229952192,1.4467145878860805,-0.042223416015498456,1.353786742262922,1.3565031241460725,1.3563774372242885,1.4017493379847894,1.1472312627234333,1.3573463620346864,1.3694665086726585,1.4405022863154417,1.474185803567834,1.441364050215732,1.3691453401595013,1.3559040082846636,1.3736342493734248,1.3645231195754945,1.353069186210609,1.4084689282079192,1.3529840472176082,1.4058453368386805,-1.7663435714867115,1.3761147202321915,1.3291596268164978,1.4257089625777233,1.392309780460258,1.4743967339526922,1.3638365469094063,1.3670100441170498,1.4434686845788105,1.353148716241722,1.3682381768346612,1.3746025644988973,1.352641349699523,1.3753003833647832,1.3760592828399096,1.4875407578650244,1.3630552622875916,1.44086726290169,1.3426535174159497,1.3114811790710827,1.1265977043089543,1.3519705471001613,1.3747701977621976,1.3626070633106238,1.728547081290744,1.3750011175503951,1.6340149388229852,1.4233566746479336,1.3810156052632665,1.4022327888023733,1.4477543243586526,1.4872456663086249,1.4479225529720416,1.368378355446399,1.3343968089043998,1.3689689303933708,1.411949890132253,1.375299095342275,1.382020673478061,1.3435747412332146,1.3819302852257243,1.3859061901754717,1.4876671205586816,1.392871107091881,1.4256576017426157,1.363337190708084,1.3864806324853955,1.4086900634952995,1.2920412797056344,1.3672303394564542,1.350422271630657,1.5298242526035781,1.3688146713119616,1.352389122313779,1.402412708635937,1.340518190345185,1.3524773624018815,1.34195857056764,1.4013252182233271,1.4576482337353358,1.3324347741847038,1.4577454335196127,1.4128935728465766,-0.11066426808372769,1.3921673030226616,1.3746318160097282,1.3813943116474967
1288,1519076098,1.4305920157155791,1.3673720385345731,1.3454705697817837,1.3831781113707706,1.3402506005582038,1.4531457676974653,1.4303580415193429,1.3646936861438637,1.4477188697013952,1.378300841891272,1.3782816972350709,1.2925069141407572,1.3668412061608461,1.429311581700381,1.347008660480613,1.4041152817265743,1.4505213484344592,1.358863991040885,1.3832667648640145,1.4036326975579452,1.2934504401015452,1.3467871964227542,-0.08572961197044983,1.408516771520574,1.3525666784865116,1.3135204101160969,1.3533831484551881,1.4461832126496443,1.429133676218997,1.4919699140592018,1.394068488426165,1.3755552611564557,1.3709365842136854,0.9572139152313165,1.377495143172788,1.3359912244814207,1.3770768784053804,1.4769269470237505,1.365390702092221,1.4487693355340354,1.8784091844703321,1.3133498376798867,1.4276610796130715,1.4489575491758029,-0.042223416015498456,1.3555250698342411,1.3582933542407551,1.359358723647424,1.404272788197604,1.1472341491745768,1.3591385866002512,1.3727655913649854,1.4432723441028423,1.4781922265301368,1.4441522565689724,1.3719031132213708,1.3579112882520048,1.376394755246763,1.3665773529932397,1.355164002998246,1.4121978541409286,1.3547212105440607,1.4077577203169889,-1.7663435714867115,1.377875723787534,1.3317067260433944,1.4287128803741835,1.39418243868089,1.4777448130986832,1.365560445998759,1.3695913126997388,1.4456959981589588,1.3551508192062258,1.3709974418773117,1.3770208785216675,1.3547339715201665,1.3780544268771096,1.378720417256041,1.4903995111270214,1.3653732415802577,1.443652145297789,1.3450188791542705,1.313283075955871,1.1267918728319612,1.354583758511747,1.3777227818278197,1.3643331849922822,1.7399456575138683,1.3776555085476545,1.6340149388229852,1.4278529596185587,1.3838272910797769,1.4047688177917852,1.4499957002845987,1.4908110122261264,1.4508254876454565,1.3704420418434156,1.336944340040147,1.3717183439007061,1.4144446184958657,1.3774304618888888,1.3853923744323997,1.345552838968287,1.3847390516827862,1.388725947050502,1.490524483010202,1.3953663617932346,1.4279081394275681,1.3662142751058228,1.3893044395580674,1.4111778619318311,1.2941383166785632,1.3692814019463562,1.3524021958777588,1.5306196986280187,1.3726760295549685,1.3544812909000172,1.4055828879011196,1.3434690924398007,1.355376361446553,1.3437285409885595,1.4032301086728638,1.4599606067563693,1.3354860511044524,1.4599669295480358,1.4153815794666327,-0.11066426808372769,1.396530681619242,1.3764495469646205,1.3842064141445924
1289,1519076103,1.4347763747837767,1.3702757229643319,1.3474507121170285,1.3865501941896177,1.3426137433991807,1.4560103217846372,1.4345451669067022,1.3664213687310662,1.4532277830584077,1.3801190920291564,1.3806408506406174,1.295119251049547,1.369443575380211,1.4334982161956282,1.348988057114896,1.406660192373592,1.4545635426667953,1.3606555650339,1.3865933378237747,1.4080786047675122,1.2955481098413582,1.3492578151694563,-0.08572961197044983,1.4117115306164534,1.3545477587080514,1.3159242149350177,1.3558606276686698,1.4517452642409912,1.4340129662480778,1.493953490136461,1.397808796246724,1.3773202629631283,1.375353897939644,0.9572139152313165,1.3801560706003082,1.339043121407143,1.3788981207737094,1.4809420666540072,1.3678396330065763,1.4525038553754888,1.8714713316229337,1.3163474355760898,1.4306661362309236,1.452695817992007,-0.042223416015498456,1.3584222824531063,1.3612770710652262,1.3611474955013054,1.4074271009636223,1.147237757238506,1.362723035731381,1.3766145211727003,1.4481199452307936,1.48219864949244,1.4490316176871432,1.3752124408956141,1.3604203882111814,1.379707362294769,1.368631586410985,1.3583062281797016,1.4153052924184364,1.357037428312664,1.4109450261141698,-1.7663435714867115,1.3796367273428767,1.3347632451156701,1.432467777619759,1.3991761939359084,1.4831017397322688,1.3684336111476803,1.37165632756589,1.4494081874592057,1.3576534479118556,1.374860412937022,1.3800437710501305,1.35682659334081,1.3813592790919011,1.380849324788946,1.4932582643890184,1.367691220872924,1.4485256894909622,1.3479755813271712,1.315084972840659,1.1270345834857196,1.3566743276410158,1.3794943322671929,1.3666346805678264,1.7512802294805074,1.380309899544914,1.6340149388229852,1.4315998637607463,1.3883259883861938,1.4073048467811968,1.45522557744514,1.4936632889601278,1.4559056233239323,1.3730216498396859,1.3400013774030437,1.3750176401095084,1.4169393468594782,1.3795618284355027,1.3893260255457953,1.347530936703359,1.3881095714312606,1.392109655300538,1.4962392079132425,1.3978616164945883,1.4316590355691554,1.368515942624014,1.3926930080452735,1.4136656603683628,1.2962353536514917,1.3713324644362581,1.354877101186636,1.5315742338573475,1.3759857651918315,1.357096501632815,1.4087530671663022,1.3464199945344166,1.357115760873356,1.346678491690092,1.408309816538295,1.4627354543816096,1.338537328024201,1.4621884255764588,1.4178695860866888,-0.11066426808372769,1.399024040817288,1.3794790985561078,1.3887057781399457
1290,1519076109,1.4389607338519743,1.372017933622187,1.3504209256198956,1.3893602632053237,1.3461584576606465,1.4595910143936017,1.438034438062835,1.3698767339054716,1.4566708539065405,1.381937342167041,1.382410215694777,1.2977315879583369,1.372206488770323,1.4376848506908753,1.3514623029077493,1.4092051030206096,1.4586057368991314,1.363641521688925,1.389919910783535,1.4112542527743457,1.2981701970161246,1.351234310166818,-0.08572961197044983,1.4149062897123326,1.3565288389295913,1.3183280197539384,1.357842611039455,1.4552215464855827,1.438195214844433,1.4959370662137201,1.4003023347937633,1.379085264769801,1.3781147190183682,1.0127706479606768,1.3822848125423246,1.3415863688452447,1.3813264439314814,1.4842879996792209,1.370288563920932,1.4569852791852327,1.8680024051992343,1.3187455138930524,1.4351737211577018,1.4556864330449701,-0.042223416015498456,1.3601606100244255,1.3648575312545916,1.3641287819244412,1.4105814137296406,1.1472406436896494,1.3645152602969461,1.3793637567496393,1.4522750319118944,1.4862050724547429,1.4525168756286937,1.3790733231822314,1.3624276681785228,1.3824678681681073,1.3706858198287302,1.3604010449673387,1.4177912430404427,1.3587745916391165,1.4134948707519146,-1.7663435714867115,1.3825717332684477,1.337819764187946,1.4354716954162192,1.4016730715634178,1.4864498188782598,1.370157510237033,1.3737213424320411,1.4538628146195023,1.3601560766174854,1.3776196779796723,1.3824620850729008,1.359442370616614,1.3841133226042273,1.3829782323218511,1.4961170176510152,1.3705886949887565,1.4527030130851109,1.3497496026309117,1.3180881343153061,1.1272287520087263,1.3592875390526016,1.3812658827065663,1.370086923931143,1.7626729871348605,1.3824334123427215,1.6340149388229852,1.4353467679029337,1.3911376742027044,1.4111088902653146,1.4582140786797346,1.4979417040611296,1.458808557997347,1.3750853362367024,1.342548908538791,1.3777670536168436,1.4194340752230907,1.3816931949821165,1.3921357763410778,1.3504980833059672,1.3914800911797347,1.3949294121755684,1.4983822297518827,1.4022283122219568,1.4346597524824252,1.3708176101422052,1.3960815765324794,1.4161534588048947,1.2988566498676524,1.3738962925486355,1.3568570254337378,1.5325287690866762,1.3792955008286945,1.3602347545121722,1.4112892105784482,1.348190535791186,1.3588551603001586,1.349038452251318,1.4108496704710105,1.465047827402643,1.3410800587906582,1.4644099216048818,1.4203575927067449,-0.11066426808372769,1.4021407398148455,1.381296829511,1.3920803011364606
1291,1519076115,1.4452372724542708,1.3749216180519455,1.3538861747065738,1.3944183874335943,1.3497031719221122,1.465320122567945,1.4450129803751004,1.373332099079877,1.4635569956028063,1.3855738424428097,1.3859489458030967,1.3008663922488846,1.3750134223362849,1.4446625748496205,1.3544313978591735,1.414294924314645,1.4646690282476358,1.36782186100596,1.3943553413965486,1.415065030382546,1.3018411190607975,1.3551873001615415,-0.08572961197044983,1.4187400006273878,1.359995729317286,1.3213327757775892,1.360815586095633,1.4614788545258477,1.4437715463062397,1.4984165363102941,1.4059127965246017,1.3832036023187038,1.382532032744327,-0.37614767027333307,1.3860101109408531,1.346164214233828,1.3849689286681395,1.4909798657296487,1.3732272810181585,1.4622136069632674,1.5002962042871113,1.3211435922100148,1.4411838343934062,1.463910624440619,-0.042223416015498456,1.3630578226432908,1.3678412480790627,1.3671100683475768,1.4143665890488626,1.1472449733663648,1.3675023012395542,1.38431238078813,1.458507661933546,1.4922147068981972,1.4601844431001048,1.3845888693059702,1.3654385881295346,1.387436778740116,1.3742807283097844,1.3635432701487942,1.4221416566289535,1.3616698638498705,1.4179570988679677,-1.7663435714867115,1.3855067391940188,1.3418951229509801,1.4414795310091395,1.4054183880046818,1.4918067455118453,1.3747545744753067,1.3768188647312678,1.4590598796398482,1.363159231064241,1.383138208064973,1.3860895561070563,1.3636276142579007,1.38962140962888,1.386703820504435,1.5025492124905084,1.3729066742814227,1.4589689984763334,1.354480326107553,1.3216919280848822,1.127568546923988,1.3629460350288218,1.3842184667721884,1.3741145411883458,1.774118111908156,1.3861495597388847,1.6340149388229852,1.4398430528735588,1.3961987086724235,1.4149129337494324,1.4634439558402756,1.5029331883456316,1.4646144273441766,1.3786967874314808,1.347134464583136,1.3827159979300472,1.424423531950316,1.3854230864386907,1.397193327772586,1.3544542787761116,1.3965358708024462,1.4000049745506227,1.5026682734291632,1.407218821624664,1.4414113655372822,1.373694694539944,1.4005996678487542,1.4205071060688252,1.302002205327045,1.3769728862834887,1.3598269118043904,1.533801482725781,1.383708481677845,1.3633730073915298,1.4163614974027403,1.351731618304725,1.3623339591537644,1.3531683832334631,1.4152944148532627,1.4692100988405032,1.3451484280169896,1.4688529136617279,1.4259556076018711,-0.11066426808372769,1.4058807786119145,1.385538201739082,1.3965796651318139
1292,1519076120,1.4459346656323038,1.3749216180519455,1.3538861747065738,1.3944183874335943,1.3497031719221122,1.465320122567945,1.4450129803751004,1.373332099079877,1.4635569956028063,1.3855738424428097,1.3859489458030967,1.3013888596306427,1.3765903804005568,1.4446625748496205,1.3544313978591735,1.414294924314645,1.4646690282476358,1.36782186100596,1.3943553413965486,1.415065030382546,1.3018411190607975,1.3551873001615415,-0.08572961197044983,1.4187400006273878,1.359995729317286,1.3213327757775892,1.360815586095633,1.4614788545258477,1.4437715463062397,1.4984165363102941,1.4059127965246017,1.3832036023187038,1.382532032744327,0.45720332066707287,1.3860101109408531,1.346164214233828,1.3861830902470256,1.4909798657296487,1.3732272810181585,1.4622136069632674,1.8680024051992343,1.322342631368496,1.4411838343934062,1.463910624440619,-0.042223416015498456,1.3630578226432908,1.3678412480790627,1.367706325632204,1.4143665890488626,1.1472449733663648,1.3675023012395542,1.38431238078813,1.458507661933546,1.4922147068981972,1.4601844431001048,1.3845888693059702,1.3654385881295346,1.387436778740116,1.3742807283097844,1.3635432701487942,1.4221416566289535,1.3616698638498705,1.4179570988679677,-1.7663435714867115,1.3855067391940188,1.3418951229509801,1.4422305104582547,1.4054183880046818,1.4918067455118453,1.3747545744753067,1.3773351184478055,1.4590598796398482,1.363159231064241,1.383138208064973,1.3860895561070563,1.3636276142579007,1.38962140962888,1.386703820504435,1.5025492124905084,1.3729066742814227,1.4589689984763334,1.354480326107553,1.3216919280848822,1.127568546923988,1.3634686773111389,1.3848089835853128,1.3741145411883458,1.7850395654920275,1.3861495597388847,1.6340149388229852,1.4398430528735588,1.3961987086724235,1.4149129337494324,1.4634439558402756,1.5029331883456316,1.4646144273441766,1.3786967874314808,1.347134464583136,1.3827159979300472,1.424423531950316,1.3859559280753442,1.397193327772586,1.3544542787761116,1.3965358708024462,1.4000049745506227,1.5026682734291632,1.407218821624664,1.4414113655372822,1.373694694539944,1.4005996678487542,1.4205071060688252,1.302002205327045,1.3769728862834887,1.3598269118043904,1.533801482725781,1.383708481677845,1.3633730073915298,1.4163614974027403,1.351731618304725,1.3623339591537644,1.3531683832334631,1.4152944148532627,1.4692100988405032,1.3451484280169896,1.4688529136617279,1.4259556076018711,-0.11066426808372769,1.4058807786119145,1.385538201739082,1.3965796651318139
1293,1519076126,1.4487242383444356,1.376083091823849,1.3553712814580074,1.3972284564493003,1.351475529052845,1.467468538133324,1.4485022515312331,1.3750597816670795,1.467000066450939,1.3892103427185785,1.3877183108572566,1.3029562617759165,1.37794464816347,1.4474536645131186,1.3559159453348855,1.4168398349616627,1.4673638244025264,1.369613434998975,1.3965730567030554,1.4169704191866461,1.3034143713656574,1.3566696714095627,-0.08572961197044983,1.4212958079040914,1.361481539483441,1.32373658059651,1.362302073623722,1.464259880321521,1.4479537949025947,1.4999042183682385,1.407782950434881,1.3849686041253764,1.3847406896073062,-0.37614767027333307,1.3876066673973655,1.3481988121843094,1.3873972518259114,1.4943257987548626,1.3746966395667717,1.4644543188681394,1.850657773080738,1.3235416705269774,1.4434376268567954,1.4661535857303416,-0.042223416015498456,1.364216707690837,1.3690347348088512,1.3694950974860853,1.4162591767084736,1.1472471382047222,1.3698919339936408,1.3870616163650689,1.4612777197209466,1.4955533927001166,1.4629726494533453,1.3867950877554658,1.3669440481050406,1.390749385788122,1.3763349617275296,1.3656380869364313,1.4252490949064613,1.363986081618474,1.4205069435057125,-1.7663435714867115,1.3866807415642473,1.3439328023324972,1.4444834488055998,1.4072910462253136,1.494485208828638,1.3759038405348751,1.378883879597419,1.4612871932199964,1.365161334028745,1.3853456200990932,1.3872987131184416,1.3651970806233833,1.391824644438741,1.3893649549205664,1.5054079657525052,1.3752246535740886,1.4617538808724324,1.3562543474112936,1.3234938249696704,1.127714173316243,1.3650366041580904,1.386580534024686,1.375265288976118,1.7959552005071278,1.3877421943372403,1.6340149388229852,1.444339337844184,1.398448057325632,1.416814955491491,1.465685331766222,1.505785465079633,1.4675173620175912,1.3802445522292432,1.3491724894917339,1.3854654114373823,1.427541942404832,1.3875544529853046,1.3994411284088122,1.3559378520774157,1.3987828839680958,1.402824731425653,1.5048112952678034,1.409090262650679,1.444412082450552,1.3748455282990397,1.403423474921426,1.42361685411449,1.3040992422999735,1.3785111831509151,1.361806836051492,1.5345969287502217,1.3859149721024204,1.3649421338312084,1.41826360496185,1.3535021595614944,1.363493558771633,1.3549383536543826,1.4171993053027994,1.4710599972573302,1.3471826126301552,1.470519035683045,1.427821612566913,-0.11066426808372769,1.407750798010449,1.386750022375677,1.3988293471294904
1294,1519076132,1.4515138110565673,1.3784060393676558,1.3573514237932522,1.4006005392681473,1.353838671893822,1.4696169536987025,1.4512936684561395,1.3767874642542821,1.4704431372990718,1.390422509477168,1.3894876759114163,1.305568598684706,1.380746402885214,1.4502447541766166,1.3578953419691684,1.4200209732704347,1.4700586205574173,1.37140500899199,1.3998996296628157,1.4207811967948465,1.3060364585404236,1.358152042657584,-0.08572961197044983,1.423851615180795,1.3634626197049806,1.3261403854154306,1.3642840569945072,1.4677361625661127,1.450741960633498,1.5018877944454976,1.4096531043451608,1.3867336059320492,1.3880536749017751,-0.37614767027333307,1.39079978031039,1.3507420596224111,1.3892184941942405,1.4970025451750337,1.376655784298256,1.4666950307730113,1.850657773080738,1.3265392684231805,1.4456914193201844,1.468396547020064,-0.042223416015498456,1.366534477785929,1.3720184516333223,1.3712838693399667,1.4194134894744919,1.1472500246558657,1.3716841585592057,1.389810851942008,1.4647402919551973,1.4982243413416518,1.4657608558065855,1.3890013062049613,1.3689513280723817,1.3935098916614603,1.378389195145275,1.3677329037240684,1.4277350455284676,1.3651441905027755,1.4230567881434573,-1.7663435714867115,1.3884417451195898,1.3464799015593938,1.446736387152945,1.4104121432597003,1.497833287974629,1.377627739624228,1.381465148180108,1.4649993825202436,1.366662911252123,1.3881048851417435,1.3903216056469043,1.3672897024440265,1.3951294966535326,1.3909616355702452,1.507552030699003,1.3763836432204217,1.4645387632685314,1.358028368715034,1.325896354149388,1.1282481367545116,1.367127173287359,1.3889426012771837,1.3769914106577763,1.8073305024551667,1.3903965853344997,1.6340149388229852,1.4465874803294965,1.4018220803054446,1.419350984480903,1.4686738330008167,1.5079246726301339,1.4711460303593598,1.3823082386262595,1.3512105144003315,1.3887647076461846,1.4300366707684444,1.3896858195319184,1.4022508792040946,1.3574214253787198,1.4015916504251578,1.4056444883006831,1.5076686577193237,1.4109617036766942,1.4466626201355042,1.3771471958172308,1.4062472819940979,1.4267266021601548,1.3067205385161342,1.380562245640817,1.3632917792368184,1.5352332855697741,1.3886730851331397,1.3675573445640061,1.4201657125209595,1.3564530616561103,1.36581275800737,1.357888304355915,1.4203741227186937,1.4761472179036037,1.3497253433966123,1.4749620277398912,1.430931620841983,-0.11066426808372769,1.410244157208495,1.3903854842854615,1.4022038701260053
1295,1519076137,1.4570929564808308,1.3824711975693178,1.3588365305446857,1.4022865806775708,1.3585649575757763,1.475346061873046,1.4568765023059518,1.3779392526457506,1.4759520506560844,1.3934529263736422,1.3900774642628029,1.306613533448222,1.3833902028583203,1.4565247059194872,1.3613592860791632,1.4212934285939436,1.4761219119059215,1.3725993916539998,1.4021173449693225,1.42205145599758,1.3070852934103303,1.3616109089029669,-0.08572961197044983,1.4251295188191466,1.3664342400372904,1.3285441902343513,1.3672570320506852,1.4746887270552962,1.4563182920953046,1.5038713705227569,1.4115232582554402,1.3879102738031641,1.3930231528434787,0.2349763897496313,1.391864151281398,1.354811255523374,1.3928609789308986,1.502356038015376,1.3795945013954827,1.4711764545827553,1.850657773080738,1.3277383075816618,1.4517015325558889,1.4728824695995089,-0.042223416015498456,1.3694316904047943,1.3726151949982164,1.372476383909221,1.4213060771341028,1.147254354332581,1.3728789749362489,1.3914603932881715,1.4709729219768488,1.5042339757851064,1.4713372685130666,1.3939652977163264,1.3729658880070643,1.3951661951854633,1.3794163118541474,1.368780312117887,1.4289780208394707,1.3697766260399822,1.4243317104623296,-1.7663435714867115,1.3902027486749324,1.3510646801678075,1.4512422638476354,1.4147816791078414,1.5038598304374127,1.3805009047731491,1.3824976556131834,1.4701964475405895,1.3706671171811304,1.3897604441673337,1.3915307626582896,1.368859168809509,1.3967819227609284,1.3941549968696028,1.5118401605919984,1.381019601805754,1.4701085280607296,1.3633504326262555,1.3264969864443175,1.128345221016015,1.3681724578519934,1.3901236349034325,1.380443654021093,1.8300083742416022,1.3914583417334034,1.6340149388229852,1.4510837653001216,1.4040714289586531,1.4218870134703148,1.4753979607786551,1.512916156914636,1.4755004323694818,1.3833400818247676,1.356305576671826,1.3909642384520529,1.4312840349502507,1.3934157109884926,1.4039367296812642,1.360883096415096,1.4038386635908073,1.4073363424257013,1.5133833826223644,1.4159522130794013,1.4511636955054088,1.3805996970945174,1.4079415662377008,1.4285924509875536,1.3082933162458308,1.3821005425082438,1.367251627731022,1.5369832668235435,1.390879575557715,1.3686034288571254,1.4220678200800692,1.3611745050074955,1.3687117570520415,1.361428245197754,1.4222790131682304,1.4798470147372573,1.3548108049295267,1.4782942717825256,1.4327976258070252,-0.11066426808372769,1.412737516406541,1.3915973049220565,1.4038911316242628
1296,1519076143,1.4584877428368968,1.3830519344552696,1.3613117084637416,1.4062206772995591,1.3591557432860206,1.476062200394839,1.458272210768405,1.3802428294286875,1.4773292789953376,1.3946650931322317,1.393026406019736,1.3092258703570119,1.3862100835348263,1.4579202507512363,1.3623489843963046,1.42511079456447,1.477469309983367,1.3761825396400298,1.4054439179290825,1.4258622336057802,1.31023179802005,1.3625991564016477,-0.08572961197044983,1.4276853260958502,1.3674247801480603,1.3309479950532719,1.3682480237360777,1.4760792399531328,1.4577123749607563,1.5048631585613863,1.4152635660759991,1.3902636095453944,1.3941274812749684,0.45720332066707287,1.3945250787089185,1.3558285544986148,1.3940751405097844,1.5036944112254615,1.3805740737612249,1.4726702625193366,1.84025099380964,1.3301363858986244,1.4524527967103518,1.4736301233627496,-0.042223416015498456,1.3700111329285674,1.3755989118226875,1.3754576703323567,1.4244603899001214,1.1472557975581528,1.3752686076903355,1.3947594759804984,1.472357950870549,1.505569450105874,1.4727313716896866,1.3950684069410741,1.373969527990735,1.398478802233469,1.381984103626329,1.3713988331024332,1.431463971461477,1.3709347349242837,1.4281564774189466,-1.7663435714867115,1.3937247557856176,1.3520835198585661,1.4527442227458656,1.4154058985147187,1.5051990620958091,1.3816501708327176,1.3850789241958723,1.4709388854006389,1.3716681686633825,1.3936234152270441,1.3939490766810598,1.371998101540474,1.40008677497572,1.3952194506360553,1.5132695372229967,1.382178591452087,1.471500969258779,1.3645331134954157,1.3301007802138938,1.1285879316697733,1.3713083115458964,1.3924857021559303,1.381594401808865,1.8301101991951012,1.3941127327306628,1.6340149388229852,1.4525825269569965,1.4074454519384658,1.4244230424597264,1.476145086087304,1.5136292260981363,1.4762261660378355,1.3859196898210382,1.357324589126125,1.3942635346608552,1.4337787633138634,1.3944813942617995,1.4078703807946595,1.3618721452826321,1.4072091833392817,1.4112840020507436,1.5140977232352444,1.4165760267547396,1.4519138747337264,1.381750530853613,1.411330134724907,1.4310802494240853,1.3109146124619915,1.3851771362430967,1.3682415898545728,1.5373014452333198,1.394189311194578,1.3717416817364827,1.425872035198288,1.362354865845342,1.3698713566699101,1.3620182353380603,1.425453830584125,1.4807719639456707,1.3558278972361095,1.4788496457896314,1.4352856324270813,-0.11066426808372769,1.4152308756045868,1.3940209461952462,1.408390495619616
1297,1519076148,1.4633694950831273,1.3853748819990765,1.3637868863827975,1.4107167877246887,1.362109671837242,1.4796428930038035,1.4631571903869909,1.3831223004073585,1.481460964013097,1.396483343270116,1.3965651361280556,1.3113157398840436,1.3887969162215383,1.4621068852464836,1.3643283810305873,1.429564388196751,1.481511504215703,1.3779741136330448,1.4087704908888428,1.429037881612614,1.3128538851948162,1.3650697751483498,-0.08572961197044983,1.4321579888300813,1.3694058603696002,1.3327508486674624,1.3707255029495593,1.4809460350955612,1.4618946235571113,1.5063508406193309,1.4183804892597982,1.3932052792231822,1.3974404665694373,0.2349763897496313,1.397186006136439,1.3598977503995777,1.3965034636675566,1.5077095308557182,1.3825332184927093,1.4778985902973711,1.7778103181830534,1.3319349446363462,1.456209117482667,1.4781160459421945,-0.042223416015498456,1.3729083455474325,1.3773891419173703,1.377246442186238,1.426983840112936,1.147259405622082,1.3770608322559004,1.3980585586728254,1.47651303755165,1.509575873068177,1.4776107328078574,1.3983777346153174,1.3759768079580763,1.4023435104561426,1.3845518953985105,1.3734936498900703,1.4345714097389848,1.3726718982507362,1.432618705535,-1.7663435714867115,1.3954857593409604,1.3551400389308417,1.4572500994405557,1.4185269955491053,1.5092167570709982,1.3845233359816387,1.3871439390620235,1.474651074700886,1.3741707973690123,1.3974863862867546,1.3957628121981376,1.3740907233611175,1.4039424358929766,1.3973483581689603,1.5161282904849938,1.384496570744753,1.477070734050977,1.3668984752337365,1.3325033093936112,1.12878210019278,1.373398880675165,1.3942572525953034,1.3833205234905235,1.8415087754182256,1.3962362455284705,1.6340149388229852,1.4555800502707468,1.4108194749182785,1.4275930786964912,1.4806278379391964,1.517194572015638,1.479854834379604,1.3890152194165626,1.3603816264890216,1.3981127135711247,1.4381445379501854,1.3971456024450668,1.4112420817489986,1.3638502430177042,1.410579703087756,1.415231661675786,1.5176694262996449,1.4196950951314316,1.4571651293319485,1.3834767814922564,1.4152834646266474,1.435433896688016,1.31301164943492,1.3872281987329986,1.3702215141016747,1.5382559804626483,1.397499046831441,1.373833850322721,1.4284081786104341,1.3653057679399576,1.3716107560967128,1.3661481663202057,1.4279936845168404,1.4840092861751175,1.3593877203091493,1.4827372638393717,1.4390176423571654,-0.11066426808372769,1.4183475746021443,1.396444587468436,1.411765018616131
1298,1519076154,1.4661590677952592,1.3876978295428832,1.3652719931342312,1.4135268567403947,1.3644728146782192,1.4817913085691823,1.465948607311897,1.384274088798827,1.4842154206916032,1.3989076767872952,1.397744712830829,1.3128831420293177,1.3914847363704943,1.465595747325856,1.3658129285062994,1.4321092988437687,1.4842063003705939,1.3797656876260598,1.412097063848603,1.430943270416714,1.3149515549346293,1.366552146396371,-0.08572961197044983,1.4347137961067846,1.371882210646525,1.334553702281653,1.3722119904776482,1.4837270608912345,1.4646827892880148,1.50833441669659,1.4202506431700779,1.3955586149654124,1.3996491234324167,0.7349869843138749,1.3987825625929513,1.3619323483500592,1.3983247060358854,1.5110554638809321,1.3844923632241937,1.4801393022022433,1.8610645523518359,1.3331339837948275,1.4592141741005193,1.4803590072319168,-0.042223416015498456,1.3746466731187517,1.3791793720120529,1.3790352140401194,1.430769015432158,1.1472615704604396,1.379450465009987,1.4002579471343768,1.4799756097859007,1.5135822960304801,1.4803989391610979,1.400583953064813,1.3779840879254175,1.4045519151548134,1.3866061288162557,1.3755884666777074,1.4364358727054896,1.3749881160193396,1.4345310890133083,-1.7663435714867115,1.397246762896303,1.3576871381577382,1.459503037787901,1.4203996537697372,1.5118952203877911,1.3856726020412071,1.3897252076447124,1.4776208261410837,1.3756723745923902,1.3996937983208748,1.3969719692095228,1.3756601897266,1.4061456707028377,1.3994772657018655,1.51970173206249,1.385655560391086,1.479855616447076,1.3692638369720571,1.3343052062783993,1.128927726585035,1.3749668075221164,1.3972098366609256,1.3844712712782956,1.8528200731097795,1.397828880126826,1.6340149388229852,1.4578281927560592,1.413068823571487,1.430763114933256,1.4828692138651425,1.5214729871166397,1.482032035384665,1.390562984214325,1.3629291576247688,1.4003122443769929,1.4400155842228948,1.3987441273550272,1.4134898823852244,1.3653338163190083,1.413388469544818,1.4174874671758102,1.519812448138285,1.4215665361574465,1.4594156670169007,1.384627615251352,1.418107271699319,1.4372997455154148,1.3151086864078485,1.388766495600425,1.3722014383487764,1.538892337282201,1.3997055372560163,1.3754029767623996,1.4303102861695438,1.367076309196727,1.3745097551413843,1.367918136741125,1.429898574966377,1.486321659196151,1.361421904922315,1.4844033858606889,1.4408836473222075,-0.11066426808372769,1.420217594000679,1.397656408105031,1.4140147006138075
1299,1519076160,1.4689486405073908,1.3900207770866901,1.3667570998856646,1.4157749119529595,1.3668359575191962,1.483939724134561,1.4687400242368032,1.3860017713860298,1.4876584915397362,1.4001198435458848,1.4001038662363752,1.3144505441745915,1.3936210096102717,1.4683868369893542,1.3677923251405821,1.434017981829032,1.4869010965254845,1.3809600702880698,1.4143147791551098,1.433483788822181,1.316524807239489,1.3685286413937328,-0.08572961197044983,1.4366306515643124,1.3738632908680648,1.3369575071005737,1.3736984780057373,1.4865080866869078,1.4681679964516439,1.5098220987545343,1.423367566353877,1.397323616772085,1.4024099445111409,0.4016465879377125,1.4009113045349675,1.3639669463005406,1.3995388676147715,1.514401396906146,1.3859617217728069,1.4823800141071153,1.8541266995044372,1.3349325425325496,1.4614679665639083,1.48334962228488,-0.042223416015498456,1.3758055581662978,1.3815663454716298,1.381420243178628,1.432661603091769,1.147263735298797,1.3812426895755519,1.4030071827113157,1.4827456675733015,1.5169209818323992,1.4838841971026484,1.4027901715143085,1.3799913678927587,1.406760319853484,1.388660362234001,1.3771595792684352,1.4395433109829971,1.3761462249036414,1.4364434724916169,-1.7663435714867115,1.3984207652665313,1.3602342373846348,1.461755976135246,1.4235207508041239,1.5145736837045838,1.38739650113056,1.3912739687943259,1.479848139721232,1.377173951815768,1.4024530633635253,1.399390283232293,1.3772296560920825,1.4083489055126988,1.4010739463515443,1.522560485324487,1.3873940448605857,1.482640498843175,1.3710378582757976,1.3361071031631875,1.12907335297729,1.3770573766513852,1.398981387100299,1.386197392959954,1.8640353644166054,1.3999523929246336,1.6340149388229852,1.4615750968982468,1.4164428465512997,1.4326651366753147,1.4851105897910886,1.524325263850641,1.4849349700580798,1.3926266706113413,1.3649671825333667,1.402511775182861,1.4418866304956044,1.4003426522649876,1.416299633180507,1.3673119140540806,1.4156354827104676,1.4197432726758343,1.5219554699769253,1.4234379771834618,1.4616662047018532,1.386929282769543,1.4203663173574566,1.4391655943428137,1.317205723380777,1.3903047924678518,1.3736863815341027,1.5395286941017534,1.4024636502867356,1.377495145348638,1.4334804654347264,1.370027211291343,1.3768289543771215,1.3696881071620446,1.4337083558654504,1.488171557612978,1.3639646356887722,1.486069507882006,1.4427496522872494,-0.11066426808372769,1.4233342929982362,1.4000800493782206,1.4168268031109033
1300,1519076165,1.4717382132195227,1.3911822508585936,1.3682422066370983,1.418022967165524,1.368608314649929,1.4860881396999397,1.4715314411617093,1.3871535597774982,1.4904129482182424,1.4013320103044746,1.4012834429391485,1.3165404137016232,1.3963787441561657,1.4711779266528522,1.3697717217748648,1.4359266648142952,1.490269591719098,1.3833488356120898,1.4165324944616167,1.4366594368290146,1.318098059544349,1.3705051363910945,-0.08572961197044983,1.4385475070218399,1.3753491010342198,1.3393613119194945,1.376175957219219,1.4899843689314995,1.4709561621825473,1.5118056748317936,1.4252377202641564,1.3990886185787577,1.405170765589865,0.5683167861257937,1.4025078609914798,1.366001544251022,1.4007530291936576,1.5170781433263172,1.3879208665042913,1.4846207260119872,1.850657773080738,1.337330620849512,1.4637217590272975,1.4855925835746024,-0.042223416015498456,1.378702770785163,1.382759832201418,1.3826127577478822,1.43455419075138,1.1472673433627265,1.3836323223296383,1.4052065711728672,1.485515725360702,1.5195919304739345,1.4866724034558887,1.404996389963804,1.3814968278682647,1.4089687245521545,1.39020103729731,1.3792543960560721,1.441407773949502,1.3778833882300938,1.4383558559699254,-1.7663435714867115,1.3995947676367597,1.362271916766152,1.4640089144825914,1.426017628431633,1.5192609945089712,1.389695033249697,1.3933389836604768,1.4820754533013802,1.378675529039146,1.4046604753976455,1.4012040187493708,1.3793222779127259,1.4105521403225598,1.402670627001223,1.5247045502709846,1.3885530345069186,1.485425381239274,1.372811879579538,1.3373083677530462,1.129267521500297,1.3786253034983367,1.4007529375396721,1.3884988885354983,1.8754252127865727,1.4015450275229893,1.6340149388229852,1.4638232393835593,1.418692195204508,1.4352011656647266,1.4880990910256835,1.526464471401142,1.487112171063141,1.3941744354091035,1.3670052074419643,1.4052611886901962,1.4437576767683138,1.401941177174948,1.4185474338167328,1.3692900117891527,1.4184442491675293,1.4219990781758585,1.5269558542670858,1.425309418209477,1.4639167423868056,1.3892309502877342,1.4226253630155938,1.4410314431702125,1.3193027603537055,1.3918430893352782,1.375171324719429,1.5401650509213058,1.404670140711311,1.3790642717883166,1.4353825729938359,1.3717977525481124,1.3779885539949899,1.371458077582964,1.435613246314987,1.4900214560298046,1.365998820301938,1.4877356299033233,1.4446156572522915,-0.11066426808372769,1.4252043123967708,1.401897780333113,1.419638905607999
1301,1519076171,1.4745277859316543,1.392343724630497,1.3702223489723429,1.42083303618123,1.3709714574909062,1.4896688323089045,1.4750207123178423,1.389457136560435,1.4938560190663752,1.403150260442359,1.4030528079933082,1.318107815846897,1.39913647870206,1.4753645611480994,1.3717511184091475,1.4384715754613129,1.4936380869127115,1.3857376009361098,1.4193046385947503,1.4385648256331147,1.3207201467191152,1.3719875076391157,-0.08572961197044983,1.4404643624793676,1.3773301812557595,1.3405632143289548,1.3781579405900042,1.4927653947271728,1.4744413693461764,1.513293356889738,1.4277312588111957,1.4002652864498728,1.4073794224528444,0.7349869843138749,1.4041044174479922,1.3680361422015035,1.4025742715619864,1.520424076351531,1.3898800112357756,1.4876083418851498,1.8541266995044372,1.3385296600079932,1.4674780797996128,1.4893308523908064,-0.042223416015498456,1.380441098356482,1.385146805660995,1.3849977868863907,1.4370776409641945,1.1472695082010842,1.3848271387066817,1.4074059596344184,1.4889782975949528,1.5229306162758536,1.4901576613974392,1.4083057176380473,1.3830022878437707,1.411177129250825,1.3917417123606188,1.3808255086468,1.4432722369160067,1.3790414971143954,1.440268239448234,-1.7663435714867115,1.4019427723772167,1.3648190159930482,1.4662618528299365,1.4278902866522651,1.521939457825764,1.3914189323390496,1.3948877448100903,1.4857876426016274,1.3811781577447757,1.4074197404402957,1.402413175760756,1.3814148997333693,1.4127553751324209,1.404267307650902,1.5275633035329814,1.3914505086227513,1.4889064842343978,1.3745859008832786,1.3403115292276933,1.129413147892552,1.3807158726276052,1.401933971165921,1.3908003841110428,1.8868179704409258,1.4031376621213447,1.6340149388229852,1.4668207626973093,1.4209415438577164,1.4371031874067854,1.4903404669516296,1.529316748135143,1.4900151057365556,1.3957222002068659,1.3690432323505621,1.4074607194960644,1.4456287230410232,1.4035397020849083,1.4213571846120152,1.3712681095242247,1.4206912623331789,1.4242548836758826,1.529098876105726,1.4290523002615072,1.4661672800717578,1.3915326178059253,1.4248844086737313,1.4428972919976113,1.320875538083402,1.3938941518251802,1.3766562679047554,1.5409604969457464,1.40742825374203,1.3811564403745549,1.437918716405982,1.3735682938048819,1.3797279534217928,1.3732280480038834,1.4375181367645238,1.4918713544466313,1.3680330049151037,1.4894017519246405,1.4464816622173335,-0.11066426808372769,1.4276976715948169,1.4031096009697077,1.4218885876056757
1302,1519076177,1.4808043245339508,1.3958281459462074,1.3736875980590213,1.4258911604095006,1.3751069574626162,1.494681801961455,1.4819992546301077,1.3934883959305746,1.5000535465930143,1.406180677338833,1.4065915381016278,1.3212426201374448,1.4018916238258454,1.48164451289097,1.3747202133605718,1.4429251690935938,1.4997013782612159,1.3887235575911347,1.4242944980343906,1.442375603241315,1.324391068763788,1.3754463738844986,-0.08572961197044983,1.4449370252135987,1.3803018015880693,1.3441689215573358,1.381130915646182,1.4990227027674379,1.4800177008079831,1.5157728269863118,1.4314715666317548,1.403795290063218,1.411796736178803,-0.04280727389717069,1.4078297158465207,1.3726139875900867,1.4062167562986445,1.5257775691918734,1.3928187283330022,1.4928366696631845,1.6321154083876837,1.3415272579041964,1.473488193035317,1.495312082496733,-0.042223416015498456,1.3833383109753474,1.388130522485466,1.3879790733095265,1.4414936788366202,1.1472738378777994,1.3878141796492898,1.4123545836729088,1.4952109276166043,1.5282725135589244,1.4971281772805403,1.4127181545370384,1.3865150277866178,1.416146039822834,1.395336620841673,1.3839677338282557,1.4476226505045175,1.3819367693251496,1.4447304675642871,-1.7663435714867115,1.4048777783027877,1.3694037946014619,1.472269688422857,1.4316356030935289,1.5272963844593495,1.394866730517755,1.397985267109317,1.4909847076219733,1.3841813121915314,1.4118345645085362,1.406645225300604,1.3845538324643343,1.4182634621570736,1.4074606689502596,1.531851433425977,1.3943479827385838,1.4944762490265957,1.3793166243599198,1.3439153229972696,1.1297529428078137,1.3838517263215082,1.404886555231543,1.3936772535804731,1.8982660044986068,1.406853809517508,1.6340149388229852,1.4713170476679345,1.4254402411641334,1.441541238138256,1.4963174694208194,1.5335951632361449,1.495820975083385,1.3993336514016443,1.3736287883949072,1.412409663809268,1.4499944976773453,1.4072695935414825,1.4264147360435238,1.3742352561268332,1.4257470419558904,1.429330446050937,1.5333849197830065,1.4327951823135374,1.4736690723549324,1.3938342853241164,1.4299672614045404,1.447872888870675,1.324545352786027,1.396970745560033,1.379626154275408,1.5422332105848513,1.4118412345911808,1.3842946932539122,1.442991003230274,1.377699556737344,1.3826269524664643,1.3779479691263352,1.4413279176635971,1.4960336258844917,1.3726099202947266,1.4938447439814866,1.4520796771124598,-0.11066426808372769,1.4314377103918858,1.4067450628794924,1.426387951601029
1303,1519076182,1.4815017177119838,1.3958281459462074,1.3736875980590213,1.4258911604095006,1.3751069574626162,1.494681801961455,1.4819992546301077,1.3934883959305746,1.5000535465930143,1.4067867607181277,1.4065915381016278,1.3217650875192029,1.4045587285979309,1.48164451289097,1.3747202133605718,1.4429251690935938,1.4997013782612159,1.3887235575911347,1.4242944980343906,1.442375603241315,1.324391068763788,1.3754463738844986,-0.08572961197044983,1.4462149288519504,1.3803018015880693,1.3441689215573358,1.381130915646182,1.4990227027674379,1.480714742240709,1.5157728269863118,1.4314715666317548,1.403795290063218,1.412348900394548,1.0127706479606768,1.4078297158465207,1.3726139875900867,1.4074309178775306,1.527115942401959,1.3928187283330022,1.4928366696631845,1.874940258046633,1.3427262970626777,1.473488193035317,1.495312082496733,-0.042223416015498456,1.3833383109753474,1.3887272658503604,1.3885753305941535,1.4414936788366202,1.1472738378777994,1.3884115878378114,1.4123545836729088,1.4952109276166043,1.5282725135589244,1.4971281772805403,1.4127181545370384,1.3865150277866178,1.4166981409975017,1.395336620841673,1.384491438025165,1.4476226505045175,1.3830948782094512,1.4447304675642871,-1.7663435714867115,1.4048777783027877,1.3694037946014619,1.4730206678719722,1.4322598225004064,1.5272963844593495,1.394866730517755,1.3985015208258547,1.4909847076219733,1.3841813121915314,1.4118345645085362,1.406645225300604,1.3845538324643343,1.4182634621570736,1.4079928958334857,1.5339954983724746,1.3943479827385838,1.4944762490265957,1.3793166243599198,1.3439153229972696,1.1297529428078137,1.3843743686038255,1.4060675888577918,1.3942526274743594,1.9095627557682322,1.406853809517508,1.6340149388229852,1.472066428496372,1.4254402411641334,1.442175245385609,1.4963174694208194,1.5335951632361449,1.495820975083385,1.3993336514016443,1.3736287883949072,1.412409663809268,1.4512418618591516,1.407802435178136,1.4264147360435238,1.3747297805606011,1.4263087952473028,1.429330446050937,1.5333849197830065,1.4327951823135374,1.4736690723549324,1.3938342853241164,1.4305320228190748,1.447872888870675,1.324545352786027,1.396970745560033,1.3806161163989588,1.5422332105848513,1.4118412345911808,1.3848177354004718,1.442991003230274,1.377699556737344,1.3826269524664643,1.3779479691263352,1.4413279176635971,1.4960336258844917,1.3726099202947266,1.4938447439814866,1.4520796771124598,-0.11066426808372769,1.4314377103918858,1.4067450628794924,1.426387951601029
1304,1519076188,1.4877782563142803,1.3998933041478694,1.3776478827295107,1.4309492846377714,1.3798332431445703,1.4989786330922124,1.48758208847992,1.3969437611049798,1.50693968828928,1.4110293443731914,1.4101302682099475,1.3259448265732665,1.408388483896877,1.4872266922179662,1.3781841574705667,1.4473787627258747,1.5050909705709974,1.3917095142461595,1.429284357474031,1.4480917696536155,1.328061990808461,1.3784111163805413,-0.08572961197044983,1.4506875915861817,1.3837686919757641,1.348375579990447,1.3845993865450563,1.5045847543587845,1.4869881151352415,1.5192440851215154,1.4358352590890735,1.4073252936765632,1.4178705425519962,0.1794196570202709,1.4120871997305533,1.3771918329786699,1.4110734026141887,1.5324694352423012,1.396737017795971,1.4973180934729284,1.5245786892530062,1.346922934117362,1.4779957779620954,1.4997980050761779,-0.042223416015498456,1.3873944086417587,1.393501212769514,1.3915566170172893,1.4459097167090458,1.1472788891673005,1.3919960369689413,1.4178530548267871,1.5007510431914055,1.5342821480023787,1.502704589987021,1.4171305914360295,1.390027767729465,1.4216670515695105,1.3989315293227271,1.3881573674035297,1.4532160394040314,1.3859901504202052,1.4491926956803405,-1.7663435714867115,1.4083997854134729,1.3739885732098756,1.4782775240157775,1.4378777971623022,1.5339925427513315,1.3977398956666762,1.4021152968416193,1.4954393347822699,1.3876849923794132,1.4168012415853068,1.4108772748404521,1.38821592065046,1.423220740479261,1.4117184840160697,1.53828362826547,1.3972454568544166,1.5000460138187937,1.3828646669674007,1.3475191167668459,1.1304325326383373,1.3880328645800455,1.409020172923414,1.3971294969437897,1.9209875155508276,1.4111008351131231,1.6340149388229852,1.478061475123872,1.4310636127971545,1.4466132961170797,1.5008002212727118,1.5392997167041473,1.5016268444302145,1.402945102596423,1.3777048382121027,1.4179084908239385,1.4549839544045706,1.4115323266347102,1.431472287475032,1.3776969271632094,1.4313645748700143,1.4344060084259915,1.5390996446860472,1.4365380643655679,1.478170147724837,1.3972867866014032,1.4356148755498839,1.4528484857437383,1.328739426731884,1.4010728705398372,1.3835860027696114,1.5436650134288443,1.4168058380464752,1.3895251147195078,1.4467952183484931,1.3824210000887294,1.3866855511290042,1.3820779001084806,1.447042589012207,1.5029707449475922,1.3771868356743493,1.4999538580596499,1.456433688697558,-0.11066426808372769,1.4358010889884663,1.4115923454258719,1.4325745770946396
1305,1519076194,1.4898704358483792,1.4004740410338212,1.3781429183133218,1.4320733122440537,1.381014814565059,1.5011270486575912,1.4896756511735998,1.397519655300714,1.5090055307981598,1.411635427752486,1.410720056561334,1.3264672939550244,1.4098722227652314,1.4893200094655898,1.379173855787708,1.4480149903876292,1.507785766725888,1.3923067055771645,1.4303932151272845,1.449362028856349,1.3285864082434145,1.379399363879222,-0.08572961197044983,1.4513265434053575,1.3847592320865338,1.3495774823999074,1.3855903782304488,1.5073657801544578,1.4890792394334191,1.520235873160145,1.4364586437258333,1.407913627612121,1.4195270351992306,1.0683273806900373,1.4126193852160573,1.378717781441531,1.4116804834036316,1.5344769950574295,1.3977165901617132,1.4988119014095098,1.8784091844703321,1.3475224536966028,1.4794983062710214,1.5012933126026595,-0.042223416015498456,1.3879738511655317,1.3940979561344082,1.3921528743019165,1.4465405792622494,1.147281054005658,1.3925934451574629,1.4189527490575626,1.502828586531956,1.5362853594835304,1.5047957447519513,1.4187852552731512,1.3910314077131356,1.4227712539188457,1.3994450876771634,1.388681071600439,1.4538375270595332,1.387148259304507,1.4498301568397767,-1.7663435714867115,1.408986786598587,1.3755168327460134,1.4797794829140076,1.4391262359760568,1.536001390238926,1.3983145286964604,1.402631550558157,1.4969242105023686,1.388686043861665,1.4179049476023668,1.4114818533461446,1.3887390761056209,1.4243223578841915,1.4127829377825223,1.5397130048964685,1.3984044465007495,1.5014384550168431,1.3840473478365611,1.3481197490617751,1.130481074769089,1.3885555068623627,1.4096106897365384,1.397704870837676,1.932330815370624,1.4116317133125749,1.6340149388229852,1.4795602367807472,1.4321882871237588,1.4472473033644326,1.5037887225073066,1.540725855071148,1.503078311766922,1.403461024195677,1.379233356893551,1.4190082562268727,1.4562313185863769,1.412598009908017,1.4325961877931452,1.3786859760307455,1.4324880814528391,1.4355339111760035,1.5405283259118072,1.4377856917162446,1.479670506181472,1.3984376203604987,1.4367443983789525,1.4540923849620042,1.3297879452183483,1.4015856361623127,1.3845759648931624,1.5441422810435088,1.4179090832587629,1.3900481568660674,1.4480632900545662,1.3836013609265756,1.3872653509379385,1.3838478705294,1.447677552495386,1.5043581687602121,1.3787124741342236,1.5010646060738615,1.457055690352572,-0.11066426808372769,1.4364244287879777,1.4115923454258719,1.433699418093478
1306,1519076199,1.4933574017385438,1.402796988577628,1.3801230606485666,1.4348833812597597,1.3845595288265247,1.5054238797883486,1.4931649223297325,1.3992473378879167,1.5124486016462926,1.4134536778903706,1.412489421615494,1.3285571634820563,1.412407267009767,1.4935066439608369,1.3816481015805613,1.4505599010346468,1.5118279609582241,1.3940982795701795,1.4337197880870447,1.4512674176604492,1.3312084954181806,1.3818699826259242,-0.08572961197044983,1.4538823506820608,1.3867403123080737,1.351380336014098,1.387572361601234,1.5115373188479677,1.4925644465970482,1.5217235552180894,1.4389521822728726,1.4096786294187935,1.4222878562779548,1.0127706479606768,1.4147481271580737,1.3812610288796328,1.4135017257719606,1.5378229280826434,1.3996757348931976,1.5017995172826724,1.874940258046633,1.3493210124343247,1.4832546270433367,1.5050315814188635,-0.042223416015498456,1.389712178736851,1.395888186229091,1.395134160725052,1.4503257545814714,1.1472839404568014,1.3943856697230277,1.4217019846345018,1.506983673213057,1.5396240452854495,1.508978054281812,1.4220945829473945,1.393038687680477,1.425531759792184,1.4014993210949087,1.390775888388076,1.4563234776815392,1.3888854226309595,1.4523800014775212,-1.7663435714867115,1.411921792524158,1.3790827716636684,1.4827834007104679,1.441623113603566,1.539349469384917,1.4011876938453816,1.4046965654243082,1.5013788376626651,1.3911886725672948,1.4206642126450173,1.4132955888632224,1.3908316979262643,1.4270764013965176,1.4149118453154272,1.5425717581584653,1.4013019206165822,1.504919558011967,1.387004050009462,1.351122910536422,1.1306752432920957,1.3911687182739485,1.4113822401759117,1.4005817403071064,1.9436421130621777,1.4137552261103825,1.6340149388229852,1.4825577600944972,1.4355623101035715,1.4510513468485502,1.5067772237419015,1.5435781318051494,1.5059812464403368,1.4055247105926936,1.3822903942564477,1.4217576697342078,1.4587260469499894,1.414729376454631,1.4354059385884277,1.3811585981995855,1.4358586012013135,1.4383536680510338,1.5433856883633277,1.4409047600929366,1.4826712230947416,1.4007392878786897,1.4395682054516243,1.456580183398536,1.3318849821912768,1.4041494642746901,1.386555889140264,1.5450968162728376,1.4212188188956258,1.3921403254523055,1.4505994334667123,1.3871424434401145,1.3890047503647414,1.3856178409503195,1.4508523699112803,1.5066705417812456,1.3822722972072636,1.5032861021022845,1.4595436969726279,-0.11066426808372769,1.4401644675850467,1.4140159866990616,1.4365115205905736
1307,1519076205,1.5045156925870709,1.4126695156388072,1.3845783809028673,1.4399415054880302,1.3946028859006774,1.511869126484485,1.505028444260584,1.4101893276068669,1.5172689008336786,1.4249692620969718,1.4236954002918394,1.3322144351543619,1.4149604372090643,1.5046710026148293,1.385606894849127,1.4588308606374543,1.5178912523067285,1.4048477235282695,1.4376007898734315,1.4569835840727496,1.3348794174628535,1.3858229726206475,-0.08572961197044983,1.4609108206929955,1.3916930128619234,1.3615965064945108,1.39351831171359,1.5170993704393145,1.5030200680879358,1.5251948133532929,1.445186028640471,1.4202686402588294,1.4261530057881686,-0.653931333920135,1.4190056110421065,1.3863475237558365,1.4244291799819346,1.542507234317943,1.4045735967219086,1.5085216529972885,1.4898894250160135,1.3589133257021748,1.4930210610513561,1.5110128115247898,2.2618932532739224,1.3955066039745814,1.4060328234322927,1.4052705345637133,1.4560035175603043,1.1472904349718742,1.4039442007393739,1.4255509144422165,1.5125237887878582,1.5442982054081362,1.5145544669882929,1.4265070198463856,1.3970532476151594,1.4299485691895253,1.4056077879303992,1.394441817766441,1.4612953789255518,1.3940969126103169,1.4613044577096277,-1.7663435714867115,1.4224878138562138,1.3831581304267029,1.4932971129980785,1.4459926494517072,1.5447063960185026,1.4109564553517135,1.4088265951566104,1.506575902683011,1.3951928784963026,1.4256308897217878,1.4235734234599964,1.395016941567551,1.4314828710162397,1.4197018872644638,1.5468598880514608,1.411153332610413,1.5111855434031898,1.398239518266485,1.3607330272552922,1.131985880822391,1.3953498565324858,1.4220115428121514,1.409787722609284,1.9549883221663598,1.4180022517059974,1.6590814130326825,1.4915503300357473,1.4394986702466863,1.4567574120747269,1.5127542262110913,1.5485696160896514,1.5110613821188126,1.4101680049859802,1.3873854565279422,1.4261567313459442,1.4643391857681178,1.4189921095478586,1.4399015398608797,1.384620269235962,1.4403526275326126,1.4439931818010943,1.5491004132663682,1.4458952694956435,1.4931737322911858,1.4105213748310022,1.4440862967678991,1.4621777298807326,1.3355547968939019,1.4082515892544942,1.3920006808197938,1.5465286191168306,1.4256317997447767,1.3958016204782224,1.456305756144041,1.3971755105618082,1.3936431488362155,1.397417643756449,1.4559320777767115,1.5196198306990332,1.386340666433595,1.5149489562515053,1.4657637135227681,-0.11066426808372769,1.444527846181627,1.424316462110118,1.4404484640865076
1308,1519076210,1.5045156925870709,1.4144117262966625,1.3855684520704896,1.4410655330943127,1.395784457321166,1.5125852650062779,1.505028444260584,1.410765221802601,1.5186461291729316,1.4261814288555614,1.4248749769946125,1.3337818372996357,1.4174618189661854,1.5046710026148293,1.3865965931662683,1.460103315960963,1.519238650384174,1.4060421061902795,1.438709647526685,1.4576187136741163,1.3359282523327602,1.3868112201193283,-0.08572961197044983,1.4628276761505232,1.3921882829173082,1.362197457699241,1.39351831171359,1.5184898833371512,1.5030200680879358,1.5251948133532929,1.4458094132772308,1.422033642065502,1.4272573342196584,0.8461004497725957,1.4200699820131146,1.387364822731077,1.4256433415608205,1.5445147941330712,1.4045735967219086,1.5100154609338696,1.8888159637414301,1.3601123648606561,1.4930210610513561,1.5125081190512715,2.2618932532739224,1.3955066039745814,1.4066295667971869,1.4064630491329675,1.4572652426667116,1.147291878197446,1.4051390171164173,1.4266506086729922,1.5139088176815585,1.545633679728904,1.5159485701649131,1.4276101290711334,1.3985587075906654,1.4310527715388606,1.407148462993708,1.3954892261602596,1.4625383542365549,1.3940969126103169,1.4619419188690639,-1.7663435714867115,1.423074815041328,1.3841769701174613,1.4932971129980785,1.4466168688585845,1.546045627676899,1.412105721411282,1.4103753563062238,1.50806077840311,1.3961939299785544,1.426734595738848,1.4247825804713814,1.3960632524778727,1.4325844884211703,1.4207663410309164,1.5497186413134576,1.4123123222567462,1.5125779846012393,1.3994221991356453,1.3613336595502217,1.1320829650838944,1.3963951410971203,1.4237830932515245,1.4109384703970562,1.966797107487866,1.4190640081049013,1.6590814130326825,1.4915503300357473,1.4406233445732906,1.4573914193220798,1.51350135151974,1.5492826852731518,1.5117871157871663,1.4111998481844885,1.3884044689822412,1.4272564967488783,1.465586549949924,1.4200577928211655,1.4410254401789926,1.3856093181034979,1.4414761341154372,1.4451210845511062,1.5505290944921284,1.4471428968463202,1.4931737322911858,1.4116722085900977,1.4457805810115023,1.4634216290989983,1.336603315380366,1.4092771204994452,1.3920006808197938,1.5468467975266067,1.4267350449570644,1.3968477047713417,1.4575738278501138,1.3977656909807314,1.3942229486451498,1.3980076338967555,1.4572020047430692,1.5205447799074465,1.3873577587401777,1.515504330258611,1.4670077168327962,-0.11066426808372769,1.4457745257806502,1.4249223724284155,1.441573305085346
1309,1519076216,1.5045156925870709,1.4167346738404691,1.3885386655733567,1.442189560700595,1.3987383858723874,1.5147336805716567,1.505028444260584,1.413644692781272,1.5207119716818114,1.4292118457520355,1.427234130400159,1.3369166415901834,1.4202920573311266,1.5046710026148293,1.3895656881176923,1.4607395436227175,1.5219334465390646,1.4084308715142992,1.4403729340065652,1.4595241024782166,1.3395991743774331,1.3902700863647113,-0.08572961197044983,1.4647445316080507,1.3931788230280782,1.3652022137228919,1.39351831171359,1.5198803962349878,1.5044141509533875,1.5261866013919225,1.4476795671875102,1.4249753117432897,1.4294659910826377,1.0127706479606768,1.4232630949261391,1.3904167196567994,1.4280716647185927,1.5471915405532424,1.4050633829047796,1.5107623649021604,1.9096295222836257,1.3631099627568593,1.4930210610513561,1.514003426577753,2.2618932532739224,1.3955066039745814,1.409613283621658,1.408848078271476,1.4591578303263226,1.147296929486947,1.408723466247547,1.4288499971345436,1.5159863610221092,1.549640102691207,1.5180397249298434,1.429816347520629,1.4015696275416774,1.4327090750628635,1.4107433714747621,1.3991551555386244,1.4650243048585612,1.3952550214946187,1.4632168411879363,-1.7663435714867115,1.4271838233371275,1.3877429090351165,1.4932971129980785,1.4484895270792166,1.5487240909936917,1.414978886560203,1.4139891323219882,1.5095456541232088,1.3991970844253103,1.4289420077729682,1.4278054729998444,1.3992021852088377,1.434236914528566,1.4244919292135,1.5518627062599555,1.4146303015494122,1.5139704257992888,1.4023789013085461,1.3649374533197978,1.1323742178684044,1.399530994791023,1.427326194130271,1.4132399659726007,1.9787804498725137,1.4227801555010644,1.6590814130326825,1.4930490916926225,1.4417480188998948,1.4599274483114915,1.5149956021370374,1.5535611003741536,1.5139643167922274,1.414295377780013,1.3919710125722873,1.4283562621518124,1.4674575962226335,1.4232548426410863,1.442711290656162,1.388576464706106,1.4431613939896744,1.4462489873011184,1.5526721163307686,1.4490143378723355,1.4931737322911858,1.4139738761082887,1.4474748652551053,1.4646655283172643,1.339748870839759,1.413379245479249,1.3929906429433447,1.5473240651412712,1.4300447805939274,1.4005089997972586,1.4594759354092235,1.4013067734942704,1.3959623480719527,1.4009575845982878,1.458471931709427,1.5219322037200667,1.3909175818132178,1.5171704522799283,1.4682517201428242,-0.11066426808372769,1.4495145645777192,1.4279519240199026,1.4432605665836036
1310,1519076222,1.5045156925870709,1.4196383582702279,1.3905188079086015,1.4433135883068775,1.4005107430031203,1.5168820961370355,1.5057262984918105,1.4153723753684748,1.5234664283603176,1.4310300958899198,1.4295932838057053,1.3390065111172154,1.423119706273959,1.5046710026148293,1.3920399339105458,1.4620119989462264,1.5239545436552326,1.4108196368383192,1.4414817916598186,1.4614294912823167,1.341696844117246,1.3927407051114133,-0.08572961197044983,1.4653834834272266,1.3931788230280782,1.3670050673370824,1.3945093033989826,1.5212709091328245,1.5044141509533875,1.5266824954112372,1.4501731057345495,1.4267403135499623,1.4311224837298722,1.1238841134193978,1.4264562078391636,1.3934686165825214,1.4298929070869215,1.548529913763328,1.4055531690876508,1.5130030768070324,1.9200363015547235,1.3649085214945813,1.4930210610513561,1.5154987341042347,2.2618932532739224,1.3966654890221275,1.412597000446129,1.4118293646946118,1.46041955543273,1.1473012591636622,1.4111130990016336,1.430499538480707,1.5173713899158094,1.5509755770119746,1.5194338281064634,1.4309194567453767,1.404078727500854,1.4338132774121988,1.4127976048925075,1.4017736765231708,1.466888767825066,1.3952550214946187,1.4651292246662448,-1.7663435714867115,1.42894482689247,1.3897805884166337,1.4932971129980785,1.4503621852998485,1.5507329384812862,1.4178520517091244,1.4160541471881394,1.5110305298433075,1.401199187389814,1.4311494198070884,1.4302237870226147,1.4018179624846419,1.4353385319334966,1.4266208367464053,1.5525773945754546,1.4163687860189118,1.5160590875963629,1.4041529226122866,1.366739350204586,1.1326654706529145,1.402144206202609,1.4290977445696442,1.414966087654259,1.99075797368839,1.4254345464983238,1.6590814130326825,1.4930490916926225,1.4445597047164054,1.4605614555588444,1.516489852754335,1.5542741695576539,1.516867251465642,1.4168749857762835,1.3940090374808851,1.4294560275547465,1.4680812783135369,1.4253862091877,1.443835190974275,1.3905545624411784,1.4442849005724991,1.4479408414261365,1.5548151381694089,1.4496381515476737,1.4939239115195033,1.4168509605060278,1.448604388084174,1.4652874779263971,1.3418459078126874,1.4154303079691513,1.3929906429433447,1.5476422435510473,1.431148025806215,1.4031242105300563,1.4607440071152964,1.4030773147510398,1.3959623480719527,1.4039075352998203,1.4616467491253216,1.52285715292848,1.3929517664263835,1.517725826287034,1.4694957234528523,-0.11066426808372769,1.4501379043772307,1.4309814756113899,1.4449478280818608
1311,1519076227,1.5052130857651038,1.421380568928083,1.392498950243846,1.4444376159131598,1.4028738858440972,1.5197466502242072,1.5057262984918105,1.4171000579556774,1.524843656699571,1.4328483460278043,1.4313626488598652,1.3416188480260052,1.425981017704206,1.5060665474465782,1.3950090288619699,1.4632844542697352,1.5266493398101235,1.4138055934933442,1.4431450781396986,1.4633348800864168,1.3437945138570593,1.394717200108775,-0.08572961197044983,1.4666613870655785,1.3936740930834632,1.3694088721560032,1.3945093033989826,1.5233566784795796,1.5044141509533875,1.5266824954112372,1.4514198750080693,1.4285053153566352,1.4327789763771066,1.2349975788781185,1.42858494978118,1.3955032145330029,1.4317141494552506,1.5498682869734135,1.4055531690876508,1.5152437887119043,1.9235052279784228,1.3673065998115437,1.4952748535147453,1.5169940416307164,2.2618932532739224,1.3966654890221275,1.4143872305408116,1.4142143938331202,1.462312143092341,1.1473041456148056,1.41350273175572,1.4315992327114826,1.5194489332563599,1.552978788493126,1.5208279312830837,1.4331256751948722,1.4060860074681951,1.434917479761534,1.4148518383102526,1.404392197507717,1.4675102554805675,1.3952550214946187,1.4664041469851172,-1.7663435714867115,1.431879832818041,1.3923276876435302,1.4940480924471937,1.4528590629273577,1.5527417859688808,1.419575950798477,1.4181191620542906,1.5132578434234558,1.4037018160954438,1.4322531258241487,1.4320375225396924,1.404433739760446,1.4369909580408924,1.4287497442793105,1.5540067712064531,1.4192662601347443,1.5181477493934372,1.4059269439160271,1.368541247089374,1.132908181306673,1.4047574176141948,1.4308692950090176,1.4184183310175755,2.0027325882198803,1.4275580592961312,1.6590814130326825,1.4930490916926225,1.4456843790430096,1.4630974845482563,1.518731228680281,1.5571264462916552,1.5175929851339958,1.4189386721732997,1.3960470623894827,1.4305557929576806,1.4693286424953431,1.427517575734314,1.4455210414514446,1.3935217090437866,1.4465319137381487,1.4496326955511547,1.556958160008049,1.4527572199243657,1.4939239115195033,1.4203034617833143,1.4497339109132426,1.466531377144663,1.3444672040288481,1.4185069017040042,1.3929906429433447,1.5482786003706,1.4328028936246464,1.4052163791162946,1.4620120788213695,1.4048478560078093,1.396542147880887,1.4056775057207396,1.4629166760916792,1.5237821021368934,1.3949859510395493,1.5188365743012455,1.4707397267628803,-0.11066426808372769,1.452007923775765,1.432799206566282,1.4466350895801183
1312,1519076233,1.5052130857651038,1.4231227795859382,1.394974128162902,1.445561643519442,1.40464624297483,1.521178927267793,1.5071220069542635,1.4194036347386143,1.526220885038824,1.4346665961656886,1.4337218022654117,1.343708717553037,1.428249351471533,1.5060665474465782,1.3969884254962528,1.4639206819314896,1.5286704369262916,1.4161943588173642,1.444253935792952,1.4646051392891504,1.346941018466779,1.3966936951061366,-0.08572961197044983,1.4679392907039301,1.3936740930834632,1.3712117257701937,1.395004799241679,1.5247471913774162,1.5127786481460976,1.5266824954112372,1.4532900289183488,1.4302703171633078,1.4338833048085964,0.9572139152313165,1.4307136917231962,1.3975378124834843,1.4335353918235796,1.5518758467885418,1.4055531690876508,1.5174845006167763,1.9304430808258213,1.3691051585492657,1.4952748535147453,1.5192370029204387,2.190997355757325,1.3972449315459006,1.4173709473652827,1.4165994229716288,1.4635738681987482,1.147307032065949,1.4158923645098067,1.433248774057646,1.5208339621500602,1.5543142628138937,1.522919086048014,1.43422878441962,1.4080932874355363,1.4360216821108693,1.416906071727998,1.4070107184922633,1.469374718447072,1.401045565916127,1.4689539916228618,-1.7663435714867115,1.4336408363733837,1.3943653670250473,1.4940480924471937,1.453483282334235,1.5540810176272772,1.4212998498878298,1.4201841769204417,1.5147427191435547,1.4057039190599476,1.4339086848497389,1.4350604150681554,1.4070495170362503,1.438092575445823,1.4308786518122154,1.5561508361529508,1.421004744604244,1.5202364111905113,1.408883646088928,1.3721450408589504,1.1332479762219347,1.4073706290257806,1.4326408454483908,1.42071982659312,2.0145559199633154,1.4302124502933906,1.6854671753586796,1.501292280805435,1.4468090533696139,1.4643654990429622,1.5194783539889298,1.5578395154751554,1.5190444524707032,1.4215182801695703,1.39859459352523,1.4316555583606148,1.4705760066771494,1.4296489422809278,1.4477688420876704,1.3954998067788587,1.4476554203209735,1.4518885010511788,1.5583868412338093,1.4540048472750424,1.4954242699761382,1.4220297124219579,1.4508634337423114,1.467775276362929,1.3465642410017766,1.4205579641939061,1.3984354346228747,1.548596778780376,1.433906138836934,1.4078315898490925,1.4645482222335156,1.4066183972645787,1.396542147880887,1.407447476141659,1.464186603058037,1.5260944751579268,1.397020135652715,1.5210580703296686,1.4719837300729084,-0.11066426808372769,1.4532546033747882,1.4346169375211744,1.4477599305789568
1313,1519076239,1.5107922311893673,1.425445727129745,1.3984393772495805,1.4472476849288658,1.4076001715260515,1.5247596198767577,1.5120069865728494,1.424010788304488,1.5282867275477037,1.4376970130621627,1.437260532373731,1.3457985870800688,1.4310666427259302,1.513742044021198,1.3994626712891063,1.4671018202402617,1.5306915340424596,1.4191803154723892,1.4453627934462054,1.4671456576946171,1.349038688206592,1.3996584376021792,-0.08572961197044983,1.4698561461614577,1.3996173337480826,1.3736155305891142,1.3984732701405531,1.5282234736220077,1.5162638553097267,1.529657859527126,1.4570303367389077,1.4349769886477681,1.434987633240086,0.7905437170432352,1.4333746191507166,1.400081059921586,1.4371778765602377,1.5538834066036702,1.4084918861848774,1.5212190204582297,1.874940258046633,1.3721027564454689,1.5027874950593758,1.522975271736643,2.190997355757325,1.4013010292123118,1.4197579208248596,1.4195807093947646,1.4654664558583592,1.1473099185170925,1.4188794054524148,1.4354481625191975,1.524296534384311,1.5563174742950454,1.5257072924012545,1.4353318936443678,1.4101005674028777,1.4387821879842075,1.420500980209052,1.4091055352799005,1.4731036443800813,1.40336178368473,1.4708663751011704,-1.7663435714867115,1.4365758422989547,1.3964030464065644,1.499304948590999,1.457228598775499,1.5560898651148718,1.4253222810963193,1.4227654455031307,1.5191973463038513,1.4077060220244515,1.4350123908667989,1.4380833075966182,1.4091421388568937,1.4408466189581493,1.4330075593451206,1.5590095894149476,1.42332272389691,1.5230212935866105,1.4118403482618287,1.374547570038668,1.13455861375223,1.4094611981550493,1.435593429514013,1.4235966960625503,2.0265799923293626,1.43286684129065,1.6854671753586796,1.504289804119185,1.447933727696218,1.4675355352797268,1.523961105840822,1.5606917922091568,1.5226731208124715,1.4246138097650947,1.4011421246609772,1.433855089166483,1.4749417813134715,1.432313150464195,1.4488927424057834,1.397972428947699,1.4487789269037983,1.453016403801191,1.5612442036853296,1.4577477293270726,1.5006755245743604,1.4249067968196967,1.45199295657138,1.4715069740177267,1.3486612779747051,1.4231217923062838,1.4009103399317517,1.5489149571901524,1.4355610066553657,1.4099237584353308,1.4677184014986981,1.4101594797781178,1.4023401459702298,1.410987416983498,1.4667264569907525,1.5376563402630943,1.3995628664191722,1.5304994284504663,1.4769597433130204,-0.08689855459740743,1.4576179819713686,1.438252399430959,1.448884771577795
1314,1519076244,1.5170687697916638,1.4271879377876002,1.400419519584825,1.448371712535148,1.4093725286567844,1.5261918969203434,1.5134026950353026,1.4257384708916907,1.5303525700565834,1.4413335133379315,1.439029897427891,1.3484109239888584,1.4334773947092425,1.516533133684696,1.401442067923389,1.4677380479020161,1.532038932119905,1.4209718894654042,1.4464716510994589,1.4684159168973505,1.351136357946405,1.401634932599541,-0.08572961197044983,1.4717730016189854,1.4011031439142376,1.3766202866127653,1.3989687659832495,1.5296139865198446,1.51905202104063,1.5336250116816443,1.4582771060124273,1.4367419904544407,1.4366441258873206,0.901657182501956,1.435503361092733,1.402624307359688,1.4408203612968957,1.5565601530238413,1.4133897480135884,1.522712828394811,1.9477877129443177,1.3745008347624315,1.5050412875227648,1.5244705792631243,2.190997355757325,1.4018804717360849,1.4215481509195422,1.421369481248646,1.4660973184115629,1.147313526581022,1.421866446395023,1.437097703865361,1.5256815632780114,1.5583206857761969,1.5271013955778747,1.4364350028691157,1.4121078473702189,1.4404384915082107,1.4225552136267974,1.412247760461356,1.4749681073465861,1.4062570558954843,1.4721412974200427,-1.7663435714867115,1.4383368458542973,1.3984407257880815,1.5053127841839196,1.459101256996131,1.5574290967732682,1.427046180185672,1.4253467140858196,1.52068222202395,1.4102086507300813,1.436116096883859,1.439897043113696,1.411234760677537,1.4419482363630798,1.4362009206444781,1.5618683426769446,1.4256407031895761,1.5251099553836847,1.4136143695655692,1.3763494669234562,1.1348013244059885,1.4115517672843179,1.4379554967665107,1.4253228177442088,2.038368412660169,1.4349903540884577,1.6854671753586796,1.5065379466044977,1.4490584020228223,1.4681695425270798,1.5254553564581195,1.5628309997596577,1.524124588149179,1.4266774961621111,1.403180149569575,1.434954854569417,1.476812827586181,1.4355102002841156,1.4500166427238965,1.4004450511165392,1.449902433486623,1.454144306551203,1.5619585442982096,1.4583715430024111,1.5021758830309953,1.42663304745834,1.453687240814983,1.4721289236268595,1.3512825741908658,1.4251728547961857,1.403385245240629,1.5493922248048166,1.4366642518676533,1.4120159270215689,1.4683524373517347,1.4119300210348873,1.4040795453970325,1.4127573874044175,1.4679963839571104,1.5395062386799212,1.4015970510323377,1.5321655504717835,1.4775817449680344,-0.08689855459740743,1.45824132177088,1.4400701303858514,1.4500096125766333
1315,1519076250,1.5219505220378944,1.4318338328752138,1.4043798042553146,1.4506197677477128,1.4140988143387385,1.5283403124857222,1.520381237347568,1.429193836066096,1.5337956409047162,1.4449700136137003,1.4425686275362106,1.353635597806438,1.4361755725466339,1.5207197681799431,1.4054008611919544,1.4702829585490338,1.5347337282747957,1.4245550374514342,1.4492437952325923,1.4715915649041842,1.3553316974260312,1.4055879225942642,-0.08572961197044983,1.474328808895689,1.4050653043573174,1.3808269450458763,1.4039237244102127,1.532395012315518,1.5232342696369852,1.5737924272461428,1.4601472599227068,1.440271994067786,1.4394049469660446,0.012749458832189704,1.4402930304622699,1.4072021527482712,1.4444628460335536,1.5592368994440124,1.4177978236594282,1.5257004442679736,1.7708724653356547,1.3798965109755972,1.5080463441406171,1.526713540552847,2.190997355757325,1.4325909254960565,1.4263220978386961,1.4249470249564087,1.4692516311775812,1.1473200210960948,1.425450895526153,1.4392970923269122,1.528451621065412,1.5609916344177321,1.529889601931115,1.4386412213186113,1.4166242272967366,1.4431989973815489,1.427177238816724,1.4164373940366302,1.4768325703130907,1.4514233023832488,1.4740536808983513,-1.7663435714867115,1.4424458541500969,1.4030255043964952,1.509067681429495,1.4615981346236402,1.5614467917484574,1.4304939783643775,1.4294767438181217,1.5229095356040983,1.414212856659089,1.4383235089179793,1.4447336711592367,1.4154200043188236,1.4447022798754061,1.4404587357102883,1.5640124076234423,1.4291176721285752,1.5278948377797836,1.4177537526076303,1.3799532606930325,1.1355779984980154,1.4157329055428551,1.4414985976452572,1.4287750611075254,2.050404122163759,1.4397682578835245,1.6854671753586796,1.5110342315751226,1.4518700878393327,1.4707055715164916,1.5276967323840658,1.5656832764936588,1.5277532564909475,1.430804868956144,1.4077657056139201,1.4377042680767524,1.4793075559497935,1.4397729333773432,1.4522644433601224,1.4044012465866835,1.4521494466522726,1.456400112051227,1.56624458797549,1.4608667977037646,1.5081773168575348,1.4300855487356268,1.4565110478876548,1.4752386716725243,1.356000907379955,1.4297877453984653,1.406850112673057,1.550028581624369,1.4394223648983724,1.416723306340605,1.4708885807638807,1.4160612839673494,1.450463530111775,1.4174773085268693,1.4711712013730047,1.545518408534608,1.4061739664119606,1.5377192905428412,1.4806917532431045,-0.08689855459740743,1.4613580207684376,1.4449174129322309,1.452821715073729
1316,1519076256,1.5240427015719933,1.433576043533069,1.4063599465905592,1.4517437953539951,1.4158711714694714,1.529772589529308,1.5231726542724742,1.4309215186532986,1.5351728692439695,1.4467882637515848,1.4443379925903703,1.35572546733347,1.438832319630284,1.5235108578434413,1.407380257826237,1.4709191862107882,1.5360811263522411,1.426346611444449,1.4509070817124725,1.4728618241069176,1.3574293671658444,1.407564417591626,-0.08572961197044983,1.4756067125340406,1.407046384578857,1.383230749864797,1.4064012036236944,1.5344807816622728,1.5260224353678884,1.5747842152847722,1.4613940291962266,1.4420369958744588,1.4405092753975344,1.0127706479606768,1.442421772404286,1.4092367506987526,1.4462840884018826,1.560575272654098,1.4187773960251704,1.5264473482362644,1.965132345062814,1.381695069713319,1.510300136604006,1.5282088480793286,-0.042223416015498456,1.451712528780567,1.4281123279333787,1.42673579681029,1.4711442188371922,1.1473229075472382,1.4272431200917177,1.4403967865576879,1.5298366499591123,1.5623271087384998,1.5312837051077353,1.4402958851557328,1.418631507264078,1.4443031997308842,1.4292314722344692,1.4185322108242673,1.478075545624094,1.4531604657097013,1.4753286032172237,-1.7663435714867115,1.4442068577054394,1.4050631837780123,1.5105696403277251,1.4628465734373948,1.5627860234068538,1.4322178774537302,1.431541758684273,1.5243944113241972,1.416214959623593,1.4394272149350393,1.447151985182007,1.417512626139467,1.4458038972803366,1.4425876432431934,1.5654417842544408,1.4308561565980749,1.5292872789778331,1.4207104547805312,1.3817551575778206,1.1357721670210221,1.4178234746721239,1.4432701480846304,1.4305011827891836,2.062274002457365,1.4424226488807839,1.7501122930573725,1.5132823740604353,1.452994762165937,1.4726075932585505,1.5306852336186605,1.5663963456771592,1.529204723827655,1.4328685553531602,1.4103132367496674,1.4388040334796866,1.4805549201315997,1.441904299923957,1.4533883436782353,1.4063793443217556,1.4538347065265098,1.4575280148012393,1.5676732692012503,1.4627382387297798,1.5104278545424872,1.43181179937427,1.4576405707167235,1.4764825708907903,1.3586222035961157,1.4318388078883673,1.4088300369201587,1.5503467600341454,1.44052561011066,1.4188154749268433,1.4715226166169173,1.4178318252241189,1.4522029295385779,1.4192472789477886,1.4718061648561838,1.5469058323472282,1.4082081510251263,1.5393854125641584,1.4813137548981186,-0.08689855459740743,1.461981360567949,1.4467351438871232,1.4539465560725673
1317,1519076261,1.5317140265303557,1.435898991076876,1.408340088925804,1.4534298367634189,1.4182343143104486,1.5319210050946868,1.529453342353513,1.4326492012405012,1.5365500975832225,1.449212597268764,1.4466971459959168,1.3583378042422596,1.4416107695530487,1.529790809586312,1.4098545036190906,1.4734640968578059,1.5381022234684092,1.429332568099474,1.4525703681923525,1.4734969537082845,1.3600514543406106,1.4095409125889877,-0.08572961197044983,1.4768846161723923,1.4100180049111668,1.3850336034789876,1.4093741786798721,1.5358712945601094,1.5329928496951468,1.5772636853813462,1.463264183106506,1.4438019976811314,1.441613603829024,0.1794196570202709,1.4445505143463024,1.411271348649234,1.4487124115596546,1.5619136458641836,1.422205899305268,1.529434964109427,1.7431210539460604,1.3840931480302816,1.5726550614244388,1.5289565018425693,-0.042223416015498456,1.4546097413994323,1.4299025580280613,1.4291208259487986,1.4730368064968031,1.1473257939983816,1.4296327528458042,1.4420463279038513,1.5319141932996627,1.5636625830592674,1.5326778082843555,1.4419505489928546,1.4211406072232546,1.4454074020802195,1.4312857056522146,1.4211507318088135,1.4799400085905985,1.457792901246908,1.4785159090144044,-1.7663435714867115,1.4477288648161246,1.4076102830049089,1.574402893502505,1.4640950122511494,1.5641252550652502,1.4339417765430829,1.4341230272669618,1.5266217249043454,1.4192181140703486,1.4410827739606296,1.4489657206990847,1.420651558870432,1.446905514685267,1.4452487776593248,1.5668711608854393,1.434333125537074,1.5313759407749075,1.423667156953432,1.3847583190524675,1.1376653101203376,1.4204366860837097,1.4456322153371282,1.4333780522586141,2.0737220365150457,1.4445461616785915,1.7685823266855705,1.575480982820749,1.4541194364925412,1.4732416005059035,1.5314323589273093,1.5678224840441597,1.5299304574960084,1.4354481633494305,1.4128607678854146,1.4404536815840876,1.4811786022225029,1.4445685081072244,1.4556361443144614,1.4088519664905959,1.4549582131093346,1.4597838203012634,1.5691019504270105,1.4639858660804566,1.5719425512645178,1.434113466892461,1.4587700935457921,1.477726470109056,1.3607192405690443,1.4349154016232202,1.4132848664761377,1.5509831168536978,1.4421804779290917,1.4209076435130814,1.4746927958820997,1.4207827273187346,1.454522128774315,1.421017249368708,1.4730760918225414,1.5598551212650158,1.4107508817915835,1.549382144692062,1.4825577582081466,-0.08689855459740743,1.464474719765995,1.4485528748420156,1.4550713970714058
1318,1519076267,1.5345035992424874,1.4405448861644896,1.4118053380124822,1.4556778919759834,1.4229605999924029,1.5347855591818584,1.532942613509646,1.4384081431978435,1.5393045542617287,1.4540612643031223,1.4531848178611695,1.3604276737692915,1.4434389015618763,1.5325818992498101,1.4128235985705149,1.476645235166578,1.5407970196233,1.435304481409524,1.4542336546722328,1.476672601715118,1.3621491240804238,1.4129997788343707,-0.08572961197044983,1.4800793752682717,1.4129896252434766,1.389841213116829,1.4128426495787465,1.5379570639068645,1.5357810154260503,1.5792472614586055,1.467004490927065,1.4490970031011492,1.4438222606920033,-0.15392073935589148,1.447743627259327,1.4143232455749561,1.4547832194540846,1.5652595788893975,1.4251446164024946,1.5316756760142989,1.736183201098662,1.388289785084966,1.5749088538878278,1.5326947706587732,-0.042223416015498456,1.4580863965420705,1.4346765049472152,1.4344871415104428,1.4755602567096178,1.1473308452878828,1.435009426542499,1.4436958692500148,1.5339917366402132,1.566333531700803,1.5354660146375958,1.44415676744235,1.4241515271742664,1.44761580677889,1.4338534974243962,1.4237692527933599,1.4824259592126048,1.4601091190155113,1.4810657536521492,-1.7663435714867115,1.4530118754821526,1.4101573822318054,1.5766558318498503,1.467216109285536,1.566803718382043,1.4396881068409253,1.4367042958496508,1.5288490384844937,1.4222212685171043,1.44384203900328,1.4538023487446254,1.4237904916013973,1.4496595581975933,1.4479099120754562,1.5711592907784346,1.4395485789455726,1.5334646025719816,1.4283978804300732,1.3889627451169733,1.1389274055198813,1.4230498974952954,1.4509468666552479,1.438556417303589,2.084867504996615,1.447200552675851,1.7685823266855705,1.5777291253060615,1.4569311223090518,1.476411636742668,1.534420860161904,1.5713878299616613,1.533559125837777,1.438543692944955,1.4154082990211618,1.443203095091423,1.4849206947679219,1.4477655579271451,1.4578839449506873,1.411819113093204,1.4572052262749842,1.4614756744262816,1.5719593128785307,1.4671049344571485,1.5756934474061048,1.4392922188083912,1.4610291392039296,1.4820801173729867,1.362816277541973,1.4374792297355978,1.4162547528467904,1.5516194736732503,1.444386968353667,1.4235228542458793,1.4778629751472823,1.42550417067012,1.4574211278189864,1.4269171507717728,1.4768858727216148,1.5723419355785966,1.4132936125580406,1.5599342508270713,1.4862897681382308,-0.06313284111108719,1.4675914187635526,1.4540060677066924,1.4573210790690823
1319,1519076272,1.5345035992424874,1.4434485705942484,1.413785480347727,1.456801919582266,1.4247329571231357,1.5362178362254444,1.532942613509646,1.440135825785046,1.540681782600982,1.4570916811995964,1.4549541829153292,1.3625175432963232,1.4460412707812413,1.5325818992498101,1.4148029952047976,1.4779176904900868,1.5421444177007453,1.437096055402539,1.4558969411521128,1.4779428609178513,1.364246793820237,1.4149762738317322,-0.08572961197044983,1.4819962307257994,1.4134848952988615,1.3916440667310195,1.4128426495787465,1.5393475768047011,1.5357810154260503,1.5792472614586055,1.4676278755638248,1.452038672778937,1.444926589123493,0.7905437170432352,1.4498723692013433,1.4163578435254376,1.4566044618224137,1.5672671387045258,1.4251446164024946,1.5331694839508803,1.9477877129443177,1.3900883438226879,1.5749088538878278,1.5341900781852549,-0.042223416015498456,1.4580863965420705,1.4364667350418978,1.4362759133643241,1.4774528443692287,1.1473337317390262,1.4373990592965855,1.4447955634807905,1.5353767655339134,1.5683367431819544,1.536860117814216,1.4458114312794716,1.426660627133443,1.4487200091282253,1.4364212891965775,1.4263877737779063,1.4830474468681063,1.461267227899813,1.4817032148115854,-1.7663435714867115,1.4547728790374952,1.4121950616133225,1.5766558318498503,1.4678403286924133,1.5681429500404394,1.441412005930278,1.4392855644323397,1.5303339142045924,1.4242233714816082,1.44494574502034,1.455616084261703,1.4258831134220404,1.4507611756025238,1.4511032733748137,1.5733033557249323,1.4412870634150723,1.534857043770031,1.4301719017338137,1.3907646420017612,1.1391215740428882,1.4251404666245642,1.4533089339077456,1.4402825389852474,2.096123526284841,1.4493240654736583,1.7685823266855705,1.5777291253060615,1.458055796635656,1.47894766573208,1.5359151107792015,1.5735270375121622,1.5350105931744844,1.4406073793419714,1.4174463239297597,1.444302860494357,1.4861680589497281,1.449896924473759,1.4590078452688002,1.4137972108282761,1.4588904861492213,1.4626035771762937,1.573387994104291,1.4689763754831635,1.5756934474061048,1.4410184694470345,1.4627234234475326,1.4833240165912525,1.3649133145149015,1.4395302922254998,1.4167497339085657,1.5519376520830266,1.4454902135659546,1.4256150228321176,1.4784970110003188,1.4272747119268894,1.4580009276279207,1.4286871211926924,1.4775208362047936,1.57326688478701,1.4153277971712062,1.5610449988412827,1.4875337714482588,-0.06313284111108719,1.468214758563064,1.4558237986615847,1.4584459200679205
1320,1519076278,1.537990565132652,1.4463522550240069,1.4157656226829718,1.4579259471885482,1.4265053142538684,1.5376501132690301,1.5357340304345521,1.4418635083722486,1.5427476251098615,1.4589099313374807,1.456723547969489,1.365129880205113,1.4487808793723738,1.535372988913308,1.417277240997651,1.4791901458135956,1.5434918157781907,1.438887629395554,1.4570057988053662,1.4798482497219516,1.36634446356005,1.416952768829094,-0.08572961197044983,1.483913086183327,1.4159612455757864,1.39344692034521,1.4148246329495318,1.5407380897025378,1.5392662225896794,1.5822226255744942,1.4688746448373444,1.4538036745856098,1.4460309175549826,0.8461004497725957,1.4520011111433597,1.418392441475919,1.4584257041907427,1.5686055119146114,1.4280833334997212,1.5346632918874616,1.9304430808258213,1.3924864221396505,1.577162646351217,1.5356853857117365,-0.042223416015498456,1.4598247241133897,1.4388537085014745,1.4386609425028327,1.478714569475636,1.1473366181901696,1.4391912838621503,1.446445104826954,1.536761794427614,1.569672217502722,1.5382542209908363,1.4469145405042194,1.4291697270926196,1.4498242114775606,1.4384755226143229,1.4284825905655434,1.4855333974901126,1.4630043912262654,1.4829781371304578,-1.7663435714867115,1.4565338825928378,1.4142327409948396,1.5796597496463105,1.469088767506168,1.5694821816988356,1.4431359050196306,1.4418668330150286,1.5318187899246913,1.426225474446112,1.4460494510374002,1.4580343982844735,1.4279757352426838,1.4518627930074544,1.4532321809077189,1.5740180440404317,1.443025547884572,1.5362494849680806,1.4319459230375542,1.3925665388865494,1.1393157425658949,1.42775367803615,1.4562615179733678,1.4420086606669056,2.1075133746548085,1.4519784564709177,1.7685823266855705,1.5807266486198115,1.4591804709622602,1.4795816729794329,1.5366622360878504,1.5742401066956626,1.5371877941795453,1.4426710657389878,1.4194843488383573,1.4454026258972912,1.4867917410406313,1.4520282910203728,1.4606936957459697,1.4157753085633482,1.4600139927320461,1.4637314799263057,1.574816675330051,1.469600189158502,1.5779439850910573,1.4438955538447735,1.4644177076911358,1.4839459662003855,1.36701035148783,1.4415813547154017,1.4187296581556674,1.552255830492803,1.44769670399053,1.4282302335649153,1.4803991185594285,1.430225614021505,1.4608999266725922,1.4304570916136117,1.4787907631711514,1.5741918339954233,1.4178705279376633,1.5616003728483885,1.4887777747582867,-0.08689855459740743,1.4707081177611099,1.457641529616477,1.460133181566178
1321,1519076284,1.5435697105569155,1.448094465681862,1.4177457650182166,1.4590499747948307,1.4282776713846013,1.538366251790823,1.5413168642843644,1.4435911909594514,1.5448134676187413,1.4607281814753652,1.4590827013750354,1.3677422171139029,1.4515463821845944,1.5409551682403044,1.4192566376319338,1.47982637347535,1.5448392138556362,1.440679203388569,1.4581146564586196,1.4817536385260517,1.368442133299863,1.419423387575796,-0.08572961197044983,1.4851909898216786,1.419428135963481,1.396451676368861,1.4187885996911023,1.5428238590492929,1.545539595484212,1.587677459786957,1.4707447987476239,1.4555686763922824,1.448239574417962,0.9572139152313165,1.4546620385708802,1.4204270394264005,1.4602469465590717,1.569943885124697,1.43200162296269,1.5354101958557522,1.9165673751310242,1.3954840200358536,1.5816702312779953,1.5379283470014589,-0.042223416015498456,1.4661985918748932,1.4406439385961574,1.440449714356714,1.4793454320288397,1.147340226254099,1.4427757329932802,1.4480946461731175,1.5381468233213142,1.5710076918234896,1.5403453757557666,1.4480176497289672,1.4311770070599608,1.4514805150015637,1.440529756032068,1.4316248157469988,1.4867763728011156,1.4693739900899245,1.4842530594493302,-1.7663435714867115,1.4582948861481804,1.4162704203763568,1.5841656263410009,1.4722098645405546,1.5721606450156285,1.4460090701685517,1.4439318478811798,1.5325612277847407,1.4287281031517418,1.4477050100629905,1.4610572908129362,1.4300683570633272,1.4529644104123849,1.4553610884406238,1.57544742067143,1.445343527177238,1.5376419261661303,1.4337199443412947,1.3943684357713375,1.1395584532196532,1.4298442471654187,1.458033068412741,1.443734782348564,2.1189061323091614,1.4546328474681771,1.7751787672670698,1.585972314418874,1.4614298196154687,1.4821177019688447,1.5396507373224453,1.575666245062663,1.5386392615162527,1.4452506737352582,1.4215223737469551,1.4465023913002253,1.488662787313341,1.4541596575669866,1.4623795462231393,1.4177534062984205,1.4616992526062833,1.4648593826763179,1.5776740377815714,1.4708478165091787,1.582445060460962,1.4456218044834168,1.4655472305202044,1.4851898654186513,1.3696316477039907,1.4436324172053037,1.422689506649871,1.552574008902579,1.4487999492028176,1.4303224021511536,1.482301226118538,1.4314059748593515,1.466697924761935,1.4322270620345312,1.481965580587046,1.5751167832038366,1.419904712550829,1.5627111208626,1.4893997764133007,-0.08689855459740743,1.471954797360133,1.4600651708896668,1.4618204430644355
1322,1519076289,1.5470566764470803,1.4498366763397172,1.4207159785210837,1.460174002401113,1.4312315999358227,1.5412308058779947,1.5441082812092708,1.4470465561338568,1.546879310127621,1.4625464316132497,1.4608520664291953,1.3703545540226927,1.454197950424027,1.544444030319677,1.4217308834247873,1.481098828798859,1.5468603109718042,1.4430679687125887,1.4597779429384998,1.483659027330152,1.3710642204746293,1.4213998825731577,-0.08572961197044983,1.4864688934600305,1.4223997562957909,1.3982545299830516,1.4217615747472803,1.5442143719471295,1.549721844080567,1.5906528239028457,1.4719915680211435,1.457333678198955,1.4493439028494517,0.9572139152313165,1.4567907805128963,1.422461637376882,1.4620681889274008,1.5712822583347825,1.4354301262427875,1.538397811728915,1.902691669436227,1.3978820983528162,1.592187929440478,1.5386760007646998,-0.042223416015498456,1.4690958044937583,1.4442243987855226,1.4440272580644768,1.4818688822416544,1.1473431127052425,1.444567957558845,1.449194340403893,1.5402243666618647,1.573010903304641,1.5417394789323868,1.4502238681784627,1.4331842870273022,1.452584717350899,1.4425839894498134,1.433719632534636,1.488019348112119,1.4716902078585279,1.4848905206087661,-1.7663435714867115,1.4606428908886373,1.4188175196032533,1.5939283591794966,1.4734583033543092,1.573499876674025,1.4477329692579044,1.445996862747331,1.5355309792249385,1.4312307318573716,1.4488087160800505,1.462871026330014,1.4326841343391314,1.4540660278173154,1.457489995973529,1.5768767973024285,1.4482410012930707,1.5397305879632044,1.4354939656450352,1.3973715972459846,1.1399467902656666,1.4329801008593217,1.459804618852114,1.4477623996057667,2.1302581599821147,1.4567563602659845,1.7751787672670698,1.5972130268454368,1.462554493942073,1.4827517092161977,1.540397862631094,1.5778054526131642,1.5408164625213139,1.4473143601322747,1.423560398655553,1.4476021567031594,1.4899101514951472,1.4562910241136005,1.4635034465412522,1.4212150773347967,1.462822759189108,1.4659872854263298,1.5791027190073315,1.4739668848858707,1.5914472112007714,1.447923472001608,1.4672415147638074,1.4864337646369172,1.3717286846769192,1.4461962453176813,1.4256593930205237,1.5530512765172435,1.4504548170212492,1.433460655030511,1.4835692978246109,1.4337666965350442,1.469017123997672,1.4339970324554505,1.4826005440702248,1.577891630829077,1.4219388971639948,1.564932616891023,1.4906437797233287,-0.08689855459740743,1.4738248167586674,1.461882901844559,1.463507704562693
1323,1519076295,1.5533332150493768,1.4533210976554276,1.4251712987753842,1.46354608521996,1.4347763141972885,1.5440953599651666,1.5510868235215363,1.4516537096997304,1.5503223809757538,1.4667890152683132,1.4649805848889015,1.3745342930767563,1.4568469292413508,1.5514217544784221,1.4256896766933527,1.4849161947693854,1.5502288061654177,1.4484426906916337,1.4619956582450067,1.4861995457356187,1.3757839773892089,1.4263411200665619,-0.17069114333744284,1.488385748917558,1.4268571867942554,1.4018602372114326,1.4257255414888508,1.5476906541917212,1.5552981755423736,1.5936281880187344,1.4757318758417026,1.4620403496834153,1.451552559712431,-0.4872611357320539,1.4615804498824332,1.4270394827654653,1.4663177544535018,1.5752973779650392,1.4393484157057563,1.5413854276020775,1.534985468524104,1.40147921582826,1.5981980426761822,1.5439095771073854,-0.042223416015498456,1.4725724596363967,1.447804858974888,1.4482010590568668,1.4837614699012653,1.1473488856075293,1.448152406689975,1.4519435759808321,1.5436869388961154,1.5763495891065602,1.5459217884622474,1.4535331958527062,1.4371988469619847,1.4553452232242372,1.44720601463974,1.43790926610991,1.4911267863896267,1.4751645345114328,1.4887152875653833,-1.7663435714867115,1.4641648979993225,1.4228928783662877,1.599185215323302,1.4753309615749413,1.5761783399908176,1.4523300334961784,1.4506431461961709,1.5392431685251855,1.4352349377863793,1.452119834131231,1.467103075869862,1.4379156888907398,1.457370880032107,1.4622800379225653,1.581164927195424,1.4517179702320697,1.5432116909583282,1.4396333486870962,1.4021766556054196,1.1404807537039352,1.437683881400176,1.4639382365439852,1.4517900168629694,2.1416741919115534,1.4615342640610516,1.7764980553833696,1.601709311816062,1.4653661797585835,1.4859217454529623,1.5441334891743375,1.5813707985306655,1.5444451308630822,1.4519576545255615,1.428145954699898,1.4503515702104945,1.4930285619496628,1.4610865988434816,1.4663131973365346,1.425665797238709,1.46563152564617,1.4693709936763661,1.5812457408459717,1.4770859532625626,1.5981988242556282,1.4513759732788947,1.4695005604219449,1.4889215630734491,1.3759227586227762,1.4502983702974852,1.429619241514727,1.553687633336796,1.4526613074458246,1.4376449922029875,1.4867394770897935,1.437307779048583,1.473075722660212,1.438126963437596,1.485775361486119,1.5811289530585237,1.4260072663903263,1.5682648609336574,1.494997791308427,-0.08689855459740743,1.4763181759567134,1.4667301843909386,1.4657573865603695
1324,1519076301,1.5540306082274098,1.4550633083132827,1.427151441110629,1.4646701128262425,1.4365486713280213,1.5455276370087523,1.5510868235215363,1.4533813922869332,1.551699609315007,1.4686072654061977,1.4667499499430614,1.3771466299855462,1.4592654494909896,1.5514217544784221,1.4276690733276354,1.4861886500928942,1.5515762042428631,1.4502342646846487,1.46310451589826,1.4868346753369854,1.3778816471290218,1.4283176150639236,-0.08572961197044983,1.48966365255591,1.4268571867942554,1.4036630908256231,1.4257255414888508,1.549081167089558,1.5552981755423736,1.5936281880187344,1.4769786451152223,1.463805351490088,1.4526568881439208,0.901657182501956,1.4642413773099536,1.4290740807159468,1.4693531584007167,1.5773049377801673,1.4393484157057563,1.542879235538659,1.8922848901651292,1.4038772941452227,1.5981980426761822,1.5446572308706261,-0.042223416015498456,1.4725724596363967,1.4495950890695706,1.4499898309107482,1.4850231950076727,1.1473517720586728,1.44994463125554,1.4530432702116078,1.5450719677898157,1.577685063427328,1.5473158916388676,1.454636305077454,1.439206126929326,1.4564494255735725,1.4492602480574852,1.440004082897547,1.4917482740451282,1.4751645345114328,1.4899902098842557,-1.7663435714867115,1.465925901554665,1.4249305577478049,1.600687174221532,1.4765794003886958,1.577517571649214,1.454053932585531,1.452708161062322,1.5399856063852349,1.4372370407508832,1.453223540148291,1.4689168113869397,1.4400083107113832,1.4584724974370376,1.4644089454554705,1.5833089921419217,1.4534564547015694,1.5446041321563777,1.4414073699908367,1.4039785524902078,1.140674922226942,1.4397744505294447,1.4657097869833584,1.4535161385446276,2.1528982110715362,1.463657776858859,1.7764980553833696,1.601709311816062,1.4664908540851878,1.4871897599476682,1.545627739791635,1.582083867714166,1.5458965981997896,1.4540213409225777,1.4301839796084956,1.4514513356134287,1.493652244040566,1.4637508070267489,1.4674370976546476,1.4276438949737813,1.4667550322289946,1.4704988964263783,1.582674422071732,1.4783335806132394,1.5981988242556282,1.453102223917538,1.4706300832510135,1.4901654622917149,1.3780197955957048,1.4523494327873872,1.429619241514727,1.554005811746572,1.4537645526581122,1.4397371607892258,1.4880075487958666,1.4384881398864293,1.473075722660212,1.4398969338585155,1.487045288452477,1.582053902266937,1.4280414510034918,1.569375608947869,1.495619792963441,-0.08689855459740743,1.476941515756225,1.4691538256641283,1.466882227559208
1325,1519076306,1.5568201809395414,1.4568055189711377,1.4291315834458738,1.4657941404325248,1.438321028458754,1.5469599140523382,1.5538782404464424,1.4551090748741358,1.5537654518238868,1.4728498490612612,1.468519314997221,1.3792364995125779,1.4618678187103544,1.5542128441419203,1.429648469961918,1.4868248777546487,1.5529236023203083,1.4520258386776637,1.4642133735515135,1.488104934539719,1.379979316868835,1.4302941100612854,-0.08572961197044983,1.4915805080134374,1.4293335370711802,1.4060668956445437,1.427707524859636,1.5511669364363128,1.5587833827060027,1.5951158700766788,1.477602029751982,1.4655703532967606,1.4537612165754104,0.901657182501956,1.46637011925197,1.4311086786664282,1.4711744007690457,1.578643310990253,1.4413075604372407,1.5443730434752403,1.8853470373177308,1.4056758528829445,1.6004518351395713,1.5461525383971078,-0.042223416015498456,1.474310787207716,1.4513853191642532,1.4517786027646296,1.4856540575608763,1.1473546585098162,1.4523342640096264,1.4546928115577713,1.5471495111303661,1.5796882749084795,1.5487099948154879,1.4557394143022018,1.441213406896667,1.458657830272243,1.4518280398296668,1.4426226038820935,1.4942342246671345,1.4780598067221868,1.491265132203128,-1.7663435714867115,1.4676869051100077,1.426968237129322,1.6029401125688774,1.4772036197955731,1.5788568033076105,1.4557778316748837,1.4547731759284732,1.5422129199653831,1.439739669456513,1.4543272461653511,1.4707305469040175,1.4421009325320266,1.459574114841968,1.467602306754828,1.5840236804574208,1.4551949391710688,1.5459965733544272,1.4431813912945772,1.405780449374996,1.1408690907499486,1.4418650196587133,1.4674813374227316,1.455242260226286,2.164200780909933,1.4657812896566667,1.7764980553833696,1.604706835129812,1.467615528411792,1.4878237671950212,1.547869115717581,1.5842230752646669,1.547348065536497,1.4560850273195942,1.4322220045170935,1.45310098371783,1.4961469724041787,1.4658821735733627,1.4685609979727607,1.4296219927088534,1.4678785388118194,1.4716267991763903,1.584103103297492,1.4795812079639161,1.6004493619405806,1.4548284745561815,1.4723243674946165,1.4920313111191137,1.3806410918118655,1.4544004952772893,1.4320941468236044,1.5544830793612365,1.4548677978703999,1.441829329375464,1.4886415846489032,1.4414390419810452,1.4759747217048833,1.4416669042794348,1.4883152154188348,1.5829788514753504,1.430584181769949,1.5699309829549748,1.496863796273469,-0.08689855459740743,1.478188195355248,1.4709715566190207,1.4680070685580462
1326,1519076312,1.5596097536516733,1.4591284665149447,1.4316067613649297,1.4674801818419483,1.4406841712997311,1.547676052574131,1.5573675116025751,1.4568367574613383,1.5558312943327663,1.4746680991991457,1.470288680051381,1.3818488364213677,1.4645815330803986,1.5570039338054182,1.431627866596201,1.488733560739912,1.5542710003977538,1.4544146040016837,1.4658766600313935,1.490010323343819,1.3826014040436014,1.432270605058647,-0.17069114333744284,1.4928584116517891,1.43131461729272,1.4084707004634645,1.4301850040731177,1.5525574493341494,1.5615715484369062,1.5970994461539378,1.4788487990255017,1.4673353551034334,1.4565220376541346,0.7349869843138749,1.4690310466794902,1.43365192610453,1.4736027239268177,1.5799816842003385,1.4437564913515963,1.5451199474435309,1.8541266995044372,1.4086734507791476,1.6027056276029605,1.5476478459235894,-0.042223416015498456,1.476628557302808,1.4543690359887242,1.453567374618511,1.4875466452204873,1.1473582665737456,1.4541264885751912,1.4557925057885468,1.5485345400240667,1.5810237492292472,1.5501040979921081,1.4568425235269495,1.4437225068558437,1.4597620326215783,1.4538822732474121,1.4447174206697306,1.494855712322636,1.4797969700486395,1.4919025933625643,-1.7663435714867115,1.4694479086653502,1.4295153363562185,1.6051930509162224,1.4803247168299596,1.580865650795205,1.4575017307642364,1.4573544445111621,1.543697795685482,1.4417417724210169,1.4554309521824111,1.4737534394324805,1.4447167098078306,1.4606757322468986,1.4697312142877332,1.5854530570884193,1.4569334236405684,1.5473890145524767,1.4449554125983177,1.4081829785547133,1.141403054188217,1.443955588787982,1.4698434046752293,1.4569683819079442,2.1756168128393716,1.468435680653926,1.7764980553833696,1.6069549776151244,1.4698648770650005,1.4890917816897271,1.5486162410262299,1.5856492136316676,1.550251000209912,1.4581487137166105,1.4342600294256913,1.454750631822231,1.497394336585985,1.4690792233932835,1.4696848982908737,1.4316000904439254,1.4690020453946442,1.4727547019264025,1.5862461251361322,1.4802050216392544,1.6034500788538504,1.4565547251948248,1.4734538903236853,1.4938971599465125,1.3832623880280261,1.4564515577671913,1.434074071070706,1.5548012577710126,1.4559710430826875,1.4444445401082617,1.489909656354976,1.4432095832378147,1.4777141211316862,1.4446168549809673,1.4908550693515503,1.5871411229132109,1.4326183663831147,1.573818601004715,1.498107799583497,-0.08689855459740743,1.479434874954271,1.4740011082105078,1.4696943300563037
1327,1519076318,1.562399326363805,1.4608706771728,1.4335869037001743,1.4686042094482308,1.4436380998509526,1.5505406066613028,1.5601589285274815,1.4585644400485411,1.5572085226720196,1.4764863493370302,1.4720580451055407,1.3839387059483994,1.4662801939837853,1.560492795884791,1.434596961547625,1.4900060160634208,1.5562920975139218,1.4562061779946986,1.4675399465112737,1.4912805825465525,1.3852234912183676,1.434741223805349,-0.08572961197044983,1.494136315290141,1.43329569751426,1.4114754564871153,1.432166987443903,1.5546432186809045,1.5643597141678096,1.5985871282118824,1.4800955682990213,1.469100356910106,1.4576263660856241,0.2905331224789917,1.4711597886215066,1.4356865240550114,1.4754239662951467,1.581320057410424,1.4457156360830807,1.5466137553801123,1.8575956259281365,1.4104720095168695,1.6064619483752756,1.5483954996868303,-0.042223416015498456,1.4783668848741272,1.456159266083407,1.4559524037570195,1.4894392328800983,1.147361153024889,1.4559187131407563,1.4568922000193225,1.550612083364617,1.5830269607103986,1.5514982011687282,1.458497187364071,1.445729786823185,1.4608662349709136,1.4559365066651573,1.4468122374573675,1.496098687633639,1.4821131878172427,1.4931775156814366,-1.7663435714867115,1.4723829145909213,1.4320624355831149,1.6074459892635675,1.4815731556437144,1.5828744982827996,1.4598002628833735,1.4594194593773133,1.5459251092656303,1.4442444011266466,1.4565346581994714,1.4755671749495582,1.446809331628474,1.4623281583542944,1.4718601218206382,1.5868824337194178,1.459830897756401,1.5487814557505262,1.4479121147712186,1.410585507734431,1.1415972227112237,1.4465688001995678,1.4716149551146027,1.4598452513773748,2.186610998532885,1.4705591934517335,1.7764980553833696,1.609203120100437,1.4709895513916047,1.490993803431786,1.550857616952176,1.5877884211821685,1.5509767338782654,1.4602124001136267,1.4368075605614385,1.455850397225165,1.4986417007677912,1.4712105899398973,1.4708087986089866,1.4340727126127657,1.4706873052688814,1.4738826046764146,1.5876748063618924,1.4820764626652696,1.6057006165388028,1.4600072264721113,1.474583413152754,1.4951410591647785,1.3858836842441868,1.4590153858795687,1.4365489763795833,1.5552785253856771,1.457625910901119,1.4465367086945,1.4911777280610492,1.4449801244945841,1.479453520558489,1.4463868254018866,1.4914900328347291,1.5880660721216242,1.4346525509962804,1.5749293490189264,1.499351802893525,-0.11066426808372769,1.4813048943528053,1.4758188391654001,1.470819171055142
1328,1519076323,1.5658862922539698,1.4637743616025585,1.435567046035419,1.4702902508576543,1.4454104569816855,1.5512567451830956,1.5629503454523876,1.4602921226357437,1.5585857510112726,1.4783045994749144,1.4738274101597006,1.3860285754754313,1.4688955103136943,1.563283885548289,1.4365763581819078,1.491914699048684,1.5576394955913673,1.4585949433187186,1.4686488041645271,1.492550841749286,1.3873211609581808,1.4367177188027107,-0.08572961197044983,1.4947752671093169,1.4352767777357998,1.413879261306036,1.4341489708146882,1.5567289880276596,1.5671478798987128,1.6000748102698268,1.4819657222093008,1.4708653587167786,1.458730694517114,0.4016465879377125,1.473288530563523,1.4377211220054928,1.4772452086634758,1.5826584306205096,1.4476747808145651,1.5488544672849842,1.8541266995044372,1.4122705682545915,1.6087157408386648,1.549890807213312,-0.042223416015498456,1.4801052124454463,1.4579494961780897,1.4577411756109009,1.4907009579865056,1.1473640394760325,1.457710937706321,1.4579918942500982,1.5519971122583174,1.58503017219155,1.5528923043453484,1.4596002965888188,1.4487407067741969,1.461970437320249,1.4579907400829026,1.4489070542450047,1.497341662944642,1.484429405585846,1.495089899159745,-1.7663435714867115,1.4747309193313782,1.4341001149646322,1.6104499070600278,1.4821973750505917,1.584213729941196,1.4615241619727262,1.4614844742434645,1.5474099849857292,1.4467470298322764,1.4581902172250616,1.477380910466636,1.4494251089042782,1.463429775759225,1.4739890293535434,1.587597122034917,1.4627283718722337,1.5508701175476003,1.4502774765095392,1.412387404619219,1.1417913912342306,1.4486593693288365,1.4733865055539759,1.461571373059033,2.1979572076370673,1.4726827062495411,1.7764980553833696,1.6114512625857496,1.472114225718209,1.492261817926492,1.5530989928781223,1.589214559549169,1.5524282012149728,1.4622760865106432,1.4393550916971858,1.4569501626280992,1.4992653828586944,1.4733419564865111,1.4724946490861561,1.436050810347838,1.4718108118517061,1.4755744588014326,1.5891034875876526,1.4833240900159463,1.607951154223755,1.4617334771107549,1.4757129359818226,1.4957630087739113,1.3885049804603475,1.4615792139919463,1.4390238816884604,1.5559148822052296,1.4587291561134068,1.449151919427298,1.4930798356201587,1.448521207008123,1.481192919985292,1.448156795822806,1.492759959801087,1.5889910213300376,1.437703827916029,1.5754847230260323,1.5005958062035532,-0.11066426808372769,1.4825515739518285,1.4776365701202925,1.4725064325533994
1329,1519076329,1.5714654376782333,1.4655165722604135,1.438042223954475,1.472538306070219,1.4471828141124183,1.5526890222266816,1.5692310335334265,1.4631715936144147,1.5599629793505259,1.480122849612799,1.4773661402680203,1.388118445002463,1.4714642170456447,1.5688660648752852,1.4385557548161905,1.4944596096957017,1.5589868936688127,1.4603865173117334,1.4703120906444072,1.4938211009520195,1.3899432481329472,1.4391883375494128,-0.17069114333744284,1.4973310743860202,1.4392389381788795,1.4162830661249568,1.438608433398955,1.5588147573744144,1.5727242113605195,1.6030501743857155,1.4832124914828206,1.4738070283945663,1.4598350229486035,0.2905331224789917,1.4759494579910435,1.4402643694435946,1.4802806126106907,1.5839968038305952,1.4515930702775337,1.5503482752215656,1.8090306559963467,1.4140691269923134,1.6132233257654431,1.5521337685030343,-0.042223416015498456,1.4847407526356307,1.4597397262727723,1.4595299474647823,1.491962683092913,1.147367647539962,1.459503162271886,1.459091588480874,1.5540746555988678,1.5863656465123177,1.5549834591102787,1.4607034058135666,1.450747986741538,1.463626740844252,1.460558531855084,1.4510018710326418,1.4979631506001438,1.487903732238751,1.4976397437974898,-1.7663435714867115,1.4764919228867208,1.4361377943461493,1.6149557837547182,1.4834458138643463,1.5855529615995922,1.463822694091863,1.4640657428261534,1.548894860705828,1.4487491327967803,1.4598457762506518,1.4791946459837138,1.4515177307249216,1.4650822018666207,1.4761179368864483,1.5890264986659155,1.4644668563417331,1.55226255874565,1.4526428382478598,1.4147899337989367,1.1419855597572373,1.450749938458105,1.476339089619598,1.4632974947406914,2.2093325095851064,1.4748062190473485,1.7764980553833696,1.6159475475563747,1.4732389000448132,1.4935298324211979,1.5553403688040683,1.5906406979161696,1.5538796685516802,1.4653716161061676,1.441902622832933,1.4591496934339674,1.501760111222307,1.4760061646697784,1.473618549404269,1.43802890808291,1.472934318434531,1.4772663129264507,1.5905321688134126,1.484571717366623,1.6139525880502947,1.4634597277493981,1.4774072202254258,1.498872756819576,1.3911262766765082,1.4636302764818483,1.442983730182664,1.5562330606150059,1.4598324013256945,1.451244088013536,1.4943479073262318,1.4502917482648925,1.4846717188388976,1.450516756384032,1.4940298867674446,1.5903784451426577,1.4402465586824862,1.5777062190544553,1.5024618111685952,-0.11066426808372769,1.48317491375134,1.4800602113934822,1.4736312735522377
1330,1519076334,1.574255010390365,1.4678395198042204,1.4400223662897198,1.4742243474796426,1.4489551712431512,1.5541212992702673,1.5720224504583329,1.4648992762016175,1.5613402076897789,1.4825471831299781,1.47913550532218,1.390208314529495,1.4741856996820153,1.5716571545387832,1.4405351514504734,1.4957320650192105,1.5603342917462582,1.4621780913047484,1.4719753771242874,1.4957264897561195,1.3925653353077134,1.4411648325467745,-0.17069114333744284,1.499247929843548,1.4417152884558042,1.418085919739147,1.4405904167697403,1.560205270272251,1.575512377091423,1.6055296444822895,1.4844592607563403,1.476748698072354,1.4609393513800932,0.6794302515845145,1.4780781999330597,1.4428076168816963,1.4821018549790197,1.5860043636457235,1.4540420011918893,1.5525889871264376,1.8610645523518359,1.4158676857300352,1.615477118228832,1.553629076029516,-0.042223416015498456,1.4864790802069499,1.4615299563674549,1.4613187193186636,1.493855270752524,1.1473705339911053,1.4624902032144942,1.4607411298270374,1.555459684492568,1.5883688579934694,1.556377562286899,1.4618065150383144,1.4532570867007146,1.4647309431935873,1.4631263236272656,1.4536203920171882,1.4998276135666484,1.4907990044495052,1.498277204956926,-1.7663435714867115,1.4782529264420634,1.4381754737276664,1.6172087221020635,1.4846942526781008,1.5868921932579887,1.4655465931812157,1.4666470114088421,1.5503797364259269,1.450751235761284,1.4609494822677118,1.4810083815007915,1.453610352545565,1.4661838192715513,1.4787790713025797,1.5911705636124132,1.4662053408112328,1.5543512205427241,1.4544168595516003,1.417192462978654,1.142179728280244,1.4528405075873738,1.4787011568720956,1.4650236164223496,2.2206583536985884,1.476929731845156,1.7764980553833696,1.6181956900416872,1.4743635743714174,1.4954318541632565,1.556087494112717,1.5927799054666705,1.554605402220034,1.467435302503184,1.4439406477415309,1.4602494588369015,1.5023837933132103,1.4781375312163922,1.474742449722382,1.4400070058179821,1.474619578308768,1.478394215676463,1.5912465094262929,1.4851955310419616,1.616203125735247,1.4651859783880414,1.4791015044690288,1.499494706428709,1.3932233136494367,1.4656813389717502,1.4454586354915413,1.556551239024782,1.4609356465379821,1.4533362565997743,1.4949819431792684,1.452062289521662,1.4869909180746348,1.4528767169452579,1.4946648502506237,1.5917658689552778,1.4422807432956517,1.5788169670686667,1.503705814478623,-0.11066426808372769,1.4844215933503628,1.4818779423483743,1.4753185350504952
1331,1519076340,1.5770445831024968,1.470743204233979,1.4420025086249644,1.4753483750859249,1.4519090997943724,1.5548374377920602,1.574813867383239,1.46662695878882,1.5634060501986586,1.4843654332678624,1.482084447079113,1.3922981840565267,1.4769123611626038,1.575146016618156,1.4430093972433269,1.4970045203427194,1.5616816898237034,1.4639696652977634,1.4730842347775408,1.4976318785602198,1.3946630050475266,1.4431413275441363,-0.17069114333744284,1.4998868816627238,1.444686908788114,1.4198887733533376,1.443067895983222,1.5615957831700877,1.578997584255052,1.6070173265402339,1.4863294146666197,1.4785136998790267,1.4625958440273277,0.7905437170432352,1.48073912736058,1.4448422148321778,1.4839230973473487,1.587342736855809,1.4560011459233737,1.5533358910947281,1.8575956259281365,1.4176662444677572,1.6184821748466844,1.5558720373192383,-0.042223416015498456,1.4893762928258152,1.464513673191926,1.4643000057417994,1.4951169958589312,1.1473741420550345,1.464282427780059,1.461840824057813,1.5568447133862684,1.589704332314237,1.5584687170518292,1.4629096242630621,1.4557661866598912,1.4658351455429226,1.465180557045011,1.455715208804825,1.5010705888776517,1.4925361677759577,1.4995521272757983,-1.7663435714867115,1.480013929997406,1.4412319927999422,1.6194616604494085,1.486566910898733,1.5882314249163851,1.4672704922705684,1.4687120262749933,1.5511221742859762,1.4532538644669137,1.462605041293302,1.4834266955235618,1.4557029743662084,1.467836245378947,1.4809079788354849,1.5925999402434117,1.468523320103899,1.5557436617407736,1.4561908808553408,1.4189943598634422,1.1424224389340023,1.4554537189989596,1.480472707311469,1.466749738104008,2.23202492779347,1.4795841228424154,1.7764980553833696,1.6219425941838748,1.4766129230246259,1.4960658614106095,1.5575817447300144,1.5942060438336711,1.556782603225095,1.4700149104994544,1.4459786726501285,1.4613492242398356,1.5036311574950165,1.480268897763006,1.4764283001995515,1.4419851035530544,1.475743084891593,1.479522118426475,1.5926751906520529,1.4864431583926383,1.6184536634201994,1.4674876459062325,1.4802310272980974,1.500738605646975,1.3953203506223653,1.4677324014616522,1.447438559738643,1.5568694174345583,1.4625905143564135,1.4559514673325722,1.4975180865914144,1.4550131916162778,1.4904697169282404,1.4546466873661772,1.497839667666518,1.5926908181636912,1.4448234740621089,1.5799277150828783,1.5049498177886511,-0.11066426808372769,1.4862916127488974,1.4843015836215643,1.4770057965487526
1332,1519076346,1.5798341558146285,1.4742276255496893,1.445962793295454,1.4775964302984896,1.4554538140558382,1.5591342689228178,1.5776052843081452,1.4700823239632255,1.566160506877165,1.4880019335436314,1.4856231771874326,1.3970003904923483,1.4792531987489779,1.5779371062816538,1.447463039670463,1.4989132033279826,1.5657238840560397,1.4687471959458034,1.4758563789106742,1.5008075265670533,1.3988583445271527,1.4480825650375404,-0.08572961197044983,1.5024426889394273,1.4466679890096539,1.424095431786449,1.4450498793540072,1.5650720654146795,1.5817857499859553,1.609000902617493,1.488822953213659,1.482043703492372,1.465356665106052,0.5683167861257937,1.484996611244613,1.4489114107331407,1.4875655820840068,1.590688669881023,1.458450076837729,1.556323506967891,1.850657773080738,1.4218628815224417,1.6207359673100734,1.5581149986089606,-0.042223416015498456,1.4911146203971342,1.4680941333812914,1.4678775494495622,1.4982713086249495,1.1473799149573216,1.4684642850997105,1.4640402125193643,1.5596147711736692,1.5930430181161561,1.5612569234050697,1.4656673973249317,1.4597807465945738,1.4680435502415932,1.4692890238805012,1.4604285465770086,1.5029350518441562,1.4942733311024101,1.501464510754107,-1.7663435714867115,1.4847099394783196,1.4453073515629766,1.6217145987967538,1.4896880079331194,1.5929187357207724,1.4724421895386266,1.4728420560072957,1.5540919257261738,1.4572580703959215,1.4648124533274223,1.4870541665577173,1.4604113734626558,1.470039480188808,1.485165793901295,1.5954586935054085,1.472000289042898,1.5585285441368726,1.4597389234628217,1.4225981536330186,1.1428107759800157,1.4596348572574969,1.4840158081902155,1.4725034770428689,2.2433216790630954,1.4838311484380304,1.7764980553833696,1.6241907366691872,1.4788622716778344,1.4992358976473743,1.561317371273258,1.5970583205676725,1.5596855378985097,1.4741422832934872,1.4500547224673241,1.4635487550457038,1.505502203767726,1.4845316308562337,1.4786761008357776,1.4474248723245027,1.4785518513486549,1.4817779239264992,1.5976755749422136,1.4895622267693303,1.6207042011051518,1.471515564063067,1.482490072956235,1.5026044544743737,1.4000386838114545,1.4723472920639318,1.4494184839857447,1.5575057742541107,1.4647970047809888,1.4601358045050485,1.4994201941505239,1.4585542741298168,1.4922091163550433,1.4581866282080163,1.4997445581160547,1.5945407165805179,1.4488918432884403,1.5815938371041955,1.5074378244087072,-0.11066426808372769,1.4881616321474318,1.4879370455313488,1.4798178990458484
1333,1519076351,1.5826237285267604,1.4759698362075446,1.44843797121451,1.4787204579047721,1.4584077426070596,1.5605665459664038,1.581094555464278,1.4729617949418965,1.5682263493860447,1.4898201836815157,1.4873925422415923,1.3990902600193802,1.481490459450999,1.5814259683610266,1.4499372854633163,1.5001856586514914,1.567071282133485,1.4711359612698234,1.4769652365639276,1.502077785769787,1.4014804317019192,1.4500590600349021,-0.08572961197044983,1.5030816407586032,1.4486490692311937,1.4258982854006395,1.4475273585674888,1.5664625783125161,1.5852709571495847,1.6104885846754373,1.4906931071239384,1.4838087052990447,1.4664609935375414,0.3460898552083521,1.4871253531866293,1.4509460086836221,1.4893868244523358,1.5926962296961513,1.4604092215692135,1.5585642188727629,1.850657773080738,1.4236614402601635,1.6237410239279257,1.5603579598986832,-0.042223416015498456,1.4928529479684534,1.4710778502057624,1.470858835872698,1.4995330337313568,1.147382801408465,1.4702565096652755,1.4651399067501398,1.5616923145142196,1.5950462295973076,1.56334807817,1.4673220611620534,1.461788026561915,1.4691477525909284,1.4713432572982466,1.4625233633646455,1.5041780271551592,1.4960104944288626,1.5033768942324153,-1.7663435714867115,1.4864709430336622,1.447854450789873,1.623967537144099,1.490936446746874,1.5942579673791688,1.4741660886279793,1.4754233245899846,1.556319239306322,1.4602612248426772,1.4664680123530125,1.488867902074795,1.46302715073846,1.4711410975937385,1.4872947014342002,1.5976027584519061,1.4748977631587306,1.560617205933947,1.4626956256357226,1.4250006828127362,1.1430049445030226,1.4622480686690826,1.486377875442713,1.474229598724527,2.2546126117639496,1.485954661235838,1.7764980553833696,1.6279376408113748,1.4799869460044386,1.5011379193894332,1.5620644965819068,1.5991975281181734,1.5611370052352171,1.4762059696905037,1.4526022536030714,1.465198403150105,1.5067495679495322,1.4866629974028476,1.4803619513129471,1.449402970059575,1.480237111222892,1.4834697780515174,1.5991042561679736,1.4914336677953453,1.622954738790104,1.4743926484608059,1.4836195957853036,1.5044703033017726,1.4021357207843832,1.4743983545538337,1.4513984082328464,1.557983041868775,1.4664518725994204,1.4627510152378465,1.5013223017096333,1.4603248153865862,1.4939485157818462,1.4599565986289356,1.5010144850824125,1.5954656657889312,1.450926027901606,1.582704585118407,1.5080598260637212,-0.11066426808372769,1.4906549913454779,1.489754776486241,1.4809427400446866
1334,1519076357,1.5889002671290569,1.4777120468653997,1.4509131491335658,1.480968513117337,1.4601800997377925,1.5627149615317824,1.5880730977765434,1.4752653717248334,1.5702921918949244,1.4916384338194002,1.4897516956471388,1.401180129546412,1.4842766776400902,1.5884036925197718,1.4519166820975993,1.5027305692985091,1.5690923792496532,1.4729275352628384,1.478074094217181,1.5027129153711536,1.4046269363116388,1.4525296787816042,-0.17069114333744284,1.5043595443969549,1.4531064997296583,1.42770113901483,1.4514913253090593,1.5685483476592712,1.5908472886113914,1.6144557368299557,1.4913164917606982,1.4867503749768325,1.4675653219690312,-0.2094774720852519,1.4897862806141495,1.4534892561217239,1.4924222283995507,1.5947037895112797,1.4648172972150535,1.5608049307776348,1.6563978933535786,1.4254599989978856,1.630502401318093,1.5633485749516465,-0.042223416015498456,1.4963296031110918,1.4734648236653394,1.4726476077265793,1.5001638962845605,1.1473856878596085,1.4720487342308404,1.4667894480963033,1.56376985785477,1.5963817039180752,1.5661362845232405,1.4684251703868012,1.4637953065292564,1.4708040561149314,1.4744246074248644,1.4646181801522826,1.506042490121664,1.4994848210817675,1.5046518165512877,-1.7663435714867115,1.488231946589005,1.4504015500167695,1.6299753727370194,1.4915606661537515,1.5955971990375653,1.4770392537769004,1.4780045931726735,1.5585465528864704,1.462263327807181,1.4675717183700727,1.4918907946032578,1.4651197725591034,1.4733443324035995,1.4894236089671051,1.6004615117139032,1.4766362476282302,1.562705867731021,1.4644696469394631,1.4286044765823125,1.143247655156781,1.4643386377983514,1.4893304595083352,1.4759557204061855,2.266054827252859,1.4886090522330975,1.7764980553833696,1.632433925782,1.481673957494345,1.5024059338841391,1.5650529978165018,1.6006236664851738,1.564039939908632,1.478785577686774,1.4546402785116692,1.4668480512545061,1.5086206142222416,1.4893272055861149,1.4820478017901164,1.451381067794647,1.4813606178057168,1.4845976808015293,1.6005329373937338,1.492681295146022,1.6304565310732784,1.4761188990994494,1.4847491186143722,1.5063361521291714,1.4042327577573117,1.4764494170437357,1.45535825672705,1.5583012202785513,1.467555117811708,1.4653662259706444,1.503224409268743,1.4620953566433557,1.498007114444386,1.462906549330468,1.5029193755319492,1.5968530896015514,1.4529602125147718,1.5843707071397242,1.5111698343387914,-0.11066426808372769,1.4912783311449893,1.4927843280777282,1.482067581043525
1335,1519076363,1.5895976603070898,1.4794542575232548,1.4528932914688104,1.4820925407236192,1.4619524568685252,1.5634311000535754,1.5880730977765434,1.476993054312036,1.5716694202341774,1.494668850715874,1.4915210607012985,1.4037924664552017,1.4870370016080934,1.5884036925197718,1.453896078731882,1.504003024622018,1.5704397773270984,1.4747191092558534,1.4797373806970613,1.5046183041752537,1.4067246060514518,1.4545061737789657,-0.17069114333744284,1.5062763998544826,1.4531064997296583,1.4301049438337508,1.4519868211517557,1.5699388605571079,1.5915443300441172,1.6144557368299557,1.4925632610342179,1.488515376783505,1.4692218146162657,0.8461004497725957,1.491915022556166,1.4555238540722053,1.4954576323467659,1.5960421627213652,1.4648172972150535,1.5622987387142162,1.8680024051992343,1.4284575968940887,1.630502401318093,1.564843882478128,-0.042223416015498456,1.4974884881586377,1.475851797124916,1.4750326368650877,1.5020564839441715,1.147388574310752,1.4750357751734486,1.467889142327079,1.5651548867484704,1.598384915399227,1.5675303876998605,1.469528279611549,1.4658025864965976,1.4724603596389343,1.4764788408426097,1.467236701136829,1.507285465432667,1.5006429299660693,1.50592673887016,-1.7663435714867115,1.4899929501443476,1.4524392293982866,1.6314773316352496,1.4934333243743834,1.5969364306959617,1.478763152866253,1.4800696080388247,1.5600314286065693,1.464265430771685,1.4686754243871327,1.4937045301203355,1.4672123943797468,1.47444594980853,1.4920847433832365,1.6011762000294023,1.4783747320977298,1.5640983089290705,1.4662436682432036,1.4304063734671006,1.1434418236797876,1.4669518492099372,1.4911020099477086,1.4776818420878437,2.277380671366341,1.490732565030905,1.7764980553833696,1.6331833066104375,1.4827986318209492,1.5036739483788448,1.5658001231251504,1.602762874035675,1.5647656735769857,1.4808492640837903,1.4566783034202668,1.4679478166574402,1.5104916604949512,1.4925242554060356,1.4831717021082296,1.4533591655297193,1.483045877679954,1.4857255835515415,1.6012472780066138,1.4939289224966987,1.6304565310732784,1.4778451497380927,1.4864434028579754,1.5075800513474373,1.4068540539734724,1.4785004795336378,1.4563482188506007,1.5586193986883277,1.4686583630239958,1.467981436703442,1.504492480974816,1.4638658979001251,1.498007114444386,1.4646765197513874,1.5041893024983068,1.5977780388099647,1.4549943971279373,1.5854814551539358,1.5124138376488194,-0.11066426808372769,1.4925250107440122,1.4946020590326206,1.4837548425417824
1336,1519076368,1.5958741989093863,1.4846808894968202,1.4573486117231111,1.484340595936184,1.4666787425504795,1.56701179266254,1.5936559316263559,1.4810243136821755,1.5751124910823104,1.4989114343709378,1.4950597908096181,1.4084946728910233,1.4897662525107904,1.5939858718467679,1.4583497211590182,1.5059117076072812,1.5738082725207119,1.4783022572418831,1.481955096003568,1.5077939521820873,1.410919945531078,1.4589532875230296,-0.17069114333744284,1.509471158950362,1.457563930228123,1.434912553471592,1.4564462837360226,1.5727198863527811,1.5978177029386498,1.618422888984474,1.4944334149444976,1.4920453803968503,1.4719826356949899,-0.4872611357320539,1.4967046919257028,1.4601016994607887,1.4991001170834237,1.600057282351622,1.4697151590437643,1.5645394506190882,1.5557990270662996,1.4332537535280137,1.6350099862448713,1.5670868437678505,-0.042223416015498456,1.5015445858250491,1.4800290006791756,1.4786101805728507,1.5039490716037824,1.1473957904386105,1.4786202243045783,1.4706383779040182,1.567924944535871,1.601723601201146,1.570318594053101,1.4717344980610445,1.4708207864149507,1.4746687643376049,1.4805873076781,1.471426334712103,1.5103929037101749,1.5041172566189742,1.5078391223484686,-1.7663435714867115,1.4935149572550328,1.4570240080067003,1.63598320832994,1.4965544214087698,1.601623741500349,1.4827855840747428,1.4841996377711268,1.5622587421867176,1.4682696367006927,1.470882836421253,1.4985411581658763,1.4713976380210334,1.4766491846183911,1.496874785332273,1.6047496416068985,1.481851701036729,1.5668831913251697,1.4697917108506846,1.4340101672366767,1.144169955641063,1.4711329874684744,1.4946451108264551,1.4811340854511603,2.288822886855251,1.495510468825972,1.7764980553833696,1.6384289724095,1.4856103176374598,1.5062099773682567,1.5687886243597453,1.605615150769676,1.568394341918754,1.484976636877823,1.4607543532374625,1.4706972301647756,1.5129863888585637,1.4967869884992633,1.4854195027444554,1.4578098854336317,1.4852928908456036,1.4879813890515656,1.6062476622967745,1.495800363522714,1.6349576064431832,1.4818730678949272,1.489267209930647,1.510689799393102,1.4115723871625616,1.4826026045134417,1.4603080673448043,1.5594148447127683,1.470864853448571,1.472688816022478,1.5063945885339256,1.4691775216704337,1.502065713106926,1.4693964408738391,1.5067291564310226,1.6028652594562385,1.4600798586608517,1.5899244472107819,1.5142798426138615,-0.11066426808372769,1.4943950301425468,1.4988434312607026,1.4865669450388783
1337,1519076374,1.598663771621518,1.4846808894968202,1.4573486117231111,1.484340595936184,1.4666787425504795,1.56701179266254,1.596447348551262,1.4810243136821755,1.5751124910823104,1.4989114343709378,1.4950597908096181,1.4084946728910233,1.4924514832376377,1.596776961510266,1.4583497211590182,1.5059117076072812,1.5738082725207119,1.4783022572418831,1.481955096003568,1.5077939521820873,1.410919945531078,1.4589532875230296,-0.17069114333744284,1.509471158950362,1.4595450104496628,1.4355135046763223,1.4584282671068078,1.5734151428016996,1.600605868669553,1.6199105710424184,1.4944334149444976,1.4920453803968503,1.4719826356949899,1.0683273806900373,1.4967046919257028,1.4601016994607887,1.4991001170834237,1.600057282351622,1.4716743037752487,1.5645394506190882,1.8818781108940315,1.4332537535280137,1.6372637787082605,1.5670868437678505,-0.042223416015498456,1.5032829133963683,1.4800290006791756,1.4786101805728507,1.5039490716037824,1.1473957904386105,1.4786202243045783,1.4706383779040182,1.567924944535871,1.601723601201146,1.570318594053101,1.4717344980610445,1.4708207864149507,1.4746687643376049,1.4805873076781,1.471426334712103,1.5103929037101749,1.5058544199454267,1.5078391223484686,-1.7663435714867115,1.4935149572550328,1.4570240080067003,1.638236146677285,1.4965544214087698,1.601623741500349,1.4827855840747428,1.4841996377711268,1.5622587421867176,1.4682696367006927,1.470882836421253,1.4985411581658763,1.4713976380210334,1.4766491846183911,1.496874785332273,1.6047496416068985,1.481851701036729,1.5668831913251697,1.4697917108506846,1.4340101672366767,1.144169955641063,1.4711329874684744,1.4946451108264551,1.4811340854511603,2.300131275262419,1.495510468825972,1.7764980553833696,1.6406771148948127,1.4856103176374598,1.5068439846156096,1.569535749668394,1.605615150769676,1.568394341918754,1.484976636877823,1.4607543532374625,1.4706972301647756,1.5129863888585637,1.4967869884992633,1.4854195027444554,1.4578098854336317,1.485854644137016,1.4879813890515656,1.6062476622967745,1.495800363522714,1.6372081441281354,1.4818730678949272,1.489267209930647,1.510689799393102,1.4120966464057938,1.4826026045134417,1.462287991591906,1.5594148447127683,1.470864853448571,1.472688816022478,1.5063945885339256,1.4691775216704337,1.5038051125337288,1.4693964408738391,1.5067291564310226,1.6028652594562385,1.4600798586608517,1.5899244472107819,1.5142798426138615,-0.11066426808372769,1.4943950301425468,1.4988434312607026,1.4865669450388783
1338,1519076380,1.6021507375116826,1.4881653108125306,1.4613088963936005,1.4871506649518897,1.4714050282324338,1.5705924852715045,1.6027280366323011,1.4844796788565808,1.5778669477608167,1.5025479346467066,1.4985985209179378,1.412674411945087,1.4952092177835319,1.6030569132531367,1.463298212744725,1.5090928459160533,1.577850466753048,1.4830797878899231,1.4847272401367015,1.5096993409861874,1.4156397024456575,1.462906277517753,-0.17069114333744284,1.5113880144078895,1.4625166307819726,1.4391192119047034,1.4614012421629858,1.576891425046291,1.6061822001313597,1.6218941471196777,1.4981737227650564,1.4955753840101955,1.474743456773714,-0.15392073935589148,1.5014943612952394,1.464679544849372,1.5027426018200818,1.602734028771793,1.4741232346896043,1.569020874428832,1.5419233213715027,1.4368508710034575,1.6425226277895018,1.5700774588208137,-0.042223416015498456,1.5061801260152334,1.483609460868541,1.4833802388498676,1.5071033843698007,1.1474022849536833,1.4822046734357082,1.4728377663655694,1.571387516770122,1.6043945498426813,1.5738038519946516,1.4744922711229138,1.4748353463496333,1.4768771690362756,1.4846957745135905,1.4756159682873773,1.5122573666766796,1.5099078010404825,1.5116638893050856,-1.7663435714867115,1.4987979679210606,1.4621182064604932,1.6419910439228602,1.4990512990362792,1.60497182064634,1.4862333822534481,1.488845921219967,1.5659709314869645,1.4732748941119522,1.4741939544724334,1.5021686292000318,1.476106037117481,1.4788524194282522,1.5011326003980832,1.6068937065533964,1.4870671544452276,1.5710605149193182,1.475113774761906,1.438815225596112,1.144606834817828,1.4763594102916462,1.498778728518326,1.485737076602249,2.3115793093201003,1.4997574944215868,1.7764980553833696,1.6451733998654376,1.487859666290668,1.5093800136050215,1.5725242509029889,1.6084674275036774,1.5705715429238152,1.4891040096718557,1.465849415508957,1.4728967609706438,1.5148574351312731,1.501049721592491,1.488229253539738,1.462260605337544,1.488663410594078,1.491365097301602,1.6091050247482948,1.498919431899406,1.6424593987263576,1.4864764029313093,1.4915262555887845,1.512555648220501,1.4162907203516508,1.4877302607381968,1.465752859024334,1.5602102907372088,1.4736229664792901,1.4768731531949546,1.5095647677991082,1.4738989650218188,1.5067041115784003,1.4729363817156782,1.509269010363738,1.605177632477272,1.465165320193766,1.5921459432392049,1.5161458475789036,-0.11066426808372769,1.4975117291401043,1.5030848034887847,1.4888166270365548
1339,1519076385,1.6077298829359463,1.4899075214703859,1.4642791098964678,1.4888367063613135,1.4731773853631667,1.5720247623150905,1.6062173077884339,1.4873591498352519,1.5792441761000697,1.5049722681638857,1.5021372510262574,1.4147642814721189,1.4979928465505143,1.6058480029166347,1.4652776093790079,1.5110015289013166,1.5791978648304934,1.4848713618829381,1.485836097789955,1.510969600188921,1.4177373721854705,1.465376896264455,-0.17069114333744284,1.5133048698654172,1.4654882511142822,1.440922065518894,1.4653652089045563,1.578281937944128,1.6089703658622632,1.6243736172162515,1.499420492038576,1.4985170536879833,1.4758477852052037,-0.2094774720852519,1.5036231032372558,1.4672227922874737,1.505778005767297,1.6047415885869214,1.4775517379697019,1.5697677783971227,1.5453922477952018,1.4386494297411794,1.644776420252891,1.5730680738737768,-0.042223416015498456,1.510236223681645,1.4853996909632237,1.485169010703749,1.508365109476208,1.1474058930176128,1.483996898001273,1.4744873077117329,1.5734650601106723,1.605730024163449,1.5758950067595818,1.4761469349600356,1.4768426263169745,1.4785334725602786,1.487263566285772,1.4777107850750144,1.5141218296431842,1.5122240188090859,1.5135762727833941,-1.7663435714867115,1.5005589714764034,1.4641558858420103,1.6464969206175506,1.5002997378500338,1.6063110523047364,1.488531914372585,1.4914271898026559,1.5681982450671128,1.475276997076456,1.4752976604894936,1.5039823647171096,1.4781986589381244,1.480504845535648,1.5037937348142145,1.6097524598153932,1.488805638914727,1.5724529561173677,1.4774791365002267,1.4406171224809001,1.1448010033408347,1.4784499794209147,1.501731312583948,1.4874631982839075,2.3229778855432244,1.5024118854188462,1.7764980553833696,1.6474215423507503,1.4889843406172723,1.5106480280997274,1.5740185015202863,1.6091804966871777,1.5720230102605224,1.4921995392673804,1.4683969466447042,1.4745464090750449,1.5167284814039828,1.5037139297757582,1.4893531538578508,1.464238703072616,1.4897869171769027,1.49305695142662,1.610533705974055,1.5001670592500826,1.6454601156396274,1.4882026535699528,1.4932205398323875,1.5144214970478997,1.4183877573245793,1.4897813232280988,1.4687227453949867,1.560528469146985,1.4752778342977217,1.4789653217811929,1.510832839505181,1.4756695062785883,1.5090233108141373,1.4758863324172105,1.5099039738469169,1.606565056289892,1.4671995048069317,1.594367439267628,1.5186338541989595,-0.11066426808372769,1.4993817485386387,1.504902534443677,1.489941468035393
1340,1519076391,1.6077298829359463,1.4928112059001444,1.4662592522317124,1.4899607339675958,1.4755405282041436,1.5734570393586762,1.6062173077884339,1.4890868324224547,1.580621404439323,1.5067905183017702,1.5039066160804173,1.4173766183809087,1.5005978051919882,1.6058480029166347,1.4672570060132906,1.5122739842248254,1.5805452629079388,1.486662935875953,1.4869449554432084,1.5116047297902877,1.4198350419252836,1.4673533912618169,-0.08572961197044983,1.5158606771421206,1.466478791225052,1.4427249191330844,1.4653652089045563,1.5796724508419646,1.6089703658622632,1.6243736172162515,1.5006672613120957,1.501458723365771,1.4769521136366934,1.2349975788781185,1.5057518451792722,1.469257390237955,1.5075992481356257,1.606079961797007,1.4775517379697019,1.571261586333704,1.8957538165888286,1.4404479884789014,1.644776420252891,1.5745633814002584,-0.042223416015498456,1.510236223681645,1.4871899210579063,1.4869577825576303,1.5089959720294117,1.1474087794687562,1.4869839389438813,1.4755870019425086,1.5748500890043726,1.6070654984842165,1.577986161524512,1.4772500441847833,1.4798535462679865,1.4801897760842815,1.4903449164123899,1.4803293060595606,1.5153648049541875,1.5133821276933874,1.5148511951022665,-1.7663435714867115,1.502319975031746,1.4667029850689068,1.6464969206175506,1.500923957256911,1.6076502839631326,1.490255813461938,1.493492204668807,1.5689406829271624,1.47727910004096,1.4764013665065536,1.5057961002341873,1.4802912807587678,1.4816064629405785,1.5059226423471195,1.6104671481308923,1.4905441233842267,1.5738453973154172,1.4792531578039672,1.4424190193656883,1.1449951718638414,1.4805405485501835,1.5035028630233214,1.4891893199655657,2.3342629996753073,1.5045353982166538,1.7764980553833696,1.6474215423507503,1.4901090149438765,1.5119160425944331,1.5755127521375838,1.6106066350541783,1.5734744775972298,1.4942632256643966,1.470434971553302,1.475646174477979,1.5185995276766922,1.505845296322372,1.4904770541759638,1.4662168008076883,1.4909104237597273,1.494184854176632,1.611248046586935,1.5014146866007594,1.6454601156396274,1.4899289042085961,1.495479585490525,1.5156653962661655,1.4204847942975078,1.4918323857180007,1.4692177264567623,1.5610057367616494,1.4763810795100094,1.4810574903674312,1.5114668753582177,1.4774400475353577,1.5107627102409402,1.47765630283813,1.5111739008132747,1.6074900054983055,1.4692336894200972,1.5949228132747335,1.5192558558539735,-0.11066426808372769,1.5000050883381502,1.5067202653985694,1.4910663090342315
1341,1519076396,1.610519455648078,1.4945534165579994,1.4682393945669572,1.491084761573878,1.4773128853348765,1.5748893164022622,1.60900872471334,1.4908145150096572,1.581998632778576,1.5098209351982441,1.505675981134577,1.4194664879079404,1.5033400032052295,1.6086390925801328,1.4692364026475733,1.5135464395483342,1.5825663600241069,1.488454509868968,1.4886082419230884,1.512874988993021,1.4219327116650968,1.469824010008519,-0.08572961197044983,1.5171385807804725,1.468955141501977,1.444527772747275,1.4673471922753416,1.5810629637398013,1.6131526144586181,1.6268530873128255,1.5012906459488555,1.5032237251724438,1.478056442068183,1.2349975788781185,1.5078805871212886,1.4712919881884365,1.5094204905039548,1.6074183350070925,1.4800006688840575,1.5727553942702854,1.8853470373177308,1.4422465472166233,1.64703021271628,1.57605868892674,-0.042223416015498456,1.5119745512529639,1.4889801511525889,1.4887465544115117,1.5115194222422264,1.1474123875326856,1.488776163509446,1.477236543288672,1.576927632344923,1.609736447125752,1.5793802647011324,1.478353153409531,1.4818608262353277,1.4812939784336168,1.4923991498301352,1.4824241228471977,1.517229267920692,1.5151192910198399,1.5154886562617027,-1.7663435714867115,1.505254980957317,1.468740664450424,1.648749858964896,1.5021723960706657,1.608989515621529,1.4925543455810748,1.496073473251496,1.5711679965073106,1.4792812030054636,1.4775050725236138,1.5082144142569576,1.4823839025794112,1.4832588890479743,1.5085837767632508,1.6118965247618908,1.4922826078537264,1.5752378385134667,1.4816185195422877,1.4442209162504764,1.145189340386848,1.482631117679452,1.505864930275819,1.4909154416472241,2.34563539233896,1.5071897892139132,1.7764980553833696,1.6519178273213753,1.4912336892704807,1.513818064336492,1.5762598774462324,1.6134589117881795,1.5742002112655835,1.4963269120614129,1.4729825026890493,1.476745939880913,1.5192232097675953,1.507976662868986,1.4921629046531333,1.4681948985427604,1.4925956836339644,1.4953127569266442,1.6126767278126952,1.5026623139514361,1.6477106533245798,1.4916551548472394,1.4966091083195936,1.5162873458752986,1.4225818312704364,1.4949089794528538,1.4716926317656394,1.5614830043763137,1.4785875699345847,1.4831496589536695,1.5133689829173271,1.4803909496299736,1.5136617092856117,1.4794262732590493,1.5124438277796324,1.6084149547067188,1.4717764201865544,1.5960335612889451,1.5211218608190156,-0.11066426808372769,1.5031217873357077,1.5085379963534615,1.4921911500330698
1342,1519076402,1.6140064215382426,1.4974571009877582,1.470219536902202,1.4922087891801605,1.4790852424656094,1.5777538704894338,1.6124979958694727,1.4925421975968598,1.5840644752874558,1.5116391853361286,1.5080351345401235,1.4220788248167302,1.5048599939831073,1.6128257270753799,1.4717106484404268,1.5141826672100887,1.5852611561789978,1.490843275192988,1.4897170995763418,1.5154155073984878,1.4240303814049098,1.472294628755221,-0.17069114333744284,1.5184164844188242,1.4714314917789018,1.4463306263614655,1.4703201673315194,1.5831487330865561,1.6159407801895216,1.6288366633900848,1.5037841844958948,1.5049887269791165,1.4797129347154174,0.4016465879377125,1.511073700034313,1.4738352356265383,1.5112417328722838,1.608756708217178,1.4824495997984128,1.573502298238576,1.8680024051992343,1.4452441451128264,1.6507865334885952,1.576806342689981,-0.042223416015498456,1.5148717638718292,1.4925606113419543,1.4917278408346475,1.51215028479543,1.1474167172094007,1.4911657962635327,1.4788860846348355,1.5783126612386233,1.6110719214465197,1.5807743678777526,1.4794562626342789,1.4843699261945043,1.482398180782952,1.4944533832478804,1.4850426438317441,1.5184722432316953,1.5168564543462923,1.5174010397400113,-1.7663435714867115,1.5070159845126596,1.470778343831941,1.6517537767613562,1.5040450542912978,1.6109983631091236,1.495427510729996,1.4981384881176472,1.5726528722274093,1.4812833059699675,1.479712484557734,1.5112373067854206,1.4849996798552154,1.4843605064529048,1.510712684296156,1.6133259013928893,1.4940210923232258,1.5766302797115161,1.4833925408460282,1.4460228131352644,1.1454805931713583,1.485766971373355,1.5076364807151923,1.4926415633288823,2.3566557615919455,1.5098441802111726,1.7764980553833696,1.654165969806688,1.4940453750869913,1.515720086078551,1.5792483786808273,1.6148850501551801,1.5771031459389984,1.4989065200576834,1.475020527597647,1.4778457052838472,1.5204705739494015,1.5101080294155997,1.4932868049712464,1.4701729962778325,1.4942809435082016,1.4970046110516624,1.6148197496513355,1.5032861276267746,1.6507113702378495,1.4945322392449782,1.4977386311486622,1.5175312450935645,1.4246788682433649,1.4969600419427558,1.4736725560127413,1.56180118278609,1.4796908151468724,1.4862879118330268,1.5146370546234003,1.482161490886743,1.5159809085213487,1.4817862338202752,1.515618645195527,1.6093399039151322,1.4738106047997201,1.5971443093031565,1.5217438624740296,-0.11066426808372769,1.5037451271352194,1.5121734582632462,1.4944408320307463
1343,1519076408,1.6167959942503745,1.4991993116456133,1.4721996792374465,1.4933328167864428,1.4820391710168308,1.5799022860548126,1.6152894127943789,1.4942698801840626,1.5854417036267088,1.5140635188533078,1.5098044995942832,1.424168694343762,1.507123148906217,1.6163145891547526,1.4741848942332803,1.5154551225335975,1.5872822532951658,1.493232040517008,1.491380386056222,1.5173208962025881,1.4271768860146294,1.4742711237525827,-0.08572961197044983,1.519055436238,1.4734125720004416,1.4493353823851163,1.4723021507023049,1.5845392459843928,1.6187289459204248,1.6303243454480292,1.5050309537694146,1.506753728785789,1.481369427362652,0.2349763897496313,1.5132024419763292,1.4763784830646403,1.5130629752406128,1.6100950814272637,1.4844087445298972,1.5772368180800294,1.8575956259281365,1.4470427038505485,1.6545428542609104,1.5783016502164624,-0.042223416015498456,1.5166100914431484,1.4943508414366369,1.494709127257783,1.514042872455041,1.1474196036605442,1.4929580208290976,1.4799857788656112,1.5803902045791738,1.6130751329276711,1.5821684710543729,1.4816624810837744,1.4863772061618454,1.4835023831322873,1.4965076166656257,1.487137460619381,1.5197152185426983,1.5185936176727448,1.5186759620588837,-1.7663435714867115,1.5105379916233448,1.4733254430588376,1.6540067151087012,1.506541931918807,1.6130072105967181,1.4971514098193486,1.5002035029837981,1.5748801858075576,1.4837859346755973,1.480816190574794,1.513051042302498,1.4876154571310196,1.4860129325603006,1.5133738187122874,1.6140405897083885,1.4969185664390585,1.5794151621076151,1.4851665621497687,1.4490259746099114,1.145674761694365,1.488380182784941,1.5094080311545655,1.496093806692199,2.367891417889471,1.51196769300898,1.7764980553833696,1.6564141122920004,1.4951700494135955,1.5176221078206098,1.5799955039894762,1.617024257705681,1.577828879607352,1.5009702064546997,1.4770585525062447,1.4789454706867813,1.5217179381312078,1.5122393959622136,1.4944107052893594,1.4731401428804407,1.4959662033824388,1.4981325138016743,1.6176771121028557,1.5064051960034663,1.652961907922802,1.4968339067631695,1.4988681539777309,1.5187751443118302,1.4273001644595256,1.5000366356776087,1.475652480259843,1.5622784504007543,1.481345682965304,1.488380080419265,1.5159051263294732,1.4839320321435125,1.5171405081392173,1.484146194381501,1.5168885721618848,1.6102648531235455,1.4758447894128859,1.5976996833102624,1.5236098674390717,-0.11066426808372769,1.5056151465337537,1.5139911892181386,1.4961280935290038
1344,1519076413,1.620282960140539,1.5009415223034683,1.4746748571565025,1.4944568443927253,1.4838115281475637,1.5813345630983984,1.6194765381817382,1.4971493511627336,1.586818931965962,1.5158817689911923,1.5121636529998297,1.4262585638707939,1.5099145459395258,1.6191056788182507,1.476164290867563,1.5167275778571063,1.5886296513726113,1.4962179971720329,1.4924892437094754,1.5185911554053215,1.4297989731893959,1.4762476187499443,-0.17069114333744284,1.5203333398763517,1.4763841923327514,1.4511382359993068,1.475770621601179,1.5859297588822294,1.622214153084054,1.632803815544603,1.506901107679694,1.5085187305924617,1.4824737557941416,0.45720332066707287,1.5153311839183456,1.4784130810151217,1.5148842176089419,1.612102641242392,1.4873474616271238,1.5794775299849013,1.8575956259281365,1.4488412625882703,1.6567966467242996,1.580544611506185,-0.042223416015498456,1.5200867465857866,1.4967378148962138,1.4964978991116644,1.5153045975614483,1.1474224901116876,1.4959450617717058,1.4816353202117747,1.5817752334728743,1.6144106072484388,1.5842596258193031,1.4827655903085222,1.4883844861291868,1.4846065854816226,1.4985618500833708,1.4902796858008367,1.521579681509203,1.521488889883499,1.5218632678560644,-1.7663435714867115,1.5122989951786874,1.4753631224403547,1.6577616123542767,1.5071661513256842,1.6143464422551146,1.4988753089087012,1.5022685178499493,1.5756226236676072,1.4857880376401011,1.4824717496003843,1.516073934830961,1.4902312344068238,1.4871145499652312,1.5155027262451923,1.6168993429703855,1.4986570509085582,1.5815038239046895,1.4881232643226696,1.4520291360845583,1.145966014478875,1.4904707519142095,1.5111795815939388,1.4978199283738574,2.379292903396981,1.5151529622056914,1.7764980553833696,1.6594116356057504,1.4962947237401998,1.5182561150679628,1.5814897546067734,1.6184503960726817,1.5792803469440593,1.5035498144509702,1.4801155898691414,1.4800452360897154,1.522341620222111,1.5143707625088274,1.4972204560846418,1.475118240615513,1.4970897099652636,1.5009522706767047,1.6183914527157357,1.507652823354143,1.656712804064389,1.4985601574018128,1.4999976768067997,1.5193970939209633,1.4293972014324543,1.5020876981675109,1.4786223666304956,1.5625966288105304,1.4835521733898793,1.4909952911520628,1.5190753055946558,1.485702573400282,1.5200395071838888,1.4859161648024206,1.5181584991282424,1.611189802331959,1.4778789740260516,1.5988104313244738,1.5248538707490997,-0.11066426808372769,1.5081085057317998,1.515808920173031,1.497252934527842
1345,1519076419,1.6258621055648026,1.5026837329613236,1.4771500350755584,1.4961428858021488,1.4855838852782963,1.5834829786637772,1.6257572262627773,1.5000288221414046,1.5895733886444683,1.5177000191290766,1.5151125947567627,1.4283484333978256,1.512586829555829,1.6253856305611214,1.4786385366604164,1.5186362608423696,1.5906507484887793,1.4980095711650478,1.4935981013627289,1.519861414608055,1.4318966429292088,1.4787182374966463,-0.17069114333744284,1.5216112435147036,1.479355812665061,1.4529410896134973,1.478743596657357,1.588710784677903,1.6277904845458606,1.6347873916218623,1.5081478769532137,1.5114604002702494,1.4835780842256314,0.45720332066707287,1.517992111345866,1.4814649779408438,1.5185267023456,1.6141102010575203,1.4902861787243504,1.5817182418897733,1.7882170974541511,1.4506398213259921,1.662055495805541,1.5835352265591482,-0.042223416015498456,1.5224045166808788,1.4985280449908964,1.498286670965546,1.5165663226678556,1.147425376562831,1.4977372863372707,1.4832848615579382,1.5845452912602749,1.6157460815692064,1.5863507805842334,1.48386869953327,1.490391766096528,1.4862628890056255,1.5011296418555524,1.4923745025884738,1.5234441444757076,1.5238051076521024,1.5225007290155006,-1.7663435714867115,1.51405999873403,1.4774008018218718,1.6622674890489668,1.508414590139439,1.615685673913511,1.5011738410278384,1.5048497864326382,1.5793348129678542,1.488290666345731,1.4835754556174445,1.5178876703480388,1.492323856227467,1.4893177847750922,1.5176316337780975,1.6190434079168832,1.5009750302012241,1.5842887063007884,1.4904886260609902,1.4538310329693465,1.1462087251326334,1.4925613210434783,1.514132165659561,1.4995460500555156,2.390685661051334,1.5172764750034988,1.7764980553833696,1.6639079205763756,1.497419398066804,1.5195241295626687,1.5844782558413684,1.619163465256182,1.5821832816174741,1.5061294224472406,1.4826631210048886,1.4816948841941167,1.5248363485857237,1.5175678123287482,1.4983443564027548,1.477096338350585,1.4982132165480884,1.5020801734267166,1.619820133941496,1.5082766370294816,1.6627142378909288,1.5014372417995518,1.5011271996358684,1.521884892357495,1.4314942384053828,1.5041387606574128,1.4815922530011483,1.5629148072203067,1.484655418602167,1.493087459738301,1.5197093414476923,1.4880632950759747,1.52293850622856,1.488866115503953,1.5187934626114212,1.612577226144579,1.4804217047925088,1.600476553345791,1.5273418773691558,-0.11066426808372769,1.5093551853308227,1.5182325614462207,1.4983777755266805
1346,1519076425,1.6300464646330004,1.5044259436191787,1.4791301774108032,1.497266913408431,1.4873562424090292,1.584915255707363,1.6285486431876834,1.5017565047286072,1.5909506169837213,1.5213365194048454,1.5168819598109224,1.4309607703066154,1.5153134910364172,1.6281767202246193,1.4806179332946992,1.5199087161658784,1.5919981465662245,1.4998011451580628,1.4947069590159823,1.5204965442094218,1.433994312669022,1.480694732494008,-0.17069114333744284,1.523528098972231,1.481832162941986,1.455344894432418,1.4807255800281423,1.5901012975757396,1.6319727331422158,1.6367709676991213,1.5093946462267334,1.5138137360124797,1.484682412657121,0.7349869843138749,1.5201208532878825,1.4834995758913252,1.520347944713929,1.615448574267606,1.4927351096387058,1.5832120498263547,1.8645334787755352,1.4536374192221952,1.6643092882689299,1.584282880322389,-0.042223416015498456,1.524142844252198,1.500318275085579,1.5000754428194274,1.5171971852210593,1.1474282630139745,1.500724327279879,1.4849344029041016,1.5859303201539752,1.6177492930503579,1.5877448837608537,1.4849718087580177,1.4923990460638692,1.4884712937042963,1.503697433627734,1.4949930235730202,1.5253086074422124,1.5272794343050073,1.523775651334373,-1.7663435714867115,1.5158210022893726,1.4794384812033892,1.6660223862945422,1.5096630289531936,1.6170249055719075,1.502897740117191,1.5069148012987894,1.5800772508279035,1.4902927693102348,1.4846791616345045,1.5197014058651166,1.4944164780481104,1.4904194021800226,1.520824995077455,1.6204727845478817,1.5027135146707238,1.585681147498838,1.4922626473647307,1.4556329298541346,1.14640289365564,1.4946518901727468,1.5159037160989342,1.5012721717371738,2.402014414449202,1.5193999878013065,1.7764980553833696,1.6684042055470005,1.4985440723934083,1.5207921440573744,1.5859725064586658,1.6220157419901833,1.5836347489541815,1.508193108844257,1.4847011459134865,1.4827946495970508,1.5273310769493362,1.519699178875362,1.4994682567208677,1.4790744360856571,1.4993367231309132,1.5032080761767288,1.621248815167256,1.5095242643801583,1.664964775575881,1.5031634924381951,1.5028214838794713,1.5225068419666279,1.4341155346215435,1.5061898231473148,1.4845621393718007,1.563392074834971,1.4857586638144546,1.4951796283245393,1.5209774131537654,1.4904240167516674,1.5252577054642973,1.4906360859248724,1.520063389577779,1.6139646499571991,1.4829644355589657,1.6021426753671084,1.5285858806791839,-0.11066426808372769,1.5106018649298456,1.520050292401113,1.4995026165255188
1347,1519076430,1.632836037345132,1.5067488911629856,1.4816053553298592,1.4983909410147136,1.489128599539762,1.585631394229156,1.6313400601125896,1.5040600815115441,1.593016459492601,1.5231547695427299,1.5186513248650824,1.434095574597163,1.5179339862105439,1.6309678098881175,1.4825973299289819,1.5205449438276328,1.59334554464367,1.5015927191510778,1.4963702454958623,1.5230370626148886,1.436091982408835,1.4826712274913698,-0.17069114333744284,1.5254449544297588,1.4838132431635258,1.4577486992513387,1.4832030592416239,1.5914918104735762,1.634760898873119,1.6392504377956953,1.5100180308634932,1.5161670717547098,1.4868910695201003,0.7905437170432352,1.522781780715403,1.486042823329427,1.5233833486611439,1.6174561340827343,1.4951840405530614,1.584705857762936,1.8575956259281365,1.4566350171183986,1.666563080732319,1.5857781878488706,-0.042223416015498456,1.5270400568710631,1.50330199191005,1.5018642146733088,1.5190897728806703,1.1474325926906896,1.5025165518454437,1.486583944250265,1.5873153490476755,1.6190847673711257,1.589138986937474,1.4860749179827655,1.4949081460230458,1.4901275972282992,1.5062652253999154,1.4970878403606571,1.5265515827532155,1.5290165976314598,1.5250505736532454,-1.7663435714867115,1.5181690070298295,1.4814761605849063,1.6682753246418873,1.5121599065807028,1.6197033688887001,1.5046216392065437,1.5089798161649406,1.5815621265480024,1.4922948722747387,1.4857828676515648,1.5227242983935796,1.4965090998687538,1.4920718282874184,1.5229539026103602,1.6219021611788802,1.5044519991402232,1.587769809295912,1.4940366686684712,1.4574348267389228,1.1466456043093987,1.4967424593020155,1.5176752665383075,1.5035736673127182,2.4133460771314557,1.5220543787985659,1.7764980553833696,1.6706523480323132,1.5002310838833146,1.5214261513047274,1.5867196317673147,1.6227288111736835,1.5858119499592427,1.5102567952412733,1.4867391708220843,1.484444297701452,1.5285784411311425,1.5228962286952827,1.5005921570389806,1.4815470582544974,1.500460229713738,1.504335978926741,1.6233918370058962,1.510771891730835,1.6672153132608334,1.5048897430768384,1.5045157681230745,1.5249946404031598,1.4367368308377042,1.5087536512596922,1.4865420636189026,1.5637102532447473,1.4868619090267423,1.497794839057337,1.5222454848598383,1.4921945580084368,1.5269971048911002,1.4935860366264049,1.5219682800273158,1.615814548374026,1.4849986201721315,1.6043641713955314,1.530451885644226,-0.11066426808372769,1.5112252047293573,1.5230798439926,1.5011898780237762
1348,1519076436,1.635625610057264,1.510233312478696,1.4855656400003485,1.5012010100304194,1.4944456709319607,1.5892120868381205,1.634131477037496,1.5075154466859495,1.5957709161711073,1.5267912698184987,1.522190054973402,1.4387977810329848,1.5202774132190269,1.6337588995516157,1.487050972356118,1.5230898544746505,1.5967140398372834,1.5051758671371078,1.5002512472822493,1.5255775810203556,1.4402873218884613,1.486624217486093,-0.08572961197044983,1.5273618098872863,1.4857943233850657,1.4625563088891802,1.4851850426124091,1.594968092718168,1.6375490646040225,1.6407381198536397,1.5125115694105324,1.5196970753680552,1.4896518905988245,0.5683167861257937,1.5270392645994355,1.4901120192303898,1.527025833397802,1.6201328805029054,1.4971431852845458,1.5876934736360986,1.850657773080738,1.460831654173083,1.6688168731957083,1.5887688029018339,-0.042223416015498456,1.5287783844423823,1.5068824520994155,1.5054417583810715,1.5235058107530959,1.1474383655929767,1.5061010009765736,1.4887833327118163,1.5914704357287763,1.6224234531730448,1.5926242448790242,1.488832691044635,1.4989227059577284,1.4928881031016374,1.5103736922354059,1.5012774739359314,1.5290375333752217,1.5307537609579123,1.526962957131554,-1.7663435714867115,1.522278015325629,1.4865703590386992,1.6705282629892326,1.5146567842082121,1.6230514480346911,1.508069437385249,1.5131098458972427,1.5852743158482496,1.4967996039448723,1.488542132694215,1.5263517694277349,1.5006943435100404,1.4942750630972794,1.5272117176761704,1.6240462261253779,1.5090879577255554,1.590554691692011,1.4987673921451126,1.461038620508499,1.147325194139922,1.5009235975605528,1.521218367417054,1.508176658463807,2.4245933705665244,1.526301404394181,1.7764980553833696,1.6729004905176257,1.5030427696998252,1.5252301947888451,1.5904552583105582,1.6255810879076846,1.5879891509643036,1.514384168035306,1.4913247268664294,1.4871937112087872,1.5310731694947552,1.5271589617885104,1.5028399576752067,1.4859977781584097,1.5038307494622123,1.507155735801771,1.6269635400702966,1.513890960107527,1.6694658509457856,1.508917661233673,1.5073395751957461,1.5274824388396915,1.4414551640267934,1.5133685418619718,1.4885219878660043,1.564664788474076,1.4901716446636053,1.5019791762298136,1.524147592418948,1.4957356405219757,1.5287365043179029,1.4971259774682437,1.5245081339600313,1.620439294416093,1.489066989398463,1.6082517894452717,1.532317890609268,-0.11066426808372769,1.5149652435264263,1.5267153059023848,1.504001980520872
1349,1519076442,1.6384151827693956,1.5125562600225029,1.4875457823355933,1.502887051439843,1.4962180280626936,1.5906443638817063,1.636922893962402,1.509243129273152,1.597836758679987,1.5292156033356779,1.5245492083789485,1.4408876505600166,1.5230247900764857,1.6372477616309882,1.4890303689904008,1.5249985374599138,1.5980614379147289,1.5087590151231378,1.5013601049355028,1.5262127106217223,1.4429094090632275,1.4886007124834548,-0.08572961197044983,1.528639713525638,1.4877754036066053,1.4643591625033705,1.4871670259831944,1.5963586056160046,1.6403372303349257,1.642225801911584,1.514381723320812,1.5214620771747278,1.490756219030314,0.7349869843138749,1.529168006541452,1.4921466171808713,1.528847075766131,1.621471253712991,1.4991023300160302,1.5899341855409705,1.850657773080738,1.4626302129108049,1.6725731939680235,1.5902641104283155,-0.042223416015498456,1.5305167120137015,1.5086726821940981,1.508423044804207,1.5241366733062995,1.1474412520441202,1.50849063373066,1.4904328740579798,1.5928554646224768,1.6237589274938125,1.5940183480556445,1.4910389094941305,1.501431805916905,1.4939923054509727,1.5124279256531512,1.5038959949204775,1.5302805086862248,1.5324909242843647,1.5295128017692985,-1.7663435714867115,1.5240390188809716,1.4886080384202163,1.6727812013365777,1.5152810036150894,1.6243906796930876,1.5097933364746017,1.5156911144799317,1.5867591915683483,1.4988017069093762,1.4901976917198052,1.5281655049448126,1.5038332762410056,1.49537668050221,1.5298728520923017,1.6254756027563764,1.510826442195055,1.5926433534890854,1.5011327538834331,1.4634411496882165,1.1475193626629288,1.5035368089721386,1.5235804346695516,1.5099027801454654,2.4359744910833343,1.5284249171919884,1.7764980553833696,1.6751486330029381,1.5041674440264294,1.526498209283551,1.5919495089278557,1.6270072262746853,1.5901663519693647,1.5169637760315766,1.4938722580021766,1.4888433593131885,1.5323205336765615,1.5292903283351242,1.5050877583114326,1.487975875893482,1.504954256045037,1.5088475899267892,1.6283922212960569,1.5157624011335422,1.671716388630738,1.5106439118723163,1.508469098024815,1.5287263380579574,1.443552200999722,1.5154196043518737,1.490501912113106,1.5651420560887404,1.491274889875893,1.5040713448160519,1.526683735831094,1.4986865426165916,1.5304759037447058,1.498895947889163,1.5257780609263891,1.621826718228713,1.49160972016492,1.609362537459483,1.5335618939192959,-0.11066426808372769,1.5155885833259377,1.528533036857277,1.5051268215197102
1350,1519076447,1.644691721371692,1.514298470680358,1.4900209602546493,1.5045730928492667,1.4979903851934262,1.5920766409252922,1.643203582043441,1.511546706056089,1.5992139870192403,1.5310338534735624,1.5280879384872679,1.4429775200870485,1.5257799352002712,1.6428299409579843,1.4910097656246837,1.5275434481069314,1.5994088359921743,1.5105505891161528,1.5024689625887562,1.5274829698244556,1.4450070788030407,1.491071331230157,-0.17069114333744284,1.5305565689831657,1.491737564049685,1.466162016117561,1.4916264885674613,1.5977491185138413,1.6459135617967324,1.6452011660274728,1.5156284925943317,1.5238154129169579,1.4918605474618039,0.1238629242909105,1.531296748483468,1.494689864618973,1.531882479713346,1.6248171867382049,1.5030206194789988,1.591427993477552,1.6702735990483757,1.4644287716485267,1.6770807788948017,1.5932547254812786,-0.042223416015498456,1.5345728096801128,1.5104629122887807,1.5102118166580885,1.5253983984127069,1.1474448601080494,1.5108802664847467,1.4915325682887555,1.5942404935161771,1.62509440181458,1.596806554408885,1.4921420187188783,1.5034390858842461,1.4956486089749756,1.5149957174253328,1.506514515905024,1.531523483997228,1.5371233598215714,1.531425185247607,-1.7663435714867115,1.5269740248065427,1.4906457178017336,1.6787890369294982,1.516529442428844,1.6257299113514838,1.512666501623523,1.5187886367791583,1.5882440672884472,1.501304335615006,1.4913013977368654,1.530583818967583,1.5059258980616488,1.4970291066096058,1.5320017596252067,1.6290490443338725,1.5131444214877212,1.5940357946871349,1.5029067751871736,1.4652430465730046,1.1477135311859354,1.5056273781014073,1.5265330187351738,1.5116289018271236,2.4474108880034726,1.5310793081892478,1.7764980553833696,1.6796449179735633,1.5052921183530337,1.527132216530904,1.5934437595451532,1.628433364641686,1.5908920856377184,1.520059305627101,1.4959102829107742,1.4910428901190567,1.534191579949271,1.5319545365183915,1.5067736087886021,1.489953973628554,1.5060777626278619,1.5105394440518074,1.6291065619089369,1.5163862148088805,1.6777178224572775,1.5123701625109596,1.510163382268418,1.5312141364944891,1.4456492379726504,1.5179834324642514,1.494956741669085,1.5654602344985167,1.4923781350881806,1.5061635134022902,1.527951807537167,1.500457083873361,1.5339547025983116,1.5018458985906955,1.527047987892747,1.6236766166455399,1.4936439047780858,1.612139407495012,1.535427898884338,-0.11066426808372769,1.5168352629249606,1.5303507678121693,1.5062516625185485
1351,1519076453,1.645389114549725,1.5172021551101165,1.492001102589894,1.505697120455549,1.499762742324159,1.592792779447085,1.643203582043441,1.5132743886432916,1.6005912153584934,1.5340642703700362,1.5298573035414278,1.445589856995838,1.528426324595486,1.6428299409579843,1.4929891622589664,1.5281796757686859,1.6007562340696195,1.5129393544401726,1.5041322490686362,1.528753229027189,1.4471047485428539,1.4930478262275186,-0.17069114333744284,1.5331123762598693,1.4922328341050701,1.4679648697317516,1.4916264885674613,1.599139631411678,1.6459135617967324,1.6452011660274728,1.5174986465046112,1.5267570825947456,1.4929648758932934,0.9572139152313165,1.5339576759109885,1.4967244625694545,1.533096641292232,1.6261555599482904,1.50351040566187,1.5921748974458425,1.8680024051992343,1.4668268499654893,1.6770807788948017,1.5947500330077602,-0.042223416015498456,1.5345728096801128,1.5122531423834635,1.51200058851197,1.5272909860723178,1.1474477465591928,1.5132698992388331,1.493182109634919,1.5956255224098774,1.6270976132957315,1.5982006575855052,1.4937966825559998,1.5059481858434227,1.496752811324311,1.5175635091975141,1.5091330368895703,1.5333879469637326,1.5377024142637221,1.5327001075664795,-1.7663435714867115,1.5293220295469994,1.4926833971832507,1.6795400163786132,1.5177778812425986,1.6270691430098803,1.5143904007128757,1.5208536516453095,1.5889865051484966,1.5033064385795099,1.4929569567624554,1.5323975544846609,1.508541675337453,1.4986815327170016,1.5351951209245644,1.6304784209648708,1.5148829059572206,1.5954282358851843,1.5046807964909141,1.4670449434577928,1.1479076997089424,1.5077179472306759,1.528304569174547,1.513355023508782,2.458719276410641,1.5332028209870552,1.7764980553833696,1.6796449179735633,1.50697912984294,1.5296682455203157,1.5941908848538018,1.6305725721921869,1.5923435529744259,1.5221229920241175,1.497948307819372,1.4921426555219908,1.5354389441310772,1.5340859030650054,1.507897509106715,1.4919320713636262,1.507763022502099,1.5116673468018196,1.630535243134697,1.5182576558348957,1.6777178224572775,1.5140964131496029,1.5124224279265552,1.532458035712755,1.447746274945579,1.5205472605766288,1.4954517227308604,1.5657784129082928,1.4934813803004683,1.5082556819885284,1.52921987924324,1.5022276251301305,1.53511430221618,1.503615869011615,1.5283179148591046,1.6246015658539532,1.4956780893912516,1.6126947815021175,1.536671902194366,-0.11066426808372769,1.5180819425239835,1.532774409085359,1.507376503517387
1352,1519076458,1.648178687261857,1.5195251026539234,1.4939812449251386,1.5068211480618312,1.501535099454892,1.594225056490671,1.6459949989683471,1.5150020712304944,1.6026570578673731,1.5358825205079207,1.5316266685955875,1.44767972652287,1.5309976207495453,1.6456210306214825,1.4954634080518199,1.5294521310921947,1.602103632147065,1.5147309284331876,1.5052411067218896,1.5306586178312893,1.4492024182826668,1.4950243212248804,-0.17069114333744284,1.534390279898221,1.4956997244927648,1.469767723345942,1.494599463623639,1.6005301443095146,1.6493987689603617,1.6486724241626765,1.518122031141371,1.5285220844014182,1.494621368540528,0.901657182501956,1.536618603338509,1.498759060519936,1.535524964450004,1.627493933158376,1.5069389089419676,1.593668705382424,1.8645334787755352,1.4686254087032113,1.6793345713581909,1.5954976867710011,-0.042223416015498456,1.5374700222989781,1.5146401158430403,1.5143856176504784,1.5285527111787252,1.1474513546231222,1.515062123804398,1.4942818038656946,1.5970105513035777,1.6284330876164992,1.5995947607621253,1.4948997917807476,1.5084572858025993,1.4978570136736462,1.5196177426152595,1.5112278536772075,1.5346309222747356,1.5405976864744764,1.5333375687259156,-1.7663435714867115,1.531083033102342,1.4947210765647678,1.6817929547259585,1.5196505394632307,1.6284083746682767,1.5161142998022283,1.5234349202279984,1.5904713808685955,1.5053085415440135,1.4940606627795157,1.5360250255188161,1.5106342971580964,1.499783150121932,1.5373240284574694,1.6311931092803702,1.5166213904267203,1.5968206770832338,1.5064548177946546,1.468846840342581,1.1481504103627007,1.5103311586422616,1.531257153240169,1.5150811451904402,2.47005384837728,1.5363880901837665,1.7764980553833696,1.6826424412873133,1.5086661413328464,1.5303022527676686,1.5956851354710992,1.631285641375687,1.5945207539794868,1.5241866784211338,1.4999863327279699,1.4932424209249249,1.5360626262219803,1.5362172696116192,1.5095833595838846,1.4939101690986984,1.5088865290849238,1.5127952495518315,1.6319639243604571,1.5195052831855724,1.67996836014223,1.516973497547342,1.513551950755624,1.533079985321888,1.4498433119185075,1.5225983230665308,1.498421609101513,1.566096591318069,1.4956878707250436,1.5108708927213261,1.5311219868023496,1.5045883468058232,1.5385931010697858,1.5053858394325343,1.5302228053086413,1.6255265150623666,1.4982208201577085,1.6138055295163292,1.537915905504394,-0.11066426808372769,1.5205753017220296,1.5351980503585487,1.5090637650156442
1353,1519076464,1.6537578326861204,1.5212673133117787,1.4959613872603834,1.5079451756681137,1.5033074565856248,1.5956573335342568,1.6515778328181596,1.516729753817697,1.6040342862066261,1.5377007706458052,1.533985822001134,1.4502920634316598,1.5337579447175482,1.6512032099484786,1.4974428046861026,1.5307245864157035,1.6034510302245104,1.5165225024262026,1.506349964375143,1.5325640066353894,1.45130008802248,1.4974949399715825,-0.17069114333744284,1.5356681835365726,1.4986713448250746,1.4721715281648629,1.4980679345225134,1.6026159136562697,1.6556721418548943,1.6516477882785652,1.5199921850516505,1.530287086208091,1.4962778611877625,1.0127706479606768,1.5387473452805254,1.5007936584704173,1.5367391260288898,1.6295014929735043,1.5103674122220654,1.5951625133190053,1.8610645523518359,1.4716230065994145,1.683842156284969,1.5969929942974828,-0.042223416015498456,1.5409466774416163,1.516430345937723,1.5161743895043598,1.5298144362851325,1.1474542410742656,1.5180491647470062,1.495931345211858,1.598395580197278,1.6304362990976509,1.6009888639387455,1.4965544556178694,1.5104645657699407,1.4989612160229815,1.5216719760330046,1.5138463746617536,1.535873897585739,1.5429139042430797,1.534612491044788,-1.7663435714867115,1.5328440366576845,1.4967587559462852,1.6862988314206488,1.5215231976838626,1.6317564538142677,1.5189874649511494,1.5254999350941496,1.5919562565886942,1.5073106445085174,1.4957162218051059,1.537838761035894,1.5127269189787398,1.5008847675268626,1.5394529359903746,1.6333371742268679,1.51835987489622,1.5982131182812833,1.5082288390983951,1.470648737227369,1.148393121016459,1.5124217277715304,1.5330287036795425,1.5168072668720987,2.4814320596097046,1.538511602981574,1.7764980553833696,1.687888107086376,1.5103531528227527,1.5322042745097275,1.5979265113970453,1.6334248489261882,1.5959722213161942,1.5267662864174043,1.5020243576365677,1.494342186327859,1.5373099904037868,1.538348636158233,1.5107072599019975,1.4958882668337705,1.510571788959161,1.5139231523018437,1.6355356274248576,1.5213767242115876,1.6844694355121346,1.5186997481859852,1.5146814735846927,1.534323884540154,1.4524646081346682,1.5246493855564327,1.5013914954721657,1.5664147697278454,1.4967911159373313,1.5129630613075644,1.5323900585084227,1.5063588880625927,1.5409123003055227,1.5071558098534539,1.5327626592413568,1.62645146427078,1.5002550047708743,1.614360903523435,1.539159908814422,-0.11066426808372769,1.521198641521541,1.537015781313441,1.5107510265139017
1354,1519076470,1.656547405398252,1.5230095239696337,1.4984365651794394,1.5096312170775372,1.5062613851368463,1.5978057490996356,1.6543692497430658,1.519609224796368,1.606100128715506,1.5395190207836895,1.535755187055294,1.4529044003404494,1.5364146918011985,1.6546920720278513,1.499917050478956,1.5319970417392124,1.6054721273406785,1.5201056504122326,1.5080132508550232,1.5344693954394897,1.4539221751972462,1.499471434968944,-0.17069114333744284,1.5369460871749245,1.5006524250466144,1.4739743817790534,1.5000499178932987,1.6047016830030245,1.6598543904512493,1.6531354703365095,1.5224857235986897,1.5320520880147637,1.497382189619252,1.0127706479606768,1.5414082727080458,1.5028282564208988,1.5391674491866618,1.63083986618359,1.5123265569535498,1.5974032252238772,1.8575956259281365,1.474021084916377,1.6868472129028214,1.5984883018239644,-0.042223416015498456,1.5426850050129355,1.5200108061270883,1.5191556759274956,1.5317070239447435,1.147457127525409,1.520438797501093,1.4970310394426336,1.6004731235378284,1.6324395105788023,1.6023829671153658,1.4982091194549911,1.5124718457372819,1.500065418372317,1.52372620945075,1.5164648956463,1.537116872896742,1.5452301220116829,1.5365248745230964,-1.7663435714867115,1.5351920413981415,1.4993058551731815,1.688551769767994,1.5227716364976172,1.633095685472664,1.5207113640405021,1.5275649499603008,1.5941835701688425,1.5103137989552733,1.497371780830696,1.5396524965529716,1.5158658517097048,1.5019863849317932,1.5415818435232798,1.634051862542367,1.521836843835219,1.6003017800783577,1.5111855412712958,1.473651898702016,1.1485872895394658,1.5150349391831162,1.5348002541189156,1.520259510235415,2.4927899058514296,1.5406351157793816,1.7764980553833696,1.692384392057001,1.511477827149357,1.5334722890044334,1.6001678873229914,1.6355640564766891,1.5974236886529016,1.5288299728144206,1.504571888772315,1.495441951730793,1.538557354585593,1.5404800027048469,1.512393110379167,1.4988554134363787,1.5116952955419858,1.5156150064268619,1.6369643086506178,1.5232481652376026,1.686719973197087,1.5210014157041762,1.5163757578282957,1.5355677837584198,1.4545616451075967,1.5272132136688104,1.503866400781043,1.5668920373425097,1.4984459837557629,1.5161013141869217,1.5342921660675322,1.5081294293193621,1.5426516997323256,1.5089257802743732,1.5333976227245358,1.6273764134791933,1.50228918938404,1.6154716515376464,1.5397819104694361,-0.11066426808372769,1.523692000719587,1.5400453329049284,1.5124382880121592
1355,1519076475,1.6635213371785815,1.526493945285344,1.5033869210175512,1.5124412860932432,1.5098060993983118,1.6013864417086001,1.6613477920553315,1.5242163783622418,1.6095431995636387,1.5437616044387532,1.539883705515,1.457084139394513,1.5391776051913104,1.660972023770722,1.5038758437475215,1.5351781800479845,1.608840622534292,1.5242859897292675,1.51023096616153,1.5363747842435898,1.4586419321118258,1.5044126724623483,-0.17069114333744284,1.5395018944516279,1.504614585489694,1.4775800890074344,1.5040138846348692,1.6081779652476162,1.665430721913056,1.6566067284717132,1.5243558775089692,1.536758759499224,1.4995908464822314,-0.32059093754397266,1.5461979420775824,1.5074061018094822,1.5434170147127628,1.6355241724188894,1.5167346325993896,1.6011377450653306,1.5315165421004047,1.4776182023918207,1.6928573261385256,1.602974224403409,-0.042223416015498456,1.5461616601555737,1.5235912663164537,1.5233294769198855,1.5335996116043544,1.1474629004276962,1.5240232466322226,1.4997802750195728,1.6046282102189295,1.6357781963807214,1.6065652766452263,1.5009668925168604,1.5164864056719645,1.5028259242456552,1.5283482346406767,1.520654529221574,1.5402243111742497,1.548704448664588,1.5390747191608412,-1.7663435714867115,1.5387140485088266,1.503381213936216,1.6945596053609144,1.5246442947182492,1.6357741487894568,1.525308428278776,1.532211233409141,1.598638197329139,1.5143180048842808,1.4995791928648163,1.5438845460928199,1.5205742508061524,1.5052912371465847,1.546371885472316,1.6397693690663608,1.525313812774218,1.6037828830734813,1.5147335838787768,1.4784569570614512,1.1490241687162308,1.5197387197239707,1.5389338718107866,1.524862501386504,2.5042495770466533,1.5454130195744484,1.7764980553833696,1.6968806770276261,1.5142895129658676,1.5353743107464923,1.6039035138662352,1.6384163332106902,1.60105235699467,1.5334732672077074,1.5086479385895104,1.4981913652381282,1.5416757650401087,1.545275577434728,1.5152028611744495,1.5038006577740592,1.5139423087076354,1.517870811926886,1.639107330489258,1.5257434199389561,1.6934715862519438,1.524453916981463,1.5186348034864332,1.5386775318040844,1.458755719053454,1.5313153386486142,1.5078262492752463,1.5675283941620621,1.5006524741803382,1.5202856513593983,1.5368283094796782,1.511670511832901,1.5461304985859314,1.5130557112565186,1.5359374766572513,1.6296887865002267,1.5063575586103715,1.6182485215731752,1.5441359220545343,-0.11066426808372769,1.5255620201181217,1.5442867051330103,1.514687970009836
1356,1519076481,1.6642187303566145,1.5282361559431992,1.5053670633527958,1.5135653136995255,1.5115784565290447,1.6021025802303932,1.6613477920553315,1.5259440609494443,1.610920427902892,1.546792021335227,1.5416530705691598,1.459696476303303,1.5419275714708782,1.660972023770722,1.5058552403818042,1.5364506353714933,1.6101880206117374,1.5260775637222825,1.5113398238147835,1.5376450434463231,1.4607396018516388,1.5063891674597099,-0.17069114333744284,1.5414187499091556,1.504614585489694,1.479382942621625,1.5040138846348692,1.610263734594371,1.665430721913056,1.6566067284717132,1.525602646782489,1.5385237613058966,1.5006951749137212,1.2349975788781185,1.5483266840195988,1.5094406997599636,1.546452418659978,1.636862545628975,1.5167346325993896,1.6018846490336212,1.8714713316229337,1.4800162807087833,1.6928573261385256,1.6044695319298907,-0.042223416015498456,1.5461616601555737,1.5253814964111363,1.525714506058394,1.5348613367107617,1.1474657868788396,1.5264128793863092,1.5008799692503485,1.6060132391126298,1.637113670701489,1.6079593798218466,1.5020700017416082,1.5184936856393056,1.5044822277696581,1.5304024680584218,1.5232730502061205,1.5414672864852528,1.5498625575488896,1.5397121803202773,-1.7663435714867115,1.5404750520641692,1.505418893317733,1.6960615642591446,1.5258927335320038,1.6371133804478533,1.5270323273681288,1.5342762482752919,1.600123073049238,1.5163201078487847,1.5006828988818763,1.5456982816098974,1.5226668726267958,1.5063928545515153,1.5490330198884474,1.6404840573818602,1.5270522972437177,1.6051753242715308,1.5165076051825173,1.4802588539462394,1.1492183372392377,1.5223519311355564,1.54070542225016,1.5265886230681622,2.5155928768664495,1.547536532372256,1.7764980553833696,1.6968806770276261,1.5154141872924718,1.5372763324885512,1.6053977644835327,1.639842471577691,1.6025038243313774,1.5355369536047236,1.5106859634981082,1.4992911306410623,1.542923129221915,1.5479397856179953,1.5163267614925626,1.5057787555091313,1.5156275685818723,1.518998714676898,1.640536011715018,1.526991047289633,1.6934715862519438,1.5261801676201063,1.5203290877300362,1.5392994814132175,1.4608527560263824,1.5333664011385164,1.508321230337022,1.5678465725718385,1.5017557193926259,1.5223778199456366,1.5380963811857513,1.5134410530896705,1.5461304985859314,1.514825681677438,1.537207403623609,1.6306137357086403,1.5083917432235372,1.6193592695873866,1.5453799253645624,-0.11066426808372769,1.5268086997171446,1.5461044360879026,1.5158128110086742
1357,1519076487,1.6670083030687461,1.5311398403729577,1.5073472056880406,1.5146893413058078,1.5133508136597775,1.603534857273979,1.6641392089802376,1.5276717435366471,1.6129862704117717,1.5492163548524065,1.5434224356233197,1.4617863458303348,1.5446361069967047,1.6644608858500944,1.5078346370160869,1.5377230906950021,1.6115354186891826,1.5278691377152975,1.5130031102946635,1.5382801730476898,1.462837271591452,1.5083656624570716,-0.08572961197044983,1.5426966535475073,1.5075862058220038,1.482988649850006,1.5059958680056544,1.611654247492208,1.668915929076685,1.6580944105296576,1.5262260314192488,1.5402887631125692,1.5017995033452107,1.2349975788781185,1.5504554259616152,1.511475297710445,1.548273661028307,1.6382009188390605,1.518693777330874,1.6033784569702025,1.8714713316229337,1.4818148394465052,1.6958623827563777,1.6052171856931317,-0.042223416015498456,1.5478999877268929,1.5277684698707132,1.5275032779122755,1.536123061817169,1.147468673329983,1.528205103951874,1.502529510596512,1.6073982680063301,1.6397846193430246,1.6093534829984668,1.503173110966356,1.5210027855984822,1.5066906324683287,1.5329702598306034,1.5253678669937576,1.5433317494517576,1.551599720875342,1.541624563798586,-1.7663435714867115,1.5422360556195118,1.5074565726992502,1.6983145026064896,1.5265169529388811,1.6384526121062495,1.5287562264574814,1.536341263141443,1.6008655109092873,1.5183222108132886,1.5017866048989366,1.5475120171269752,1.5247594944474392,1.5074944719564458,1.5516941543045788,1.6419134340128587,1.5287907817132174,1.6065677654695802,1.5182816264862578,1.4820607508310275,1.1494125057622444,1.5244425002648252,1.542476972689533,1.5283147447498207,2.526979815952031,1.5496600451700635,1.7764980553833696,1.6998782003413762,1.516538861619076,1.538544346983257,1.60689201510083,1.642694748311692,1.6046810253364385,1.5376006400017401,1.512723988406706,1.5009407787454636,1.5460415396764309,1.5500711521646091,1.5174506618106756,1.5077568532442034,1.516751075164697,1.520690568801916,1.6412503523278983,1.5282386746403098,1.6957221239368963,1.5279064182587496,1.5214586105591048,1.5417872798497492,1.463998311485775,1.5354174636284184,1.5103011545841236,1.5683238401865027,1.5028589646049135,1.5249930306784343,1.5393644528918242,1.5163919551842864,1.549609297439537,1.5165956520983574,1.5384773305899668,1.6315386849170537,1.5109344739899941,1.6199146435944924,1.5460019270195764,-0.11066426808372769,1.527432039516656,1.547922167042795,1.5169376520075124
1358,1519076492,1.669797875780878,1.532882051030813,1.5098223836070965,1.5163753827152315,1.5157139565007547,1.6049671343175649,1.6669306259051437,1.529975320319584,1.615740727090278,1.5510346049902908,1.5451918006774794,1.4643986827391247,1.5473601790551843,1.6672519755135926,1.5103088828089404,1.538995546018511,1.612882816766628,1.5296607117083125,1.514111967947917,1.5401855618517901,1.4654593587662184,1.5103421574544333,-0.17069114333744284,1.5433356053666831,1.5095672860435436,1.4859934058736568,1.508473347219136,1.6137400168389628,1.6717040948075885,1.6600779866069166,1.5280961853295283,1.542053764919242,1.5034559959924454,1.179440846148758,1.5531163533891357,1.5140185451485468,1.550094903396636,1.639539292049146,1.5211427082452293,1.604872264906784,1.8575956259281365,1.4848124373427085,1.6981161752197669,1.606712493219613,-0.042223416015498456,1.5502177578219851,1.5295586999653958,1.5292920497661568,1.5373847869235764,1.1474722813939122,1.5299973285174389,1.5036292048272875,1.6087832969000304,1.6411200936637922,1.610747586175087,1.5048277748034777,1.5230100655658234,1.507794834817664,1.5350244932483488,1.5274626837813947,1.5445747247627606,1.5533368842017945,1.5428994861174583,-1.7663435714867115,1.5439970591748546,1.5100036719261467,1.700567440953835,1.5290138305663903,1.6411310754230424,1.530480125546834,1.538922531724132,1.6023503866293862,1.5208248395189183,1.5034421639245268,1.5505349096554382,1.5273752717232432,1.5085960893613763,1.553823061837484,1.643342810643857,1.5305292661827168,1.6079602066676297,1.5200556477899982,1.484463280010745,1.1499464692005128,1.5265330693940937,1.5448390399420309,1.5300408664314789,2.5383522086156844,1.552314436167323,1.7764980553833696,1.7021263428266888,1.5187882102722845,1.5404463687253158,1.6091333910267762,1.6441208866786927,1.6075839600098532,1.5396643263987564,1.514762013315304,1.5031403095513318,1.546665221767334,1.552202518711223,1.5185745621287885,1.5097349509792757,1.5184363350389343,1.5218184715519283,1.6448220553922985,1.5294863019909866,1.6979726616218487,1.530208085776941,1.5225881333881737,1.543653128677148,1.4666196077019358,1.5374685261183203,1.5122810788312253,1.568642018596279,1.5039622098172012,1.5270851992646726,1.5399984887448608,1.5181624964410558,1.55134869686634,1.51954560279989,1.5410171845226823,1.6357009563549139,1.5129686586031599,1.6238022616442327,1.5472459303296044,-0.11066426808372769,1.528678719115679,1.550951718634282,1.51862491350577
1359,1519076498,1.6725874484930097,1.534624261688668,1.5118025259423413,1.5174994103215138,1.5186678850519761,1.6071155498829435,1.6697220428300499,1.5317030029067866,1.617117955429531,1.5528528551281753,1.5469611657316393,1.4664885522661564,1.5497139637521025,1.670740837592965,1.5127831286017939,1.5402680013420198,1.614903913882796,1.5314522857013273,1.5157752544277971,1.5414558210545235,1.4680814459409846,1.5128127762011354,-0.17069114333744284,1.544613509005035,1.5115483662650835,1.4877962594878473,1.5104553305899213,1.6151305297367995,1.6744922605384918,1.661565668664861,1.529342954603048,1.5438187667259147,1.5056646528554247,1.0127706479606768,1.5552450953311519,1.5160531430990283,1.552523226554408,1.6408776652592316,1.5231018529767137,1.6056191688750745,1.8610645523518359,1.4866109960804303,1.701121231837619,1.6082078007460947,-0.042223416015498456,1.5519560853933043,1.5313489300600784,1.5316770789046654,1.5392773745831874,1.1474751678450559,1.531789553083004,1.5047288990580632,1.6108608402405808,1.6431233051449436,1.612141689351707,1.5064824386405993,1.5250173455331648,1.5088990371669992,1.537078726666094,1.5295575005690316,1.5451962124182623,1.555074047528247,1.5435369472768945,-1.7663435714867115,1.5469320651004255,1.512550771153043,1.70282037930118,1.5308864887870224,1.6424703070814386,1.5327786576659712,1.5409875465902831,1.6045777002095345,1.5233274682245481,1.5045458699415868,1.552348645172516,1.5294678935438866,1.5102485154687721,1.555951969370389,1.6440574989593564,1.5334267402985495,1.6093526478656794,1.5230123499628991,1.4868658091904625,1.1501406377235195,1.5291462808056797,1.546610590381404,1.5323423620070233,2.5496082299039102,1.5544379489651305,1.7764980553833696,1.7043744853120013,1.5199128845988887,1.5417143832200217,1.6106276416440737,1.6462600942291936,1.6090354273465606,1.5417280127957727,1.517309544451051,1.504240074954266,1.5479125859491403,1.5553995685311437,1.5196984624469014,1.512207573148116,1.519559841621759,1.5229463743019402,1.6455363960051788,1.53198155669234,1.7002231993068009,1.5330851701746797,1.5237176562172423,1.544897027895414,1.4687166446748645,1.5400323542306977,1.514261003078327,1.5691192862109433,1.5056170776356326,1.5291773678509109,1.541266560450934,1.5199330376978253,1.5530880962931428,1.5213155732208092,1.5422871114890402,1.6366259055633272,1.5150028432163256,1.624913009658444,1.5491119352946463,-0.11066426808372769,1.5305487385142136,1.5527694495891744,1.5197497545046081
1360,1519076504,1.6788639870953062,1.5375279461184266,1.5137826682775861,1.5197474655340786,1.520440242182709,1.6085478269265294,1.676002730911089,1.5334306854939892,1.6184951837687842,1.5546711052660596,1.548730530785799,1.468578421793188,1.5519149725446002,1.6763230169199614,1.5147625252360766,1.5428129119890375,1.6162513119602415,1.5344382423563523,1.5168841120810506,1.5427260802572569,1.470703533115751,1.5147892711984972,-0.08572961197044983,1.5452524608242109,1.5145199865973933,1.490200064306768,1.5134283056460993,1.6165210426346361,1.6800685920002985,1.664045138761435,1.5312131085133274,1.5455837685325873,1.5067689812869143,0.45720332066707287,1.5573738372731682,1.51859639053713,1.554344468922737,1.6422160384693172,1.5260405700739403,1.6086067847482373,1.8263752881148432,1.4884095548181522,1.7056288167643974,1.6089554545093356,-0.042223416015498456,1.5548532980121694,1.533139160154761,1.5334658507585468,1.5405390996895947,1.1474780542961993,1.5335817776485687,1.505828593288839,1.6122458691342811,1.6444587794657113,1.6135357925283274,1.507585547865347,1.5280282654841766,1.5100032395163345,1.5391329600838393,1.5316523173566687,1.5464391877292654,1.558548374181152,1.5467242530740752,-1.7663435714867115,1.5492800698408824,1.5145884505345604,1.7080772354449856,1.532134927600777,1.643809538739835,1.5345025567553239,1.5430525614564343,1.6060625759296332,1.525830096930178,1.506201428967177,1.5541623806895937,1.5320836708196908,1.5113501328737025,1.558080876903294,1.645486875590355,1.536324214414382,1.6114413096627536,1.5253777117012197,1.48926833837018,1.1503348062465262,1.5312368499349482,1.5483821408207774,1.5340684836886815,2.5608729790452927,1.556561461762938,1.7764980553833696,1.7088707702826265,1.5210375589254927,1.5423483904673747,1.6113747669527223,1.646973163412694,1.6097611610149143,1.5437916991927891,1.5198570755867982,1.5053398403572,1.5491599501309465,1.5575309350777575,1.521384312924071,1.514185670883188,1.5206833482045838,1.5252021798019646,1.6469650772309388,1.5326053703676785,1.705474453905023,1.534811420813323,1.524847179046311,1.5461409271136797,1.471337940891025,1.5425961823430754,1.5177258705107552,1.5697556430304958,1.5067203228479202,1.5312695364371491,1.5431686680100434,1.522883939792441,1.5554072955288798,1.5236755337820351,1.542922074972219,1.6375508547717408,1.5175455739827828,1.6260237576726557,1.5497339369496603,-0.11066426808372769,1.5317954181132365,1.5545871805440667,1.5208745955034466
1361,1519076509,1.681653559807438,1.5392701567762819,1.5162578461966418,1.521433506943502,1.5222125993134417,1.6092639654483223,1.6787941478359951,1.5363101564726604,1.6198724121080372,1.556489355403944,1.5522692608941187,1.47066829132022,1.5545820773166859,1.6791141065834594,1.5167419218703593,1.5447215949743007,1.617598710037687,1.5362298163493673,1.517992969734304,1.5439963394599905,1.4728012028555642,1.5172598899451992,-0.17069114333744284,1.5478082681009142,1.5174916069297029,1.4920029179209586,1.5168967765449735,1.6193020684303097,1.682856757731202,1.6660287148386943,1.532459877786847,1.548525438210375,1.507873309718404,0.6794302515845145,1.5595025792151846,1.5211396379752318,1.557379872869952,1.6442235982844455,1.528979287171167,1.6101005926848184,1.8333131409622416,1.4902081135558742,1.7086338733822495,1.611946069562299,-0.042223416015498456,1.5583299531548078,1.535526133614338,1.5352546226124282,1.541800824796002,1.1474816623601285,1.5353740022141338,1.5069282875196146,1.6136308980279814,1.645794253786479,1.6156269472932576,1.5086886570900948,1.530035545451518,1.5116595430403377,1.5417007518560206,1.5337471341443059,1.5470606753847669,1.5608645919497552,1.5479991753929476,-1.7663435714867115,1.551041073396225,1.5166261299160775,1.7103301737923307,1.5327591470076543,1.6451487703982315,1.5368010888744608,1.5456338300391232,1.6068050137896828,1.5278321998946818,1.5073051349842372,1.5559761162066714,1.5341762926403342,1.5130025589810983,1.560209784436199,1.6476309405368526,1.5380626988838817,1.613529971459828,1.5271517330049602,1.491070235254968,1.150528974769533,1.533327419064217,1.5513347248863993,1.5357946053703397,2.5722977388278885,1.5586849745607454,1.7764980553833696,1.711118912767939,1.522162233252097,1.5436164049620806,1.6143632681873172,1.6483993017796945,1.6112126283516217,1.5468872287883135,1.521895100495396,1.506989488461601,1.5510309964036562,1.5601951432610248,1.5225082132421839,1.51616376861826,1.5218068547874086,1.5263300825519766,1.648393758456699,1.5338529977183553,1.7077249915899755,1.5365376714519665,1.5265414632899141,1.5480067759410787,1.4734349778639537,1.5446472448329773,1.5206957568814077,1.570073821440272,1.507823568060208,1.5338847471699468,1.5444367397161165,1.5252446614681336,1.5583062945735513,1.526035494343261,1.5441920019385769,1.6394007531885675,1.5205968509025314,1.6282452537010788,1.5522219435697164,-0.11066426808372769,1.5330420977122596,1.556404911498959,1.5225618570017039
1362,1519076515,1.6844431325195697,1.5415931043200888,1.5182379885318866,1.5225575345497844,1.5239849564441745,1.6106962424919082,1.6822834189921279,1.538037839059863,1.6212496404472905,1.559519772300418,1.5540386259482786,1.4727581608472518,1.5572802551540772,1.6819051962469576,1.5187213185046422,1.5459940502978096,1.6189461081151324,1.5380213903423823,1.5202106850408106,1.5452665986627239,1.474898872595377,1.5192363849425607,-0.17069114333744284,1.549725123558442,1.5204632272620127,1.4944067227398794,1.5188787599157587,1.6206925813281463,1.686341964894831,1.668508184935268,1.5337066470603666,1.5514671078881628,1.5089776381498936,0.8461004497725957,1.562163506642705,1.5231742359257132,1.559201115238281,1.645561971494531,1.5314282180855225,1.6115944006213998,1.8575956259281365,1.492006672293596,1.7101364016911755,1.6126937233255396,-0.042223416015498456,1.5600682807261268,1.5373163637090206,1.5370433944663096,1.5443242750088166,1.147484548811272,1.5383610431567418,1.508577828865778,1.615708441368532,1.6477974652676304,1.6170210504698779,1.5097917663148426,1.5325446454106946,1.512763745389673,1.5442685436282022,1.5363656551288523,1.5495466260067732,1.5643389186026602,1.54927409771182,-1.7663435714867115,1.5528020769515676,1.5186638092975946,1.712583112139676,1.5340075858214088,1.646488002056628,1.5385249879638134,1.5482150986218122,1.609032327369831,1.5298343028591856,1.5089606940098275,1.5577898517237492,1.5362689144609776,1.5141041763860288,1.5628709188523304,1.649060317167851,1.5398011833533811,1.6149224126578774,1.5295170947432808,1.4928721321397562,1.1507231432925398,1.5354179881934855,1.553696792138897,1.5375207270519982,2.583620673656985,1.560808487358553,1.7764980553833696,1.7148658169101265,1.5232869075787012,1.5455184267041395,1.6151103934959659,1.6505385093301954,1.6126640956883291,1.54895091518533,1.5244426316311432,1.5080892538645352,1.5516546784945593,1.5623265098076387,1.5236321135602968,1.5181418663533324,1.5234921146616458,1.5274579853019887,1.649108099069579,1.535100625069032,1.7114758877315626,1.5382639220906098,1.528235747533517,1.5492506751593444,1.4760562740801144,1.5466983073228793,1.5236656432520603,1.5703919998500484,1.5089268132724958,1.5359769157561851,1.5457048114221894,1.5281955635627495,1.5617850934271569,1.5278054647641806,1.5448269654217557,1.6403257023969808,1.5231395816689883,1.6288006277081843,1.5528439452247305,-0.11066426808372769,1.533665437511771,1.5588285527721488,1.5236866980005423
1363,1519076520,1.6872327052317015,1.5456582625217508,1.5212082020347537,1.5253676035654904,1.526938884995396,1.612844658057287,1.685074835917034,1.5403414158428,1.6246927112954233,1.562550189196892,1.5569875677052114,1.4758929651377997,1.5600794204537125,1.68539405832633,1.522185262614637,1.5485389609448272,1.621640904270023,1.5410073469974073,1.5224284003473174,1.5490773762709242,1.47856979464005,1.5222011274386034,-0.08572961197044983,1.5516419790159695,1.5229395775389374,1.4968105275588,1.5213562391292403,1.6234736071238196,1.6891301306257345,1.670987655031842,1.536823570244166,1.5538204436303928,1.5117384592286178,0.9572139152313165,1.5658888050412336,1.5262261328514355,1.5622365191854959,1.6482387179147022,1.534366935182749,1.6138351125262718,1.8471888466570388,1.4944047506105587,1.7131414583090279,1.615684338378503,-0.042223416015498456,1.5629654933449921,1.5420903106281745,1.5412171954586995,1.5462168626684276,1.147489600100773,1.5407506759108285,1.5107772173273293,1.6184784991559327,1.6504684139091659,1.6205063084114284,1.5119979847643383,1.5360573853535417,1.5149721500883435,1.54734989375482,1.5395078803103077,1.5514110889732777,1.5660760819291129,1.5511864811901286,-1.7663435714867115,1.5557370828771386,1.5222297482152496,1.714836050487021,1.5371286828557955,1.649836081202619,1.5413981531127345,1.5513126209210388,1.6112596409499793,1.5328374573059413,1.5117199590524777,1.5614173227579047,1.5394078471919426,1.5163074111958899,1.5660642801516882,1.6512043821143487,1.5421191626460473,1.6177072950539764,1.5324737969161817,1.4964759259093325,1.1510629382078015,1.5390764841697058,1.5566493762045193,1.5403975965214287,2.5950367055864234,1.5645246347547161,1.7764980553833696,1.717113959395439,1.526660930558514,1.5486884629409041,1.6180988947305608,1.6526777168806965,1.6155670303617438,1.5520464447808546,1.5274996689940399,1.5102887846704034,1.5541494068581718,1.5655235596275594,1.5264418643555793,1.5211090129559406,1.5263008811187078,1.5297137908020129,1.6526798021339795,1.536972066095047,1.713726425416515,1.5417164233678966,1.5304947931916544,1.5511165239867433,1.479201829539507,1.5497749010577324,1.5256455674991622,1.5710283566696008,1.5116849263032148,1.5401612529286617,1.548874990687372,1.530556285238442,1.564104292662894,1.5307554154657128,1.5492717098040079,1.6421756008138075,1.526190858588737,1.6310221237366074,1.5553319518447866,-0.11066426808372769,1.5367821365093286,1.5624640146819335,1.527061220997057
1364,1519076526,1.6900222779438332,1.5479812100655577,1.5241784155376208,1.5264916311717727,1.5304835992568617,1.6157092121444587,1.6878662528419404,1.543220886821471,1.6260699396346765,1.5649745227140712,1.560526297813531,1.4795502368101052,1.561633073719005,1.6888829204057028,1.5261440558832025,1.549811416268336,1.623662001386191,1.5445904949834373,1.5240916868271976,1.5509827650750243,1.4817162992497697,1.5261541174333266,-0.08572961197044983,1.5529198826543213,1.5249206577604772,1.500416234787181,1.5233382225000256,1.6255593764705745,1.6919182963566377,1.6724753370897865,1.5380703395176856,1.5567621133081806,1.5133949518758523,0.1794196570202709,1.569081917954258,1.5292780297771575,1.564664842343268,1.6502462777298306,1.5363260799142333,1.6153289204628531,1.84025099380964,1.4980018680860023,1.716897779081343,1.6171796459049845,-0.042223416015498456,1.5647038209163113,1.5444772840877512,1.5447947391664623,1.5481094503280386,1.1474939297774882,1.5443351250419581,1.511876911558105,1.620556042496483,1.6524716253903173,1.6219004115880487,1.5136526486014599,1.5390683053045535,1.5160763524376788,1.5504312438814378,1.5431738096886727,1.552654064284281,1.5678132452555653,1.552461403509001,-1.7663435714867115,1.5592590899878238,1.5257956871329048,1.7170889888343661,1.5390013410764274,1.6525145445194116,1.5454205843212243,1.5544101432202655,1.614229392390177,1.536841663234949,1.512823665069538,1.563835636780675,1.5430699353780684,1.5174090286008204,1.5692576414510457,1.6533484470608464,1.546175626408213,1.6190997362520259,1.5348391586545023,1.4988784550890502,1.1513541909923115,1.5427349801459258,1.5590114434570168,1.5450005876725175,2.6060919862520366,1.5677099039514275,1.7764980553833696,1.7193621018807517,1.5277856048851182,1.550590484682963,1.6203402706565069,1.6555299936146977,1.6170184976984512,1.555657895975633,1.5305567063569367,1.5113885500733375,1.554773088949075,1.5687206094474802,1.5275657646736924,1.525559732859853,1.527986140992945,1.530841693552025,1.6555371645854997,1.5388435071210622,1.7159769631014674,1.545744341524731,1.5316243160207232,1.5523604232050092,1.4828716442421321,1.5533642604150608,1.527625491746264,1.571505624284265,1.5133397941216464,1.543299505808019,1.5495090265404086,1.533507187333058,1.565843692089697,1.5331153760269387,1.5505416367703657,1.643100550022221,1.5292421355084855,1.6315774977437132,1.5559539534998006,-0.11066426808372769,1.538652155907863,1.5648876559551232,1.5287484824953146
1365,1519076532,1.692811850655965,1.5497234207234127,1.5266535934566767,1.5276156587780552,1.5322559563875946,1.6164253506662516,1.691355523998073,1.5455244636044079,1.6274471679739295,1.5667927728519557,1.562295662867691,1.4816401063371372,1.5643726823101374,1.6916740100692007,1.5281234525174852,1.5504476439300905,1.6250093994636365,1.5469792603074572,1.525200544480451,1.5522530242777577,1.484338386424536,1.528624736180029,-0.17069114333744284,1.554197786292673,1.5269017379820171,1.5022190884013715,1.5258157017135072,1.6269498893684113,1.695403503520267,1.6739630191477308,1.539940493427965,1.5585271151148534,1.514499280307342,0.4016465879377125,1.5712106598962745,1.531312627727639,1.566486084711597,1.652253837544959,1.5382852246457177,1.6190634403043065,1.8437199202333394,1.4998004268237244,1.719151571544732,1.6194226071947069,-0.042223416015498456,1.5664421484876303,1.5474610009122223,1.5465835110203436,1.549371175434446,1.1474968162286316,1.5461273496075232,1.5129766057888805,1.6219410713901834,1.6544748368714688,1.623991566352979,1.5153073124385816,1.541075585271895,1.517180554787014,1.5524854772991832,1.5452686264763098,1.5532755519397825,1.5695504085820178,1.5543737869873093,-1.7663435714867115,1.5610200935431666,1.527833366514422,1.7193419271817114,1.540249779890182,1.653853776177808,1.5477191164403612,1.5569914118029544,1.6149718302502263,1.538843766199453,1.514479224095128,1.5656493722977527,1.5456857126538726,1.518510646005751,1.5713865489839507,1.655492512007344,1.5479141108777126,1.6218846186481248,1.5377958608274032,1.5012809842687675,1.1515483595153182,1.5448255492751946,1.5613735107095146,1.5467267093541757,2.617470197484461,1.569833416749235,1.7764980553833696,1.723109006022939,1.5289102792117224,1.551858499177669,1.6218345212738043,1.6569561319816983,1.6184699650351586,1.5577215823726496,1.5331042374926838,1.5130381981777388,1.5560204531308812,1.570851975994094,1.529251615150862,1.527537830594925,1.5291096475757697,1.5325335476770432,1.65696584581126,1.5407149481470774,1.7182275007864196,1.5474705921633742,1.5327538388497919,1.5536043224232752,1.4849686812150606,1.5554153229049628,1.5296054159933656,1.5718238026940414,1.514443039333934,1.5459147165408167,1.551411134099518,1.5352777285898274,1.5675830915164997,1.5348853464478582,1.5511766002535445,1.6440254992306345,1.5312763201216513,1.6326882457579248,1.5571979568098286,-0.11066426808372769,1.5398988355068859,1.5667053869100154,1.529873323494153
1366,1519076537,1.6990883892582616,1.5520463682672196,1.5291287713757327,1.52986371399062,1.5352098849388158,1.6192899047534233,1.6983340663103386,1.548403934583079,1.6302016246524358,1.56861102298984,1.5646548162732374,1.4837299758641689,1.5671770264539904,1.698651734227946,1.530102849151768,1.5536287822388626,1.6270304965798046,1.548770834300472,1.526863830960331,1.5535232834804913,1.4874848910342557,1.531095354926731,-0.17069114333744284,1.5561146417502005,1.5313591684804817,1.5046228932202923,1.530275164297774,1.6290356587151662,1.7009798349820737,1.6769383832636198,1.5411872627014847,1.561468784792641,1.5156036087388316,-0.04280727389717069,1.573871587323795,1.5338558751657407,1.569521488658812,1.6542613973600873,1.5422035141086865,1.619810344272597,1.6772114518957744,1.5015989855614462,1.7251616847804365,1.6224132222476702,-0.042223416015498456,1.5710776886778148,1.549251231006905,1.5489685401588522,1.5506329005408532,1.1474997026797753,1.547919574173088,1.514626147135044,1.6240186147307338,1.6558103111922364,1.6267797727062194,1.5164104216633294,1.5435846852310715,1.518836858311017,1.555566827425801,1.5473634432639467,1.5557615025617888,1.5730247352349227,1.5550112481467455,-1.7663435714867115,1.5627810970985092,1.5308898855866977,1.725349762774632,1.5408739992970595,1.6551930078362043,1.5505922815892823,1.5595726803856433,1.6171991438303746,1.5413463949050827,1.5155829301121881,1.5686722648262155,1.547778334474516,1.520713880815612,1.5735154565168559,1.6576365769538417,1.5502320901703786,1.6232770598461743,1.5395698821311437,1.5048847780383439,1.1517910701690768,1.5474387606867803,1.5643260947751367,1.548452831035834,2.628938596532842,1.5724878077464943,1.7764980553833696,1.7276052909935642,1.5300349535383266,1.5531265136723749,1.6240758971997507,1.658382270348699,1.6213728997085732,1.56030119036892,1.5351422624012816,1.5146878462821398,1.5578914994035908,1.5735161841773613,1.5303755154689749,1.5295159283299973,1.530794907450007,1.5336614504270552,1.6583945270370202,1.5419625754977542,1.7257292930695942,1.5491968428020177,1.5344481230933948,1.555470171250674,1.4875899774312213,1.557466385394865,1.5335652644875692,1.5721419811038175,1.5155462845462218,1.548006885127055,1.5526792058055912,1.5370482698465968,1.5716416901790398,1.5378352971493907,1.5524465272199024,1.6454129230432546,1.533310504734817,1.634354367779242,1.5603079650848988,-0.11066426808372769,1.541145515105909,1.5697349385015027,1.5309981644929913
1367,1519076543,1.6997857824362945,1.5537885789250747,1.5311089137109775,1.5309877415969022,1.5369822420695487,1.6200060432752161,1.6983340663103386,1.5501316171702815,1.631578852991689,1.571641439886314,1.5664241813273971,1.4863423127729587,1.5698985090903612,1.698651734227946,1.5320822457860508,1.554265009900617,1.62837789465725,1.550562408293487,1.5279726886135845,1.5547935426832247,1.4895825607740687,1.5330718499240925,-0.17069114333744284,1.5573925453885524,1.5313591684804817,1.5064257468344828,1.530275164297774,1.6304261716130029,1.7009798349820737,1.6769383832636198,1.5418106473382445,1.5632337865993138,1.5172601013860663,0.8461004497725957,1.5760003292658111,1.5358904731162222,1.572556892606027,1.6555997705701728,1.5422035141086865,1.6213041522091785,1.8680024051992343,1.5045965834576494,1.7251616847804365,1.6239085297741518,-0.042223416015498456,1.5710776886778148,1.5516382044664818,1.5507573120127336,1.5518946256472606,1.1475025891309187,1.5509066151156963,1.5162756884812074,1.6254036436244341,1.6578135226733879,1.6281738758828395,1.5175135308880772,1.5455919651984127,1.52049316183502,1.5576210608435461,1.549981964248493,1.5576259655282934,1.5741828441192243,1.556286170465618,-1.7663435714867115,1.5645421006538518,1.5329275649682148,1.7261007422237469,1.5427466575176914,1.6565322394946007,1.5523161806786352,1.5616376952517945,1.6186840195504735,1.5433484978695866,1.5166866361292484,1.5704860003432932,1.5498709562951594,1.5218154982205425,1.5761765909329872,1.6590659535848402,1.5519705746398782,1.6246695010442238,1.5413439034348841,1.506686674923132,1.1519852386920835,1.549529329816049,1.56609764521451,1.5501789527174923,2.6402440756556245,1.574611320544302,1.7764980553833696,1.7276052909935642,1.5311596278649309,1.5543945281670808,1.6248230225083993,1.6605214778992,1.6228243670452807,1.5623648767659364,1.5371802873098794,1.515787611685074,1.5603862277672034,1.576713233997282,1.5314994157870878,1.5314940260650693,1.5319184140328317,1.5347893531770673,1.6591088676499002,1.543210202848431,1.7257292930695942,1.550923093440661,1.5355776459224637,1.5567140704689397,1.4896870144041499,1.5595174478847669,1.5340602455493446,1.5724601595135939,1.5166495297585094,1.550622095859853,1.553947277511664,1.5388188111033663,1.5716416901790398,1.53960526757031,1.5537164541862603,1.646337872251668,1.5353446893479827,1.6354651157934534,1.5609299667399128,-0.11066426808372769,1.5417688549054205,1.571552669456395,1.5326854259912488
1368,1519076549,1.706062321038591,1.5584344740126885,1.535564233965278,1.533235796809467,1.541708527751503,1.6228705973623878,1.703916900160151,1.5541628765404212,1.6350219238398218,1.5758840235413778,1.5699629114357168,1.4910445192087802,1.5726666013246906,1.7042339135549422,1.536535888213187,1.5561736928858803,1.6310726908121407,1.554145556279517,1.5301904039200913,1.5579691906900583,1.4937779002536948,1.537024839918816,-0.17069114333744284,1.5599483526652558,1.5358165989789465,1.5118343076770544,1.534734626882041,1.634597710306513,1.707950249309332,1.6814014294374529,1.5443041858852837,1.566763790212659,1.5200209224647903,-0.5428178684614143,1.580789998635348,1.5404683185048056,1.576199377342685,1.6589457035953867,1.5471013759373975,1.6235448641140504,1.5037651307108106,1.5093927400915745,1.7296692697072147,1.6261514910638741,-0.042223416015498456,1.575133786344226,1.5558154080207414,1.5543348557204963,1.5537872133068715,1.1475090836459914,1.554491064246826,1.5184750769427589,1.628173701411835,1.6604844713149232,1.63096208223608,1.5197197493375727,1.5501083451249305,1.5227015665336905,1.5617295276790366,1.5541715978237671,1.5594904284947981,1.5776571707721294,1.5581985539439265,-1.7663435714867115,1.568064107764537,1.5375123435766285,1.7313575983675524,1.545867754552078,1.6605499344697898,1.5557639788573405,1.5662839787006346,1.6209113331306217,1.5473527037985941,1.5188940481633686,1.575322628388834,1.554056199936446,1.5240187330304036,1.5809666328820235,1.6619247068468372,1.5554475435788773,1.6274543834403228,1.5448919460423651,1.5102904686927083,1.1527133706533585,1.5537104680745863,1.5702312629063808,1.554206569974695,2.651700837566463,1.5793892243393688,1.7764980553833696,1.7336003376210642,1.5345336508447436,1.5575645644038454,1.6293057743602917,1.6626606854497008,1.6257273017186955,1.566492249559969,1.541256337127075,1.5185370251924093,1.5622572740399128,1.5809759670905097,1.5343091665823703,1.5359447459689817,1.5347271804898936,1.5370451586770915,1.6633949113271806,1.5450816438744461,1.7302303684394988,1.5549510115974954,1.5384014529951353,1.5598238185146045,1.4949296068364712,1.5636195728645708,1.5385150751053236,1.5732556055380345,1.5188560201830847,1.5553294751788889,1.55648342092381,1.5435402544547516,1.5757002888415796,1.5437351985524554,1.5575262350853334,1.6514250928979415,1.5404301508808969,1.6399081078502995,1.5634179733599687,-0.11066426808372769,1.5442622141034665,1.5757940416844771,1.5354975284883445
1369,1519076554,1.7088518937507227,1.5584344740126885,1.535564233965278,1.533235796809467,1.5422993134617473,1.6228705973623878,1.7067083170850572,1.5541628765404212,1.6350219238398218,1.5758840235413778,1.5699629114357168,1.4910445192087802,1.575377726272626,1.7070250032184402,1.536535888213187,1.5561736928858803,1.6317463898508635,1.554145556279517,1.5307448327467181,1.5579691906900583,1.4937779002536948,1.537024839918816,-0.17069114333744284,1.5599483526652558,1.5377976792004862,1.5118343076770544,1.5367166102528262,1.634597710306513,1.7107384150402354,1.6828891114953972,1.5443041858852837,1.566763790212659,1.5200209224647903,1.1238841134193978,1.580789998635348,1.5404683185048056,1.576199377342685,1.6589457035953867,1.549060520668882,1.6235448641140504,1.8853470373177308,1.5093927400915745,1.7319230621706039,1.6268991448271148,-0.042223416015498456,1.5768721139155453,1.5558154080207414,1.5543348557204963,1.5550489384132788,1.1475098052587773,1.554491064246826,1.5184750769427589,1.628173701411835,1.6604844713149232,1.63165913382439,1.5202713039499465,1.5501083451249305,1.5227015665336905,1.5617295276790366,1.5541715978237671,1.5594904284947981,1.5793943340985819,1.5581985539439265,-1.7663435714867115,1.568064107764537,1.5380217634220077,1.7336105367148975,1.545867754552078,1.6605499344697898,1.5557639788573405,1.5662839787006346,1.6209113331306217,1.5473527037985941,1.5188940481633686,1.575322628388834,1.554056199936446,1.5240187330304036,1.5809666328820235,1.6619247068468372,1.5554475435788773,1.6274543834403228,1.5448919460423651,1.5102904686927083,1.1527133706533585,1.5537104680745863,1.5702312629063808,1.554206569974695,2.6630004981204736,1.5793892243393688,1.7764980553833696,1.735848480106377,1.5345336508447436,1.5575645644038454,1.6293057743602917,1.6626606854497008,1.6257273017186955,1.566492249559969,1.541256337127075,1.5185370251924093,1.5622572740399128,1.5809759670905097,1.5343091665823703,1.5359447459689817,1.5347271804898936,1.5370451586770915,1.6633949113271806,1.5463292712251229,1.732480906124451,1.5549510115974954,1.5384014529951353,1.5598238185146045,1.4949296068364712,1.5636195728645708,1.5404949993524253,1.5732556055380345,1.5188560201830847,1.5553294751788889,1.55648342092381,1.5435402544547516,1.5774396882683825,1.5437351985524554,1.5575262350853334,1.6514250928979415,1.5404301508808969,1.6399081078502995,1.5634179733599687,-0.11066426808372769,1.5442622141034665,1.5757940416844771,1.5354975284883445
1370,1519076560,1.7116414664628545,1.5601766846705436,1.5375443763005228,1.5343598244157493,1.5446624563027245,1.6257351514495595,1.7094997340099634,1.5558905591276238,1.6363991521790748,1.577702273679262,1.5717322764898765,1.4931343887358122,1.577692669637912,1.710513865297813,1.539504983164611,1.557446148209389,1.6337674869670316,1.557131512934542,1.5318536903999715,1.5592394498927917,1.4963999874284613,1.5390013349161777,-0.17069114333744284,1.5612262563036077,1.539778759422026,1.513637161291245,1.5386985936236115,1.6359882232043497,1.7135265807711386,1.6843767935533416,1.5461743397955632,1.5685287920193316,1.52112525089628,0.8461004497725957,1.5829187405773644,1.542502916455287,1.578020619711014,1.6602840768054723,1.5510196654003663,1.6250386720506318,1.8714713316229337,1.5111912988292964,1.7356793829429191,1.6283944523535965,-0.042223416015498456,1.5786104414868645,1.557605638115424,1.556719884859005,1.5563106635196862,1.1475126917099208,1.556283288812391,1.5195747711735343,1.6302512447523854,1.661819945635691,1.6330532370010102,1.5213744131746942,1.5521156250922719,1.523805768883026,1.563783761096782,1.5562664146114042,1.5607334038058012,1.5811314974250343,1.5607483985816712,-1.7663435714867115,1.570999113690108,1.5405688626489042,1.7358634750622426,1.5471161933658326,1.6625587819573844,1.5574878779466932,1.5683489935667856,1.6238810845708194,1.549855332504224,1.5205496071889586,1.5771363639059117,1.5566719772122501,1.5251203504353341,1.5830955404149287,1.6633540834778355,1.55834501769471,1.6288468246383723,1.548439988649846,1.5132936301673554,1.1529075391763655,1.5563236794861721,1.5720028133457542,1.5570834394441255,2.6742507008399277,1.5815127371371762,1.7764980553833696,1.7380966225916894,1.5356583251713478,1.5581985716511983,1.6308000249775891,1.6640868238167015,1.627178769055403,1.5685559359569854,1.5443133744899717,1.5196367905953434,1.563504638221719,1.5831073336371235,1.5354330669004832,1.538417368137822,1.5358506870727184,1.5387370128021096,1.6648235925529407,1.5469530849004611,1.7347314438094035,1.5578280959952344,1.5395309758242042,1.5604457681237374,1.4970266438093998,1.5661834009769484,1.542474923599527,1.5737328731526987,1.5205108880015161,1.5574216437651272,1.5577514926298832,1.5464911565493673,1.5791790876951854,1.5455051689733748,1.5581611985685124,1.652350042106355,1.542972881647354,1.641018855864511,1.5640399750149827,-0.11066426808372769,1.546132233502001,1.5782176829576668,1.5366223694871828
1371,1519076565,1.717918005065151,1.563661105986254,1.5424947321386346,1.5377319072345965,1.54820717056419,1.6293158440585243,1.7157804220910025,1.5604977126934976,1.6391536088575813,1.5819448573343258,1.577040371652356,1.4973141277898758,1.5804504041838063,1.716096044624809,1.5434637764331767,1.56189974184167,1.6378096811993677,1.560714660920572,1.5340714057064784,1.5611448386968918,1.5005953269080874,1.5434484486602413,-0.17069114333744284,1.565059967218663,1.5437409198651058,1.517242868519626,1.5431580562078784,1.638769249000023,1.7191029122329453,1.6873521576692303,1.5486678783426027,1.573235463503792,1.5238860719750043,-0.37614767027333307,1.587708409946901,1.5475894113314905,1.582877266026558,1.6636300098306862,1.554937954863335,1.6295200958603757,1.5488611742189011,1.5147884163047403,1.7401869678696973,1.6321327211698007,-0.042223416015498456,1.5832459816770488,1.5611860983047894,1.5608936858513949,1.5582032511792971,1.1475199078377794,1.561062554320564,1.5217741596350858,1.633713816986636,1.6644908942772263,1.6365384949425608,1.5241321862365638,1.5561301850269542,1.5265662747563642,1.5684057862867087,1.5609797523835878,1.562597866772306,1.5869220418465426,1.563935704378852,-1.7663435714867115,1.5756951231710217,1.5446442214119385,1.741871310655163,1.5496130709933418,1.6652372452741773,1.5615103091551827,1.5729952770156257,1.626850836011017,1.5543600641743576,1.523308872231609,1.5807638349400672,1.560857220853537,1.5278743939476604,1.5878855823639653,1.6669275250553317,1.5624014814568756,1.6330241482325207,1.5525793716919072,1.5168974239369315,1.1533444183531305,1.5610274600270266,1.5767269478507495,1.5605356828074421,2.685695825613223,1.5862906409322433,1.7764980553833696,1.7425929075623146,1.5379076738245563,1.5607346006406102,1.6330414009035352,1.6662260313672024,1.6293559700604638,1.5737151519495263,1.5488989305343166,1.5223862041026786,1.5659993665853318,1.5879029083670047,1.5382428176957657,1.5423735636079663,1.5386594535297804,1.542120721052146,1.6676809550044611,1.550072153277153,1.7399826984076256,1.561280597272521,1.54291954431141,1.5635555161694021,1.5012207177552568,1.5713110572017033,1.5474247342172816,1.5743692299722514,1.5232690010322354,1.5616059809376037,1.5609216718950658,1.5506224194818294,1.582657886548791,1.5508150802361331,1.560701052501228,1.655124889731595,1.547549797026977,1.6443510999071456,1.5671499832900528,-0.11066426808372769,1.548625592700047,1.5818531448674513,1.5388720514848595
1372,1519076571,1.717918005065151,1.5659840535300609,1.5444748744738794,1.5388559348408788,1.5499795276949229,1.63074812110211,1.7164782763222288,1.5622253952807001,1.6405308371968343,1.5849752742307999,1.5788097367065157,1.4999264646986654,1.582534888981407,1.716096044624809,1.5454431730674594,1.5625359695034244,1.639157079276813,1.562506234913587,1.5351802633597318,1.5624150978996254,1.5026929966479006,1.545424943657603,-0.17069114333744284,1.5669768226761904,1.5442361899204908,1.5190457221338165,1.5436535520505748,1.6401597618978596,1.7191029122329453,1.6873521576692303,1.5499146476161223,1.5761771331815797,1.5249904004064938,0.6238735188551541,1.5898371518889174,1.549624009281972,1.584698508394887,1.6649683830407718,1.554937954863335,1.6302669998286663,1.8784091844703321,1.516586975042462,1.7401869678696973,1.633628028696282,-0.042223416015498456,1.5838254242008218,1.562976328399472,1.5626824577052763,1.5594649762857045,1.147522794288923,1.562854778886129,1.5228738538658615,1.6350988458803364,1.665826368597994,1.637932598119181,1.5252352954613115,1.5586392849861308,1.5276704771056995,1.5709735780588903,1.5630745691712247,1.563840842083309,1.5869220418465426,1.5652106266977244,-1.7663435714867115,1.5780431279114786,1.5466819007934558,1.741871310655163,1.5508615098070964,1.6665764769325737,1.5632342082445356,1.5750602918817769,1.6275932738710663,1.5563621671388614,1.524412578248669,1.582577570457145,1.5629498426741804,1.5295268200550562,1.5905467167800966,1.667642213370831,1.5647194607495416,1.6344165894305702,1.5543533929956477,1.5186993208217197,1.1535385868761372,1.5631180291562952,1.578498498290123,1.5622618044891003,2.696838384810407,1.5884141537300507,1.7764980553833696,1.7425929075623146,1.5390323481511605,1.5620026151353161,1.6345356515208327,1.6676521697342028,1.6308074373971713,1.5757788383465425,1.5509369554429144,1.5234859695056127,1.567246730767138,1.5900342749136185,1.5393667180138788,1.5443516613430384,1.5397829601126052,1.5432486238021579,1.6683952956173411,1.5506959669524913,1.740732877635943,1.5630068479111645,1.5446138285550133,1.564799415387668,1.5033177547281853,1.573874885314081,1.5474247342172816,1.5746874083820275,1.524372246244523,1.563698149523842,1.562189743601139,1.552392960738599,1.5838174861666596,1.5525850506570527,1.5613360159844067,1.6560498389400085,1.5495839816401427,1.6449064739142514,1.569015988255095,-0.11066426808372769,1.5498722722990699,1.5836708758223437,1.5399968924836978
1373,1519076577,1.7207075777772827,1.5694684748457712,1.546455016809124,1.5399799624471613,1.5523426705359,1.632180398145696,1.7199675474783616,1.5639530778679027,1.642596679705714,1.5867935243686841,1.5805791017606756,1.5020163342256974,1.5842283710405758,1.7195849067041817,1.547422569701742,1.5638084248269333,1.6411781763929811,1.564297808906602,1.5368435498396118,1.5649556163050922,1.5047906663877137,1.5478955624043051,-0.17069114333744284,1.5676157744953663,1.5467125401974156,1.520848575748007,1.5461310312640564,1.6415502747956963,1.7232851608293005,1.6893357337464896,1.551161416889642,1.5779421349882525,1.5260947288379836,0.012749458832189704,1.5924980793164378,1.5521672567200737,1.586519750763216,1.6663067562508573,1.5573868857776905,1.6317608077652477,1.8610645523518359,1.518385533780184,1.7431920244875494,1.6351233362227637,-0.042223416015498456,1.586143194295914,1.5665567885888374,1.5644712295591576,1.5613575639453157,1.1475264023528522,1.5646470034516937,1.5250732423274127,1.6371763892208868,1.6684973172395292,1.6400237528841113,1.5263384046860593,1.5616502049371428,1.5293267806297024,1.5735413698310718,1.5651693859588618,1.5663267927053153,1.588659205172995,1.5664855490165968,-1.7663435714867115,1.5798041314668212,1.5492290000203521,1.7441242490025084,1.5514857292139739,1.66791570859097,1.5655327403636725,1.5776415604644658,1.6298205874512146,1.5583642701033653,1.5255162842657293,1.5843913059742227,1.5650424644948238,1.5306284374599868,1.5926756243130016,1.6690715900018294,1.5658784503958747,1.6358090306286197,1.5567187547339683,1.5205012177065078,1.1537327553991439,1.565208598285564,1.5808605655426204,1.5639879261707588,2.7079111211823346,1.5905376665278583,1.7764980553833696,1.7470891925329395,1.5401570224777648,1.5639046368773748,1.6360299021381302,1.6705044464682042,1.6329846384022324,1.577842524743559,1.5534844865786617,1.5245857349085468,1.5691177770398475,1.5921656414602323,1.541052568491048,1.5463297590781104,1.5414682199868421,1.54437652655217,1.6698239768431014,1.5519435943031683,1.7437335945492127,1.5647330985498078,1.545743351384082,1.566043314605934,1.505414791701114,1.5759259478039829,1.5498996395261586,1.575164675996692,1.5265787366690984,1.5668364024031993,1.5640918511602484,1.5553438628332148,1.5861366854023968,1.5549450112182785,1.5626059429507646,1.6569747881484218,1.5521267124065996,1.6460172219284628,1.569637989910109,-0.11066426808372769,1.552365631497116,1.5867004274138308,1.5422465744813743
1374,1519076582,1.7234971504894145,1.5712106855036263,1.5484351591443688,1.5411039900534436,1.554115027666633,1.6343288137110745,1.722758964403268,1.5656807604551055,1.6439739080449671,1.5886117745065687,1.5823484668148353,1.5046286711344872,1.586916191189532,1.7230737687835542,1.5498968154945956,1.565080880150442,1.6431992735091492,1.5660893828996167,1.5379524074928652,1.5655907459064589,1.5068883361275267,1.5503661811510072,-0.17069114333744284,1.5688936781337182,1.5496841605297254,1.5238533317716578,1.548608510477538,1.6436360441424513,1.7260733265602037,1.6918152038430634,1.5530315707999214,1.5797071367949251,1.527751221485218,0.2349763897496313,1.5946268212584542,1.5542018546705552,1.588340993131545,1.667645129460943,1.559835816692046,1.633254615701829,1.8541266995044372,1.5213831316763873,1.7461970811054017,1.6366186437492454,-0.042223416015498456,1.5884609643910061,1.56834701868352,1.5674525159822932,1.5619884264985193,1.1475307320295673,1.5670366362057804,1.5261729365581884,1.6385614181145873,1.6698327915602968,1.6414178560607315,1.527441513910807,1.563657484904484,1.5304309829790377,1.575595603248817,1.5677879069434082,1.5675697680163183,1.5903963684994475,1.5677604713354691,-1.7663435714867115,1.5815651350221638,1.5512666794018692,1.7463771873498535,1.553982606841483,1.6705941719077628,1.5684059055125936,1.579706575330617,1.6313054631713135,1.5603663730678692,1.5271718432913195,1.5880187770083782,1.567135086315467,1.5317300548649173,1.5948045318459068,1.6705009666328279,1.568196429688541,1.6372014718266694,1.5584927760377087,1.522303114591296,1.154024008183654,1.568344451979467,1.5826321159819938,1.565714047852417,2.7192951509835304,1.5937229357245695,1.7764980553833696,1.7493373350182522,1.5424063711309732,1.5664406658667867,1.6382712780640762,1.6719305848352048,1.6344361057389398,1.5799062111405753,1.5555225114872595,1.5256855003114809,1.5697414591307506,1.5942970080068462,1.5421764688091613,1.5483078568131827,1.5437152331524917,1.5460683806771882,1.6733956799075016,1.553191221653845,1.7459841322341652,1.5676101829475466,1.5468728742131506,1.566665264215067,1.5080360879172747,1.5779770102938848,1.5518795637732603,1.575482854406468,1.52823360448753,1.5689285709894376,1.564725887013285,1.5571144040899842,1.589035684447068,1.5567149816391979,1.565780760366659,1.6578997373568354,1.5541608970197653,1.6471279699426742,1.570881993220137,-0.11066426808372769,1.5542356508956503,1.5885181583687231,1.5433714154802127
1375,1519076588,1.7269841163795792,1.5729528961614816,1.5504153014796136,1.542228017659726,1.5570689562178543,1.6364772292764533,1.725550381328174,1.567408443042308,1.6453511363842204,1.590430024644453,1.5847076202203818,1.506718540661519,1.5896532103585557,1.726562630862927,1.552371061287449,1.5657171078121965,1.6452203706253172,1.5690753395546417,1.5396156939727454,1.5681312643119258,1.5095104233022931,1.552342676148369,-0.17069114333744284,1.5701715817720698,1.5516652407512652,1.5256561853858484,1.5505904938483233,1.645026557040288,1.7288614922911072,1.6933028859010077,1.554278340073441,1.5814721386015977,1.5294077141324525,0.45720332066707287,1.5972877486859747,1.5562364526210366,1.5901622354998741,1.6689835026710285,1.5617949614235305,1.635495327606701,1.8575956259281365,1.5231816904141091,1.749953401877717,1.6373662975124863,-0.042223416015498456,1.5901992919623253,1.5701372487782026,1.570433802405429,1.564511876711334,1.1475336184807108,1.5694262689598668,1.5278224779043519,1.6406389614551378,1.6718360030414485,1.6428119592373518,1.5296477323603026,1.5656647648718254,1.531535185328373,1.5776498366665623,1.5704064279279544,1.5688127433273216,1.5921335318259,1.5696728548137777,-1.7663435714867115,1.585087142132849,1.5538137786287658,1.7493811051463137,1.555855265062115,1.6719334035661593,1.5701298046019463,1.581771590196768,1.6335327767514618,1.562869001773499,1.5288274023169097,1.589832512525456,1.5702740190464322,1.533382480972313,1.5969334393788117,1.6712156549483272,1.5705144089812069,1.6392901336237435,1.5602667973414492,1.5247056437710136,1.1542667188374125,1.5709576633910527,1.584403666421367,1.5691662912157336,2.730679180784726,1.5958464485223771,1.7764980553833696,1.7515854775035646,1.5440933826208796,1.5677086803614926,1.639018403372725,1.6740697923857057,1.635887573075647,1.5824858191368458,1.5575605363958573,1.526785265714415,1.570988823312557,1.59642837455346,1.5438623192863306,1.551275003415791,1.5448387397353165,1.5477602348022064,1.6748243611332618,1.5556864763551985,1.7482346699191176,1.569911850465738,1.5480023970422192,1.5679091634333329,1.5101331248902032,1.581053604028738,1.5538594880203622,1.5759601220211326,1.5298884723059614,1.5710207395756757,1.5666279945723944,1.5588849453467537,1.590775083873871,1.5584849520601174,1.5670506873330168,1.6588246865652487,1.556195081632931,1.64768334394978,1.572747998185179,-0.11066426808372769,1.556105670294185,1.5909417996419128,1.54505867697847
1376,1519076594,1.7318658686258097,1.5746951068193367,1.5528904793986695,1.5433520452660083,1.558841313348587,1.6379095063200393,1.7311332151779866,1.5702879140209791,1.6467283647234734,1.5922482747823374,1.5864769852745417,1.5088084101885508,1.5921416450051324,1.730749265358174,1.5548453070803023,1.5669895631357054,1.6465677687027627,1.5720612962096667,1.5407245516259989,1.5687663939132925,1.5121325104770595,1.5543191711457307,-0.17069114333744284,1.5708105335912457,1.5546368610835748,1.5274590390000389,1.5540589647471974,1.6464170699381246,1.733740782320188,1.6957823559975818,1.5567718786204803,1.5832371404082703,1.5305120425639422,0.4016465879377125,1.5994164906279909,1.5592883495467589,1.5919834778682032,1.6709910624861566,1.564733678520757,1.6384829434798638,1.8541266995044372,1.524980249151831,1.752958458495569,1.6403569125654494,-0.042223416015498456,1.5936759471049637,1.5725242222377795,1.5722225742593103,1.5651427392645376,1.1475365049318544,1.5718159017139535,1.5289221721351274,1.642023990348838,1.6731714773622162,1.644903114002282,1.5307508415850504,1.5676720448391666,1.5326393876777082,1.5797040700843075,1.5730249489125008,1.5700557186383246,1.595028804036654,1.571585238292086,-1.7663435714867115,1.5868481456881915,1.555851458010283,1.7538869818410041,1.5571037038758697,1.6732726352245555,1.571853703691299,1.5838366050629191,1.6350176524715607,1.5648711047380028,1.5304829613425,1.5928554050539188,1.5728897963222364,1.5344840983772434,1.599062346911717,1.674074408210324,1.5722528934507065,1.6420750160198425,1.5626321590797698,1.5277088052456604,1.1544608873604192,1.5730482325203212,1.5861752168607404,1.570892412897392,2.7419788413387374,1.5985008395196365,1.7764980553833696,1.7553323816457522,1.5452180569474838,1.5689766948561985,1.6405126539900223,1.6754959307527064,1.6366133067440007,1.584549505533862,1.5601080675316046,1.527885031117349,1.5722361874943633,1.5985597411000738,1.5461101199225566,1.553253101150863,1.5459622463181413,1.5494520889272243,1.6755387017461418,1.5569341037058753,1.754236103745657,1.572213517983929,1.549131919871288,1.5691530626515986,1.5122301618631317,1.58310466651864,1.5568293743910149,1.5764373896357968,1.530991717518249,1.5736359503084736,1.5691641379845405,1.5606554866035232,1.5936740829185423,1.5620248929019562,1.5683206142993746,1.659749635773662,1.5582292662460968,1.6487940919639916,1.573369999840193,-0.11066426808372769,1.5573523498932078,1.5927595305968052,1.5461835179773085
1377,1519076599,1.7360502276940075,1.5764373174771917,1.5553656573177255,1.5450380866754319,1.5606136704793199,1.6400579218854179,1.7360181947965723,1.572591490803916,1.6494828214019797,1.5940665249202217,1.5900157153828613,1.5108982797155825,1.5943840845513713,1.7356336722692955,1.5568247037145853,1.5688982461209686,1.6485888658189307,1.5738528702026817,1.5418334092792523,1.570036653116026,1.5147545976518257,1.5567897898924328,-0.17069114333744284,1.5733663408679492,1.5576084814158846,1.5292618926142294,1.5570319398033754,1.649198095733798,1.737923030916543,1.697765932074841,1.55739526325724,1.5867671440216156,1.5316163709954318,0.1794196570202709,1.6020774180555113,1.5613229474972403,1.5944118010259751,1.672998622301285,1.5676723956179837,1.639976751416445,1.8229063616911438,1.526778807889553,1.7574660434223472,1.642599873855172,-0.042223416015498456,1.5959937172000558,1.5743144523324621,1.5740113461131917,1.566404464370945,1.1475393913829979,1.5748029426565615,1.5311215605966788,1.6447940481362386,1.6745069516829838,1.6469942687672123,1.5318539508097981,1.5696793248065077,1.5348477923763788,1.5827854202109253,1.5756434698970472,1.572541669260331,1.5985031306895592,1.5734976217703946,-1.7663435714867115,1.5886091492435341,1.5578891373918002,1.7576418790865793,1.557727923282747,1.674611866882952,1.574152235810436,1.586417873645608,1.6379874039117583,1.5673737334436326,1.53158666735956,1.5946691405709965,1.5749824181428795,1.5366873331871045,1.6011912544446218,1.6762184731568217,1.5745708727433725,1.643467457217892,1.5649975208180906,1.530111334425378,1.1547521401449292,1.57513880164959,1.5891278009263623,1.5726185345790502,2.7531941326455636,1.601155230516896,1.7764980553833696,1.7590792857879398,1.546342731274088,1.5696107021035515,1.6435011552246173,1.6762089999362066,1.6395162414174156,1.5876450351293867,1.5626555986673518,1.5295346792217503,1.5747309158579759,1.601223949283341,1.5472340202406696,1.555231198885935,1.547085752900966,1.5511439430522425,1.676967382971902,1.558181731056552,1.7579869998872444,1.5739397686225722,1.550826204114891,1.5710189114789974,1.5143271988360603,1.5851557290085418,1.560294241823443,1.5767555680455732,1.5326465853366806,1.5757281188947119,1.5704322096906136,1.5624260278602926,1.5959932821542795,1.5637948633228755,1.5695905412657323,1.6611370595862822,1.560771997012554,1.6504602139853088,1.5764800081152632,-0.11066426808372769,1.558599029492231,1.595183171869995,1.5473083589761467
1378,1519076605,1.7395371935841721,1.578179528135047,1.5578408352367814,1.5461621142817144,1.5623860276100527,1.6414901989290038,1.7388096117214786,1.575470961782587,1.650860049741233,1.5983091085752854,1.591785080437021,1.5135106166243724,1.5970744941224362,1.7384247619327937,1.558804100348868,1.5701707014444775,1.6499362638963762,1.5756444441956967,1.5429422669325057,1.5713069123187593,1.516852267391639,1.5587662848897945,-0.17069114333744284,1.574005292687125,1.5600848316928093,1.5316656974331502,1.5590139231741607,1.6505886086316346,1.742105279512898,1.6992536141327854,1.55864203253076,1.5885321458282884,1.5332728636426662,0.4016465879377125,1.6042061599975277,1.563866194935342,1.5980542857626332,1.6743369955113705,1.5696315403494678,1.642217463321317,1.8471888466570388,1.5297764057857561,1.7597198358857364,1.6440951813816536,-0.042223416015498456,1.597732044771375,1.5761046824271447,1.575800117967073,1.5676661894773523,1.1475422778341413,1.5765951672221266,1.5327711019428423,1.646179077029939,1.6765101631641353,1.6483883719438326,1.532957060034546,1.5716866047738491,1.536504095900382,1.5848396536286706,1.5777382866846843,1.5744061322268355,1.6008193484581623,1.5741350829298308,-1.7663435714867115,1.590370152798877,1.5599268167733173,1.7606457968830396,1.5596005815033789,1.6759510985413484,1.5758761348997887,1.5884828885117592,1.6387298417718077,1.5693758364081365,1.5326903733766202,1.5964828760880743,1.577075039963523,1.537788950592035,1.6049168426272058,1.676933161472321,1.5763093572128721,1.646252339613991,1.5667715421218311,1.5319132313101662,1.154946308667936,1.5772293707788587,1.5908993513657357,1.5743446562607086,2.7645694345936023,1.6032787433147033,1.7764980553833696,1.763575570758565,1.5474674056006923,1.5708787165982574,1.6449954058419147,1.6790612766702078,1.640967708754123,1.589708721526403,1.5646936235759494,1.5306344446246845,1.5766019621306853,1.6044209991032619,1.5483579205587825,1.5572092966210074,1.5482092594837908,1.5522718458022546,1.6783960641976623,1.5588055447318905,1.7602375375721966,1.5756660192612157,1.5519557269439597,1.5722628106972634,1.516948495052221,1.5872067914984438,1.56276914713232,1.5772328356602374,1.5337498305489683,1.5778202874809502,1.5710662455436502,1.5653769299549085,1.598892281198951,1.565564833743795,1.5702255047489113,1.6625244833989024,1.5633147277790111,1.652126336006626,1.5777240114252913,-0.11066426808372769,1.5598457090912539,1.5970009028248873,1.548433199974985
1379,1519076610,1.7430241594743368,1.582244686336709,1.5618011199072708,1.548410169494279,1.5665215275817628,1.6436386144943826,1.7416010286463848,1.5789263269569924,1.6543031205893657,1.6019456088510542,1.5953238105453407,1.518735290441952,1.5995888229901014,1.7412158515962919,1.5627628936174334,1.5720793844297407,1.6526310600512668,1.5792275921817267,1.5457144110656391,1.574482560325593,1.521047606871265,1.5627192748845178,-0.17069114333744284,1.5765610999638286,1.5620659119143492,1.5370742582757217,1.5614914023876423,1.6540648908762263,1.7448934452438014,1.7017330842293594,1.5605121864410394,1.592650483377191,1.5360336847213905,-0.26503420481461226,1.6089958293670645,1.5684440403239253,1.601696770499291,1.6783521151416272,1.5725702574466944,1.6452050791944797,1.6390532612350823,1.534572562419681,1.7619736283491256,1.646338142671376,-0.042223416015498456,1.6006292573902403,1.5808786293462986,1.5793776616748358,1.570189639690167,1.1475487723492142,1.580777024541778,1.5349704904043935,1.6489491348173397,1.6791811118056705,1.6511765782970729,1.5357148330964154,1.576202984700367,1.5392646017737202,1.5894616788185973,1.5824516244568676,1.5768920828488417,1.602556511784615,1.5766849275675756,-1.7663435714867115,1.5944791610946762,1.564511595381731,1.7636497146794998,1.5627216785377656,1.6792991776873394,1.579323933078494,1.5926129182440616,1.6416995932120053,1.573380042337144,1.5348977854107404,1.601319504133615,1.5812602836048097,1.5405429941043614,1.609174657693016,1.6805066030498172,1.5797863261518712,1.64903722201009,1.5709109251638922,1.5355170250797425,1.1556744406292112,1.581410509037396,1.5944424522444822,1.5783722735179113,2.775953464394798,1.6080566471097704,1.7764980553833696,1.7658237132438774,1.5502790914172029,1.574048752835022,1.6487310323851583,1.681200484220709,1.6445963770958913,1.5938360943204357,1.5692791796202945,1.5333838581320196,1.579096690494298,1.6086837321964895,1.5506057211950086,1.5616600165249197,1.5510180259408528,1.5545276513022788,1.6812534266491825,1.5619246131085822,1.762488075257149,1.5791185205385023,1.5542147726020972,1.574750609133795,1.5221910874845423,1.5918216821007234,1.5647490713794219,1.5778691924797899,1.5359563209735436,1.5825276667999861,1.5736023889557962,1.5689180124684474,1.6006316806257537,1.5702847548662469,1.5734003221648056,1.6680741786493827,1.5673830970053424,1.6571247020705777,1.5802120180453472,-0.11066426808372769,1.5617157284897882,1.6018481853712667,1.5512453024720807
1380,1519076616,1.7458137321864686,1.583986896994564,1.5637812622425156,1.5495341971005614,1.5694754561329842,1.6457870300597612,1.744392445571291,1.580654009544195,1.655680348928619,1.6043699423682334,1.5970931755995004,1.5213476273507416,1.6021212778125282,1.7447047136756644,1.5652371394102869,1.5733518397532495,1.654652157167435,1.5810191661747417,1.547932126372146,1.5751176899269597,1.5236696940460315,1.5646957698818795,-0.08572961197044983,1.5778390036021803,1.564046992135889,1.5388771118899123,1.5634733857584275,1.655455403774063,1.7476816109747046,1.7032207662873038,1.561758955714559,1.594415485183864,1.5371380131528802,0.5683167861257937,1.6111245713090807,1.5704786382744067,1.604125093657063,1.6796904883517128,1.5745294021781788,1.6459519831627702,1.8714713316229337,1.5369706407366437,1.7657299491214409,1.6478334501978575,-0.042223416015498456,1.6023675849615593,1.5826688594409812,1.5823589480979716,1.5727130899029815,1.1475516588003576,1.5825692491073429,1.5360701846351692,1.6510266781578902,1.6805165861264382,1.6525706814736931,1.537369496933537,1.578210264667708,1.5403688041230554,1.5915159122363425,1.5845464412445047,1.5775135705043433,1.6042936751110675,1.5773223887270118,-1.7663435714867115,1.5968271658351332,1.5670586946086273,1.7659026530268451,1.5633458979446428,1.6806384093457356,1.5810478321678467,1.5946779331102126,1.6439269067921536,1.5758826710427738,1.5360014914278004,1.6031332396506925,1.583352905425453,1.5416446115092919,1.6118357921091473,1.6819359796808155,1.582683800267704,1.6504296632081394,1.5738676273367929,1.5385201865543894,1.155868609152218,1.5840237204489818,1.5962140026838554,1.5812491429873416,2.787229850673724,1.6101801599075778,1.7764980553833696,1.76807185572919,1.5514037657438071,1.575316767329728,1.6494781576938071,1.6826266225877093,1.6460478444325988,1.595899780717452,1.5718267107560417,1.5344836235349537,1.5803440546761043,1.6113479403797568,1.5517296215131215,1.56413263869376,1.5521415325236776,1.555655554052291,1.6826821078749428,1.5637960541345974,1.7647386129421012,1.5819956049362414,1.5559090568457001,1.575994508352061,1.5242881244574709,1.5943855102131008,1.5667289956265236,1.5783464600944543,1.537611188791975,1.5846198353862244,1.5742364248088325,1.5706885537252169,1.6023710800525566,1.5720547252871664,1.5746702491311635,1.668999127857796,1.5694172816185081,1.6582354500847893,1.5814560213553752,-0.11066426808372769,1.5635857478883228,1.603665916326159,1.552370143470919
1381,1519076622,1.7493006980766332,1.586309844538371,1.5657614045777601,1.551220238509985,1.5712478132637169,1.6472193071033472,1.7478817167274237,1.5823816921313978,1.657057577267872,1.6061881925061179,1.5988625406536603,1.5234374968777735,1.6048298133383547,1.7474958033391625,1.5672165360445696,1.5752605227385128,1.6559995552448803,1.5834079314987615,1.5490409840253994,1.576387949129693,1.5257673637858444,1.566672264879241,-0.08572961197044983,1.579116907240532,1.566028072357429,1.5406799655041028,1.5654553691292128,1.6568459166718996,1.750469776705608,1.7047084483452482,1.5636291096248385,1.5961804869905365,1.5382423415843698,0.3460898552083521,1.613253313251097,1.5730218857125087,1.605946336025392,1.6810288615617983,1.5764885469096632,1.648939599035933,1.7431210539460604,1.5387691994743657,1.7679837415848298,1.6493287577243392,-0.042223416015498456,1.6041059125328785,1.5844590895356638,1.584147719951853,1.5739748150093889,1.147554545251501,1.5843614736729077,1.537169878865945,1.6524117070515905,1.681852060447206,1.6546618362386234,1.5384726061582847,1.5807193646268847,1.5414730064723907,1.5935701456540878,1.5866412580321418,1.5787565458153463,1.6071889473218215,1.5792347722053202,-1.7663435714867115,1.5997621717607042,1.5690963739901447,1.7696575502724203,1.5645943367583974,1.681977641004132,1.5827717312571994,1.5967429479763637,1.6454117825122525,1.5783852997484036,1.5376570504533906,1.6049469751677703,1.5859686827012571,1.5427462289142224,1.6139646996420525,1.683365356311814,1.58500177956037,1.6525183250052138,1.5762329890751137,1.5403220834391775,1.1560627776752246,1.5861142895782503,1.5979855531232288,1.582975264669,2.7986778847314047,1.6123036727053852,1.7764980553833696,1.7703199982145026,1.5525284400704114,1.5759507745770809,1.6509724083111046,1.6833396917712098,1.6467735781009525,1.5979634671144685,1.574374241891789,1.5355833889378878,1.5809677367670074,1.6134793069263706,1.553415471990291,1.566110736428832,1.5532650391065024,1.557347408177309,1.6841107891007028,1.564419867809936,1.7684895090836885,1.5837218555748847,1.5570385796747688,1.577238407570327,1.5263851614303994,1.5969493383254785,1.5696988819971762,1.5788237277091186,1.5387144340042627,1.5867120039724627,1.5767725682209788,1.5736394558198326,1.6041104794793595,1.5750046759886986,1.5759401760975211,1.6699240770662094,1.5719600123849653,1.6593461980990007,1.5820780230103892,-0.11066426808372769,1.5648324274873457,1.6054836472810514,1.5534949844697574
1382,1519076627,1.7548798435008968,1.5880520551962263,1.568236582496816,1.5529062799194084,1.5730201703944497,1.64793544562514,1.7534645505772362,1.5846852689143345,1.6584348056071252,1.6080064426440022,1.6029910591133665,1.5255273664048052,1.6072069028342524,1.7530779826661587,1.5691959326788523,1.577169205723776,1.6573469533223257,1.5851995054917765,1.5501498416786528,1.5776582083324266,1.5278650335256576,1.5691428836259433,-0.17069114333744284,1.5823116663364114,1.5699902328005086,1.5424828191182933,1.5699148317134797,1.6582364295697363,1.7560461081674148,1.7076838124611369,1.564875878898358,1.5985338227327666,1.5393466700158596,-0.0983640066265311,1.6159142406786176,1.5750564836629901,1.608374659183164,1.6830364213769267,1.580406836372632,1.6496865030042236,1.711900716132767,1.5405677582120876,1.7724913265116082,1.6523193727773025,-0.042223416015498456,1.6081620101992897,1.5862493196303464,1.5859364918057344,1.5752365401157962,1.1475588749282162,1.587348514615516,1.5388194202121084,1.6537967359452908,1.6831875347679737,1.6567529910035537,1.5395757153830325,1.582726644594226,1.5431293099963936,1.5961379374262694,1.5897834832135973,1.580621008781851,1.6112423284168773,1.581784616843065,-1.7663435714867115,1.602110176501161,1.5711340533716618,1.7741634269671107,1.565842775572152,1.6833168726625285,1.5856448964061207,1.6003567239921284,1.6461542203723019,1.5803874027129075,1.5387607564704509,1.6073652891905408,1.5880613045219005,1.5449494637240835,1.6160936071749574,1.6855094212583117,1.5867402640298696,1.6539107662032633,1.5780070103788542,1.5421239803239657,1.156305488328983,1.588204858707519,1.6015286540019753,1.5847013863506583,2.809898994607002,1.6149580637026446,1.7764980553833696,1.7748162831851275,1.5536531143970156,1.5772187890717868,1.652466658928402,1.6847658301382102,1.64822504543766,1.601574918309247,1.5764122668003868,1.5383328024452232,1.58346246513062,1.616143515109638,1.5551013224674606,1.568088834163904,1.5543885456893272,1.5590392623023273,1.684825129713583,1.5656674951606127,1.7729905844535931,1.585448106213528,1.5592976253329063,1.5803481556159917,1.5284821984033279,1.599513166437856,1.5736587304913796,1.579141906118895,1.5398176792165503,1.5888041725587008,1.5780406399270517,1.5754099970766022,1.607589278332965,1.5767746464096182,1.5765751395807002,1.6713115008788295,1.573994196998131,1.6610123201203182,1.5845660296304453,-0.11066426808372769,1.5660791070863689,1.6079072885542411,1.5546198254685957
1383,1519076633,1.7555772366789297,1.5909557396259848,1.5702167248320609,1.554030307525691,1.5747925275251826,1.649367722668726,1.7534645505772362,1.5864129515015373,1.6598120339463782,1.6110368595404763,1.6047604241675264,1.528139703313595,1.6098325768525967,1.7530779826661587,1.5711753293131352,1.578441661047285,1.6586943513997712,1.5869910794847915,1.551813128158533,1.5782933379337933,1.5299627032654706,1.5711193786233049,-0.17069114333744284,1.583589569974763,1.5704855028558935,1.5442856727324838,1.5699148317134797,1.659626942467573,1.7560461081674148,1.7081797064804516,1.5661226481718777,1.6014754924105543,1.5404509984473491,0.7349869843138749,1.618575168106138,1.5770910816134716,1.610195901551493,1.6843747945870122,1.5808966225555032,1.651180310940805,1.8888159637414301,1.5429658365290502,1.7724913265116082,1.6530670265405432,-0.042223416015498456,1.6081620101992897,1.5880395497250293,1.5877252636596157,1.5771291277754071,1.1475617613793596,1.5891407391810808,1.5404689615582718,1.655181764838991,1.6851907462491251,1.658147094180174,1.5406788246077803,1.5852357445534027,1.544233512345729,1.5987057291984508,1.5918783000012344,1.5824854717483559,1.6112423284168773,1.5824220780025011,-1.7663435714867115,1.6038711800565035,1.573171732753179,1.7741634269671107,1.5664669949790293,1.685325720150123,1.5873687954954734,1.6024217388582793,1.6476390960924008,1.5823895056774113,1.540416315496041,1.6091790247076185,1.590153926342544,1.546051081129014,1.6187547415910888,1.6869387978893102,1.5884787484993692,1.6553032074013128,1.5797810316825946,1.5439258772087538,1.1564996568519896,1.5902954278367878,1.6033002044413485,1.5864275080323167,2.8211782901703133,1.6170815765004523,1.7764980553833696,1.7748162831851275,1.5547777887236198,1.5791208108138457,1.6532137842370507,1.6869050376887111,1.649676512774367,1.6036386047062634,1.5784502917089847,1.5394325678481573,1.584086147221523,1.6182748816562518,1.5562252227855735,1.5700669318989764,1.5560738055635643,1.5601671650523392,1.6869681515522232,1.5669151225112894,1.7729905844535931,1.5871743568521712,1.5609919095765092,1.5809701052251246,1.5305792353762564,1.6015642289277578,1.5736587304913796,1.579460084528671,1.540920924428838,1.590896341144939,1.5793087116331248,1.5771805383333717,1.6087488779508337,1.5785446168305375,1.5778450665470578,1.6726989246914497,1.5760283816112968,1.6626784421416354,1.5858100329404734,-0.11066426808372769,1.5667024468858803,1.6103309298274309,1.555744666467434
1384,1519076639,1.7597615957471275,1.5932786871697917,1.5721968671673057,1.5551543351319732,1.5765648846559155,1.6507999997123117,1.7576516759645955,1.5881406340887398,1.661877876455258,1.6128551096783608,1.606529789221686,1.530229572840627,1.6122795807454324,1.7572646171614057,1.5736495751059887,1.5797141163707937,1.6600417494772166,1.5905742274708214,1.5529219858117864,1.5801987267378934,1.5320603730052837,1.5730958736206666,-0.17069114333744284,1.584867473613115,1.5739523932435884,1.5460885263466744,1.5733833026123538,1.6610174553654096,1.7609253981964956,1.7116509646156552,1.5673694174453974,1.603240494217227,1.5421074910945836,0.6238735188551541,1.6212360955336584,1.5791256795639528,1.612017143919822,1.6863823544021406,1.5843251258356008,1.6526741188773864,1.8784091844703321,1.544764395266772,1.7754963831294603,1.6545623340670248,-0.042223416015498456,1.6116386653419281,1.590426523184606,1.5901102927981243,1.5783908528818145,1.147565369443289,1.5909329637466458,1.5415686557890473,1.6565667937326913,1.6865262205698928,1.6595411973567942,1.542333488444902,1.5877448445125792,1.5453377146950642,1.6007599626161961,1.5939731167888715,1.583728447059359,1.6141376006276316,1.5836970003213735,-1.7663435714867115,1.6056321836118461,1.575209412134696,1.777918324212686,1.5683396531996614,1.6873345676377176,1.589092694584826,1.6050030074409682,1.6491239718124995,1.5843916086419152,1.541520021513101,1.6122019172360813,1.593292859073509,1.5471526985339445,1.6214158760072201,1.6883681745203087,1.5902172329688686,1.6566956485993622,1.5815550529863351,1.545727774093542,1.1567423675057482,1.5929086392483736,1.6062527885069706,1.588153629713975,2.8324401300273103,1.6197359674977116,1.7764980553833696,1.7793125681557527,1.557027137376828,1.5803888253085516,1.6547080348543481,1.6883311760557118,1.6518537137794282,1.6057022911032797,1.5804883166175823,1.5405323332510914,1.5853335114033296,1.6204062482028656,1.557911073262743,1.5720450296340485,1.5571973121463891,1.5612950678023514,1.6898255140037435,1.5681627498619661,1.775991301366863,1.5900514412499103,1.562121432405578,1.5822140044433906,1.5326762723491851,1.6036152914176598,1.5766286168620323,1.5797782629384474,1.5425757922472696,1.593511551877737,1.5812108191922343,1.5795412600090641,1.6122276768044395,1.580314587251457,1.5803849204797735,1.673623873899863,1.5785711123777537,1.663233816148741,1.5870540362505015,-0.11066426808372769,1.5691958060839262,1.613360481418918,1.5574319279656914
1385,1519076644,1.7639459548153251,1.5950208978276468,1.5741770095025502,1.5562783627382555,1.5783372417866484,1.6515161382341048,1.7618388013519548,1.5898683166759426,1.6632551047945112,1.614673359816245,1.6088889426272326,1.5328419097494166,1.6149932951154766,1.761451251656653,1.5756289717402714,1.5803503440325481,1.6613891475546618,1.5923658014638364,1.5545852722916664,1.5827392451433604,1.534158042745097,1.5755664923673687,-0.17069114333744284,1.5855064254322908,1.576924013575898,1.548492331165595,1.5763562776685318,1.6631032247121647,1.7651076467928506,1.714626328731544,1.569239571355677,1.6050054960238997,1.5437639837418182,0.7349869843138749,1.6233648374756746,1.5811602775144342,1.6138383862881511,1.6877207276122261,1.5877536291156984,1.653421022845677,1.874940258046633,1.5477619931629751,1.7792527039017756,1.6560576415935064,-0.042223416015498456,1.6145358779607935,1.5922167532792886,1.592495321936633,1.5802834405414254,1.1475682558944325,1.5945174128777755,1.5432181971352108,1.6579518226263916,1.6878616948906604,1.6609353005334144,1.5439881522820238,1.5897521244799204,1.5464419170443995,1.6028141960339413,1.597115341970327,1.584971422370362,1.6164538183962347,1.584971922640246,-1.7663435714867115,1.607980188352303,1.5772470915162133,1.7809222420091462,1.5708365308271706,1.6893434151253122,1.591391226703963,1.6070680223071194,1.649866409672549,1.586393711606419,1.5431755805386913,1.6146202312588516,1.5953854808941523,1.548254315938875,1.6235447835401253,1.6897975511513073,1.5919557174383683,1.6580880897974117,1.5833290742900756,1.5475296709783302,1.156936536028755,1.5955218506599593,1.6080243389463438,1.5904551252895194,2.8438008855534207,1.622390358494971,1.7764980553833696,1.7823100914695027,1.5587141488667344,1.5822908470506103,1.6569494107802942,1.6890442452392123,1.6533051811161357,1.6082818990995502,1.58252634152618,1.5416320986540255,1.5865808755851358,1.6225376147494794,1.5595969237399123,1.5745176518028887,1.5588825720206263,1.5624229705523633,1.6919685358423837,1.5700341908879814,1.7797421975084502,1.5917776918885536,1.5632509552346467,1.5834579036616563,1.5352975685653456,1.6061791195300374,1.579598503232685,1.5800964413482235,1.5442306600657012,1.5956037204639753,1.5831129267513437,1.5813118012658338,1.6145468760401764,1.5820845576723763,1.58228981092931,1.6745488231082764,1.5806052969909195,1.6643445641629526,1.5876760379055155,-0.11066426808372769,1.5704424856829493,1.6151782123738103,1.559119189463949
1386,1519076650,1.7667355275274568,1.596763108485502,1.5766521874216062,1.557402390344538,1.5812911703378698,1.6543806923212765,1.764630218276861,1.5927477876546137,1.6646323331337642,1.6164916099541295,1.6106583076813923,1.5354542466582064,1.6177147777518475,1.7649401137360254,1.5781032175331249,1.581622799356057,1.66341024467083,1.5959489494498664,1.5556941299449198,1.5840095043460938,1.5367801299198631,1.5775429873647304,-0.17069114333744284,1.5874232808898183,1.5789050937974378,1.5502951847797855,1.578338261039317,1.6644937376100013,1.7692898953892058,1.7161140107894883,1.5711097252659565,1.6067704978305724,1.5448683121733078,0.8461004497725957,1.625493579417691,1.5831948754649157,1.6156596286564802,1.6897282874273545,1.5897127738471828,1.655661734750549,1.8714713316229337,1.5501600714799377,1.7822577605196277,1.6568052953567471,-0.042223416015498456,1.6162742055321124,1.595797213468654,1.5954766083597685,1.580914303094629,1.147571142345576,1.5963096374433405,1.5443178913659865,1.660029365966942,1.6898649063718119,1.6623294037100347,1.5456428161191453,1.5917594044472616,1.5475461193937348,1.6048684294516866,1.5992101587579641,1.5862143976813652,1.618770036164838,1.5868843061185545,-1.7663435714867115,1.6097411919076456,1.5797941907431097,1.7831751803564915,1.5714607502340479,1.6906826467837086,1.5931151257933156,1.6091330371732706,1.6520937232526973,1.5888963403120488,1.5448311395642815,1.6164339667759293,1.5985244136251173,1.5493559333438056,1.6256736910730303,1.691941616097805,1.5948531915542008,1.660176751594486,1.5862857764629763,1.5499322001580476,1.1571307045517616,1.598135062071545,1.6097958893857172,1.5933319947589497,2.8551878246390023,1.6245138712927785,1.7764980553833696,1.7868063764401279,1.5598388231933387,1.5835588615453162,1.6584436613975917,1.6918965219732134,1.6540309147844894,1.6103455854965665,1.5850738726619273,1.5427318640569596,1.587204557676039,1.6246689812960933,1.5612827742170818,1.576990273971729,1.560006078603451,1.5641148246773815,1.6926828764552637,1.5725294455893348,1.7819927351934026,1.5940793594067446,1.5649452394782497,1.5840798532707894,1.5373946055382743,1.6082301820199394,1.5820734085415622,1.580573708962888,1.5458855278841326,1.5987419733433326,1.5850150343104534,1.5830823425226033,1.6162862754669793,1.5838545280932959,1.5835597378956678,1.6754737723166897,1.5826394816040852,1.665455312177164,1.5889200412155435,-0.11066426808372769,1.5723125050814837,1.6169959433287027,1.5608064509622064
1387,1519076655,1.7737094593077862,1.6002475298012122,1.581602543259718,1.560774473163385,1.5848358845993353,1.657961384930241,1.7716087605891264,1.5973549412204873,1.6694526323211503,1.620734193609193,1.6147868261410985,1.53963398571227,1.6205165324735915,1.771220065478896,1.5820620108016903,1.5854401653265835,1.6667787398644434,1.6001292887669012,1.5579118452514267,1.5865500227515608,1.5414998868344427,1.5824842248581346,-0.17069114333744284,1.5906180399856977,1.5828672542405176,1.5539008920081665,1.5823022277808876,1.6686652763035112,1.7755632682837383,1.719089374905377,1.5736032638129958,1.6114771693150327,1.547076969036287,-0.32059093754397266,1.6302832487872279,1.587772720853499,1.620516274972024,1.6930742204525684,1.5941208494930228,1.6593962545920022,1.5488611742189011,1.5537571889553816,1.7882678737553321,1.6620388716994328,-0.042223416015498456,1.6197508606747508,1.5993776736580192,1.5990541520675312,1.5834377533074437,1.1475769152478628,1.6004914947629918,1.5470671269429257,1.663491938201193,1.6932035921737312,1.6665117132398952,1.5484005891810149,1.5957739643819442,1.5508587264417408,1.6094904546416133,1.6039234965301474,1.589321835958873,1.6234024717020448,1.5887966895968628,-1.7663435714867115,1.6132631990183308,1.5838695495061441,1.789933995398527,1.5739576278615572,1.6933611101005013,1.5982868230613738,1.6137793206221107,1.6558059125529443,1.5934010719821825,1.5470385515984018,1.6206660163157776,1.603232812721565,1.5526607855585972,1.6304637330220668,1.695515057675301,1.5989096553163666,1.6636578545896097,1.5898338190704573,1.5547372585174828,1.1575675837285266,1.6023162003300824,1.613929507077588,1.5973596120161526,2.8666445865498407,1.6292917750878455,1.7764980553833696,1.7920520422391903,1.5626505090098493,1.5854608832873751,1.662926413249484,1.6947487987072147,1.6591110504629651,1.6149888798898533,1.589149922479123,1.546031160265762,1.5909466502214578,1.6294645560259742,1.563530574853308,1.5814409938756413,1.5622530917691007,1.5663706301774056,1.6955402389067842,1.5750247002906883,1.7887443482482597,1.5975318606840314,1.5677690465509215,1.5884335005347199,1.5415886794841314,1.6123323069997435,1.586528238097541,1.5812100657824404,1.548092018308708,1.6029263105158091,1.586917141869563,1.5866234250361422,1.619765074320585,1.5879844590754413,1.5860995918283833,1.6777861453377232,1.5867078508304167,1.667676808205587,1.5932740528006415,-0.11066426808372769,1.5748058642795297,1.6212373155567847,1.5630561329598829
1388,1519076661,1.7744068524858192,1.6019897404590675,1.5835826855949628,1.5618985007696675,1.5866082417300682,1.658677523452034,1.7716087605891264,1.59908262380769,1.6708298606604033,1.6237646105056671,1.6165561911952584,1.5422463226210599,1.623126669959283,1.771220065478896,1.584041407435973,1.5867126206500923,1.6681261379418888,1.6019208627599162,1.55902070290468,1.5871851523529275,1.5435975565742557,1.5844607198554963,-0.17069114333744284,1.5912569918048736,1.5828672542405176,1.555703745622357,1.5823022277808876,1.670055789201348,1.7755632682837383,1.719089374905377,1.5754734177232752,1.6132421711217053,1.5481812974677769,1.0683273806900373,1.6324119907292443,1.5898073188039805,1.6235516789192392,1.6957509668727395,1.5941208494930228,1.6608900625285836,1.8818781108940315,1.556155267272344,1.7882678737553321,1.6627865254626737,-0.042223416015498456,1.6197508606747508,1.601167903752702,1.6008429239214126,1.5840686158606474,1.1475798016990062,1.6022837193285568,1.5481668211737012,1.6648769670948933,1.6952068036548826,1.6679058164165155,1.5495036984057626,1.5977812443492854,1.5525150299657438,1.612058246413795,1.6060183133177846,1.5899433236143745,1.6234024717020448,1.5900716119157352,-1.7663435714867115,1.6150242025736736,1.5859072288876612,1.7906849748476419,1.5745818472684345,1.6947003417588977,1.6000107221507265,1.6158443354882617,1.6572907882730432,1.5954031749466864,1.548694110623992,1.6224797518328553,1.6053254345422083,1.5537624029635277,1.6331248674381982,1.6976591226217987,1.600648139785866,1.6650502957876592,1.5916078403741978,1.5565391554022707,1.1577617522515333,1.6044067694593511,1.6157010575169612,1.5996611075916969,2.87795879352578,1.631415287885653,1.7764980553833696,1.7920520422391903,1.5637751833364535,1.586728897782081,1.6644206638667816,1.6968880062577156,1.6605625177996726,1.6170525662868696,1.5911879473877208,1.547130925668696,1.5928176964941674,1.6321287642092415,1.5646544751714209,1.5839136160444813,1.5633765983519254,1.5674985329274178,1.6962545795196642,1.576272327641365,1.7887443482482597,1.5992581113226747,1.5688985693799902,1.5890554501438527,1.5436857164570599,1.6143833694896454,1.586528238097541,1.5815282441922165,1.5491952635209956,1.6050184791020472,1.588185213575636,1.5883939662929116,1.619765074320585,1.5897544294963606,1.5873695187947412,1.6787110945461365,1.5887420354435824,1.6687875562197987,1.5938960544556555,-0.11066426808372769,1.5754292040790412,1.623055046511677,1.5641809739587214
1389,1519076667,1.777196425197951,1.604893424888826,1.5855628279302076,1.5630225283759498,1.588380598860801,1.6601098004956198,1.7744001775140326,1.6008103063948926,1.672895703169283,1.6261889440228463,1.618325556249418,1.5443361921480916,1.6242038695565526,1.7740111551423943,1.5860208040702557,1.5873488483118467,1.6694735360193342,1.6037124367529312,1.56068398938456,1.5890905411570275,1.5456952263140689,1.586437214852858,-0.17069114333744284,1.5925348954432255,1.5853436045174423,1.559309452850738,1.5842842111516728,1.6714463020991845,1.7790484754473674,1.7205770569633214,1.576096802360035,1.615007172928378,1.5492856258992664,-0.0983640066265311,1.6350729181567645,1.591841916754462,1.6253729212875683,1.697089340082825,1.5960799942245072,1.6623838704651648,1.8575956259281365,1.557953826010066,1.790521666218721,1.6642818329891553,-0.042223416015498456,1.62148918824607,1.6035548772122787,1.6032279530599212,1.5859612035202584,1.1475826881501499,1.6040759438941217,1.5498163625198647,1.6662619959885936,1.6965422779756503,1.6692999195931355,1.5506068076305104,1.600290344308462,1.5541713334897467,1.61411247983154,1.6081131301054217,1.5924292742363806,1.6251396350284972,1.5913465342346076,-1.7663435714867115,1.6167852061290162,1.5879449082691783,1.7929379131949872,1.5758302860821891,1.6960395734172942,1.6017346212400791,1.6179093503544129,1.6587756639931421,1.59740527791119,1.549797816641052,1.625502644361318,1.6074180563628515,1.5559656377733886,1.6357860018543295,1.6990884992527973,1.6023866242553657,1.6664427369857089,1.5933818616779383,1.5583410522870589,1.1579559207745402,1.607019980870937,1.6174726079563346,1.6013872292733553,2.8888336985594805,1.6340696788829123,1.7764980553833696,1.7950495655529404,1.5648998576630577,1.587996912276787,1.6651677891754302,1.698314144624716,1.6627397188047337,1.619116252683886,1.5932259722963185,1.548780573773097,1.5946887427668768,1.6342601307558553,1.5657783754895338,1.5858917137795536,1.5650618582261626,1.56862643567743,1.6976832607454244,1.5768961413167035,1.7909948859332119,1.600984361961318,1.5700280922090588,1.5909212989712518,1.5468312719164528,1.6164344319795474,1.5885081623446429,1.582005511806881,1.5502985087332832,1.6076336898348451,1.5888192494286724,1.5913448683875273,1.6226640733652564,1.5915243999172801,1.58800448227792,1.6796360437545501,1.5912847662100396,1.66989830423401,1.5963840610757116,-0.11066426808372769,1.5766758836780643,1.6260845981031642,1.5658682354569786
1390,1519076672,1.7799859979100827,1.606635635546681,1.5880380058492636,1.5647085697853733,1.5907437417017782,1.6615420775392056,1.7778894486701655,1.6031138831778295,1.6749615456781628,1.6280071941607308,1.620094921303578,1.5469485290568814,1.6268632060623116,1.7775000172217668,1.5884950498631092,1.58925753129711,1.6714946331355023,1.6055040107459462,1.5617928470378135,1.590360800359761,1.5483173134888353,1.5884137098502196,-0.17069114333744284,1.5938127990815771,1.5878199547943672,1.5617132576696588,1.5867616903651545,1.6735320714459396,1.781836641178271,1.7230565270598954,1.5773435716335547,1.6167721747350505,1.5514942827622458,-0.0983640066265311,1.6372016600987809,1.5943851641925637,1.6278012444453402,1.6984277132929106,1.5985289251388626,1.6631307744334556,1.8471888466570388,1.5609514239062692,1.7935267228365734,1.665777140515637,-0.042223416015498456,1.623806958341162,1.6053451073069616,1.6050167249138025,1.5872229286266657,1.147586296214079,1.6058681684596867,1.5509160567506404,1.668339539329144,1.6985454894568017,1.6706940227697558,1.5517099168552582,1.6022976242758034,1.555275535839082,1.6161667132492854,1.6102079468930588,1.5930507618918823,1.6268767983549497,1.59262145655348,-1.7663435714867115,1.6185462096843588,1.5904920074960749,1.7951908515423323,1.5783271637096985,1.6987180367340868,1.6034585203294318,1.6204906189371018,1.6602605397132408,1.5999079066168198,1.5509015226581122,1.6273163798783958,1.6100338336386557,1.5570672551783191,1.6379149093872345,1.7005178758837958,1.6041251087248654,1.6678351781837584,1.5951558829816788,1.5607435814667765,1.1584898842128086,1.6091105500002056,1.6198346752088322,1.6031133509550135,2.9001711798105054,1.63619319168072,1.7764980553833696,1.797297708038253,1.5671492063162662,1.5905329412661986,1.668156290410025,1.7004533521752172,1.6649169198097946,1.6211799390809023,1.5952639972049163,1.5504302218774983,1.595936106948683,1.6369243389391226,1.5669022758076467,1.5878698115146257,1.5667471181003996,1.5703182898024481,1.7005406231969447,1.5781437686673803,1.7939956028464816,1.6032860294795093,1.5711576150381277,1.5927871477986506,1.5494525681326135,1.6184854944694493,1.5904880865917446,1.582323690216657,1.551401753945571,1.6097258584210834,1.5900873211347455,1.593115409644297,1.6249832726009936,1.5944743506188124,1.5905443362106355,1.6837983151924103,1.593318950823205,1.6737859222837503,1.5970060627307257,-0.11066426808372769,1.5779225632770872,1.6279023290580565,1.566993076455817
1391,1519076678,1.7827755706222146,1.6083778462045364,1.5900181481845082,1.5658325973916558,1.5936976702529997,1.6636904931045844,1.7806808655950717,1.6048415657650321,1.6763387740174158,1.629825444298615,1.6218642863577377,1.5490383985839133,1.6295329002565058,1.7809888793011395,1.5909692956559627,1.5905299866206188,1.6735157302516703,1.6072955847389612,1.5634561335176937,1.5916310595624945,1.5509394006636015,1.5908843285969216,-0.17069114333744284,1.594451750900753,1.5898010350159069,1.5635161112838494,1.5887436737359397,1.6749225843437763,1.7846248069091741,1.7245442091178398,1.5792137255438343,1.6185371765417234,1.5531507754094802,0.3460898552083521,1.6393304020407973,1.5964197621430452,1.6296224868136693,1.6997660865029962,1.600488069870347,1.664624582370037,1.8541266995044372,1.562749982643991,1.7965317794544255,1.6665247942788777,-0.042223416015498456,1.6255452859124813,1.6071353374016442,1.6074017540523111,1.5891155162862767,1.1475891826652225,1.6076603930252515,1.552015750981416,1.6704170826696945,1.7005487009379532,1.672088125946376,1.5533645806923797,1.6043049042431445,1.5563797381884172,1.6182209466670305,1.6123027636806957,1.5942937372028854,1.6286139616814022,1.5938963788723524,-1.7663435714867115,1.6214812156099299,1.5930391067229712,1.7974437898896776,1.5801998219303304,1.7000572683924833,1.605757052448569,1.622555633803253,1.6632302911534385,1.6024105353224498,1.5525570816837024,1.6291301153954736,1.6121264554592991,1.5581688725832497,1.6400438169201397,1.701232564199295,1.6070225828406979,1.6692276193818079,1.5987039255891597,1.5631461106464941,1.1586840527358153,1.6117237614117914,1.6216062256482056,1.605414846530558,2.9115319353366163,1.6383167044785274,1.7764980553833696,1.7995458505235655,1.5682738806428704,1.5911669485135516,1.6689034157186737,1.7018794905422177,1.6656426534781483,1.6232436254779188,1.598321034567813,1.5515299872804325,1.5971834711304893,1.6395885471223899,1.56802617612576,1.590342433683466,1.5678706246832244,1.57144619255246,1.7019693044227049,1.5800152096933953,1.796246140531434,1.606163113877248,1.5722871378671963,1.5940310470169163,1.551549605105542,1.621049322581827,1.5924680108388463,1.5828009578313216,1.5530566217640025,1.6118180270073217,1.5913553928408186,1.5948859509010664,1.6267226720277963,1.596244321039732,1.5918142631769934,1.6847232644008237,1.5953531354363708,1.6743412962908562,1.5982500660407537,-0.11066426808372769,1.5797925826756216,1.629720060012949,1.5681179174546553
1392,1519076684,1.788354716046478,1.611281530634295,1.591998290519753,1.5680806526042204,1.5954700273837323,1.6651227701481703,1.7855658452136576,1.606569248352235,1.677716002356669,1.6316436944364996,1.6248132281146708,1.551128268110945,1.6322440252044412,1.785873286212261,1.5929486922902454,1.5930748972676365,1.6748631283291158,1.6102815413939862,1.5645649911709472,1.5922661891638612,1.5530370704034147,1.5928608235942834,-0.08572961197044983,1.5957296545391049,1.5927726553482167,1.56531896489804,1.5917166487921177,1.6770083536905314,1.788807055505529,1.7275195732337285,1.580460494817354,1.620302178348396,1.55425510384097,0.5127600533964333,1.6414591439828137,1.598963009581147,1.631443729181998,1.7011044597130818,1.6039165731504446,1.666865294274909,1.850657773080738,1.564548541381713,1.8002881002267408,1.6680201018053593,-0.042223416015498456,1.6284424985313466,1.6089255674963268,1.6097867831908197,1.5897463788394803,1.147592069116366,1.6094526175908164,1.5531154452121918,1.671802111563395,1.7018841752587208,1.6734822291229963,1.5550192445295015,1.6073158241941565,1.5574839405377525,1.6202751800847757,1.6143975804683328,1.5955367125138884,1.632088288334307,1.595808762350661,-1.7663435714867115,1.6238292203503866,1.5950767861044886,1.802700646033483,1.5808240413372077,1.7013965000508797,1.6074809515379216,1.6246206486694041,1.663972729013488,1.6049131640280796,1.5536607877007624,1.6309438509125513,1.6147422327351033,1.5592704899881802,1.6421727244530446,1.7026619408302934,1.6099200569565304,1.671316281178882,1.6004779468929002,1.5649480075312823,1.158878221258822,1.61381433054106,1.6233777760875787,1.6071409682122162,2.922910146569041,1.6404402172763348,1.7764980553833696,1.8032927546657531,1.5693985549694747,1.5924349630082575,1.67114479164462,1.7033056289092183,1.6670941208148558,1.6258232334741891,1.6003590594764108,1.5531796353848335,1.5978071532213924,1.6417199136690037,1.5697120266029292,1.592320531418538,1.5689941312660491,1.5731380466774783,1.703397985648465,1.5818866507194105,1.8007472159013387,1.6078893645158914,1.573416660696265,1.5958968958443152,1.5536466420784705,1.6236131506942044,1.5959328782712743,1.583437314650874,1.5541598669762902,1.6139101955935597,1.593257500399928,1.5978368529956821,1.6290418712635335,1.5986042816009578,1.5930841901433512,1.685648213609237,1.5984044123561194,1.6754520443050676,1.5994940693507818,-0.11066426808372769,1.5810392622746448,1.6315377909678412,1.5692427584534936
1393,1519076689,1.7918416819366427,1.61302374129215,1.5944734684388089,1.569766694013644,1.5972423845144652,1.666555047191756,1.7897529706010167,1.609448719330906,1.679093230695922,1.6334619445743839,1.6271723815202173,1.553218137637977,1.6348878251775474,1.7893621482916338,1.594928088924528,1.5949835802528998,1.6762105264065612,1.6120731153870012,1.5656738488242006,1.5941715779679613,1.555659157578181,1.595825566090326,-0.17069114333744284,1.598924413634984,1.5957442756805265,1.5671218185122304,1.5951851196909919,1.6790941230372862,1.7929893041018843,1.7295031493109878,1.5817072640908736,1.6232438480261837,1.5553594322724595,0.5127600533964333,1.6435878859248299,1.6009976075316283,1.6344791331292132,1.7031120195282101,1.6068552902476712,1.66835910221149,1.8333131409622416,1.566347100119435,1.803293156844593,1.6702630630950817,-0.042223416015498456,1.6319191536739848,1.6113125409559037,1.6109792977600739,1.5910081039458877,1.1475956771802953,1.6124396585334246,1.5542151394429673,1.6731871404570953,1.7032196495794887,1.6755733838879265,1.5561223537542492,1.6093231041614977,1.5591402440617554,1.6228429718569573,1.6170161014528792,1.5961582001693901,1.635562614987212,1.5983586069884055,-1.7663435714867115,1.6255902239057292,1.5971144654860057,1.8057045638299432,1.5820724801509622,1.7027357317092762,1.610928749716627,1.627201917252093,1.6654576047335867,1.6069152669925832,1.5547644937178227,1.632757586429629,1.6168348545557467,1.560922916095576,1.6443016319859498,1.704806005776791,1.61165854142603,1.6727087223769315,1.6022519681966407,1.5673505367109997,1.1590723897818287,1.6159048996703287,1.6263303601532009,1.6088670898938744,2.934241809251294,1.6425637300741425,1.7764980553833696,1.8062902779795031,1.570523229296079,1.5937029775029634,1.6726390422619173,1.7040186980927186,1.6685455881515632,1.6284028414704597,1.6023970843850086,1.5542794007877676,1.599678199494102,1.644384121852271,1.5708359269210423,1.5942986291536103,1.570117637848874,1.5748299008024964,1.7041123262613451,1.5831342780700872,1.804498112042926,1.6096156151545349,1.5756757063544025,1.5965188454534482,1.555743679051399,1.6256642131841064,1.5993977457037025,1.5837554930606503,1.5552631121885778,1.6165254063263577,1.594525572106001,1.6001975746713748,1.6319408703082048,1.6003742520218773,1.59371915362653,1.6870356374218571,1.6009471431225766,1.677118166326385,1.6013600743158238,-0.11066426808372769,1.5816626020741562,1.6333555219227334,1.570930019951751
1394,1519076695,1.7946312546487746,1.615346688835957,1.5964536107740537,1.5708907216199264,1.599014741645198,1.667271185713549,1.792544387525923,1.6111764019181085,1.6804704590351753,1.636492361470858,1.628941746574377,1.5553080071650087,1.637653327989768,1.7921532379551317,1.596907485558811,1.5962560355764086,1.6775579244840066,1.6138646893800161,1.5678915641307074,1.5960769667720616,1.557756827317994,1.5978020610876875,-0.17069114333744284,1.600202317273336,1.5987158960128363,1.569525623331151,1.5971671030617771,1.6804846359351229,1.7964745112655134,1.7319826194075618,1.5829540333643932,1.6261855177039715,1.5564637607039493,0.7905437170432352,1.6462488133523503,1.60354085496973,1.6363003754975423,1.7044503927382957,1.6093042211620268,1.6698529101480715,1.8541266995044372,1.5681456588571567,1.805546949307982,1.6717583706215633,-0.042223416015498456,1.633657481245304,1.6131027710505863,1.6133643268985824,1.5935315541587023,1.1475985636314388,1.6142318830989895,1.5558646807891308,1.6752646837976457,1.7052228610606401,1.6769674870645468,1.557225462978997,1.6118322041206743,1.560244446411091,1.6254107636291388,1.6191109182405163,1.5980226631358947,1.6378788327558154,1.5989960681478417,-1.7663435714867115,1.627351227461072,1.5991521448675228,1.8079575021772882,1.5833209189647168,1.7040749633676724,1.6126526488059796,1.629783185834782,1.667684918313735,1.6089173699570871,1.5564200527434129,1.6345713219467068,1.6189274763763901,1.5620245335005065,1.6469627664020812,1.7062353824077896,1.6133970258955297,1.6747973841740058,1.6046173299349613,1.5691524335957878,1.1592665583048356,1.6179954687995974,1.6286924274056986,1.6105932115755328,2.9456287483368757,1.64468724287195,1.7764980553833696,1.8100371821216907,1.5716479036226831,1.5956049992450223,1.6741332928792148,1.70687097482672,1.6692713218199169,1.630466527867476,1.6049446155207558,1.5553791661907017,1.6009255636759083,1.6465154883988848,1.5719598272391553,1.5962767268886824,1.571802897723111,1.5759578035525084,1.7055410074871051,1.5837580917454257,1.8067486497278782,1.6113418657931782,1.576805229183471,1.597762744671714,1.5583649752675597,1.6277152756740083,1.6018726510125796,1.5840736714704264,1.5563663574008655,1.618617574912596,1.5951596079590376,1.6031484767659905,1.6354196691618106,1.6027342125831032,1.594989080592888,1.6884230612344773,1.6034898738890337,1.6787842883477022,1.6026040776258519,-0.11066426808372769,1.5829092816731791,1.635779163195923,1.5726172814500086
1395,1519076701,1.7974208273609062,1.619411847037619,1.5994238242769208,1.5737007906356324,1.6025594559066638,1.6701357398007206,1.7953358044508292,1.6134799787010454,1.6839135298833081,1.639522778367332,1.6324804766826966,1.5589652788373145,1.6404058836914448,1.7949443276186299,1.6003714296688059,1.5988009462234263,1.6802527206388973,1.6168506460350411,1.5701092794372142,1.599252614778895,1.561427749362667,1.6007668035837301,-0.08572961197044983,1.6021191727308635,1.6006969762343761,1.573131330559532,1.5996445822752587,1.6839609181797146,1.7992626769964166,1.733966195484821,1.5860709565481923,1.6285388534462015,1.5592245817826735,0.901657182501956,1.6499741117508788,1.6065927518954524,1.6393357794447572,1.7071271391584668,1.6117531520763821,1.6728405260212342,1.850657773080738,1.5717427763326006,1.8078007417713713,1.6747489856745266,-0.042223416015498456,1.636554693864169,1.6172799746048458,1.6169418706063452,1.596055004371517,1.1476036149209399,1.6172189240415977,1.5580640692506822,1.6780347415850463,1.7078938097021754,1.6804527450060973,1.5594316814284925,1.6153449440635215,1.5624528511097615,1.6284921137557566,1.6222531434219718,1.600508613757901,1.6396159960822678,1.6015459127855864,-1.7663435714867115,1.6302862333866428,1.6032275036305572,1.8102104405246335,1.5864420159991035,1.7074230425136634,1.6149511809251167,1.6328807081340087,1.6699122318938833,1.611920524403843,1.5591793177860631,1.6381987929808624,1.6220664091073551,1.5642277683103676,1.6501561277014387,1.7083794473542873,1.6157150051881957,1.6775822665701048,1.6075740321078622,1.5727562273653641,1.1596063532200973,1.6216539647758175,1.6316450114713206,1.6134700810449634,2.957012778138072,1.648403390268113,1.7764980553833696,1.8122853246070032,1.5750219266024958,1.5981410282344342,1.6778689194224585,1.7090101823772208,1.6728999901616852,1.6340779790622546,1.6080016528836525,1.55757869699657,1.6027966099486177,1.6497125382188056,1.5747695780344377,1.5992438734912906,1.574611664180173,1.5782136090525327,1.7091127105515056,1.5862533464467792,1.8089991874128306,1.6147943670704648,1.5790642748416084,1.5996285934991128,1.5620347899701847,1.6307918694088614,1.6038525752596815,1.5847100282899789,1.5591244704315848,1.622278869938513,1.5983297872242201,1.6055091984416832,1.6371590685886135,1.6056841632846355,1.59943382497514,1.690272959651304,1.6065411508087821,1.6804504103690194,1.604470082590894,-0.11066426808372769,1.5860259806707366,1.6394146251057078,1.5754293839471043
1396,1519076706,1.8002104000730381,1.6217347945814258,1.6023940377797878,1.5748248182419147,1.6061041701681293,1.6722841553660994,1.7981272213757353,1.6163594496797165,1.6852907582225614,1.6419471118845113,1.6354294184396296,1.5621000831278622,1.6415633553740876,1.799130962113877,1.6043302229373713,1.5994371738851807,1.6822738177550653,1.620433794021071,1.5717725659170942,1.6011580035829953,1.5650986714073398,1.604225669829113,-0.08572961197044983,1.6033970763692154,1.6031733265113008,1.576737037787913,1.601626565646044,1.6853514310775513,1.80205084272732,1.7354538775427653,1.587317725821712,1.6314805231239893,1.560881074429908,-0.15392073935589148,1.6531672246639035,1.6096446488211744,1.6417641026025291,1.709803885578638,1.6137122968078665,1.6735874299895248,1.8298442145385423,1.5741408546495632,1.8123083266981495,1.6762442932010082,-0.042223416015498456,1.6382930214354883,1.6196669480644228,1.620519414314108,1.597947592031128,1.147607944597655,1.6202059649842058,1.5591637634814577,1.6801122849255967,1.7098970211833269,1.6818468481827173,1.5610863452656143,1.6183558640145335,1.5635570534590968,1.6315734638823745,1.6259190728003368,1.6011301014134025,1.6413531594087203,1.6021833739450226,-1.7663435714867115,1.6338082404973282,1.6067934425482122,1.8124633788719786,1.5883146742197354,1.7101015058304563,1.618398979103822,1.6359782304332353,1.6721395454740315,1.6154242045917246,1.5602830238031233,1.6406171070036326,1.625728497293481,1.5653293857152981,1.6533494890007965,1.711238200616284,1.619191974127195,1.6789747077681543,1.6099393938461828,1.575759388840011,1.1598976060046073,1.6253124607520377,1.6340070787238183,1.6180730721960521,2.9678964110249293,1.6515886594648244,1.7764980553833696,1.8145334670923159,1.5761466009291,1.6006770572238458,1.6786160447311071,1.7111493899277217,1.6743514574983926,1.637173508657779,1.6110586902465491,1.558678462399504,1.604043974130424,1.6529095880387263,1.5758934783525507,1.603694593395203,1.5762969240544102,1.5793415118025447,1.7119700730030258,1.5881247874727944,1.811249725097783,1.6188222852272993,1.5801937976706772,1.6008724927173787,1.5657046046728096,1.6343812287661899,1.6058324995067832,1.5851872959046434,1.5607793382500161,1.6254171228178702,1.5995978589302933,1.608460100536299,1.6394782678243505,1.6080441238458614,1.600068788458319,1.6911979088597173,1.6095924277285307,1.6815611583832308,1.605714085900922,-0.11066426808372769,1.5878960000692712,1.6418382663788975,1.5771166454453618
1397,1519076712,1.8036973659632027,1.623477005239281,1.6048692156988438,1.575948845848197,1.6078765272988622,1.6737164324096854,1.8009186383006417,1.6186630264626534,1.6866679865618144,1.6437653620223955,1.6371987834937896,1.564189952654894,1.644264122633588,1.8026198241932496,1.606309619571654,1.6007096292086895,1.6836212158325108,1.622822559345091,1.5728814235703477,1.6024282627857287,1.567196341147153,1.6066962885758151,-0.17069114333744284,1.6040360281883912,1.6056496767882256,1.5785398914021036,1.6036085490168295,1.686741943975388,1.8055360498909492,1.7369415596007096,1.5891878797319914,1.6332455249306619,1.5619854028613978,0.0683061915615501,1.6552959666059197,1.6116792467716559,1.6435853449708582,1.7118114453937663,1.615671441539351,1.6773219498309782,1.8333131409622416,1.575939413387285,1.8153133833160016,1.6784872544907306,-0.042223416015498456,1.6400313490068075,1.6226506648888939,1.6223081861679893,1.5985784545843316,1.1476108310487985,1.6219981895497708,1.5602634577122334,1.681497313819297,1.7119002326644783,1.6839380029476478,1.5627410091027358,1.6203631439818746,1.564661255808432,1.6336276973001198,1.6280138895879739,1.6023730767244055,1.6430903227351727,1.6040957574233312,-1.7663435714867115,1.6355692440526708,1.6088311219297293,1.816218276117554,1.5889388936266127,1.7114407374888525,1.620697511222959,1.6380432452993865,1.6736244211941305,1.6179268332973544,1.5619385828287133,1.6424308425207104,1.628344274569285,1.5664310031202286,1.6554783965337014,1.713382265562782,1.621509953419861,1.6817595901642532,1.6123047555845034,1.5775612857247991,1.160091774527614,1.6274030298813063,1.6357786291631915,1.6197991938777103,2.9792513479822684,1.653712172262632,1.7764980553833696,1.8182803712345035,1.5778336124190064,1.6013110644711988,1.6801102953484046,1.7132885974782226,1.6758029248351,1.6392371950547955,1.6136062213822964,1.5597782278024381,1.6052913383122305,1.6550409545853402,1.5775793288297202,1.6056726911302752,1.577420430637235,1.5810333659275628,1.713398754228786,1.5899962284988094,1.8135002627827352,1.6205485358659426,1.5813233204997459,1.6021163919356447,1.567801641645738,1.636432291256092,1.607812423753885,1.5855054743144195,1.5618825834623038,1.6280323335506681,1.6014999664894027,1.6102306417930685,1.6412176672511534,1.609814094266781,1.6019736789078556,1.692122858068131,1.6116266123416965,1.6821165323903366,1.606336087555936,-0.11066426808372769,1.5891426796682941,1.6436559973337899,1.5782414864442
1398,1519076717,1.8092765113874663,1.6252192158971361,1.6073443936178997,1.5776348872576207,1.6108304558500837,1.675864847975064,1.8085950348441338,1.6215424974413244,1.6894224432403206,1.64558361216028,1.6395579368993358,1.5662798221819259,1.6467396101696206,1.8088997759361203,1.6082890162059367,1.6026183121939528,1.6856423129486788,1.624614133338106,1.574544710050228,1.6030633923870954,1.5698184283219194,1.6091669073225172,-0.17069114333744284,1.6065918354650945,1.6096118372313053,1.5809436962210244,1.6080680116010961,1.688827713322143,1.8111123813527559,1.7399169237165983,1.5904346490055112,1.6361871946084496,1.5630897312928873,-0.4872611357320539,1.6579568940334402,1.6142224942097578,1.6466207489180733,1.7138190052088946,1.6195897310023197,1.6788157577675595,1.673742525472075,1.5777379721250069,1.8205722323972429,1.6822255233069345,-0.042223416015498456,1.6435080041494456,1.6250376383484706,1.624693215306498,1.6004710422439425,1.147613717499942,1.6249852304923789,1.5619129990583969,1.6835748571598477,1.7132357069852462,1.6874232608891984,1.5638441183274836,1.6223704239492158,1.566317559332435,1.6367090474267376,1.63063241057252,1.6042375396909103,1.6477227582723795,1.6053706797422034,-1.7663435714867115,1.6373302476080134,1.611887641002005,1.8207241528122444,1.5901873324403675,1.712779969147249,1.62357067637188,1.6411407675986132,1.6758517347742787,1.6204294620029842,1.5630422888457736,1.6454537350491734,1.6304368963899285,1.5686342379300897,1.6576073040666066,1.7155263305092796,1.6238279327125271,1.6831520313623027,1.6140787768882439,1.5805644471994462,1.1603344851813724,1.630016241292892,1.639321730041938,1.6215253155593687,2.9905801013801363,1.6563665632598914,1.7764980553833696,1.8227766562051284,1.5789582867456107,1.6032130862132576,1.6823516712743507,1.714001666661723,1.6787058595085147,1.6418168030510658,1.6156442462908942,1.5619777586083063,1.6071623845849399,1.6577051627686075,1.5787032291478331,1.6076507888653473,1.5791056905114722,1.582161268677575,1.714113094841666,1.5912438558494861,1.8210020550659098,1.6222747865045861,1.5830176047433488,1.6046041903721764,1.5704229378618988,1.638483353745994,1.6122672533098639,1.5858236527241958,1.5629858286745915,1.6306475442834658,1.6027680381954759,1.612001183049838,1.6446964661047592,1.6127640449683132,1.6032436058742134,1.6935102818807508,1.6136607969548622,1.6843380284187597,1.609446095831006,-0.11066426808372769,1.5897660194678056,1.646685548925277,1.5793663274430383
1399,1519076723,1.8127634772776309,1.627542163440943,1.6093245359531443,1.5793209286670442,1.6126028129808165,1.67729712501865,1.81138645176904,1.6232701800285272,1.690799671579574,1.6492201124360488,1.6413273019534957,1.5688921590907157,1.648381303786613,1.8116908655996184,1.6102684128402196,1.604526995179216,1.6869897110261243,1.6264057073311209,1.5756535677034813,1.6049687811911957,1.5724405154966856,1.611143402319879,-0.17069114333744284,1.6072307872842706,1.61208818750823,1.5839484522446752,1.6100499949718816,1.6902182262199796,1.8145975885163852,1.7414046057745427,1.591058033642271,1.6379521964151225,1.5647462239401217,-0.7650447993788558,1.6600856359754566,1.6162570921602393,1.6496561528652882,1.715826565024023,1.6215488757338041,1.6803095657041407,1.6910871575905715,1.5807355700212102,1.822826024860632,1.6829731770701755,-0.042223416015498456,1.6452463317207648,1.6274246118080475,1.6264819871603793,1.6017327673503499,1.1476166039510853,1.626777455057944,1.5635625404045603,1.684959886053548,1.7152389184663976,1.6888173640658184,1.5649472275522314,1.6248795239083924,1.567973862856438,1.6387632808444828,1.6327272273601572,1.6067234903129166,1.649459921598832,1.6066456020610758,-1.7663435714867115,1.63967825234847,1.6139253203835222,1.8237280706087047,1.5920599906609993,1.7141192008056454,1.625294575461233,1.6432057824647643,1.6773366104943774,1.622431564967488,1.5641459948628338,1.647267470566251,1.632529518210572,1.5697358553350202,1.6608006653659642,1.7176703954557773,1.6255664171820265,1.6845444725603522,1.6158527981919844,1.5829669763791636,1.1605286537043793,1.6321068104221608,1.6410932804813114,1.623826811134913,3.0016179263394354,1.6584900760576988,1.7764980553833696,1.8257741795188787,1.580082961072215,1.6038470934606106,1.6838459218916482,1.7168539433957242,1.6794315931768684,1.6438804894480823,1.617682271199492,1.5630775240112404,1.6090334308576493,1.6609022125885282,1.579827129465946,1.6101234110341875,1.580229197094297,1.583289171427587,1.7155417760674263,1.5918676695248246,1.823252592750862,1.6240010371432294,1.5841471275724177,1.6058480895904423,1.5730442340780595,1.6410471818583714,1.6142471775569656,1.58630092033886,1.5640890738868791,1.6332627550162637,1.6034020740485122,1.6143619047255306,1.6475954651494304,1.6145340153892327,1.6038785693573923,1.6944352310891644,1.6162035277213194,1.6848934024258655,1.610690099141034,-0.11066426808372769,1.5910126990668285,1.6485032798801693,1.5810535889412958
1400,1519076729,1.8155530499897627,1.6304458478707016,1.6117997138722002,1.5804449562733265,1.6143751701115494,1.6787294020622356,1.814177868693946,1.625573756811464,1.6928655140884536,1.6510383625739333,1.6430966670076554,1.5709820286177474,1.6510872498903308,1.8144819552631164,1.612742658633073,1.6057994505027249,1.6890108081422923,1.6281972813241359,1.5767624253567347,1.6068741699952958,1.5745381852364988,1.6131198973172407,-0.17069114333744284,1.6085086909226223,1.613078727619,1.5857513058588657,1.6115364824999705,1.6923039955667347,1.8180827956800143,1.743388181851802,1.5923048029157907,1.639717198221795,1.5664027165873564,0.012749458832189704,1.662746563402977,1.618800339598341,1.6514773952336173,1.7171649382341085,1.6230182342824173,1.6810564696724315,1.8575956259281365,1.582534128758932,1.8250798173240212,1.684468484596657,-0.042223416015498456,1.647564101815857,1.6298115852676245,1.6282707590142607,1.6023636299035535,1.1476202120150147,1.6285696796235087,1.564662234635336,1.6863449149472483,1.7165743927871653,1.6902114672424386,1.5660503367769791,1.627388623867569,1.5690780652057732,1.640817514262228,1.6348220441477943,1.6073449779684181,1.6506180304831337,1.607283063220512,-1.7663435714867115,1.641439255903813,1.6159629997650395,1.8259810089560498,1.5939326488816312,1.716797664122438,1.6270184745505856,1.6452707973309155,1.678079048354427,1.624433667931992,1.5652497008798938,1.6502903630947139,1.6346221400312153,1.5708374727399508,1.6629295728988693,1.7183850837712764,1.6273049016515262,1.6859369137584017,1.6176268194957248,1.5847688732639518,1.1607713643581377,1.6341973795514293,1.6428648309206846,1.6255529328165714,3.012937951884146,1.6611444670549582,1.7764980553833696,1.8287717028326287,1.5817699725621213,1.6051151079553165,1.6860872978175943,1.7175670125792244,1.6823345278502833,1.6459441758450986,1.6197202961080897,1.5647271721156417,1.6102807950394555,1.663033579135142,1.5809510297840592,1.6121015087692596,1.5813527036771218,1.5844170741775991,1.7183991385189465,1.5931152968755014,1.8255031304358145,1.6263027046614205,1.5852766504014864,1.6077139384178412,1.575141271050988,1.6430982443482733,1.6157321207422919,1.5866190987486364,1.5651923190991668,1.6358779657490614,1.6046701457545853,1.6167226264012233,1.648755064767299,1.6168939759504586,1.6064184232901078,1.6958226549017843,1.6187462584877763,1.6871148984542885,1.611312100796048,-0.11066426808372769,1.5922593786658517,1.6515328314716564,1.5827408504395533
1401,1519076734,1.8190400158799274,1.6321880585285569,1.613779856207445,1.581568983879609,1.6185106700832592,1.6815939561494075,1.8169692856188522,1.6273014393986667,1.6942427424277067,1.6528566127118176,1.6448660320618154,1.5735943655265372,1.6538708786573133,1.817970817342489,1.6152169044259264,1.6064356781644793,1.6910319052584604,1.6299888553171509,1.5784257118366147,1.6081444291980291,1.5766358549763118,1.6150963923146022,-0.17069114333744284,1.6091476427417981,1.6160503479513098,1.5881551106777865,1.6150049533988446,1.6943897649134896,1.8208709614109178,1.745867651948376,1.5929281875525505,1.6414822000284677,1.567507045018846,0.2905331224789917,1.6648753053449932,1.6208349375488225,1.6532986376019463,1.718503311444194,1.6264467375625151,1.6825502776090127,1.8575956259281365,1.5855317266551352,1.8280848739418734,1.6867114458863794,-0.042223416015498456,1.6504613144347222,1.631601815362307,1.630059530868142,1.6048870801163682,1.1476230984661582,1.6303619041890736,1.5657619288661118,1.6877299438409485,1.717909867107933,1.692302622007369,1.567705000614101,1.6293959038349104,1.5701822675551085,1.6428717476799732,1.6369168609354312,1.6085879532794212,1.6529342482517368,1.6085579855393843,-1.7663435714867115,1.644374261829384,1.6195289386826945,1.82898492675251,1.595181087695386,1.7181368957808345,1.6287423736399382,1.6478520659136044,1.6795639240745257,1.6269362966376217,1.566353406896954,1.6521040986117916,1.6367147618518585,1.5719390901448813,1.6650584804317743,1.719814460402275,1.6302023757673587,1.6873293549564512,1.6194008407994653,1.58657077014874,1.1612567856656544,1.636287948680698,1.6452268981731824,1.628429802286002,3.0243307095384995,1.6632679798527656,1.7764980553833696,1.8310198453179412,1.5828946468887255,1.6070171296973754,1.6883286737435406,1.718993150946225,1.683060261518637,1.6480078622421148,1.6217583210166875,1.5658269375185758,1.6115281592212618,1.6651649456817559,1.5820749301021722,1.6145741309380999,1.583037963551359,1.5855449769276113,1.7198278197447068,1.5949867379015166,1.8277536681207667,1.6286043721796115,1.586406173230555,1.608335888026974,1.5777625672671487,1.645662072460651,1.6187020071129445,1.5870963663633006,1.5668471869175984,1.6379701343352997,1.6059382174606585,1.6184931676579928,1.6510742640030363,1.6186639463713781,1.6070533867732868,1.699522451735438,1.620780443100942,1.6898917684898171,1.612556104106076,-0.11066426808372769,1.594129398064386,1.6533505624265488,1.5838656914383915
1402,1519076740,1.8218295885920592,1.633930269186412,1.6157599985426898,1.5826930114858913,1.620283027213992,1.6830262331929933,1.8197607025437585,1.6290291219858692,1.69561997076696,1.654674862849702,1.646635397115975,1.575684235053569,1.655737851997773,1.8214596794218616,1.6171963010602093,1.6077081334879881,1.6930530023746284,1.6329748119721759,1.5795345694898681,1.6087795587993958,1.5792579421510782,1.617072887311964,-0.17069114333744284,1.6110644981993256,1.6180314281728496,1.589957964291977,1.61698693676963,1.6957802778113262,1.823659127141821,1.7473553340063204,1.5954217260995898,1.6432472018351403,1.5686113734503357,-0.15392073935589148,1.6670040472870096,1.622869535499304,1.6551198799702753,1.7198416846542797,1.6284058822939995,1.6847909895138848,1.8437199202333394,1.5873302853928573,1.8318411947141886,1.6874590996496204,-0.042223416015498456,1.6521996420060414,1.6333920454569897,1.6324445600066506,1.6055179426695718,1.1476267065300876,1.6321541287546386,1.5674114702122752,1.689807487181499,1.7192453414287006,1.6936967251839892,1.5688081098388487,1.6314031838022516,1.5712864699044438,1.6449259810977186,1.6390116777230683,1.610452416245926,1.6546714115781893,1.610470369017693,-1.7663435714867115,1.6461352653847265,1.6215666180642117,1.831237865099855,1.5958053071022633,1.719476127439231,1.630466272729291,1.6499170807797556,1.681791237654674,1.6289383996021256,1.5680089659225442,1.6539178341288694,1.6393305391276627,1.5730407075498118,1.6671873879646795,1.7212438370332734,1.6319408602368584,1.6894180167535255,1.6235402238415266,1.5895739316233868,1.161450954188661,1.6389011600922838,1.6469984486125555,1.6301559239676602,3.0354412666074406,1.6653914926505733,1.7764980553833696,1.8332679878032536,1.5840193212153297,1.6082851441920811,1.6890757990521892,1.7204192893132257,1.6845117288553444,1.6500715486391313,1.6248153583795841,1.56692670292151,1.6121518413121652,1.6672963122283697,1.5837607805793417,1.616552228673172,1.5841614701341837,1.5872368310526292,1.7205421603575868,1.5962343652521933,1.830004205805719,1.630330622818255,1.588100457474158,1.60957978724524,1.5798596042400772,1.647713134950553,1.6206819313600462,1.587414544773077,1.567950432129886,1.640062302921538,1.607840325019768,1.6214440697526085,1.652813663429839,1.6204339167922974,1.6083233137396444,1.7004474009438513,1.6233231738673992,1.690447142496923,1.6138001074161041,-0.11066426808372769,1.5953760776634092,1.6551682933814411,1.58499053243723
1403,1519076746,1.8281061271943557,1.6374146905021223,1.6202153187969903,1.5860650943047383,1.6238277414754578,1.685890787280165,1.8260413906247974,1.6330603813560087,1.6983744274454662,1.6589174465047658,1.6519434922784546,1.5798639741076326,1.6584075461919674,1.8270418587488577,1.6216499434873455,1.6115254994585146,1.696421497568242,1.6365579599582056,1.581752284796375,1.6113200772048628,1.5834532816307043,1.6215200010560278,-0.17069114333744284,1.615537160933557,1.6224888586713142,1.593563671520358,1.6214463993538968,1.6985613036069995,1.8292354586036277,1.750330698122209,1.597915264646629,1.6479538733196006,1.570820030313315,-1.0983851957550184,1.6717937166565464,1.6279560303755074,1.6599765262858193,1.7231876176794936,1.6323241717569683,1.6877786053870474,1.5453922477952018,1.590927402868301,1.8363487796409668,1.6911973684658244,-0.042223416015498456,1.656835182196226,1.636972505646355,1.6366183609990406,1.6080413928823865,1.1476339226579462,1.6369333942628117,1.5696108586738264,1.6932700594157497,1.7219162900702358,1.6971819831255397,1.571565882900718,1.6354177437369342,1.5740469757777822,1.6495480062876453,1.6437250154952519,1.6123168792124305,1.6604619559996976,1.6142951359743098,-1.7663435714867115,1.6502442736805258,1.625641976827246,1.8372457006927756,1.5983021847297725,1.722824206585222,1.6344887039377805,1.6545633642285955,1.6847609890948718,1.6334431312722593,1.5707682309651945,1.6581498836687174,1.6435157827689495,1.575794751062138,1.6719774299137158,1.7241025902952702,1.6365768188221905,1.6928991197486492,1.6276796068835877,1.593177725392963,1.1618878333654263,1.6436049406331383,1.651722583117551,1.6336081673309768,3.046857298536879,1.67016939644564,1.7764980553833696,1.8377642727738788,1.5862686698685382,1.610821173181493,1.6920643002867841,1.7225584968637266,1.6866889298604053,1.6552307646316722,1.6294009144239292,1.569676116428845,1.6152702517666808,1.6720918869582508,1.5865705313746241,1.6205084241433163,1.5869702365912457,1.5906205393026656,1.723399522809107,1.5987296199535468,1.8352554604039413,1.6343585409750894,1.591489025961364,1.6126895352909048,1.5840536781859345,1.6523280255528325,1.6256317419778006,1.5880509015926294,1.571260167766749,1.6442466400940143,1.6110105042849505,1.6249851522661474,1.656872262092379,1.6257438280550558,1.6102282041891811,1.7032222485690915,1.6273915430937307,1.6937793865395574,1.6169101156911743,-0.11066426808372769,1.5984927766609667,1.6588037552912258,1.5872402144349065
1404,1519076751,1.8281061271943557,1.6397376380459292,1.6226904967160463,1.5871891219110208,1.6256000986061907,1.687323064323751,1.8260413906247974,1.6353639581389456,1.6997516557847192,1.6619478634012397,1.6537128573326143,1.5824763110164224,1.6610642932756177,1.8270418587488577,1.6236293401216282,1.6127979547820235,1.6977688956456873,1.6383495339512206,1.5828611424496284,1.6119552068062295,1.5855509513705175,1.6234964960533895,-0.17069114333744284,1.6168150645719086,1.6229841287266993,1.5953665251345486,1.6214463993538968,1.6999518165048364,1.8292354586036277,1.750330698122209,1.5991620339201487,1.6508955429973884,1.5719243587448046,0.2905331224789917,1.6739224585985628,1.6299906283259888,1.6617977686541483,1.7245259908895791,1.6323241717569683,1.6892724133236288,1.8229063616911438,1.592725961606023,1.8363487796409668,1.692692675992306,-0.042223416015498456,1.656835182196226,1.6387627357410377,1.638407132852922,1.6086722554355901,1.1476368091090896,1.6387256188283765,1.57126040001999,1.6946550883094502,1.7239195015513875,1.69857608630216,1.5726689921254657,1.6379268436961107,1.5751511781271175,1.652115798059827,1.6458198322828888,1.6141813421789353,1.6604619559996976,1.6155700582931822,-1.7663435714867115,1.6525922784209828,1.6276796562087632,1.8372457006927756,1.5989264041366498,1.7241634382436182,1.6362126030271333,1.6566283790947467,1.6862458648149705,1.6354452342367631,1.5718719369822547,1.6599636191857952,1.645608404589593,1.5774471771695338,1.6746385643298471,1.7255319669262688,1.6383153032916902,1.6942915609466989,1.6294536281873282,1.5949796222777513,1.162082001888433,1.645695509762407,1.6534941335569242,1.635334289012635,3.058212235494218,1.6722929092434478,1.7764980553833696,1.8377642727738788,1.5873933441951424,1.612089187676199,1.6928114255954327,1.7246977044142275,1.6881403971971127,1.6572944510286884,1.631438939332527,1.5707758818317792,1.616517615948487,1.6742232535048647,1.587694431692737,1.6224865218783884,1.5880937431740705,1.5917484420526777,1.7248282040348673,1.5999772473042235,1.8352554604039413,1.6360847916137329,1.5931833102049673,1.6139334345091705,1.586150715158863,1.65489185366521,1.6256317419778006,1.5883690800024057,1.5723634129790367,1.6463388086802526,1.611644540137987,1.62734587394184,1.6580318617102474,1.627513798475975,1.611498131155539,1.704147197777505,1.6299342738601879,1.694890134553769,1.6181541190012023,-0.11066426808372769,1.5997394562599896,1.6606214862461182,1.5883650554337447
1405,1519076757,1.8315930930845203,1.6426413224756877,1.624670639051291,1.588313149517303,1.6273724557369236,1.6887553413673366,1.8295306617809302,1.6370916407261484,1.701817498293599,1.6637661135391242,1.6554822223867742,1.5845661805434543,1.6637805970677706,1.8298329484123559,1.6261035859144817,1.6140704101055323,1.6997899927618554,1.6401411079442356,1.5845244289295086,1.6144957252116965,1.5876486211103304,1.625472991050751,-0.17069114333744284,1.6180929682102603,1.625460479003624,1.597169378748739,1.6239238785673784,1.701342329402673,1.8334177071999829,1.7523142741994682,1.5997854185569085,1.652660544804061,1.5730286871762944,0.5127600533964333,1.676583386026083,1.6320252262764703,1.6636190110224773,1.7258643640996647,1.6347731026713237,1.6907662212602101,1.8714713316229337,1.5945245203437448,1.838602572104356,1.6934403297555467,-0.042223416015498456,1.659152952291318,1.642343195930403,1.6401959047068033,1.610564843095201,1.1476411387858048,1.6405178433939414,1.5723600942507656,1.6967326316500007,1.7252549758721551,1.6999701894787802,1.5737721013502137,1.6404359436552873,1.5762553804764527,1.654170031477572,1.6479146490705259,1.6154243174899383,1.66219911932615,1.6162075194526184,-1.7663435714867115,1.6543532819763254,1.6297173355902803,1.8402496184892358,1.6001748429504046,1.7255026699020146,1.637936502116486,1.6592096476774356,1.6884731783951188,1.6374473372012668,1.5729756429993147,1.6629865117142582,1.6477010264102363,1.5785487945744643,1.6767674718627523,1.7269613435572673,1.6400537877611896,1.6956840021447483,1.6312276494910687,1.5967815191625394,1.1622761704114397,1.6477860788916756,1.655856200809422,1.6370604106942934,3.0695293517545434,1.675478178440159,1.7764980553833696,1.8415111769160664,1.5890803556850488,1.6139912094182578,1.6943056762127302,1.7261238427812282,1.6903175982021739,1.659358137425705,1.6339864704682743,1.5718756472347133,1.6171412980393902,1.6763546200514785,1.5893802821699066,1.6244646196134607,1.5897790030483077,1.5928763448026897,1.7262568852606275,1.600601060979562,1.838256177317211,1.638386459131924,1.594312833034036,1.6145553841183036,1.5882477521317915,1.656942916155112,1.6281066472866779,1.58884634761707,1.574569903403612,1.6494770615596102,1.6135466476970965,1.6297065956175327,1.6603510609459846,1.6292837688968946,1.6134030216050756,1.7050721469859182,1.6324770046266448,1.6960008825679804,1.6193981223112304,-0.11066426808372769,1.6022328154580356,1.6636510378376053,1.5906147374314215
1406,1519076763,1.8343826657966522,1.6449642700194946,1.6266507813865358,1.5894371771235856,1.6297355985779007,1.6901876184109226,1.833019932937063,1.638819323313351,1.703194726632852,1.6655843636770085,1.6578413757923205,1.587178517452244,1.6662897470912181,1.8333218104917286,1.628577831707335,1.6147066377672867,1.7011373908393008,1.6419326819372506,1.585633286582762,1.6157659844144299,1.5897462908501436,1.6284377335467937,-0.17069114333744284,1.6193708718486122,1.6279368292805487,1.60017413477239,1.6268968536235564,1.703428098749428,1.836205872930886,1.7547937442960422,1.6016555724671881,1.6544255466107338,1.5757895082550184,0.5127600533964333,1.6787121279680994,1.6340598242269517,1.6654402533908064,1.7272027373097503,1.637222033585679,1.6915131252285007,1.8610645523518359,1.597522118239948,1.841607628722208,1.695683291045269,-0.042223416015498456,1.6620501649101833,1.6441334260250857,1.643177191129939,1.6118265682016084,1.1476440252369484,1.642907476148028,1.574009635596929,1.698117660543701,1.7272581873533066,1.7020613442437105,1.5754267651873353,1.642945043614464,1.5779116840004557,1.6567378232497536,1.6505331700550723,1.617288780456443,1.6645153370947534,1.618119902930927,-1.7663435714867115,1.656114285531668,1.6322644348171769,1.8425025568365812,1.6039201593916683,1.7281811332188073,1.6413843002951913,1.6612746625435868,1.6892156162551681,1.6394494401657707,1.574631202024905,1.664800247231336,1.6497936482308795,1.5796504119793948,1.6788963793956573,1.7276760318727664,1.6417922722306892,1.6970764433427978,1.6330016707948092,1.5985834160473276,1.1625674231959497,1.6503992903032614,1.6576277512487951,1.6387865323759516,3.080814465886626,1.6776016912379665,1.7764980553833696,1.8437593194013788,1.590767367174955,1.6158932311603165,1.6965470521386765,1.7275499811482289,1.6917690655388813,1.6619377454219753,1.6360244953768721,1.5729754126376474,1.6190123443120998,1.6784859865980923,1.5905041824880195,1.6264427173485327,1.5914642629225446,1.5945681989277078,1.7298285883250277,1.6030963156809155,1.8412568942304808,1.6412635435296627,1.5954423558631046,1.6157992833365693,1.5908690483479522,1.6589939786450139,1.6300865715337796,1.5893236152317345,1.5756731486158997,1.6515692301458482,1.6148147194031697,1.6320673172932254,1.6626702601817218,1.631053739317814,1.6153079120546123,1.7059970961943316,1.6345111892398105,1.6965562565750862,1.6200201239662444,-0.11066426808372769,1.602856155257547,1.6654687687924976,1.5917395784302597
1407,1519076768,1.8371722385087839,1.6467064806773497,1.6286309237217804,1.5905612047298678,1.6320987414188777,1.6930521724980943,1.8358113498619693,1.6405470059005536,1.7045719549721052,1.667402613814893,1.6596107408464804,1.5892683869792759,1.6690008720391536,1.836810672571101,1.6310520775001884,1.6159790930907956,1.7038321869941915,1.6461130212542856,1.587296573062642,1.61767137321853,1.5928927954598633,1.6304142285441554,-0.08572961197044983,1.620009823667788,1.6299179095020886,1.6019769883865804,1.6288788369943417,1.7048186116472646,1.8389940386617896,1.7562814263539865,1.6047724956509872,1.6561905484174064,1.5768938366865082,0.6238735188551541,1.6813730553956199,1.6366030716650535,1.6672614957591352,1.7285411105198358,1.6391811783171635,1.6945007411016633,1.8610645523518359,1.5993206769776698,1.8446126853400604,1.6971785985717507,-0.042223416015498456,1.6637884924815025,1.6459236561197683,1.6461584775530747,1.6137191558612194,1.1476476333008776,1.6452971089021144,1.5751093298277046,1.7001952038842514,1.729261398834458,1.7034554474203307,1.577081429024457,1.644952323581805,1.579015886349791,1.658792056667499,1.6531516910396187,1.6179102681119446,1.6656734459790552,1.6200322864092356,-1.7663435714867115,1.659049291457239,1.6348115340440732,1.8447554951839262,1.605168598205423,1.7295203648772037,1.643108199384544,1.663339677409738,1.6914429298353164,1.6419520688714004,1.5768386140590251,1.6666139827484137,1.6534557364170055,1.5807520293843254,1.6810252869285625,1.729105408503765,1.6441102515233554,1.699165105139872,1.6359583729677099,1.6015865775219744,1.1627615917189564,1.6535351439971644,1.6593993016881685,1.6422387757392682,3.0921926771190504,1.679725204035774,1.7764980553833696,1.8460074618866915,1.5924543786648613,1.6177952529023754,1.698041302755974,1.73040225788223,1.6924947992072348,1.6640014318189917,1.6385720265126194,1.5740751780405815,1.620259708493906,1.6806173531447062,1.592190032965189,1.629409863951141,1.5931495227967818,1.596260053052726,1.730542928937908,1.6049677567069305,1.8435074319154332,1.643565211047854,1.5965718786921732,1.6170431825548353,1.5929660853208807,1.6615578067573915,1.6320664957808813,1.5898008828463988,1.5773280164343313,1.6536613987320865,1.6167168269622791,1.6332476781310716,1.6644096596085247,1.63341369987904,1.6172128025041488,1.7069220454027452,1.6365453738529763,1.6976670045892976,1.6212641272762724,-0.11066426808372769,1.605349514455593,1.6678924100656873,1.5934268399285172
1408,1519076774,1.8434487771110804,1.648448691335205,1.6311061016408364,1.5922472461392914,1.6338710985496105,1.69448444954168,1.8427898921742347,1.6434264768792248,1.7059491833113585,1.6692208639527772,1.6631494709548,1.5913582565063076,1.6714685913088598,1.8423928518980972,1.6330314741344711,1.6178877760760588,1.705179585071637,1.6479045952473006,1.5884054307158955,1.6189416324212635,1.5955148826346297,1.632390723541517,-0.17069114333744284,1.6212877273061397,1.6328895298343984,1.603779842000771,1.6318518120505197,1.7062091245451012,1.845267411556322,1.7587608964505606,1.605395880287747,1.657955550224079,1.5779981651179977,0.5683167861257937,1.6835017973376363,1.6391463191031554,1.6690827381274642,1.7305486703349642,1.64211989541439,1.697488356974826,1.8575956259281365,1.6011192357153918,1.8491202702668386,1.6994215598614733,-0.042223416015498456,1.6666857051003676,1.6483106295793453,1.647947249406956,1.6149808809676267,1.147650519752021,1.647686741656201,1.576758871173868,1.7015802327779517,1.7305968731552257,1.705546602185261,1.5781845382492048,1.6469596035491463,1.5801200886991262,1.660846290085244,1.6557702120241649,1.6197747310784494,1.6685687181898092,1.6219446698875442,-1.7663435714867115,1.661397296197696,1.6368492134255905,1.8500123513277316,1.6057928176123004,1.7308595965356002,1.6448320984738967,1.665404692275889,1.6929278055554153,1.6439541718359043,1.5779423200760854,1.6696368752768764,1.655548358237649,1.5824044554917212,1.6831541944614676,1.7312494734502626,1.6458487359928549,1.701949987535971,1.6377323942714503,1.6045897389966215,1.163004302372715,1.6556257131264331,1.6611708521275417,1.6439648974209267,3.103524339801304,1.6823795950330334,1.7764980553833696,1.8520025085141916,1.5935790529914655,1.6190632673970813,1.6995355533732712,1.7311153270657305,1.6939462665439422,1.6670969614145161,1.640610051421217,1.5757248261449828,1.6208833905848092,1.68274871969132,1.5944378336014149,1.6313879616862133,1.5942730293796066,1.5979519071777442,1.731971610163668,1.6062153840576074,1.85025904497029,1.6452914616864973,1.597701401521242,1.618909031382234,1.5950631222938092,1.664121634869769,1.635036382151534,1.590119061256175,1.578431261646619,1.6562766094648844,1.6192529703744252,1.6356083998067643,1.667308658653196,1.6363636505805723,1.6184827294705066,1.7078469946111585,1.638579558466142,1.6982223785964035,1.6231301322413143,-0.11066426808372769,1.6059728542551046,1.6697101410205797,1.5945516809273554
1409,1519076779,1.8462383498232122,1.65019090199306,1.6340763151437034,1.5933712737455739,1.6356434556803434,1.6966328651070588,1.8462791633303675,1.64688184205363,1.708015025820238,1.6716451974699567,1.6649188360089597,1.5934481260333395,1.6734158367346932,1.84588171397747,1.635010870768754,1.6191602313995677,1.707200682187805,1.6496961692403156,1.5900687171957757,1.620211891623997,1.5976125523744427,1.634861342288219,-0.17069114333744284,1.6232045827636674,1.6358611501667082,1.6055826956149615,1.6353202829493938,1.7089901503407747,1.8487526187199512,1.7607444725278196,1.6066426495612667,1.6614855538374242,1.5791024935494875,0.1238629242909105,1.6861627247651567,1.6416895665412572,1.6715110612852362,1.7325562301500925,1.6450586125116167,1.699729068879698,1.8437199202333394,1.6029177944531137,1.8528765910391538,1.7016645211511956,-0.042223416015498456,1.669582917719233,1.6501008596740279,1.6497360212608374,1.6168734686272377,1.1476534062031645,1.6506737825988091,1.5784084125200315,1.7043502905653523,1.7319323474759933,1.7076377569501913,1.5792876474739526,1.6489668835164877,1.5823284933977968,1.663927640211862,1.6583887330087113,1.621639194044954,1.672622099284865,1.6232195922064163,-1.7663435714867115,1.6631582997530385,1.6388868928071076,1.8522652896750769,1.607041256426055,1.7321988281939966,1.6471306305930338,1.6679859608585779,1.695897556995613,1.6459562748004082,1.5790460260931454,1.6714506107939542,1.657640980058292,1.5846076903015822,1.685815328877599,1.7341082267122596,1.6475872204623545,1.7040386493330453,1.6400977560097711,1.6063916358814097,1.163295555157225,1.6577162822557017,1.6641234361931638,1.6456910191025849,3.1146232597327024,1.6850339860302928,1.7764980553833696,1.8550000318279416,1.5947037273180698,1.6196972746444342,1.7025240546078662,1.732541465432731,1.6961234675490033,1.6691606478115326,1.6431575825569642,1.5768245915479169,1.6233781189484218,1.6854129278745873,1.5955617339195278,1.6333660594212853,1.5953965359624314,1.5996437613027623,1.7334002913894282,1.6068391977329457,1.85325976188356,1.6470177123251406,1.599395685764845,1.6201529306005,1.5971601592667377,1.6661726973596709,1.6389962306457375,1.5904372396659512,1.5800861294650503,1.6583687780511227,1.6198870062274617,1.6373789410635338,1.6696278578889332,1.6381336210014918,1.6191176929536855,1.7092344184237787,1.6411222892325992,1.7004438746248265,1.6256181388613704,-0.11066426808372769,1.607842873653639,1.6721337822937694,1.595676521926194
1410,1519076785,1.8497253157133768,1.6519331126509151,1.6360564574789482,1.5944953013518561,1.6374158128110763,1.6980651421506445,1.8490705802552736,1.6486095246408328,1.7100808683291178,1.6746756143664305,1.6666882010631197,1.5965829303238872,1.676033742486711,1.8486728036409679,1.6369902674030368,1.6204326867230765,1.7085480802652504,1.6514877432333306,1.591177574849029,1.622117280428097,1.5997102221142558,1.6368378372855807,-0.17069114333744284,1.624482486402019,1.638337500443633,1.6079865004338822,1.637302266320179,1.7103806632386114,1.8522378258835803,1.762232154585764,1.6078894188347863,1.663250555644097,1.580758986196722,0.2905331224789917,1.688291466707173,1.6437241644917386,1.6751535460218943,1.733894603360178,1.647017757243101,1.7004759728479886,1.8437199202333394,1.6065149119285576,1.855130383502543,1.7031598286776772,-0.042223416015498456,1.671321245290552,1.653084576498499,1.6515247931147188,1.618135193733645,1.1476562926543081,1.6524660071643742,1.580057953866195,1.7057353194590528,1.7339355589571448,1.7090318601268115,1.5803907566987003,1.6509741634838289,1.5839847969218,1.6659818736296073,1.6604835497963484,1.6235036570114587,1.6743592626113175,1.6244945145252887,-1.7663435714867115,1.6649193033083811,1.6409245721886248,1.856020186920652,1.6082896952398096,1.7335380598523928,1.6488545296823864,1.670050975724729,1.6973824327157119,1.648458903506038,1.5801497321102056,1.673264346311032,1.6597336018789355,1.5857093077065127,1.6884764632937301,1.7348229150277588,1.6499051997550205,1.7054310905310948,1.6418717773135116,1.6081935327661978,1.1634897236802317,1.6598068513849704,1.665894986632537,1.6474171407842433,3.1259694688368844,1.6871574988281004,1.7764980553833696,1.8587469359701292,1.595828401644674,1.6209652891391402,1.703271179916515,1.7346806729832318,1.6983006685540645,1.6712243342085489,1.645195607465562,1.577924356950851,1.6258728473120345,1.688609977694508,1.596685634237641,1.6353441571563574,1.5965200425452561,1.6007716640527745,1.7341146320023082,1.6080868250836224,1.8555102995685122,1.648743962963784,1.6005252085939137,1.620774880209633,1.5997814554828984,1.668223759849573,1.6409761548928392,1.5909145072806157,1.581189374677338,1.6609839887839204,1.6211550779335346,1.6403298431581497,1.6725268569336045,1.6399035914224112,1.6203876199200433,1.7106218422363986,1.6436650199990563,1.701554622639038,1.6268621421713985,-0.11066426808372769,1.609089553252662,1.6739515132486618,1.5973637834244512
1411,1519076791,1.8532122816035417,1.6559982708525773,1.6400167421494376,1.596743356564421,1.6421420984930306,1.7002135577160233,1.8518619971801797,1.652064889815238,1.7135239391772505,1.6783121146421993,1.6702269311714393,1.6012851367597087,1.6784729781132204,1.851463893304466,1.6409490606716022,1.6223413697083398,1.711242876420141,1.6550708912193604,1.5939497189821625,1.6240226692321973,1.603905561593882,1.6407908272803042,-0.17069114333744284,1.6263993418595466,1.6403185806651728,1.6133950612764538,1.6397797455336607,1.7138569454832029,1.8550259916144838,1.764711624682338,1.6097595727450658,1.6673688931929997,1.5835198072754462,-0.32059093754397266,1.6930811360767097,1.6488106593679421,1.6787960307585523,1.737240536385392,1.6499564743403277,1.7034635887211513,1.7153696425564664,1.610711548983242,1.857384175965932,1.7054027899673996,-0.042223416015498456,1.6742184579094173,1.6566650366878641,1.6551023368224818,1.6206586439464596,1.1476627871693807,1.656050456295504,1.5822573423277464,1.7085053772464533,1.7366065075986803,1.7118200664800518,1.5831485297605696,1.6554905434103466,1.5867453027951381,1.670603898819534,1.6646731833716224,1.6259896076334648,1.67609642593777,1.6264068980035973,-1.7663435714867115,1.6690283116041804,1.6455093507970384,1.8590241047171123,1.6114107922741963,1.7368861389983838,1.6523023278610918,1.6741810054570314,1.6996097462958601,1.6524631094350457,1.5823571441443258,1.6781009743565727,1.6639188455202223,1.588463351218839,1.6927342783595405,1.7376816682897558,1.6533821686940198,1.7089121935262186,1.6460111603555727,1.611797326535774,1.164217855641507,1.6639879896435077,1.6694380875112835,1.651444758041446,3.13728658509721,1.6919354026231672,1.7764980553833696,1.8609950784554417,1.5986400874611846,1.624135325375905,1.7070068064597586,1.7375329497172332,1.7019293368958328,1.6753517070025816,1.6497811635099071,1.5806737704581861,1.628367575675647,1.6928727107877357,1.5989334348738669,1.6397948770602697,1.599328809002318,1.6030274695527986,1.7376863350667087,1.6112058934603144,1.8577608372534646,1.6521964642410707,1.6027842542520512,1.6238846282552977,1.6050240479152198,1.6728386504518524,1.642956079139941,1.591550864100168,1.5833958651019133,1.665168325956397,1.6230571854926443,1.6438709256716886,1.6742662563604074,1.6452135026851695,1.6235624373359379,1.7161715374868791,1.6477333892253876,1.7071083627100956,1.6293501487914546,-0.11066426808372769,1.6109595726511965,1.6787987957950412,1.599613465422128
1412,1519076796,1.8560018543156733,1.6577404815104324,1.6419968844846824,1.5978673841707032,1.6450960270442518,1.7023619732814022,1.854653414105086,1.6537925724024407,1.7149011675165038,1.6813425315386734,1.671996296225599,1.6038974736684986,1.6808500676091178,1.8549527553838387,1.6434233064644557,1.6236138250318486,1.7132639735363093,1.6568624652123753,1.5956130054620425,1.6252929284349307,1.6065276487686484,1.6427673222776658,-0.08572961197044983,1.6283161973170743,1.6422996608867126,1.6151979148906443,1.641761728904446,1.7152474583810395,1.857814157345387,1.7661993067402824,1.6110063420185856,1.6691338949996724,1.5846241357069357,0.3460898552083521,1.6957420635042302,1.6508452573184236,1.6806172731268814,1.7385789095954776,1.651915619071812,1.7049573966577327,1.8610645523518359,1.6131096273002046,1.8611404967382472,1.7076457512571221,-0.042223416015498456,1.6759567854807365,1.658455266782547,1.6580836232456173,1.6225512316060706,1.1476663952333102,1.6584400890495905,1.5833570365585221,1.7105829205870038,1.737941981919448,1.713911221244982,1.5848031935976914,1.657497823377688,1.5878495051444734,1.672658132237279,1.6672917043561688,1.6266110952889665,1.6778335892642224,1.6276818203224697,-1.7663435714867115,1.6713763163446373,1.648056450023935,1.8612770430644576,1.6126592310879508,1.7382253706567803,1.6540262269504444,1.6762460203231826,1.7018370598760084,1.6549657381406755,1.5834608501613858,1.6799147098736504,1.6660114673408655,1.5895649686237696,1.695927639658898,1.7391110449207543,1.6562796428098523,1.710304634724268,1.6489678625284734,1.614800488010421,1.1644120241645137,1.6666012010550935,1.671209637950657,1.6537462536169902,3.1485193321103497,1.6940589154209746,1.7764980553833696,1.8632432209407543,1.5997647617877888,1.6247693326232577,1.708501057077056,1.7382460189007334,1.7026550705641865,1.6774153933995979,1.6523286946456544,1.5817735358611202,1.6289912577665502,1.6950040773343495,1.6000573351919798,1.64226749922911,1.600452315585143,1.6041553723028106,1.739115016292469,1.6124535208109911,1.8600113749384168,1.6550735486388095,1.6044785384956541,1.6251285274735636,1.6071210848881483,1.6754024785642299,1.6449360033870428,1.5920281317148324,1.585050732920345,1.6672604945426353,1.6243252571987172,1.645641466928458,1.6760056557872103,1.6469834731060888,1.6248323643022955,1.7170964866952925,1.6497675738385533,1.7076637367172012,1.6305941521014826,-0.11066426808372769,1.6128295920497309,1.681222437068231,1.6007383064209662
1413,1519076802,1.859488820205838,1.6600634290542393,1.6439770268199272,1.5995534255801267,1.6468683841749847,1.703794250324988,1.8581426852612188,1.6555202549896433,1.7162783958557568,1.683160781676558,1.673765661279759,1.6059873431955305,1.6833825224315446,1.8577438450473367,1.6454027030987384,1.6255225080171118,1.7146113716137545,1.6592512305363953,1.596721863115296,1.626563187637664,1.6086253185084614,1.6447438172750275,-0.08572961197044983,1.6289551491362502,1.6442807411082525,1.6170007685048349,1.6437437122752312,1.7166379712788764,1.8606023230762905,1.7676869887982267,1.612876495928865,1.6708988968063452,1.5857284641384255,0.3460898552083521,1.6978708054462466,1.652879855268905,1.6824385154952104,1.7399172828055631,1.6538747638032965,1.7071981085626047,1.8575956259281365,1.6149081860379264,1.8633942892016364,1.7091410587836036,-0.042223416015498456,1.6776951130520557,1.6602454968772296,1.6598723950994987,1.623812956712478,1.1476692816844536,1.6602323136151553,1.5844567307892976,1.711967949480704,1.7392774562402156,1.7153053244216023,1.5859063028224392,1.6600069233368646,1.5889537074938087,1.6747123656550245,1.669386521143806,1.6278540705999696,1.679570752590675,1.6295942038007782,-1.7663435714867115,1.67313731989998,1.650094129405452,1.8642809608609177,1.6139076699017054,1.7395646023151767,1.655750126039797,1.6783110351893336,1.7033219355961071,1.6569678411051794,1.585116409186976,1.681728445390728,1.6686272446166697,1.5906665860287001,1.6980565471918032,1.7405404215517526,1.658018127279352,1.7123932965213422,1.6513332242667942,1.6166023848952091,1.1646061926875204,1.6686917701843622,1.67298118839003,1.6554723752986487,3.159824811233132,1.6961824282187823,1.7764980553833696,1.8654913634260668,1.600889436114393,1.6260373471179637,1.7099953076943535,1.739672157267734,1.704106537900894,1.6794790797966144,1.6548762257814016,1.5828733012640543,1.6302386219483564,1.6971354438809634,1.6017431856691493,1.644245596964182,1.6015758221679677,1.6058472264278287,1.739829356905349,1.6137011481616679,1.8637622710800041,1.656799799277453,1.6056080613247228,1.6257504770826965,1.6092181218610768,1.677453541054132,1.6469159276341445,1.5925053993294969,1.5861539781326326,1.6693526631288733,1.626227364757827,1.6485923690230737,1.677745055214013,1.6487534435270084,1.6254673277854745,1.7180214359037058,1.6523103046050105,1.7087744847314128,1.6318381554115107,-0.11066426808372769,1.614076271648754,1.6830401680231233,1.6018631474198044
1414,1519076807,1.8657653588081344,1.6618056397120944,1.6464522047389831,1.6012394669895504,1.6486407413057176,1.7052265273685738,1.8637255191110311,1.6578238317725802,1.71765562419501,1.685585115193737,1.677894179739465,1.60859968010432,1.685979712806692,1.8633260243743328,1.647382099733021,1.627431191002375,1.7159587696912,1.6610428045294103,1.5978307207685494,1.6271983172390307,1.6107229882482745,1.6472144360217296,-0.17069114333744284,1.6327888600513054,1.648242901551332,1.6188036221190254,1.648203174859498,1.718028484176713,1.8661786545380972,1.7711582469334304,1.6134998805656249,1.6732522325485752,1.586832792569915,-0.15392073935589148,1.6999995473882628,1.655423102707007,1.6848668386529824,1.7419248426206915,1.6582828394491362,1.708691916499186,1.69802501043797,1.617306264354889,1.8679018741284146,1.7113840200733261,-0.042223416015498456,1.681751210718467,1.6620357269719122,1.66166116695338,1.6244438192656816,1.147672889748383,1.6632193545577636,1.586106272135461,1.7133529783744044,1.7406129305609832,1.7173964791865326,1.587009412047187,1.6620142033042058,1.5906100110178116,1.677280157427206,1.6725287463252614,1.6290970459109726,1.6847822425700325,1.6315065872790866,-1.7663435714867115,1.676072325825551,1.6521318087869692,1.8695378170047232,1.6145318893085827,1.740903833973573,1.6586232911887184,1.6819248112050982,1.704806811316206,1.6594704698108091,1.5862201152040363,1.6841467594134985,1.670719866437313,1.592319012136096,1.7007176816079344,1.7426844864982505,1.660336106572018,1.7137857377193917,1.6531072455705347,1.6184042817799973,1.1648489033412788,1.6707823393136307,1.6765242892687766,1.6571984969803069,3.1712059317499426,1.6988368192160417,1.7764980553833696,1.869987648396692,1.6020141104409973,1.6273053616126696,1.710742433003002,1.7410982956347347,1.7055580052376014,1.6830905309913928,1.6569142506899994,1.5856227147713897,1.6321096682210658,1.6997996520642307,1.6034290361463188,1.6462236946992543,1.6026993287507925,1.6075390805528469,1.7412580381311091,1.6149487755123446,1.8682633464499088,1.6585260499160963,1.6084318683973946,1.6288602251283613,1.6113151588340056,1.6800173691665095,1.6518657382518989,1.592823577739273,1.5872572233449203,1.6714448317151116,1.6281294723169364,1.6503629102798432,1.6812238540676188,1.6517033942285408,1.6267372547518322,1.719408859716326,1.6543444892181762,1.71044060675273,1.6337041603765527,-0.11066426808372769,1.6146996114482655,1.6848578989780154,1.6029879884186429
1415,1519076813,1.8657653588081344,1.664709324141853,1.6484323470742277,1.6023634945958327,1.6504130984364505,1.7059426658903667,1.8637255191110311,1.6595515143597828,1.719032852534263,1.6874033653316214,1.6796635447936248,1.610689549631352,1.6887219108199334,1.8633260243743328,1.649361496367304,1.628703646325884,1.7173061677686454,1.6628343785224253,1.5994940072484296,1.6284685764417643,1.6128206579880875,1.6491909310190913,-0.17069114333744284,1.634066763689657,1.649233441662102,1.620606475733216,1.648203174859498,1.720114253523468,1.866875695970823,1.7711582469334304,1.6153700344759043,1.676193902226363,1.5879371210014048,0.6794302515845145,1.7026604748157832,1.6574577006574884,1.6866880810213114,1.7439324024358198,1.6582828394491362,1.7101857244357672,1.8714713316229337,1.6191048230926108,1.8679018741284146,1.7128793275998078,-0.042223416015498456,1.681751210718467,1.6638259570665948,1.6634499388072614,1.6263364069252926,1.1476757761995264,1.6650115791233284,1.5877558134816245,1.7147380072681047,1.7426161420421347,1.7187905823631529,1.5881125212719347,1.6645233032633824,1.591714213367147,1.6798479491993874,1.6746235631128985,1.631582996532979,1.6847822425700325,1.632781509597959,-1.7663435714867115,1.678420330566008,1.6541694881684863,1.8695378170047232,1.6157803281223373,1.7429126814611677,1.660347190278071,1.6839898260712494,1.7055492491762554,1.661472572775313,1.5878756742296265,1.6859604949305762,1.6728124882579565,1.5939714382434917,1.7028465891408395,1.7448285514447481,1.6620745910415176,1.7151781789174412,1.6548812668742752,1.6202061786647854,1.1650430718642855,1.6728729084428995,1.67829583970815,1.6589246186619653,3.1825346851478105,1.700960332013849,1.7764980553833696,1.8707370292251293,1.6031387847676015,1.6292073833547285,1.7129838089289482,1.7432375031852356,1.7062837389059549,1.6851542173884093,1.658952275598597,1.5867224801743238,1.6333570324028723,1.7019310186108445,1.6045529364644318,1.6482017924343264,1.6043845886250296,1.608666983302859,1.7434010599697494,1.615572589187683,1.8682633464499088,1.6602523005547396,1.6095613912264632,1.630104124346627,1.613412195806934,1.6825811972788869,1.6518657382518989,1.5931417561490493,1.588360468557208,1.6735370003013499,1.6293975440230095,1.6527236319555358,1.6829632534944217,1.6528833745091538,1.627372218235011,1.7203338089247393,1.6568872199846334,1.7115513547669416,1.6349481636865808,-0.11066426808372769,1.6159462910472884,1.6872815402512054,1.6041128294174811
1416,1519076819,1.871344504232398,1.6670322716856598,1.6504124894094725,1.6040495360052562,1.6521854555671833,1.7073749429339526,1.8693083529608436,1.6612791969469856,1.7210986950431428,1.6892216154695059,1.6814329098477847,1.6127794191583837,1.6914356251899776,1.8689082037013292,1.6518357421601573,1.6306123293111472,1.7186535658460909,1.6652231438464453,1.600602864901683,1.6303739652458644,1.6149183277279007,1.651167426016453,-0.17069114333744284,1.6347057155088331,1.6522050619944117,1.6224093293474064,1.6516716457583724,1.7215047664213046,1.8724520274326297,1.7751253990879488,1.6172401883861838,1.6779589040330356,1.5895936136486393,0.7905437170432352,1.7053214022433036,1.6594922986079699,1.6891164041790834,1.7452707756459054,1.662201128912105,1.710932628404058,1.8680024051992343,1.6209033818303327,1.872409459055193,1.7136269813630485,-0.042223416015498456,1.685227865861105,1.6662129305261717,1.66583496794577,1.6275981320317,1.1476793842634556,1.6668038036888935,1.5888555077124003,1.716123036161805,1.7439516163629023,1.720184685539773,1.5892156304966825,1.667032403222559,1.5928184157164822,1.6819021826171328,1.6767183799005356,1.6322044841884804,1.6876775147807865,1.6340564319168314,-1.7663435714867115,1.6801813341213505,1.6562071675500036,1.8740436936994136,1.6176529863429694,1.7449215289487623,1.6620710893674238,1.6865710946539383,1.7070341248963543,1.6634746757398167,1.5895312332552165,1.688983387459039,1.6754282655337607,1.5950730556484223,1.7049754966737447,1.7455432397602473,1.6638130755110172,1.7165706201154907,1.6566552881780157,1.6220080755495736,1.1652857825180438,1.6754861198544853,1.681248423773772,1.6606507403436235,3.193904168527078,1.7036147230111085,1.7764980553833696,1.8752333141957545,1.60538813342081,1.6304753978494344,1.713730934237597,1.7439505723687359,1.7091866735793697,1.6872179037854256,1.6609903005071949,1.587822245577258,1.6346043965846786,1.7045952267941118,1.6062387869416013,1.6501798901693987,1.6055080952078544,1.609794886052871,1.7455440818083896,1.6168202165383598,1.8727644218198134,1.6631293849524786,1.6106909140555319,1.631348023564893,1.6155092327798626,1.684632259768789,1.6548356246225515,1.5934599345588254,1.5900153363756393,1.6761522110341478,1.631299651582119,1.6544941732123053,1.685862252539093,1.6552433350703797,1.6305470356509055,1.7212587581331527,1.6589214045977991,1.7121067287740472,1.6361921669966089,-0.11066426808372769,1.617816310445823,1.6903110918426925,1.6058000909157386
1417,1519076824,1.8741340769445298,1.668774482343515,1.6523926317447173,1.6051735636115387,1.6545485984081603,1.7095233584993315,1.8720997698857498,1.6630068795341881,1.722475923382396,1.691645948986685,1.683792063253331,1.6153917560671736,1.6938774502385956,1.8723970657807016,1.6543099879530108,1.6312485569729016,1.720674662962259,1.6670147178394603,1.602266151381563,1.6322793540499645,1.6170159974677139,1.6536380447631551,-0.17069114333744284,1.6359836191471848,1.6551766823267215,1.624813134166327,1.6546446208145502,1.724285792216978,1.875240193163533,1.7771089751652078,1.6184869576597034,1.6797239058397084,1.5912501062958737,0.6794302515845145,1.70745014418532,1.6615268965584513,1.6909376465474124,1.746609148855991,1.6651398460093316,1.7124264363406392,1.8645334787755352,1.623900979726536,1.875414515673045,1.7151222888895301,-0.042223416015498456,1.6881250784799704,1.6680031606208543,1.6688162543689058,1.6294907196913109,1.1476822707145993,1.6697908446315015,1.5905050490585637,1.7182005795023556,1.7452870906836702,1.7215787887163934,1.591421848946178,1.6690396831899001,1.5939226180658175,1.683956416034878,1.6793369008850818,1.6340689471549852,1.68999373254939,1.6346938930762676,-1.7663435714867115,1.6825293388618072,1.6587542667769,1.8762966320467587,1.6195256445636013,1.7469303764363568,1.6643696214865606,1.6886361095200892,1.7092614384765026,1.6659773044454464,1.5906349392722767,1.6914017014818092,1.677520887354404,1.5961746730533528,1.707636631089876,1.7469726163912458,1.6667105496268497,1.7179630613135402,1.6584293094817562,1.6238099724343618,1.1654799510410507,1.678099331266071,1.6830199742131453,1.663527609813054,3.2052067383654745,1.706269114008368,1.7764980553833696,1.877481456681067,1.6070751449107163,1.6323774195914933,1.7174665607808406,1.7453767107357365,1.7099124072477234,1.6897975117816961,1.6630283254157927,1.588922010980192,1.6352280786755817,1.7067265933407256,1.6073626872597142,1.6526525123382387,1.6071933550820916,1.6109227888028832,1.7476871036470298,1.6193154712397133,1.8750149595047658,1.6654310524706697,1.6118204368846007,1.6319699731740258,1.6181305289960233,1.6871960878811665,1.6578055109932042,1.5939372021734899,1.5922218268002148,1.6782443796203859,1.6319336874351555,1.6562647144690748,1.6881814517748301,1.6564233153509926,1.6324519261004422,1.722183707341566,1.6609555892109646,1.7132174767882589,1.637436170306637,-0.11066426808372769,1.620309669643869,1.6921288227975848,1.607487352413996
1418,1519076830,1.8769236496566615,1.6705166930013702,1.6548678096637732,1.606297591217821,1.6563209555388931,1.7109556355429172,1.8748911868106561,1.6658863505128592,1.723853151721649,1.6934641991245694,1.685561428307491,1.6180040929759634,1.696446156970546,1.8751881554441998,1.6562893845872937,1.6325210122964104,1.7220220610397041,1.6717922484875,1.6033750090348164,1.6341847428540648,1.61963808464248,1.6556145397605166,-0.17069114333744284,1.6379004746047123,1.6571577625482614,1.6266159877805175,1.6566266041853355,1.7256763051148147,1.8801194831926138,1.7785966572231522,1.6203571115699829,1.681488907646381,1.5923544347273635,0.6794302515845145,1.7095788861273364,1.6635614945089328,1.6927588889157414,1.7486167086711193,1.667098990740816,1.7161609561820925,1.8541266995044372,1.6256995384642579,1.8776683081364343,1.7166175964160117,-0.042223416015498456,1.6898634060512896,1.6715836208102197,1.6706050262227872,1.6307524447977182,1.1476851571657427,1.6721804773855882,1.5916047432893394,1.719585608396056,1.7472903021648216,1.7229728918930134,1.5930765127832998,1.6710469631572415,1.5955789215898204,1.6860106494526232,1.6819554218696282,1.6346904348104867,1.6923099503179933,1.6372437377140123,-1.7663435714867115,1.6842903424171498,1.6607919461584173,1.878549570394104,1.6207740833773558,1.748269608094753,1.6660935205759133,1.6907011243862404,1.7107463141966013,1.6679794074099503,1.592290498297867,1.693215436998887,1.6811829755405299,1.5972762904582831,1.709765538622781,1.7491166813377435,1.6684490340963494,1.7207479437096391,1.6613860116546568,1.6262125016140792,1.1656741195640574,1.6801899003953398,1.6847915246525185,1.6664044792824844,3.2165413103321137,1.7083926268061755,1.7764980553833696,1.8827271224801296,1.6081998192373206,1.633645434086199,1.7182136860894894,1.7475159182862374,1.7113638745844308,1.6918611981787124,1.66557585655154,1.5900217763831261,1.6370991249482911,1.7088579598873395,1.6096104878959403,1.655125134507079,1.6083168616649164,1.6126146429279014,1.7491157848727898,1.6211869122657285,1.8772654971897182,1.667157303109313,1.6135147211282037,1.6332138723922918,1.6202275659689518,1.6892471503710684,1.6602804163020812,1.594255380583266,1.5933250720125025,1.6813826324997434,1.6351038667003381,1.6580352557258444,1.689920851201633,1.6587832759122185,1.6337218530668,1.7235711311541861,1.6629897738241304,1.714883598809576,1.638058171961651,-0.11066426808372769,1.621556349242892,1.693946553752477,1.6091746139122534
1419,1519076836,1.883897581436991,1.6740011143170805,1.659818165501885,1.609107660233527,1.6598656698003589,1.7145363281518817,1.8825675833541482,1.670493504078733,1.7279848367394086,1.6989189495382226,1.689689946767197,1.622183832030027,1.6987921734011378,1.8814681071870705,1.660248177855859,1.6357021506051825,1.7253905562333176,1.675972587804535,1.6055927243413233,1.6360901316581649,1.6243578415570596,1.6600616535045805,-0.17069114333744284,1.640456281881416,1.6611199229913411,1.6302216950088986,1.660590570926906,1.7291525873594062,1.8856958146544205,1.7820679153583558,1.6234740347537822,1.6856072451952837,1.5945630915903428,-0.7094880666494955,1.714368555496873,1.668139339897516,1.6976155352312854,1.7519626416963332,1.6715070663866558,1.7184016680869645,1.5488611742189011,1.6292966559397017,1.8836784213721385,1.7211035189954567,-0.042223416015498456,1.6933400611939278,1.675164080999585,1.6747788272151771,1.6326450324573292,1.1476909300680296,1.6763623347052397,1.5943539788662784,1.7237406950771568,1.749961250806357,1.7271552014228742,1.596385840457543,1.675061523091924,1.5983394274631588,1.69063267464255,1.6866687596418117,1.6377978730879945,1.6969423858551997,1.639156121192321,-1.7663435714867115,1.6878123495278352,1.6648673049214515,1.8853083854361394,1.622646741597988,1.750948071411546,1.6706905848141873,1.6953474078350805,1.7152009413568978,1.672484139080084,1.5950497633405172,1.6974474865387352,1.6858913746369775,1.6005811426730747,1.7150878074550437,1.7526901229152396,1.672505497858515,1.7235328261057383,1.6649340542621378,1.6310175599735142,1.1661109987408225,1.6848936809361943,1.6889251423443894,1.6704320965396873,3.227858426592439,1.7131705306012424,1.7764980553833696,1.8872234074507548,1.6110115050538312,1.635547455828258,1.721949312632733,1.7503681950202388,1.715718276594553,1.6965044925719992,1.6696519063687354,1.5933210725919285,1.640217535402807,1.7136535346172206,1.6118582885321662,1.6595758544109913,1.610563874830566,1.6148704484279255,1.75125880671143,1.6249297943177587,1.8847672894728926,1.6706098043865998,1.6163385282008755,1.6369455700470894,1.6244216399148088,1.6933492753508725,1.6647352458580602,1.5948917374028186,1.5955315624370778,1.6855669696722198,1.6370059742594476,1.6615763382393833,1.6933996500552386,1.6629132068943637,1.6362617069995156,1.7258835041752196,1.6670581430504618,1.717660468845105,1.642412183546749,-0.11066426808372769,1.6234263686414263,1.698187925980559,1.61142429590993
1420,1519076841,1.884594974615024,1.6757433249749356,1.6617983078371297,1.6102316878398093,1.6616380269310917,1.7159686051954677,1.8825675833541482,1.6722211866659356,1.7293620650786616,1.7007371996761071,1.6914593118213568,1.6247961689388168,1.7007471870932975,1.8814681071870705,1.6622275744901418,1.636338378266937,1.726737954310763,1.67776416179755,1.6067015819945767,1.6373603908608985,1.6264555112968726,1.6620381485019422,-0.17069114333744284,1.6417341855197676,1.6611199229913411,1.632024548623089,1.660590570926906,1.730543100257243,1.8856958146544205,1.7820679153583558,1.624097419390542,1.6873722470019565,1.5956674200218324,0.1794196570202709,1.7164972974388895,1.6701739378479974,1.7006509391785003,1.7533010149064188,1.6715070663866558,1.7198954760235459,1.8575956259281365,1.6322942538359049,1.8836784213721385,1.7225988265219383,-0.042223416015498456,1.6933400611939278,1.6769543110942677,1.6765675990690585,1.6339067575637365,1.147693816519173,1.6781545592708045,1.5960035202124419,1.725125723970857,1.7519644622875084,1.7285493045994944,1.5974889496822908,1.6770688030592653,1.599443629812494,1.692686908060295,1.6887635764294486,1.6402838237100008,1.6969423858551997,1.640431043511193,-1.7663435714867115,1.6895733530831778,1.6669049843029686,1.8860593648852544,1.6238951804117425,1.7522873030699424,1.67241448390354,1.6974124227012317,1.7166858170769967,1.6744862420445878,1.5961534693575774,1.699261222055813,1.6879839964576209,1.6022335687804705,1.717216714987949,1.7541194995462381,1.6742439823280146,1.7249252673037878,1.6667080755658783,1.6328194568583023,1.1663051672638292,1.6869842500654628,1.6906966927837628,1.6721582182213455,3.238960255808223,1.71529404339905,1.7764980553833696,1.8872234074507548,1.6121361793804354,1.6368154703229638,1.7234435632500305,1.7525074025707397,1.7164440102629066,1.6985681789690155,1.6716899312773332,1.5944208379948626,1.6414648995846133,1.7163177428004879,1.612982188850279,1.6615539521460636,1.6116873814133907,1.6159983511779377,1.7526874879371903,1.6255536079930972,1.8847672894728926,1.672336055025243,1.6174680510299442,1.6381894692653554,1.6265186768877373,1.6954003378407745,1.6647352458580602,1.5952099158125947,1.5966348076493655,1.687659138258458,1.6382740459655205,1.6633468794961528,1.6933996500552386,1.6646831773152833,1.6368966704826944,1.726808453383633,1.6690923276636276,1.7187712168593163,1.644278188511791,-0.11066426808372769,1.6246730482404494,1.7000056569354514,1.6125491369087683
1421,1519076847,1.8901741200392874,1.6803892200625494,1.6657585925076193,1.6130417568555153,1.6663643126130459,1.7181170207608465,1.8881504172039605,1.675676551840341,1.7341823642660477,1.7049797833311706,1.6949980419296764,1.6294983753746384,1.705783613094954,1.8877480589299411,1.666681216917278,1.639519516575709,1.729432750465654,1.68134730978358,1.6094737261277103,1.640536038867732,1.6311752682114522,1.666485262246006,-0.17069114333744284,1.6436510409772953,1.6660726235451906,1.638034060670391,1.6650500335111729,1.7340193825018346,1.891969187548953,1.7860350675128742,1.6265909579375812,1.6914905845508592,1.5984282411005566,0.4016465879377125,1.7212869668084263,1.6747517832365806,1.7042934239151584,1.7566469479316327,1.6759151420324958,1.7221361879284178,1.874940258046633,1.6370904104698298,1.8889372704533798,1.7248417878116606,-0.042223416015498456,1.6973961588603392,1.6811315146485273,1.6807414000614485,1.6364302077765511,1.1477003110342459,1.6817390084019344,1.5982029086739933,1.7278957817582579,1.7559708852498115,1.7313375109527347,1.6002467227441601,1.681585182985783,1.6027562368605,1.697308933250222,1.6929532100047229,1.6421482866765054,1.7004167125081049,1.6423434269895016,-1.7663435714867115,1.693095360193863,1.6714897629113823,1.8905652415799448,1.627016277446129,1.7563049980451315,1.6764369151120295,1.7015424524335339,1.718913130657145,1.6789909737147215,1.5983608813916976,1.7040978501013535,1.6926923955540683,1.6044368035903316,1.7220067569369852,1.756978252808235,1.6777209512670137,1.7277101496998868,1.6702561181733593,1.637023882922808,1.1670332992251045,1.6916880306063173,1.6942397936625093,1.6761858354785482,3.2614286591188892,1.7200719471941168,1.7764980553833696,1.8924690732498173,1.6155102023602481,1.6399855065597286,1.727179189793274,1.7560727484882412,1.7215241459413824,1.7026955517630482,1.675765981094529,1.5971702515021977,1.644583310039129,1.7205804758937155,1.6152299894865052,1.666004672049976,1.6150579011618649,1.6182541566779618,1.7569735316144708,1.628672676369789,1.8892683648427973,1.6763639731820776,1.6197270966880815,1.6412992173110201,1.632285528563291,1.6995024628205786,1.6686950943522638,1.5960053618370353,1.5988412980739408,1.6923665175774942,1.6401761535246302,1.668068322847538,1.6980380485267128,1.669403098437735,1.6407064513817677,1.7318956740299067,1.6736692430432503,1.7232142089161624,1.646144193476833,-0.11066426808372769,1.6265430676389838,1.7048529394818308,1.615361239405864
1422,1519076853,1.8901741200392874,1.6803892200625494,1.6657585925076193,1.6130417568555153,1.6663643126130459,1.7181170207608465,1.8881504172039605,1.675676551840341,1.7341823642660477,1.7049797833311706,1.6949980419296764,1.6294983753746384,1.7058146861602599,1.8877480589299411,1.666681216917278,1.639519516575709,1.729432750465654,1.68134730978358,1.610028154954337,1.640536038867732,1.6311752682114522,1.666485262246006,-0.17069114333744284,1.6436510409772953,1.6660726235451906,1.638034060670391,1.6650500335111729,1.7340193825018346,1.891969187548953,1.7860350675128742,1.6265909579375812,1.6914905845508592,1.5984282411005566,0.1794196570202709,1.7212869668084263,1.6747517832365806,1.7042934239151584,1.7566469479316327,1.6759151420324958,1.7221361879284178,1.8437199202333394,1.6370904104698298,1.8889372704533798,1.7248417878116606,-0.042223416015498456,1.6973961588603392,1.6811315146485273,1.6807414000614485,1.6376919328829584,1.1477003110342459,1.6817390084019344,1.5982029086739933,1.7278957817582579,1.7559708852498115,1.7313375109527347,1.6002467227441601,1.681585182985783,1.6027562368605,1.697308933250222,1.6929532100047229,1.6421482866765054,1.7004167125081049,1.6423434269895016,-1.7663435714867115,1.6942693625640914,1.6714897629113823,1.8905652415799448,1.627016277446129,1.7563049980451315,1.6764369151120295,1.7015424524335339,1.718913130657145,1.6789909737147215,1.5983608813916976,1.7040978501013535,1.6926923955540683,1.6044368035903316,1.7220067569369852,1.756978252808235,1.6777209512670137,1.7277101496998868,1.6702561181733593,1.637023882922808,1.1670332992251045,1.6916880306063173,1.6942397936625093,1.6761858354785482,3.261632309025887,1.7200719471941168,1.7764980553833696,1.8924690732498173,1.6155102023602481,1.6399855065597286,1.727179189793274,1.7560727484882412,1.7215241459413824,1.7026955517630482,1.675765981094529,1.5971702515021977,1.644583310039129,1.7205804758937155,1.6152299894865052,1.666004672049976,1.6150579011618649,1.6182541566779618,1.7569735316144708,1.628672676369789,1.8892683648427973,1.6763639731820776,1.6197270966880815,1.6412992173110201,1.632285528563291,1.700015228443054,1.6686950943522638,1.5960053618370353,1.5988412980739408,1.6923665175774942,1.6401761535246302,1.668068322847538,1.6980380485267128,1.669403098437735,1.6407064513817677,1.7318956740299067,1.6736692430432503,1.7232142089161624,1.646144193476833,-0.11066426808372769,1.6265430676389838,1.7048529394818308,1.615361239405864
1423,1519076858,1.896450658641584,1.6844543782642114,1.6702139127619198,1.6164138396743624,1.6704998125847559,1.721697713369811,1.8944311052849996,1.6797078112104804,1.736936820944554,1.7086162836069396,1.6997163487407694,1.633678114428702,1.70851545341976,1.8940280106728118,1.6711348593444142,1.6433368825462356,1.7328012456592674,1.68612484043162,1.6122458702608438,1.643076557273199,1.6358950251260316,1.6709323759900698,-0.17069114333744284,1.6462068482539987,1.6700347839882703,1.641639767898772,1.6690140002527436,1.7374956647464264,1.8975455190107597,1.7895063256480777,1.6297078811213803,1.6950205881642046,1.6017412263950257,-0.9872717302962974,1.7255444506924589,1.6793296286251638,1.7085429894412594,1.7593236943518038,1.6803232176783356,1.7258707077698712,1.4898894250160135,1.6406875279452737,1.894196119534621,1.727084749101383,-0.042223416015498456,1.7008728140029774,1.6847119748378925,1.6855114583384654,1.6395845205425694,1.1477060839365327,1.685323457533064,1.6004022971355445,1.7313583539925086,1.7593095710517306,1.7341257173059752,1.6024529411936557,1.6861015629123008,1.6049646415591705,1.7014174000857123,1.697142843579997,1.6440127496430101,1.7044700936031605,1.6455307327866826,-1.7663435714867115,1.6983783708598907,1.676074541519796,1.8965730771728653,1.6301373744805157,1.7589834613619242,1.6804593463205193,1.706188735882374,1.722625319957392,1.683996231125981,1.6011201464343479,1.707725321135509,1.6974007946505159,1.6066400384001926,1.7262645720027954,1.7591223177547328,1.683515899498679,1.7311912526950104,1.6755781820845808,1.6412283089873136,1.1674216362711178,1.6963918111471719,1.6983734113543802,1.6802134527357508,3.2730628873772543,1.724318972789732,1.7764980553833696,1.8969653582204424,1.6177595510134566,1.6425215355491403,1.730167691027869,1.7596380944057426,1.7244270806147972,1.707338846156335,1.6808610433660234,1.600469547711,1.6470780384027417,1.7259088922602501,1.6180397402817877,1.6704553919538883,1.6173049143275144,1.621073913552992,1.759116553453111,1.6311679310711427,1.8945196194410194,1.6809673082184597,1.621986142346219,1.6444089653566847,1.636479602509148,1.7046301190453335,1.6731499239082428,1.596959897066364,1.6015994111046599,1.6965508547499706,1.6433463327898128,1.6727897661989233,1.7015168473803186,1.6735330294198805,1.6426113418313044,1.7337455724467334,1.6787547045761646,1.7248803309374796,1.6480101984418751,-0.11066426808372769,1.6296597666365413,1.7084884013916155,1.6181733419029598
1424,1519076864,1.8992402313537158,1.6850351151501632,1.6702139127619198,1.6164138396743624,1.6704998125847559,1.721697713369811,1.8972225222099057,1.6797078112104804,1.736936820944554,1.7086162836069396,1.6997163487407694,1.633678114428702,1.7112162206792603,1.89681910033631,1.6711348593444142,1.6433368825462356,1.7328012456592674,1.68612484043162,1.6122458702608438,1.643076557273199,1.6358950251260316,1.6709323759900698,-0.08572961197044983,1.6462068482539987,1.6720158642098102,1.641639767898772,1.6705004877808325,1.7374956647464264,1.9003336847416632,1.790994007706022,1.6297078811213803,1.6961972560353198,1.6017412263950257,0.6794302515845145,1.7255444506924589,1.6793296286251638,1.7085429894412594,1.7593236943518038,1.68228236240982,1.7258707077698712,1.8645334787755352,1.6406875279452737,1.8964499119980103,1.727084749101383,-0.042223416015498456,1.7026111415742966,1.6847119748378925,1.6855114583384654,1.6395845205425694,1.1477060839365327,1.685323457533064,1.6004022971355445,1.7313583539925086,1.7593095710517306,1.7341257173059752,1.6024529411936557,1.6866033829041363,1.6049646415591705,1.7019309584401487,1.697142843579997,1.6440127496430101,1.7056282024874623,1.6455307327866826,-1.7663435714867115,1.6983783708598907,1.676074541519796,1.8988260155202106,1.6301373744805157,1.7589834613619242,1.6804593463205193,1.706188735882374,1.722625319957392,1.683996231125981,1.6011201464343479,1.707725321135509,1.6974007946505159,1.6066400384001926,1.7262645720027954,1.7591223177547328,1.683515899498679,1.7311912526950104,1.6755781820845808,1.6412283089873136,1.1674216362711178,1.6963918111471719,1.6983734113543802,1.6802134527357508,3.284365457215651,1.724318972789732,1.7764980553833696,1.899213500705755,1.6177595510134566,1.6425215355491403,1.730167691027869,1.7596380944057426,1.7244270806147972,1.707338846156335,1.6808610433660234,1.600469547711,1.6470780384027417,1.7259088922602501,1.6180397402817877,1.6704553919538883,1.6173049143275144,1.621073913552992,1.759116553453111,1.6311679310711427,1.8967701571259719,1.6809673082184597,1.621986142346219,1.6444089653566847,1.636479602509148,1.7046301190453335,1.6746348670935691,1.5971189862712523,1.6015994111046599,1.6965508547499706,1.6433463327898128,1.6727897661989233,1.7032562468071215,1.6735330294198805,1.6426113418313044,1.7337455724467334,1.6787547045761646,1.7248803309374796,1.6480101984418751,-0.11066426808372769,1.6296597666365413,1.7084884013916155,1.6181733419029598
1425,1519076869,1.9020298040658474,1.6867773258080183,1.6726890906809757,1.6180998810837859,1.672862955425733,1.722413851891604,1.9000139391348119,1.6825872821891514,1.7383140492838072,1.7116467005034135,1.703255078849089,1.6357679839557338,1.713937703315631,1.899610189999808,1.673114255978697,1.6452455655314988,1.7341486437367126,1.6879164144246348,1.6133547279140972,1.644981946077299,1.638517112300798,1.6738971184861122,-0.17069114333744284,1.649401607349878,1.67399694443135,1.6434426215129625,1.6734734628370105,1.7395814340931812,1.9031218504725664,1.7924816897639664,1.6303312657581401,1.6979622578419924,1.6028455548265153,0.7905437170432352,1.7276731926344753,1.6813642265756452,1.7115783933884745,1.7613312541669321,1.6842415071413044,1.7273645157064526,1.8680024051992343,1.6424860866829956,1.8987037044613995,1.7300753641543463,-0.042223416015498456,1.705508354193162,1.6870989482974694,1.6873002301923468,1.6408462456489767,1.1477096920004621,1.6883104984756723,1.6015019913663202,1.7327433828862089,1.7606450453724982,1.7362168720709055,1.6035560504184037,1.6886106628714774,1.6066209450831734,1.7039851918578939,1.6997613645645433,1.6452557249540132,1.7091025291403672,1.6480805774244272,-1.7663435714867115,1.7001393744152336,1.6786216407466925,1.9010789538675557,1.6313858132942702,1.7603226930203206,1.6833325114694404,1.7087700044650629,1.724110195677491,1.685998334090485,1.602223852451408,1.7095390566525868,1.6994934164711593,1.6082924645075884,1.7289257064189267,1.7619810710167296,1.6852543839681784,1.7325836938930599,1.6773522033883213,1.6436308381670313,1.1676158047941245,1.6984823802764404,1.7013259954200024,1.6819395744174093,3.2957494870168467,1.7264424855875393,1.7764980553833696,1.9014616431910674,1.6188842253400608,1.6431555427964932,1.7316619416451662,1.760351163589243,1.725152814283151,1.7104343757518596,1.682899068274621,1.6015693131139341,1.648949084675451,1.7285731004435174,1.6191636405999006,1.6724334896889603,1.6184284209103392,1.6233297190530163,1.760545234678871,1.631791744746481,1.899020694810924,1.6826935588571033,1.6242451880043562,1.6456528645749506,1.6385766394820767,1.7066811815352354,1.6776047534642218,1.5974371646810284,1.6027026563169475,1.6991660654827685,1.6439803686428494,1.675150487874616,1.7049956462339242,1.6753029998407998,1.643881268797662,1.7351329962593536,1.6812974353426218,1.7271018269659026,1.6504982050619312,-0.11066426808372769,1.6309064462355642,1.7103061323465079,1.6198606034012173
1426,1519076875,1.9048193767779793,1.6902617471237287,1.6746692330162205,1.6197859224932094,1.6752260982667102,1.7238461289351898,1.902805356059718,1.6843149647763542,1.7403798917926867,1.713464950641298,1.7050244439032487,1.6378578534827657,1.7166876695951987,1.902401279663306,1.6750936526129798,1.6465180208550076,1.735496041814158,1.6897079884176498,1.615572443220604,1.6468873348813993,1.6411391994755642,1.675873613483474,-0.17069114333744284,1.650040559169054,1.6769685647636596,1.6464473775366133,1.6754554462077957,1.740971946991018,1.9066070576361958,1.7949611598605404,1.6322014196684196,1.7009039275197801,1.603949883258005,0.901657182501956,1.7303341200619957,1.683907474013747,1.7133996357568033,1.7626696273770177,1.68669043805566,1.728858323643034,1.8645334787755352,1.6442846454207176,1.9009574969247884,1.730823017917587,-0.042223416015498456,1.707246681764481,1.6900826651219405,1.6890890020462281,1.6433696958617914,1.1477125784516056,1.690102723041237,1.6031515327124837,1.7341284117799092,1.7626482568536497,1.7376109752475257,1.6046591596431514,1.6916215828224894,1.6077251474325087,1.7065529836300755,1.7018561813521804,1.647120187920518,1.7108396924668197,1.6493554997432995,-1.7663435714867115,1.7019003779705761,1.6806593201282096,1.9033318922149007,1.6320100327011475,1.761661924678717,1.685056410558793,1.7113512730477518,1.7248526335375403,1.6880004370549888,1.6038794114769983,1.7113527921696645,1.7015860382918027,1.609394081912519,1.731054613951832,1.762695759332229,1.686992868437678,1.7346723556901342,1.6791262246920617,1.6460333673467489,1.1678099733171312,1.7005729494057091,1.7036880626725,1.6836656960990675,3.3071451539555854,1.728565998385347,1.7764980553833696,1.905208547333255,1.620008899666665,1.645691571785905,1.7331561922624636,1.762490371139744,1.7280557489565656,1.712498062148876,1.6849370931832188,1.6026690785168682,1.6501964488572574,1.7307044669901313,1.6202875409180135,1.6744115874240324,1.6201136807845764,1.6244576218030282,1.7612595752917513,1.6330393720971577,1.9012712324958765,1.6844198094957465,1.625374710833425,1.6468967637932166,1.6417221949414693,1.7087322440251376,1.6795846777113235,1.5977553430908047,1.6043575241353791,1.7017812762155662,1.6452484403489223,1.6781013899692316,1.7090542448964643,1.6776629604020257,1.64515119576402,1.7365204200719737,1.683840166109079,1.728212574980114,1.6511202067169453,-0.11066426808372769,1.6327764656340988,1.7127297736196976,1.6215478648994748
1427,1519076881,1.907608949490111,1.693746168439439,1.6786295176867099,1.6220339777057742,1.6787708125281757,1.7259945445005687,1.9055967729846244,1.6877703299507594,1.743134348471193,1.7171014509170668,1.7085631740115683,1.6425600599185872,1.7192589657492579,1.9058901417426786,1.679547295040116,1.6490629315020253,1.738190837969049,1.6932911364036798,1.6177901585271108,1.6487927236854993,1.6453345389551903,1.6798266034781972,-0.08572961197044983,1.6525963664457575,1.6794449150405846,1.6512549871744546,1.6779329254212774,1.7444482292356096,1.909395223367099,1.7969447359377997,1.6353183428522189,1.7050222650686828,1.606710704336729,0.901657182501956,1.7351237894315323,1.6879766699147098,1.7170421204934614,1.7653463737971886,1.6891393689700154,1.731099035547906,1.8610645523518359,1.648481282475402,1.9039625535426408,1.7338136329705502,-0.042223416015498456,1.7101438943833462,1.6936631253113057,1.693262803038618,1.6452622835214024,1.1477190729666784,1.693687172172367,1.6053509211740349,1.73759098401416,1.765319205495185,1.7410962331890762,1.606865378092647,1.695636142757172,1.6099335521311795,1.7111750088200022,1.7060458149274544,1.6489846508870225,1.7125768557932721,1.6512678832216081,-1.7663435714867115,1.7054223850812613,1.6852440987366233,1.905584830562246,1.6351311297355342,1.765010003824708,1.6885042087374986,1.7154813027800542,1.727822384977738,1.6920046429839963,1.6066386765196485,1.7155848417095125,1.7057712819330892,1.61159731672238,1.735312429017642,1.7655545125942258,1.690469837376677,1.7374572380862332,1.6832656077341228,1.6496371611163252,1.1682468524938965,1.7052767299465637,1.7072311635512465,1.687117939462384,3.318479725922225,1.7333439021804138,1.7764980553833696,1.9074566898185676,1.6239452598097799,1.648227600775317,1.7368918188057074,1.765342647873745,1.7302329499616267,1.7166254349429086,1.689522649227564,1.6048686093227365,1.6520674951299668,1.734967200083359,1.623097291713296,1.6783677828941768,1.6229224472416384,1.6267134273030524,1.7648312783561515,1.6349108131231729,1.9035217701808287,1.6884477276525809,1.6276337564915624,1.6487626126206154,1.6464405281305585,1.7128343690049415,1.6815646019584252,1.5983916999103571,1.6065640145599545,1.7059656133880428,1.6484186196141049,1.6816424724827708,1.710793644323267,1.6812029012438647,1.649595940146272,1.7383703184888004,1.6879085353354102,1.7298786970014313,1.6536082133370011,-0.11066426808372769,1.635269824832145,1.7169711458477797,1.6237975468971515
1428,1519076886,1.9103985222022428,1.695488379097294,1.6806096600219547,1.6231580053120565,1.6817247410793972,1.7288590985877403,1.9083881899095305,1.6894980125379622,1.7445115768104462,1.718919701054951,1.7103325390657282,1.6446499294456192,1.7211233496676088,1.9093790038220513,1.68251638999154,1.6496991591637797,1.740211935085217,1.6962770930587048,1.619453445006991,1.6513332420909663,1.6479566261299567,1.6827913459742398,-0.08572961197044983,1.6532353182649333,1.6814259952621244,1.6530578407886451,1.6799149087920626,1.7458387421334463,1.9121833890980025,1.798432417995744,1.6359417274889787,1.7067872668753556,1.6083671969839637,0.3460898552083521,1.7372525313735487,1.6900112678651913,1.7188633628617904,1.767353933612317,1.6910985137014998,1.732592843484487,1.850657773080738,1.6502798412131239,1.9077188743149558,1.7353089404970319,-0.042223416015498456,1.7118822219546654,1.6954533554059885,1.6962440894617539,1.6471548711810133,1.1477219594178218,1.6960768049264536,1.6064506154048106,1.7396685273547106,1.7679901541367204,1.7424903363656963,1.6090715965421425,1.6976434227245132,1.6110377544805148,1.7132292422377475,1.7086643359120008,1.6502276261980255,1.7143140191197246,1.6525428055404805,-1.7663435714867115,1.7083573910068324,1.6877911979635196,1.9078377689095911,1.637003787956166,1.7676884671415007,1.691952006916204,1.7175463176462051,1.7307921364179357,1.6945072716896263,1.6077423825367088,1.7173985772265903,1.7083870592088934,1.6126989341273106,1.737441336550547,1.7669838892252243,1.6927878166693433,1.7388496792842827,1.6850396290378633,1.6520396902960426,1.1684410210169032,1.7078899413581494,1.7090027139906199,1.6911455567195868,3.3296077386974803,1.7354674149782214,1.7764980553833696,1.90970483230388,1.625069934136384,1.6494956152700229,1.7383860694230047,1.7681949246077464,1.7316844172983341,1.718689121339925,1.6915606741361617,1.6059683747256706,1.6533148593117732,1.7370985666299728,1.6242211920314091,1.6818294539305532,1.6240459538244632,1.6278413300530645,1.768402981420552,1.6380298814998648,1.9057723078657811,1.6919002289298677,1.6287632793206313,1.6500065118388814,1.648537565103487,1.7153981971173191,1.6835445262055269,1.5988689675250216,1.608218882378386,1.708057781974281,1.649686691320178,1.6834130137395402,1.7125330437500699,1.682972871664784,1.65086586711263,1.7392952676972138,1.689942719948576,1.730989445015643,1.6542302149920152,-0.11066426808372769,1.6371398442306793,1.718788876802672,1.625484808395409
1429,1519076892,1.9138854880924074,1.6972305897551492,1.6830848379410106,1.624282032918339,1.68349709821013,1.7295752371095332,1.9118774610656633,1.6918015893208989,1.7458888051496992,1.7207379511928356,1.712101904119888,1.6467397989726509,1.723334716148542,1.9128678659014238,1.6844957866258228,1.6509716144872886,1.7415593331626622,1.6986658583827248,1.6205623026602445,1.651968371692333,1.65005429586977,1.6847678409716016,-0.17069114333744284,1.6545132219032852,1.6839023455390492,1.6548606944028357,1.6818968921628479,1.747229255031283,1.9156685962616316,1.7999201000536884,1.638435266036018,1.7085522686820283,1.6094715254154532,0.1238629242909105,1.7393812733155651,1.6925545153032933,1.7206846052301195,1.7693614934274453,1.6930576584329842,1.7363273633259404,1.84025099380964,1.652078399950846,1.909972666778345,1.7375519017867542,-0.042223416015498456,1.7136205495259844,1.6978403288655652,1.6980328613156352,1.6484165962874207,1.1477248458689653,1.6978690294920185,1.6075503096355863,1.7410535562484108,1.769325628457488,1.7445814911306268,1.6101747057668903,1.6996507026918544,1.61214195682985,1.7152834756554927,1.710759152699638,1.6514706015090288,1.716630236888328,1.654455189018789,-1.7663435714867115,1.710118394562175,1.689828877345037,1.9108416867060514,1.6382522267699209,1.7690276987998972,1.6936759060055566,1.7196113325123563,1.731534574277985,1.69650937465413,1.609397941562299,1.719212312743668,1.7110028364846976,1.6138005515322411,1.7395702440834522,1.769127954171722,1.694526301138843,1.7416345616803817,1.6874049907761839,1.6544422194757602,1.1686351895399099,1.709980510487418,1.710774264429993,1.692871678401245,3.340837576426235,1.7375909277760289,1.7764980553833696,1.9134517364460677,1.6261946084629881,1.6513976370120815,1.7391331947316535,1.769621062974747,1.7324101509666878,1.7207528077369414,1.694108205271909,1.6070681401286047,1.6539385414026764,1.7392299331765866,1.6259070425085784,1.6838075516656252,1.6257312136987003,1.6295331841780827,1.769117322033432,1.6392775088505416,1.9095232040073684,1.693626479568511,1.6298928021497,1.6506284614480142,1.6506346020764158,1.717449259607221,1.6860194315144041,1.5991871459347977,1.6093221275906737,1.7106729927070787,1.6515887988792874,1.6851835549963097,1.714852242985807,1.6859228223663165,1.6521357940789878,1.7402202169056271,1.6919769045617417,1.7321001930298543,1.6554742183020432,-0.11066426808372769,1.6377631840301907,1.7206066077575641,1.6266096493942472
1430,1519076898,1.919464633516671,1.699553537298956,1.6855600158600665,1.6259680743277625,1.685269455340863,1.7331559297184977,1.9188560033779287,1.69468106029957,1.7486432618282057,1.7237683680893097,1.7144610575254344,1.6488296684996826,1.7261002189607626,1.9191478176442947,1.6864751832601055,1.6528802974725518,1.744254129317553,1.7004574323757398,1.6222255891401245,1.6532386308950664,1.6526763830445363,1.6872384597183037,-0.17069114333744284,1.6564300773608127,1.687864505982129,1.6572644992217564,1.686851850589811,1.749315024378038,1.9212449277234382,1.8028954641695771,1.6390586506727778,1.7109056044242583,1.610575853846943,-0.2094774720852519,1.7420422007430856,1.6945891132537747,1.7237200091773344,1.7713690532425737,1.696975947895953,1.7378211712625218,1.69802501043797,1.6538769586885678,1.9159827800140494,1.7405425168397175,-0.042223416015498456,1.718256089716169,1.6996305589602478,1.7004178904541438,1.6503091839470316,1.1477277323201087,1.7008560704346265,1.6091998509817498,1.7431310995889613,1.7706611027782557,1.746672645895557,1.611277814991638,1.702159802651031,1.613798260353853,1.7178512674276742,1.7133776736841841,1.6533350644755334,1.7212626724255347,1.6557301113376615,-1.7663435714867115,1.712466399302632,1.691866556726554,1.9153475634007417,1.6395006655836755,1.7703669304582936,1.6959744381246935,1.722708854811583,1.7345043257181827,1.6990120033597598,1.610501647579359,1.722235205272131,1.713095458305341,1.6160037863421022,1.7422313784995835,1.771986707433719,1.696844280431509,1.7430270028784312,1.6891790120799244,1.6568447486554776,1.1688779001936682,1.712593721899004,1.7143173653087396,1.6945978000829034,3.3522768826307585,1.7402453187732883,1.7764980553833696,1.9179480214166928,1.6273192827895924,1.6526656515067875,1.7421216959662484,1.7703341321582473,1.7353130856401024,1.7233324157332117,1.6961462301805066,1.6092676709344729,1.656433269766289,1.7418941413598539,1.6270309428266916,1.6857856494006973,1.6274164735729375,1.6306610869280946,1.7705460032591922,1.6399013225258798,1.9162748170622255,1.6953527302071543,1.6315870863933029,1.653738209493679,1.6532558982925765,1.7200130877195985,1.6904742610703831,1.599505324344574,1.6104253728029614,1.712765161293317,1.6528568705853606,1.6869540962530791,1.7183310418394127,1.6876927927872358,1.6527707575621666,1.7416076407182473,1.6940110891749074,1.7337663150511717,1.6585842265771134,-0.11066426808372769,1.6390098636292139,1.7236361593490515,1.6277344903930855
1431,1519076903,1.920162026694704,1.7012957479568114,1.6875401581953113,1.627654115737186,1.68763259818184,1.7338720682402908,1.9188560033779287,1.6964087428867727,1.7500204901674588,1.725586618227194,1.7162304225795941,1.6514420054084724,1.7288631323508745,1.9191478176442947,1.6884545798943884,1.654788980457815,1.7456015273949985,1.7022490063687548,1.623334446793378,1.6545088900977998,1.6552984702193025,1.6892149547156652,-0.17069114333744284,1.6583469328183404,1.6883597760375137,1.659067352835947,1.686851850589811,1.7507055372758746,1.921941969156164,1.8028954641695771,1.6403054199462974,1.7126706062309311,1.6116801822784326,0.6794302515845145,1.7441709426851018,1.6966237112042561,1.7261483323351063,1.773376613057702,1.696975947895953,1.7385680752308124,1.8610645523518359,1.656874556584771,1.9159827800140494,1.7420378243661991,-0.042223416015498456,1.718256089716169,1.7020175324198248,1.7022066623080252,1.6509400465002353,1.1477306187712522,1.7026482950001915,1.6108493923279132,1.7445161284826616,1.7726643142594072,1.7487638006604873,1.6123809242163858,1.7041670826183724,1.615454563877856,1.7199055008454194,1.7154724904718213,1.6551995274420381,1.7212626724255347,1.6570050336565336,-1.7663435714867115,1.7142274028579745,1.6944136559534504,1.9168495222989719,1.6401248849905528,1.7717061621166899,1.6982729702438306,1.7247738696777342,1.7352467635782323,1.7010141063242636,1.6116053535964192,1.7240489407892088,1.7151880801259844,1.6171054037470327,1.7443602860324887,1.7734160840647173,1.6985827649010086,1.7444194440764806,1.6909530333836649,1.6592472778351952,1.169072068716675,1.7146842910282725,1.716088915748113,1.6968992956584477,3.363611454597398,1.7423688315710957,1.7764980553833696,1.9186974022451302,1.6284439571161966,1.6539336660014934,1.742868821274897,1.7724733397087482,1.7367645529768099,1.7253961021302282,1.6981842550891044,1.610367436337407,1.6583043160389983,1.7445583495431212,1.6281548431448045,1.6882582715695376,1.6285399801557623,1.6317889896781068,1.7712603438720722,1.6411489498765566,1.9162748170622255,1.6970789808457978,1.633281370636906,1.6543601591028119,1.655352935265505,1.7220641502095004,1.6904742610703831,1.5999825919592383,1.611528618015249,1.715380372026115,1.653490906438397,1.6893148179287718,1.7194906414572813,1.6894627632081554,1.6540406845285243,1.7425325899266606,1.6965538199413646,1.7348770630653831,1.6592062282321274,-0.11066426808372769,1.6402565432282368,1.7254538903039438,1.629421751891343
1432,1519076909,1.9264385652970004,1.705941643044425,1.6919954784496118,1.6299021709497508,1.6923588838637942,1.7367366223274625,1.9244388372277412,1.7004400022569122,1.7534635610155915,1.7298292018822576,1.7197691526879137,1.6561442118442942,1.7316182774746598,1.9247299969712908,1.6929082223215246,1.6566976634430783,1.7482963235498892,1.7058321543547845,1.6261065909265116,1.6576845381046335,1.6594938096989287,1.6931679447103887,-0.17069114333744284,1.660263788275868,1.6923219364805935,1.6644759136785185,1.6913113131740778,1.7548770759693846,1.9282153420506967,1.8073585103434102,1.6421755738565769,1.7162006098442764,1.6149931675729017,-0.4872611357320539,1.7489606120546386,1.7012015565928393,1.7303978978612073,1.7760533594778731,1.701873809724664,1.7415556911039751,1.597426144150691,1.6610711936394553,1.9204903649408276,1.7450284394191624,-0.042223416015498456,1.7223121873825802,1.7073882227038728,1.705784206015788,1.6540943592662536,1.147737113286325,1.7062327441313214,1.6135986279048524,1.7472861862700622,1.7753352629009425,1.7522490586020378,1.615138697278255,1.7086834625448901,1.6176629685765265,1.7240139676809099,1.7196621240470955,1.658306965719546,1.7247369990784396,1.6589174171348422,-1.7663435714867115,1.7189234123388881,1.6995078544072435,1.9221063784427772,1.6438702014318167,1.7757238570918792,1.701720768422536,1.7289038994100365,1.7382165150184299,1.7055188379943973,1.6138127656305394,1.7288855688347493,1.719373323767271,1.6193086385568936,1.749150327981525,1.7755601490112152,1.7026392286631742,1.7472043264725796,1.6945010759911459,1.6628510716047715,1.1698002006779502,1.7188654292868097,1.7196320166268593,1.7003515390217643,3.375071125792622,1.7471467353661627,1.7764980553833696,1.923943068044193,1.6312556429327072,1.6571037022382582,1.7473515731267895,1.7753256164427496,1.7403932213185784,1.729523474924261,1.7022603049063,1.6131168498447424,1.660175362311708,1.7493539242730023,1.6304026437810304,1.692214467039682,1.6313487466128243,1.634044795178131,1.7755463875493527,1.6442680182532485,1.92077589243213,1.7011068990026321,1.6355404162950433,1.6574699071484766,1.6605955276978264,1.72667904081178,1.694929090626362,1.6006189487787907,1.614838353652112,1.7206107934917105,1.656027049850543,1.693446080861234,1.722969440310887,1.6935926941903006,1.6572155019444188,1.7476198105729344,1.7011307353209872,1.7393200551222292,1.6616942348521835,-0.11066426808372769,1.6439965820253057,1.7303011728503233,1.6322338543884387
1433,1519076914,1.9292281380091323,1.705941643044425,1.6919954784496118,1.6299021709497508,1.6935404552842828,1.7381688993710482,1.9272302541526474,1.7004400022569122,1.7534635610155915,1.7298292018822576,1.7197691526879137,1.6561442118442942,1.7343708331763366,1.9282188590506633,1.6934030714800952,1.6566976634430783,1.7496437216273346,1.7058321543547845,1.6261065909265116,1.6576845381046335,1.6600182271338821,1.6931679447103887,-0.17069114333744284,1.660263788275868,1.6943030167021333,1.6644759136785185,1.693293296544863,1.7548770759693846,1.9310035077816,1.8088461924013546,1.6421755738565769,1.7162006098442764,1.6149931675729017,1.0127706479606768,1.7489606120546386,1.7012015565928393,1.7303978978612073,1.7760533594778731,1.7038329544561484,1.7415556911039751,1.8784091844703321,1.6610711936394553,1.9242466857131428,1.7450284394191624,-0.042223416015498456,1.7240505149538994,1.7073882227038728,1.7063804633004152,1.6540943592662536,1.1477378348991107,1.7062327441313214,1.6135986279048524,1.7479787007169123,1.7753352629009425,1.7522490586020378,1.615138697278255,1.7086834625448901,1.6176629685765265,1.7240139676809099,1.7196621240470955,1.658306965719546,1.726474162404892,1.6589174171348422,-1.7663435714867115,1.7189234123388881,1.7000172742526227,1.9243593167901225,1.6438702014318167,1.7757238570918792,1.701720768422536,1.7289038994100365,1.7389589528784792,1.7060193637355232,1.6138127656305394,1.7288855688347493,1.719373323767271,1.6193086385568936,1.749150327981525,1.7755601490112152,1.7037982183095073,1.7472043264725796,1.6945010759911459,1.6640523361946302,1.1698002006779502,1.719388071569127,1.7196320166268593,1.7015022868095366,3.3863998791904897,1.7471467353661627,1.7764980553833696,1.9261912105295054,1.6312556429327072,1.6571037022382582,1.7473515731267895,1.7753256164427496,1.7403932213185784,1.729523474924261,1.7022603049063,1.6131168498447424,1.660175362311708,1.7493539242730023,1.6304026437810304,1.6927089914734499,1.6313487466128243,1.634044795178131,1.7755463875493527,1.6442680182532485,1.9230264301170823,1.7016823158821799,1.6355404162950433,1.6574699071484766,1.6605955276978264,1.72667904081178,1.6969090148734638,1.600778037983679,1.614838353652112,1.7206107934917105,1.656027049850543,1.693446080861234,1.7247088397376897,1.6935926941903006,1.6572155019444188,1.7476198105729344,1.7011307353209872,1.7393200551222292,1.6616942348521835,-0.11066426808372769,1.6439965820253057,1.7303011728503233,1.6322338543884387
1434,1519076920,1.932715103899297,1.7076838537022803,1.6939756207848566,1.631026198556033,1.6953128124150156,1.7396011764146342,1.9300216710775535,1.702167684844115,1.7548407893548448,1.731647452020142,1.7215385177420737,1.6582340813713259,1.7365200535266578,1.9310099487141614,1.6953824681143779,1.6579701187665872,1.75099111970478,1.7088181110098095,1.627215448579765,1.6589547973073668,1.662115896873695,1.6951444397077504,-0.17069114333744284,1.6615416919142196,1.6962840969236732,1.666278767292709,1.6952752799156485,1.7562675888672215,1.9337916735125034,1.810333874459299,1.6440457277668565,1.717965611650949,1.6160974960043912,0.6238735188551541,1.751089353996655,1.7032361545433208,1.7322191402295364,1.7773917326879587,1.7057920991876325,1.743796403008847,1.8645334787755352,1.6628697523771774,1.926500478176532,1.746523746945644,-0.042223416015498456,1.7257888425252186,1.7091784527985554,1.7081692351542965,1.655356084372661,1.1477407213502544,1.7080249686968862,1.614698322135628,1.7493637296106126,1.7766707372217103,1.753643161778658,1.6162418065030029,1.7106907425122313,1.6187671709258618,1.7260682010986552,1.7217569408347324,1.6589284533750475,1.7282113257313445,1.6608298006131508,-1.7663435714867115,1.7206844158942307,1.7020549536341398,1.9273632345865828,1.6451186402455713,1.7770630887502754,1.7028700344821044,1.7309689142761875,1.7404438285985782,1.708021466700027,1.6154683246561297,1.730699304351827,1.7219891010430752,1.620410255961824,1.7512792355144302,1.7769895256422135,1.7055367027790067,1.749292988269654,1.698640459033207,1.6658542330794184,1.169994369200957,1.7214786406983957,1.7214035670662327,1.7032284084911948,3.397556984809602,1.7492702481639701,1.7764980553833696,1.928439353014818,1.6323803172593114,1.6583717167329641,1.748845823744087,1.7760386856262498,1.7418446886552856,1.7315871613212772,1.7053173422691967,1.6142166152476765,1.6614227264935142,1.7514852908196161,1.6326504444172565,1.6946870892085222,1.632472253195649,1.635736649303149,1.776975068775113,1.6455156456039253,1.9252769678020347,1.7034085665208234,1.636669939124112,1.6587138063667424,1.6626925646707549,1.728730103301682,1.6988889391205655,1.6010962163934552,1.6159415988643997,1.7227029620779488,1.6585631932626892,1.6963969829558496,1.7264482391644926,1.69536266461122,1.6584854289107767,1.7485447597813477,1.7036734660874444,1.7404308031364406,1.6623162365071975,-0.11066426808372769,1.6452432616243287,1.7321189038052156,1.633358695387277
1435,1519076926,1.9382942493235604,1.7111682750179904,1.6984309410391574,1.6343982813748803,1.6988575266764814,1.7424657305018059,1.9363023591585926,1.7061989442142544,1.757595246033351,1.7364961190545005,1.726846612904553,1.6629362878071474,1.7392389467409197,1.937289900457032,1.6998361105415143,1.6617874847371137,1.7543596148983935,1.7124012589958395,1.6294331638862718,1.6608601861114671,1.6663112363533212,1.699591553451814,-0.17069114333744284,1.666014354648451,1.7002462573667527,1.6698844745210901,1.6997347424999154,1.7590486146628947,1.93936800497431,1.8133092385751879,1.6471626509506556,1.7226722831354093,1.6188583170831155,-0.43170440300269347,1.7558790233661916,1.7083226494195243,1.7370757865450805,1.7807376657131726,1.7097103886506013,1.7467840188820096,1.5662058063373976,1.6670663894318618,1.9317593272577733,1.750262015761848,-0.042223416015498456,1.7304243827154029,1.7127589129879208,1.7123430361466865,1.6572486720322719,1.147747937478113,1.7128042342050593,1.6168977105971793,1.7528263018448635,1.7793416858632456,1.7571284197202086,1.6184480249524986,1.7147053024469139,1.6215276767992002,1.730690226288582,1.726470278606916,1.6614144039970538,1.7340018701528528,1.664654567569768,-1.7663435714867115,1.7253804253751444,1.7061303123971743,1.9318691112812731,1.6476155178730805,1.7804111678962664,1.7074670987203782,1.7361314514415653,1.7434135800387758,1.7125261983701607,1.61822758969878,1.734931353891675,1.726174344684362,1.6237151081766157,1.7560692774634665,1.7805629672197096,1.7101726613643389,1.7527740912647778,1.702188501640688,1.6694580268489947,1.1704312483777222,1.72618242123925,1.726127701571228,1.7066806518545115,3.409005018867283,1.7540481519590372,1.7764980553833696,1.932935637985443,1.63462966591252,1.6609077457223758,1.751087199670033,1.7788909623602511,1.7440218896603468,1.736746377313818,1.7099028983135418,1.6169660287550118,1.6645411369480299,1.7562808655494972,1.6348982450534824,1.6986432846786663,1.635281019652711,1.6391203575531854,1.7798324312266331,1.6473870866299405,1.930528222400257,1.7074364846776577,1.6406232690258524,1.6618235544124071,1.666886638616612,1.733857759526437,1.7038387497383198,1.6017325732130077,1.6186997118951187,1.7268872992504252,1.6604653008217987,1.6999380654693885,1.7299270380180982,1.7006725758739785,1.6603903193603133,1.751319607406588,1.7077418353137759,1.7437630471790753,1.6660482464372817,-0.11066426808372769,1.6477366208223747,1.735754365715,1.6356083773849537
1436,1519076931,1.9382942493235604,1.7134912225617973,1.700411083374402,1.6355223089811626,1.7006298838072142,1.7438980075453916,1.9363023591585926,1.707926626801457,1.758972474372604,1.7383143691923848,1.728615977958713,1.6650261573341794,1.7414554920660703,1.937289900457032,1.701815507175797,1.6630599400606225,1.7557070129758388,1.7141928329888545,1.6305420215395252,1.6621304453142005,1.6684089060931344,1.7015680484491758,-0.17069114333744284,1.6672922582868026,1.7007415274221378,1.6716873281352806,1.6997347424999154,1.7604391275607314,1.93936800497431,1.8133092385751879,1.6477860355874154,1.725613952813197,1.6199626455146052,0.5683167861257937,1.758007765308208,1.7103572473700057,1.7388970289134096,1.7820760389232582,1.7097103886506013,1.748277826818591,1.874940258046633,1.6688649481695836,1.9317593272577733,1.7510096695250887,-0.042223416015498456,1.7304243827154029,1.7145491430826034,1.7141318080005679,1.6585103971386792,1.1477508239292564,1.7145964587706242,1.6185472519433428,1.7542113307385638,1.781344897344397,1.7585225228968286,1.6195511341772464,1.7172144024060905,1.6226318791485355,1.7332580180607635,1.7285650953945528,1.6632788669635583,1.7340018701528528,1.66592948988864,-1.7663435714867115,1.727141428930487,1.7081679917786914,1.9318691112812731,1.6488639566868353,1.7817503995546629,1.709190997809731,1.7381964663077165,1.7448984557588747,1.7145283013346646,1.6193312957158401,1.7367450894087528,1.7282669665050054,1.6248167255815462,1.7581981849963717,1.7819923438507081,1.7119111458338385,1.7541665324628273,1.7039625229444284,1.6712599237337828,1.1706254169007289,1.7282729903685188,1.7284897688237257,1.7084067735361697,3.420194126614638,1.7561716647568446,1.7764980553833696,1.932935637985443,1.6357543402391241,1.6621757602170817,1.7525814502873305,1.781030169910752,1.7454733569970542,1.7388100637108344,1.7119409232221394,1.618065794157946,1.665164819038933,1.758412232096111,1.6360221453715953,1.7006213824137386,1.6364045262355358,1.6402482603031974,1.7812611124523934,1.6486347139806172,1.930528222400257,1.709162735316301,1.641752791854921,1.66244550402154,1.6689836755895404,1.735908822016339,1.7038387497383198,1.6020507516227838,1.6198029571074064,1.7289794678366635,1.6617333725278716,1.701708606726158,1.7305068378270325,1.7024425462948978,1.661660246326671,1.7522445566150013,1.7097760199269416,1.7443184211861809,1.6672922497473097,-0.11066426808372769,1.6483599606218862,1.7375720966698924,1.636733218383792
1437,1519076937,1.9410838220356923,1.716394906991556,1.7028862612934579,1.636646336587445,1.7029930266481912,1.7453302845889775,1.9390937760834988,1.710230203584394,1.7610383168814838,1.740738702709564,1.7309751313642592,1.667116026861211,1.7442132266119645,1.9400809901205303,1.7037949038100797,1.663696167722377,1.757728110092007,1.7159844069818695,1.6322053080194052,1.6640358341183006,1.6710309932679008,1.7040386671958778,-0.17069114333744284,1.6685701619251543,1.7037131477544476,1.6734901817494712,1.7022122217133968,1.761829640458568,1.9428532121379392,1.815292814652447,1.649032804860935,1.7267906206843122,1.6216191381618397,0.7349869843138749,1.7606686927357285,1.7129004948081077,1.7407182712817384,1.7834144121333437,1.712159319564957,1.7490247307868818,1.8680024051992343,1.6706635069073055,1.9340131197211623,1.7532526308148113,-0.042223416015498456,1.7327421528104952,1.7175328599070745,1.7159205798544492,1.6604029847982902,1.1477551536059716,1.7163886833361892,1.6201967932895063,1.7562888740791143,1.7833481088255485,1.7606136776617591,1.621205798014368,1.719723502365267,1.6237360814978707,1.7353122514785086,1.73065991218219,1.665143329930063,1.7357390334793052,1.6665669510480763,-1.7663435714867115,1.7289024324858295,1.710715091005588,1.9341220496286182,1.6507366149074671,1.7830896312130593,1.711489529928868,1.7407777348904054,1.7463833314789736,1.7165304042991685,1.6204350017329001,1.7397679819372158,1.7303595883256488,1.6259183429864768,1.760859319412503,1.7827070321662073,1.7136496303033382,1.7555589736608768,1.7063278846827492,1.6736624529135005,1.1708681275544872,1.7303635594977873,1.7308518360762233,1.710132895217828,3.431595612122148,1.759356933953556,1.7764980553833696,1.9366825421276306,1.6374413517290305,1.6640777819591406,1.753328575595979,1.7824563082777525,1.7476505580021153,1.741389671707105,1.7144884543578867,1.61916555956088,1.6664121832207395,1.760543598642725,1.6377079958487648,1.7025994801488107,1.638089786109773,1.6413761630532095,1.7819754530652734,1.649882341331294,1.932778760085209,1.7108889859549445,1.64288231468399,1.663689403239806,1.671080712562469,1.737959884506241,1.7058186739854218,1.60236893003256,1.6220094475319817,1.7315946785694614,1.6636354800869813,1.7040693284018507,1.7339856366806383,1.7048025068561237,1.6635651367762077,1.7531695058234147,1.7123187506933988,1.7454291692003925,1.6685362530573375,-0.11066426808372769,1.6514766596194437,1.7406016482613795,1.6384204798820494
